No:  residues  hmm_col_1  hmm_col_2  hmm_col_3  hmm_col_4  hmm_col_5  hmm_col_6  hmm_col_7  hmm_col_8  hmm_col_9  hmm_col_10  hmm_col_11  hmm_col_12  hmm_col_13  hmm_col_14  hmm_col_15  hmm_col_16  hmm_col_17  hmm_col_18  hmm_col_19  hmm_col_20  hmm_col_21   hmm_col_22   hmm_col_23   hmm_col_24   hmm_col_25   hmm_col_26   hmm_col_27   hmm_col_28   hmm_col_29   hmm_col_30   
1.0    R  0.000000000000000  0.000000000000000  0.000000000000000  0.000000000000000  0.000000000000000  0.000000000000000  0.000000000000000  0.000000000000000  0.000000000000000  0.000000000000000  0.000000000000000  0.000000000000000  0.000000000000000  0.000000000000000  1.000000000000000  0.000000000000000  0.000000000000000  0.000000000000000  0.000000000000000  0.000000000000000  1.000000000000000  0.000000000000000  0.000000000000000  0.000000000000000  0.000000000000000  0.000000000000000  0.000000000000000  0.500000000000000  1.000000000000000  1.000000000000000 
2.0    P  0.000000000000000  0.000000000000000  0.000000000000000  0.000000000000000  0.000000000000000  0.000000000000000  0.000000000000000  0.000000000000000  0.000000000000000  0.000000000000000  0.000000000000000  0.000000000000000  1.000000000000000  0.000000000000000  0.000000000000000  0.000000000000000  0.000000000000000  0.000000000000000  0.000000000000000  0.000000000000000  1.000000000000000  0.000000000000000  0.000000000000000  0.000000000000000  0.000000000000000  0.000000000000000  0.000000000000000  0.500000000000000  1.000000000000000  1.000000000000000 
3.0    H  0.000000000000000  0.000000000000000  0.000000000000000  0.000000000000000  0.000000000000000  0.000000000000000  1.000000000000000  0.000000000000000  0.000000000000000  0.000000000000000  0.000000000000000  0.000000000000000  0.000000000000000  0.000000000000000  0.000000000000000  0.000000000000000  0.000000000000000  0.000000000000000  0.000000000000000  0.000000000000000  1.000000000000000  0.000000000000000  0.000000000000000  0.000000000000000  0.000000000000000  0.000000000000000  0.000000000000000  0.500000000000000  1.000000000000000  1.000000000000000 
4.0    N  0.000000000000000  0.000000000000000  0.000000000000000  0.000000000000000  0.000000000000000  0.000000000000000  0.000000000000000  0.000000000000000  0.000000000000000  0.000000000000000  0.260977981855430  0.739181215636921  0.000000000000000  0.000000000000000  0.000000000000000  0.000000000000000  0.000000000000000  0.000000000000000  0.000000000000000  0.000000000000000  1.000000000000000  0.000000000000000  0.000000000000000  0.000000000000000  0.000000000000000  0.000000000000000  0.000000000000000  0.280680355518402  1.000000000000000  1.000000000000000 
5.0    M  0.000000000000000  0.000000000000000  0.000000000000000  0.000000000000000  0.000000000000000  0.155609279422771  0.000000000000000  0.000000000000000  0.000000000000000  0.000000000000000  0.529242197437566  0.000000000000000  0.000000000000000  0.000000000000000  0.158658860752476  0.000000000000000  0.000000000000000  0.000000000000000  0.156583054828016  0.000000000000000  1.000000000000000  0.000000000000000  0.000000000000000  0.000000000000000  0.000000000000000  0.000000000000000  0.000000000000000  0.188416863694798  1.000000000000000  1.000000000000000 
6.0    R  0.158658860752476  0.312082637225403  0.000000000000000  0.000000000000000  0.000000000000000  0.000000000000000  0.000000000000000  0.000000000000000  0.000000000000000  0.000000000000000  0.129497845445002  0.000000000000000  0.121413436942704  0.000000000000000  0.278355404557172  0.000000000000000  0.000000000000000  0.000000000000000  0.000000000000000  0.000000000000000  1.000000000000000  0.000000000000000  0.000000000000000  0.000000000000000  0.000000000000000  0.000000000000000  0.000000000000000  0.188416863694798  1.000000000000000  1.000000000000000 
7.0    P  0.000000000000000  0.121413436942704  0.000000000000000  0.156583054828016  0.000000000000000  0.000000000000000  0.000000000000000  0.000000000000000  0.000000000000000  0.155609279422771  0.000000000000000  0.000000000000000  0.566441942647899  0.000000000000000  0.000000000000000  0.000000000000000  0.000000000000000  0.000000000000000  0.000000000000000  0.000000000000000  0.843231110250112  0.156583054828016  0.000000000000000  1.000000000000000  0.000000000000000  0.000000000000000  0.000000000000000  0.188416863694798  0.479632059662632  1.000000000000000 
8.0    E  0.000000000000000  0.000000000000000  0.000000000000000  0.398596238270268  0.000000000000000  0.124740339874881  0.000000000000000  0.000000000000000  0.133693385985656  0.000000000000000  0.133971682817037  0.000000000000000  0.000000000000000  0.000000000000000  0.000000000000000  0.209061599978516  0.000000000000000  0.000000000000000  0.000000000000000  0.000000000000000  1.000000000000000  0.000000000000000  0.000000000000000  0.000000000000000  0.000000000000000  0.000000000000000  0.000000000000000  0.154213396226187  1.000000000000000  1.000000000000000 
9.0    D  0.000000000000000  0.000000000000000  0.366021423986406  0.166662334636400  0.000000000000000  0.000000000000000  0.000000000000000  0.000000000000000  0.258457684061991  0.000000000000000  0.000000000000000  0.000000000000000  0.000000000000000  0.000000000000000  0.209061599978516  0.000000000000000  0.000000000000000  0.000000000000000  0.000000000000000  0.000000000000000  1.000000000000000  0.000000000000000  0.000000000000000  0.000000000000000  0.000000000000000  0.000000000000000  0.000000000000000  0.154213396226187  1.000000000000000  1.000000000000000 
10.0    R  0.276624338273068  0.000000000000000  0.000000000000000  0.000000000000000  0.000000000000000  0.000000000000000  0.000000000000000  0.000000000000000  0.122512426917734  0.000000000000000  0.000000000000000  0.000000000000000  0.000000000000000  0.000000000000000  0.600818024763425  0.000000000000000  0.000000000000000  0.000000000000000  0.000000000000000  0.000000000000000  0.871758239537062  0.000000000000000  0.128514228332008  0.245194750997138  0.754712984260280  0.000000000000000  0.000000000000000  0.153786418093893  0.468136123717246  1.000000000000000 
11.0    M  0.000000000000000  0.000000000000000  0.000000000000000  0.000000000000000  0.000000000000000  0.000000000000000  0.000000000000000  0.000000000000000  0.000000000000000  0.085971363633734  0.822450068712464  0.000000000000000  0.000000000000000  0.000000000000000  0.000000000000000  0.000000000000000  0.000000000000000  0.064614421015498  0.027204705103004  0.000000000000000  1.000000000000000  0.000000000000000  0.000000000000000  0.000000000000000  0.000000000000000  0.000000000000000  1.000000000000000  0.098073012237094  1.000000000000000  0.479632059662632 
12.0    F  0.219455449402380  0.000000000000000  0.000000000000000  0.000000000000000  0.110567554416443  0.027054267672489  0.000000000000000  0.252963300256732  0.009638337264137  0.018073252873520  0.010761328487368  0.000000000000000  0.092397651954615  0.000000000000000  0.000000000000000  0.000000000000000  0.047104215923699  0.147726443366796  0.000000000000000  0.064346255214625  1.000000000000000  0.000000000000000  0.000000000000000  0.333324669272800  0.666649338545599  0.000000000000000  1.000000000000000  0.098345305669196  0.479632059662632  0.479632059662632 
13.0    H  0.082412100905773  0.009793226722193  0.000000000000000  0.000000000000000  0.025382887386132  0.060287386536509  0.075677067746910  0.070316155293051  0.000000000000000  0.344123900397674  0.015766431778823  0.000000000000000  0.075572229739585  0.062934721878545  0.042718357873182  0.090747392493993  0.034220389712299  0.009929935072701  0.000000000000000  0.000000000000000  0.801069877589622  0.165855642574645  0.032826392000336  0.899378312147752  0.100900134313096  1.000000000000000  0.000000000000000  0.098345305669196  0.453759577658580  0.479632059662632 
14.0    I  0.000000000000000  0.088572337281764  0.000000000000000  0.000000000000000  0.020717590004667  0.066615421004246  0.076893209046947  0.083158065067543  0.024484287092167  0.012456132445946  0.000000000000000  0.286975603463751  0.012370091654239  0.000000000000000  0.092269650355177  0.181872585454345  0.053660339777360  0.000000000000000  0.000000000000000  0.000000000000000  1.000000000000000  0.000000000000000  0.000000000000000  0.000000000000000  0.000000000000000  0.000000000000000  1.000000000000000  0.093687475109722  1.000000000000000  0.471065636952404 
15.0    R  0.116709993114414  0.000000000000000  0.000000000000000  0.021732530807969  0.000000000000000  0.217637640824031  0.000000000000000  0.000000000000000  0.211539649150072  0.022467758325734  0.000000000000000  0.000000000000000  0.000000000000000  0.000000000000000  0.341273429471292  0.025418099941629  0.024080347136200  0.019130256131253  0.000000000000000  0.000000000000000  0.872362705770759  0.009645020366356  0.118175264593843  1.000000000000000  0.000000000000000  1.000000000000000  0.000000000000000  0.078890752007007  0.499307333050514  0.471065636952404 
16.0    A  0.441351498145327  0.000000000000000  0.036397924577139  0.020137103601328  0.000000000000000  0.088265900274047  0.000000000000000  0.042866665268456  0.000000000000000  0.088449635020416  0.034291623049351  0.000000000000000  0.000000000000000  0.000000000000000  0.052519609514580  0.018594245254792  0.021898866391887  0.155393708612992  0.000000000000000  0.000000000000000  1.000000000000000  0.000000000000000  0.000000000000000  0.000000000000000  0.000000000000000  0.000000000000000  1.000000000000000  0.086150322060977  1.000000000000000  0.454074208860755 
17.0    V  0.155178436440764  0.000000000000000  0.000000000000000  0.025970183174801  0.000000000000000  0.018723578458428  0.000000000000000  0.000000000000000  0.000000000000000  0.553248676546136  0.011800567074710  0.000000000000000  0.071297732241776  0.000000000000000  0.000000000000000  0.022718320583130  0.016933218231950  0.112188756333408  0.011751591807724  0.000000000000000  1.000000000000000  0.000000000000000  0.000000000000000  0.000000000000000  0.000000000000000  0.000000000000000  1.000000000000000  0.087171479146900  1.000000000000000  0.454074208860755 
18.0    I  0.059912464905811  0.000000000000000  0.000000000000000  0.000000000000000  0.000000000000000  0.000000000000000  0.000000000000000  0.362235538638720  0.000000000000000  0.158109942794242  0.104675810938553  0.000000000000000  0.000000000000000  0.000000000000000  0.000000000000000  0.000000000000000  0.010026764824710  0.305025127568056  0.000000000000000  0.000000000000000  1.000000000000000  0.000000000000000  0.000000000000000  0.333324669272800  0.666649338545599  0.479632059662632  0.520510798842056  0.084260483233566  0.479632059662632  0.454074208860755 
19.0    L  0.068535724286743  0.000000000000000  0.000000000000000  0.000000000000000  0.000000000000000  0.000000000000000  0.000000000000000  0.011613929565867  0.000000000000000  0.847919964633148  0.000000000000000  0.000000000000000  0.000000000000000  0.019316800951890  0.000000000000000  0.032894723584670  0.000000000000000  0.000000000000000  0.019532223477894  0.000000000000000  0.925304428037852  0.044347604881262  0.030227385300435  0.644834125327943  0.355026839635857  0.000000000000000  1.000000000000000  0.080548414405313  0.483303048532487  0.477641468191219 
20.0    R  0.024197469620413  0.014874654820274  0.000000000000000  0.017110194856150  0.000000000000000  0.617709318563465  0.000000000000000  0.000000000000000  0.000000000000000  0.045657636829552  0.018048215383650  0.000000000000000  0.000000000000000  0.000000000000000  0.221288441144886  0.021567458646822  0.000000000000000  0.019709022012988  0.000000000000000  0.000000000000000  0.858565436437754  0.055939066932998  0.085377516047150  0.203203900496080  0.796640096285583  1.000000000000000  0.000000000000000  0.084260483233566  0.434973676354325  0.454074208860755 
21.0    A  0.276432663330067  0.000000000000000  0.000000000000000  0.000000000000000  0.099029351365621  0.000000000000000  0.000000000000000  0.047828024056958  0.000000000000000  0.215685336135664  0.000000000000000  0.013897796774030  0.018491422214884  0.016413196000168  0.041781265481410  0.000000000000000  0.117603263439223  0.152830034711509  0.000000000000000  0.000000000000000  0.957935218222696  0.000000000000000  0.041781265481410  0.000000000000000  0.000000000000000  0.000000000000000  1.000000000000000  0.078726873746712  1.000000000000000  0.475000191437443 
22.0    L  0.016980232226970  0.021974893748642  0.000000000000000  0.000000000000000  0.103234708116965  0.000000000000000  0.064079202368037  0.032396909406866  0.000000000000000  0.671751712860648  0.000000000000000  0.000000000000000  0.000000000000000  0.000000000000000  0.000000000000000  0.022908074331081  0.013897796774030  0.041723384477997  0.000000000000000  0.010873799936180  1.000000000000000  0.000000000000000  0.000000000000000  0.000000000000000  0.000000000000000  0.000000000000000  1.000000000000000  0.078672323344054  1.000000000000000  0.453759577658580 
23.0    S  0.202922395244320  0.021807980689409  0.000000000000000  0.000000000000000  0.045029054651185  0.000000000000000  0.112422289018469  0.112734422297781  0.032195436050627  0.000000000000000  0.087534770055450  0.000000000000000  0.030948214747907  0.028795755818709  0.000000000000000  0.122512426917734  0.149892489223889  0.053142135004012  0.000000000000000  0.000000000000000  0.971307495541633  0.000000000000000  0.028795755818709  0.000000000000000  0.000000000000000  0.000000000000000  1.000000000000000  0.075206439124969  1.000000000000000  0.453759577658580 
24.0    L  0.000000000000000  0.000000000000000  0.000000000000000  0.000000000000000  0.000000000000000  0.000000000000000  0.000000000000000  0.072092850316251  0.000000000000000  0.840313752233282  0.038956287321097  0.000000000000000  0.000000000000000  0.000000000000000  0.000000000000000  0.000000000000000  0.027110583973502  0.021448194238358  0.000000000000000  0.000000000000000  0.980779003988551  0.000000000000000  0.019050860844942  0.000000000000000  0.000000000000000  0.000000000000000  1.000000000000000  0.074894313833714  1.000000000000000  0.431370672271328 
25.0    A  0.337977708257031  0.000000000000000  0.033889919026346  0.000000000000000  0.000000000000000  0.000000000000000  0.000000000000000  0.023147496844068  0.000000000000000  0.135841857815757  0.067078767899591  0.008326927625531  0.031554728049896  0.000000000000000  0.012922240131926  0.073454770526236  0.236514411681399  0.039172906888772  0.000000000000000  0.000000000000000  1.000000000000000  0.000000000000000  0.000000000000000  0.000000000000000  0.000000000000000  0.064480198706335  0.935623497831400  0.074635199192162  1.000000000000000  0.420156876116641 
26.0    F  0.108142086323124  0.000000000000000  0.000000000000000  0.000000000000000  0.123023002754225  0.000000000000000  0.000000000000000  0.028835702895431  0.000000000000000  0.118011552393781  0.040134869030920  0.000000000000000  0.017923547253534  0.010110512925647  0.033632503899494  0.048495678392179  0.301034345307854  0.077428043611494  0.093234001668217  0.000000000000000  1.000000000000000  0.000000000000000  0.000000000000000  0.000000000000000  0.000000000000000  0.085377516047150  0.914465089499901  0.071893243334413  1.000000000000000  0.425137080032098 
27.0    L  0.032940356977836  0.030143693268254  0.000000000000000  0.000000000000000  0.017481829703683  0.000000000000000  0.000000000000000  0.043045313949473  0.000000000000000  0.525222272005377  0.160094982666221  0.000000000000000  0.000000000000000  0.000000000000000  0.000000000000000  0.000000000000000  0.027204705103004  0.130488990927715  0.000000000000000  0.033238521027912  0.961927454664775  0.038366740122346  0.000000000000000  0.304180589658517  0.695923195915551  0.677362488742684  0.322864337575584  0.074946244611945  0.462011286223412  0.431370672271328 
28.0    L  0.000000000000000  0.000000000000000  0.000000000000000  0.000000000000000  0.035525530413625  0.028716027608720  0.000000000000000  0.038821508805764  0.020305297850866  0.542238704421532  0.213011023768717  0.000000000000000  0.000000000000000  0.000000000000000  0.000000000000000  0.000000000000000  0.009718841041394  0.072343138561883  0.009538644630228  0.029708096913432  0.868140227601043  0.009538644630228  0.122597375498569  0.500000000000000  0.500000000000000  0.000000000000000  1.000000000000000  0.065425642623411  0.498615625676035  0.479632059662632 
29.0    S  0.049824529783784  0.000000000000000  0.000000000000000  0.000000000000000  0.000000000000000  0.089995707407168  0.000000000000000  0.044718016250716  0.032464346978052  0.000000000000000  0.000000000000000  0.045689295262501  0.093947592379098  0.000000000000000  0.008537326086726  0.601234624449089  0.000000000000000  0.033702513490452  0.000000000000000  0.000000000000000  1.000000000000000  0.000000000000000  0.000000000000000  0.000000000000000  0.000000000000000  0.000000000000000  1.000000000000000  0.070560275300383  1.000000000000000  0.427204870444866 
30.0    L  0.027603595358796  0.000000000000000  0.000000000000000  0.030819772015417  0.039912929974856  0.000000000000000  0.117684808067651  0.000000000000000  0.020876157474845  0.216884671788017  0.000000000000000  0.009806812431896  0.345558051632146  0.000000000000000  0.000000000000000  0.087716982877442  0.056759276107594  0.000000000000000  0.000000000000000  0.046391361582158  0.945402116750744  0.022374511581268  0.032352028870043  0.111105335145821  0.888842681166570  0.696888619343735  0.303128204765434  0.069060280299994  0.493116352246680  0.427204870444866 
31.0    R  0.000000000000000  0.199851457588118  0.028855697210294  0.061725053840336  0.000000000000000  0.032106294980593  0.027757087370075  0.000000000000000  0.072493728406590  0.000000000000000  0.000000000000000  0.000000000000000  0.023115429832013  0.199574596589162  0.045499673406221  0.199298119135134  0.000000000000000  0.000000000000000  0.100203166174924  0.009472756398920  0.852634891767957  0.147113342152346  0.000000000000000  0.142991371650476  0.856781954768570  0.000000000000000  1.000000000000000  0.061767853218796  0.462973011263662  0.462973011263662 
32.0    G  0.106949378210325  0.013084476367319  0.028855697210294  0.157672176103906  0.000000000000000  0.491410299272626  0.000000000000000  0.000000000000000  0.034149304346905  0.000000000000000  0.000000000000000  0.000000000000000  0.012473412286823  0.000000000000000  0.061256213458867  0.000000000000000  0.020404059173264  0.073709787016326  0.000000000000000  0.000000000000000  1.000000000000000  0.000000000000000  0.000000000000000  0.000000000000000  0.000000000000000  0.410940093647425  0.588861394797491  0.061767853218796  1.000000000000000  0.462973011263662 
33.0    A  0.142793280856068  0.040836414184162  0.053623158151793  0.000000000000000  0.000000000000000  0.224066674892351  0.000000000000000  0.015635834179103  0.019011286853657  0.006716847548773  0.000000000000000  0.000000000000000  0.000000000000000  0.006425391161816  0.000000000000000  0.284598507268719  0.065516404719808  0.060412881066561  0.080325396091836  0.000000000000000  0.946057646725596  0.000000000000000  0.053623158151793  0.000000000000000  0.000000000000000  0.000000000000000  1.000000000000000  0.054221167947004  1.000000000000000  0.479632059662632 
34.0    G  0.169340622185671  0.000000000000000  0.074635199192162  0.228457862557350  0.000000000000000  0.157453747493425  0.000000000000000  0.000000000000000  0.044102370106522  0.000000000000000  0.000000000000000  0.011017952816284  0.025524030972188  0.019383864026803  0.083273426568251  0.045279442329840  0.029997789407466  0.000000000000000  0.111491064927512  0.000000000000000  1.000000000000000  0.000000000000000  0.000000000000000  0.052628934600526  0.947370070599268  0.000000000000000  1.000000000000000  0.051904376505681  0.479632059662632  0.459456441739525 
35.0    A  0.377618146390706  0.000000000000000  0.501735874254751  0.019832357594059  0.000000000000000  0.000000000000000  0.019050860844942  0.000000000000000  0.000000000000000  0.000000000000000  0.000000000000000  0.000000000000000  0.000000000000000  0.008543245761599  0.029997789407466  0.011017952816284  0.013248749447393  0.000000000000000  0.019103754338939  0.000000000000000  0.866937563514687  0.067125279476258  0.065880713955671  1.000000000000000  0.000000000000000  0.000000000000000  1.000000000000000  0.051904376505681  0.460093825312437  0.459456441739525 
36.0    I  0.044316876114983  0.000000000000000  0.016839580391307  0.094863703310878  0.021657341963288  0.112344390826379  0.000000000000000  0.405001736816023  0.000000000000000  0.009061716050824  0.000000000000000  0.027603595358796  0.000000000000000  0.000000000000000  0.000000000000000  0.018465805420849  0.017973310833603  0.231968369117821  0.000000000000000  0.000000000000000  0.996540262827868  0.000000000000000  0.003518070233781  0.000000000000000  0.000000000000000  0.104748391833494  0.895025070927972  0.023503183615448  1.000000000000000  0.401646998378517 
37.0    K  0.004462290026752  0.000000000000000  0.000000000000000  0.096588818705998  0.000000000000000  0.023666661185578  0.021762679385454  0.000000000000000  0.190254172604920  0.267757705797864  0.008048859012657  0.000000000000000  0.076786686277853  0.032917532373589  0.010103507280371  0.033585911651734  0.058032303269171  0.176043028364010  0.000000000000000  0.000000000000000  1.000000000000000  0.000000000000000  0.000000000000000  0.685391402489852  0.314907494986850  0.086389512908036  0.913831450229400  0.022686848123498  0.496202187342909  0.407253781535108 
38.0    A  0.229092161168838  0.000000000000000  0.000000000000000  0.061086610400675  0.013359409029562  0.022452190258501  0.362486708219713  0.000000000000000  0.011816937478781  0.023864335905636  0.000000000000000  0.012868609644806  0.021108970070869  0.090370768409109  0.008967987608242  0.039254449410735  0.010686994561738  0.056094378166704  0.006474569566312  0.029914733068603  1.000000000000000  0.000000000000000  0.000000000000000  0.775393206347005  0.224377512666815  0.656560562712076  0.343171107813728  0.018350968300213  0.472701058375372  0.414659772907221 
39.0    D  0.000000000000000  0.000000000000000  0.378141999320990  0.250346813927834  0.000000000000000  0.014854048456716  0.051225287977345  0.006425391161816  0.013313188985545  0.059705183523902  0.000000000000000  0.125173406963917  0.010430846119499  0.004131839701634  0.012638771068152  0.020948634243443  0.018529914053296  0.029914733068603  0.000000000000000  0.004289425053856  0.995159721820083  0.004815829396343  0.000000000000000  0.500000000000000  0.500000000000000  0.000000000000000  1.000000000000000  0.020674553748564  0.500000000000000  0.471392267959120 
40.0    H  0.008608633717786  0.005391864661706  0.211246596103128  0.020347565462016  0.000000000000000  0.006777645993376  0.540737381741809  0.053326631132004  0.012516716837338  0.006787048321489  0.015975445790780  0.024097044146999  0.000000000000000  0.000000000000000  0.000000000000000  0.000000000000000  0.005782864445313  0.009992074853730  0.000000000000000  0.078508898821470  0.994470168673214  0.000000000000000  0.005391864661706  0.000000000000000  0.000000000000000  0.000000000000000  1.000000000000000  0.020645912588410  1.000000000000000  0.471392267959120 
41.0    V  0.000000000000000  0.000000000000000  0.014248955711246  0.000000000000000  0.114228931278675  0.000000000000000  0.015964376292411  0.160317075345281  0.000000000000000  0.100620767202640  0.027110583973502  0.010026764824710  0.000000000000000  0.018658799798040  0.012534080724258  0.020688889224928  0.193848301586751  0.294839148065304  0.000000000000000  0.016792955825867  0.900625979847929  0.000000000000000  0.099166730398893  0.000000000000000  0.000000000000000  0.215984546850069  0.784040454075739  0.020977695355942  1.000000000000000  0.462652214018926 
42.0    S  0.107992273425035  0.004603669561764  0.018376425785796  0.015700997194122  0.154856087222989  0.255076164812114  0.025471010387582  0.028517671516983  0.009631658792686  0.078672323344054  0.007016659163156  0.013984766733250  0.000000000000000  0.073607674349686  0.037864770638445  0.075677067746910  0.004221583601716  0.010836179446339  0.000000000000000  0.077804639711386  0.993092495437036  0.007085080694790  0.000000000000000  0.175190931135093  0.824733548610081  0.849096246446840  0.150725978461345  0.020503300852999  0.481630947010074  0.325335463860483 
43.0    T  0.042718357873182  0.005125825213250  0.037395280100960  0.000000000000000  0.061853541025950  0.000000000000000  0.000000000000000  0.210515738402104  0.012976094126420  0.142299253634360  0.031708204580653  0.003637089139962  0.000000000000000  0.009381276777228  0.039968299414920  0.191312096227833  0.105330853687894  0.100970097201201  0.000000000000000  0.004845966006701  0.987600861445373  0.000000000000000  0.012560171730362  0.000000000000000  0.000000000000000  0.000000000000000  1.000000000000000  0.021373989123476  1.000000000000000  0.465224828851508 
44.0    Y  0.028379638053797  0.006519603759027  0.016607744911852  0.044347604881262  0.056995822844986  0.008443167203432  0.106063487713237  0.076999879590360  0.000000000000000  0.037162722343835  0.008384845987449  0.027853452996780  0.000000000000000  0.075050214217826  0.004842608202887  0.032106294980593  0.041435180009333  0.089374061647606  0.003344485486510  0.336108748538157  1.000000000000000  0.000000000000000  0.000000000000000  0.000000000000000  0.000000000000000  0.000000000000000  1.000000000000000  0.022081775685668  1.000000000000000  0.444421340583285 
45.0    A  0.076415017355754  0.000000000000000  0.009252121967607  0.000000000000000  0.000000000000000  0.610473256334567  0.006297522121039  0.000000000000000  0.000000000000000  0.000000000000000  0.000000000000000  0.000000000000000  0.000000000000000  0.060287386536509  0.000000000000000  0.016053147490296  0.097058609375130  0.124394965227510  0.000000000000000  0.000000000000000  0.579949827252717  0.420156876116641  0.000000000000000  1.000000000000000  0.000000000000000  0.700763724540373  0.299369676154732  0.024214247842474  0.141708676597303  0.444421340583285 
46.0    A  0.070609200910633  0.374230746698173  0.035797434311867  0.090873282332519  0.023227859131735  0.007324774191071  0.003462428512480  0.015560152392101  0.000000000000000  0.100064351332038  0.036880448229256  0.106653262264008  0.000000000000000  0.000000000000000  0.000000000000000  0.020347565462016  0.050977343333688  0.045154074935110  0.000000000000000  0.018801609781242  1.000000000000000  0.000000000000000  0.000000000000000  1.000000000000000  0.000000000000000  0.788400174056278  0.211686328090632  0.024877753086837  0.479632059662632  0.421907898065009 
47.0    F  0.000000000000000  0.000000000000000  0.000000000000000  0.000000000000000  0.418123199957031  0.009732323559137  0.000000000000000  0.033377044001495  0.000000000000000  0.026460791011329  0.032667503131411  0.000000000000000  0.010110512925647  0.000000000000000  0.000000000000000  0.274713554394220  0.011359160291565  0.103020260619155  0.000000000000000  0.080492601844364  0.712518807074392  0.000000000000000  0.287572973337651  0.000000000000000  0.000000000000000  0.000000000000000  1.000000000000000  0.024552266145862  1.000000000000000  0.485653747770817 
48.0    V  0.018211581220852  0.231326107009463  0.025488671666844  0.021403640311962  0.033353916813749  0.000000000000000  0.000000000000000  0.000000000000000  0.000000000000000  0.000000000000000  0.000000000000000  0.000000000000000  0.000000000000000  0.000000000000000  0.000000000000000  0.018594245254792  0.024826075003003  0.152830034711509  0.000000000000000  0.474013482564323  0.902500727462430  0.000000000000000  0.097801472717064  0.000000000000000  0.000000000000000  0.000000000000000  1.000000000000000  0.032441852204471  1.000000000000000  0.239982315259727 
49.0    Q  0.000000000000000  0.000000000000000  0.000000000000000  0.011374918351555  0.000000000000000  0.045060277233132  0.033423346496414  0.000000000000000  0.000000000000000  0.042955896736626  0.003325991045894  0.000000000000000  0.000000000000000  0.828744904487992  0.003445669395301  0.000000000000000  0.031774208540374  0.000000000000000  0.000000000000000  0.000000000000000  0.948026965128645  0.045091521464426  0.006587743048829  0.466839972457657  0.532923368033971  0.000000000000000  1.000000000000000  0.043134917293645  0.479632059662632  0.214641359109438 
50.0    T  0.003647187284825  0.044873265956982  0.092269650355177  0.018073252873520  0.005715121955876  0.002875443090172  0.000000000000000  0.000000000000000  0.002682883268417  0.007094909513449  0.051653144884638  0.049997508020797  0.098550021757035  0.045975210807992  0.015799251263302  0.379191886343611  0.159541096103619  0.003230560032982  0.000000000000000  0.018919266936727  0.995849753094458  0.000000000000000  0.003847134542561  0.000000000000000  0.000000000000000  0.000000000000000  1.000000000000000  0.043374772469237  1.000000000000000  0.205327675188016 
51.0    H  0.000000000000000  0.000000000000000  0.070413701781080  0.029523345031163  0.002358360530247  0.084202098554106  0.147624082678691  0.000000000000000  0.000000000000000  0.000000000000000  0.000000000000000  0.000000000000000  0.061128967090459  0.091886708524315  0.055437269072009  0.074790560201920  0.005090418552200  0.000000000000000  0.045626000332954  0.331941289595609  0.981459063853479  0.018236845340914  0.000000000000000  0.125000000000000  0.874784764905822  0.922103117912631  0.078074757853336  0.043344717785356  0.481964903870322  0.204333832122071 
52.0    R  0.039582320428851  0.000000000000000  0.290578526879529  0.050730598811080  0.005982648426150  0.261702570493644  0.010813669656652  0.011422323815625  0.016120049676584  0.000000000000000  0.000000000000000  0.050871449066902  0.000000000000000  0.024929538744032  0.049138580758771  0.134250558952516  0.040949793870574  0.000000000000000  0.000000000000000  0.013048248741068  0.996540262827868  0.003594483010253  0.000000000000000  0.250000000000000  0.750019494642909  0.000000000000000  1.000000000000000  0.024214247842474  0.498270131413934  0.468136123717246 
53.0    P  0.032735503971869  0.000000000000000  0.034866853822655  0.009745824780578  0.012233660879008  0.051796556530500  0.022686848123498  0.009245711107442  0.014288517023436  0.015560152392101  0.003190503871524  0.000000000000000  0.472373520498603  0.016345077184258  0.000000000000000  0.172539669174579  0.120993378361717  0.011343424061749  0.000000000000000  0.000000000000000  0.984184022033800  0.016142412307565  0.000000000000000  0.319968103461077  0.679714120953369  1.000000000000000  0.000000000000000  0.021929245719361  0.439824537961218  0.468136123717246 
54.0    T  0.015766431778823  0.000000000000000  0.247242729095233  0.117440343651751  0.015452670568452  0.012735505193791  0.009220112057314  0.011133106360537  0.007036140467562  0.032396909406866  0.012293163208649  0.080214118597682  0.000000000000000  0.007943552135093  0.029177498278604  0.331251754261302  0.044010757091003  0.000000000000000  0.009252121967607  0.017325010056298  1.000000000000000  0.000000000000000  0.000000000000000  0.000000000000000  0.000000000000000  0.000000000000000  0.000000000000000  0.021944451183406  1.000000000000000  1.000000000000000 
55.0    G  0.024315161767357  0.000000000000000  0.034578042284134  0.016527358806538  0.014619117153616  0.556325060292417  0.000000000000000  0.022143084320441  0.100272645794061  0.026150820083856  0.000000000000000  0.007070362991273  0.033031813767543  0.022939853688033  0.019316800951890  0.033984012214215  0.030883926609398  0.057911753868148  0.000000000000000  0.000000000000000  1.000000000000000  0.000000000000000  0.000000000000000  0.000000000000000  0.000000000000000  0.000000000000000  0.000000000000000  0.022173802440631  1.000000000000000  1.000000000000000 
56.0    E  0.025330159996416  0.000000000000000  0.003944341006237  0.415522930796824  0.000000000000000  0.116790918360398  0.027261334555336  0.000000000000000  0.015997607819194  0.012233660879008  0.000000000000000  0.000000000000000  0.000000000000000  0.306296332976169  0.000000000000000  0.017445515030978  0.000000000000000  0.045499673406221  0.000000000000000  0.013527133836245  0.984184022033800  0.015733680469636  0.000000000000000  1.000000000000000  0.000000000000000  0.000000000000000  0.000000000000000  0.022577037467555  0.484980955170867  1.000000000000000 
57.0    F  0.023798261557863  0.010131559020711  0.079054971397121  0.030101934188130  0.232612414425754  0.016064278541501  0.006315006787543  0.031034140482407  0.007877753553864  0.149270398384324  0.003559770627489  0.021567458646822  0.000000000000000  0.012949139132625  0.000000000000000  0.000000000000000  0.000000000000000  0.075782051191359  0.000000000000000  0.299992845593304  1.000000000000000  0.000000000000000  0.000000000000000  0.000000000000000  0.000000000000000  0.000000000000000  0.000000000000000  0.020109206989082  1.000000000000000  1.000000000000000 
58.0    M  0.026024242840017  0.000000000000000  0.025826572442319  0.000000000000000  0.022421086478230  0.020179021098474  0.000000000000000  0.037291741969741  0.000000000000000  0.115984184558910  0.290780010386963  0.005613047564625  0.000000000000000  0.032262454233851  0.000000000000000  0.117521775313641  0.248962438273615  0.056956330039821  0.000000000000000  0.000000000000000  1.000000000000000  0.000000000000000  0.000000000000000  0.000000000000000  0.000000000000000  0.000000000000000  0.000000000000000  0.020095273178603  1.000000000000000  1.000000000000000 
59.0    F  0.001826123433108  0.002499750808290  0.000000000000000  0.088388347648318  0.246900215361343  0.000000000000000  0.195874296737335  0.033702513490452  0.021477948368313  0.035012162943568  0.037707622491274  0.010145614083827  0.000000000000000  0.036982844429768  0.000000000000000  0.018736561152986  0.000000000000000  0.077481731246187  0.006108356586942  0.187115373349086  1.000000000000000  0.000000000000000  0.000000000000000  0.000000000000000  0.000000000000000  0.000000000000000  0.000000000000000  0.020095273178603  1.000000000000000  1.000000000000000 
60.0    E  0.107023535568307  0.000000000000000  0.082013203411998  0.385018587118036  0.000000000000000  0.225156494961982  0.009505643426829  0.016458766186794  0.000000000000000  0.014508075817293  0.033702513490452  0.034220389712299  0.000000000000000  0.010554485035435  0.000000000000000  0.021792869786725  0.046552420722584  0.013527133836245  0.000000000000000  0.000000000000000  1.000000000000000  0.000000000000000  0.000000000000000  0.000000000000000  0.000000000000000  0.000000000000000  0.000000000000000  0.020095273178603  1.000000000000000  1.000000000000000 
61.0    F  0.005470923128466  0.000000000000000  0.007365504186861  0.009112104451472  0.548665968789621  0.000000000000000  0.000000000000000  0.028835702895431  0.000000000000000  0.212274061611710  0.018300159081544  0.000000000000000  0.000000000000000  0.000000000000000  0.000000000000000  0.018249490540830  0.000000000000000  0.030248344590429  0.000000000000000  0.121245238792717  1.000000000000000  0.000000000000000  0.000000000000000  0.000000000000000  0.000000000000000  0.000000000000000  0.000000000000000  0.020095273178603  1.000000000000000  1.000000000000000 
62.0    D  0.000000000000000  0.000000000000000  0.915733686418126  0.021108970070869  0.000000000000000  0.011469926844016  0.000000000000000  0.000000000000000  0.000000000000000  0.000000000000000  0.000000000000000  0.051438771579919  0.000000000000000  0.000000000000000  0.000000000000000  0.000000000000000  0.000000000000000  0.000000000000000  0.000000000000000  0.000000000000000  1.000000000000000  0.000000000000000  0.000000000000000  0.000000000000000  0.000000000000000  0.000000000000000  0.000000000000000  0.020095273178603  1.000000000000000  1.000000000000000 
63.0    E  0.027814866664141  0.000000000000000  0.032217759962337  0.107917444821801  0.000000000000000  0.708578698254108  0.000000000000000  0.000000000000000  0.008466609115975  0.015843116871719  0.000000000000000  0.013849714049920  0.000000000000000  0.000000000000000  0.017615631439772  0.036473690681827  0.031034140482407  0.000000000000000  0.000000000000000  0.000000000000000  1.000000000000000  0.000000000000000  0.000000000000000  0.000000000000000  0.000000000000000  0.000000000000000  0.000000000000000  0.020095273178603  1.000000000000000  1.000000000000000 
64.0    D  0.000000000000000  0.000000000000000  0.485653747770817  0.468460723436213  0.000000000000000  0.006310631075075  0.000000000000000  0.000000000000000  0.000000000000000  0.000000000000000  0.000000000000000  0.039582320428851  0.000000000000000  0.000000000000000  0.000000000000000  0.000000000000000  0.000000000000000  0.000000000000000  0.000000000000000  0.000000000000000  1.000000000000000  0.000000000000000  0.000000000000000  0.000000000000000  0.000000000000000  0.000000000000000  0.000000000000000  0.020123150461091  1.000000000000000  1.000000000000000 
65.0    E  0.016711673248207  0.000000000000000  0.000000000000000  0.769503610080431  0.000000000000000  0.002305028014329  0.000000000000000  0.000000000000000  0.010110512925647  0.022797192878753  0.005262631159632  0.000000000000000  0.000000000000000  0.153360622156726  0.000000000000000  0.000000000000000  0.004600479646855  0.015495573917786  0.000000000000000  0.000000000000000  1.000000000000000  0.000000000000000  0.000000000000000  0.000000000000000  0.000000000000000  0.000000000000000  0.000000000000000  0.020053529649420  1.000000000000000  1.000000000000000 
66.0    Q  0.030777076340486  0.000000000000000  0.000000000000000  0.081786129465938  0.017122058850745  0.000000000000000  0.000000000000000  0.116952937228925  0.044409126349417  0.374230746698173  0.135184345435452  0.004600479646855  0.000000000000000  0.096789878481653  0.006592310907266  0.000000000000000  0.006829520471956  0.080940187428402  0.003659849401845  0.000000000000000  1.000000000000000  0.000000000000000  0.000000000000000  0.000000000000000  0.000000000000000  0.000000000000000  0.000000000000000  0.020053529649420  1.000000000000000  1.000000000000000 
67.0    F  0.063990431276778  0.000000000000000  0.000000000000000  0.005613047564625  0.590087171668101  0.004134704667481  0.000000000000000  0.005656008485858  0.000000000000000  0.076415017355754  0.018300159081544  0.000000000000000  0.000000000000000  0.000000000000000  0.000000000000000  0.000000000000000  0.000000000000000  0.000000000000000  0.191843262000111  0.044163551371335  1.000000000000000  0.000000000000000  0.000000000000000  0.000000000000000  0.000000000000000  0.000000000000000  0.000000000000000  0.020053529649420  1.000000000000000  1.000000000000000 
68.0    Y  0.000000000000000  0.000000000000000  0.000000000000000  0.000000000000000  0.036473690681827  0.000000000000000  0.217788548035564  0.000000000000000  0.000000000000000  0.000000000000000  0.000000000000000  0.000000000000000  0.000000000000000  0.021403640311962  0.000000000000000  0.139757731370733  0.000000000000000  0.011312016971715  0.000000000000000  0.573156092864189  1.000000000000000  0.000000000000000  0.000000000000000  0.000000000000000  0.000000000000000  0.000000000000000  0.000000000000000  0.020039634418160  1.000000000000000  1.000000000000000 
69.0    V  0.283613871233989  0.000000000000000  0.000000000000000  0.000000000000000  0.127096834161495  0.010657404959995  0.000000000000000  0.000000000000000  0.016401823181610  0.024964122389036  0.025683755852964  0.000000000000000  0.000000000000000  0.000000000000000  0.000000000000000  0.016131227116926  0.032217759962337  0.441963765531836  0.000000000000000  0.021403640311962  1.000000000000000  0.000000000000000  0.000000000000000  0.000000000000000  0.000000000000000  0.000000000000000  0.000000000000000  0.020039634418160  1.000000000000000  1.000000000000000 
70.0    D  0.000000000000000  0.000000000000000  0.901250462610830  0.015887104270187  0.000000000000000  0.005118724233822  0.000000000000000  0.000000000000000  0.000000000000000  0.000000000000000  0.000000000000000  0.051012690384431  0.000000000000000  0.000000000000000  0.000000000000000  0.012199788946990  0.000000000000000  0.014407861217385  0.000000000000000  0.000000000000000  1.000000000000000  0.000000000000000  0.000000000000000  0.000000000000000  0.000000000000000  0.000000000000000  0.000000000000000  0.020039634418160  1.000000000000000  1.000000000000000 
71.0    L  0.002769804757186  0.000000000000000  0.000000000000000  0.000000000000000  0.488692883205403  0.000000000000000  0.000000000000000  0.028105572254617  0.000000000000000  0.371645746107754  0.024964122389036  0.000000000000000  0.000000000000000  0.004499561102927  0.000000000000000  0.013021143861863  0.000000000000000  0.045562793088018  0.011040887842834  0.009691932013401  1.000000000000000  0.000000000000000  0.000000000000000  0.000000000000000  0.000000000000000  0.000000000000000  0.000000000000000  0.020039634418160  1.000000000000000  1.000000000000000 
72.0    D  0.047861187409199  0.000000000000000  0.154320325861692  0.192910021882367  0.003109719135855  0.037136972033029  0.003871209231500  0.095391200560035  0.118503370641081  0.000000000000000  0.005652089397932  0.091252000665908  0.053105312446166  0.020277168233425  0.009316475565083  0.098550021757035  0.032396909406866  0.036322315859941  0.000000000000000  0.000000000000000  1.000000000000000  0.000000000000000  0.000000000000000  0.000000000000000  0.000000000000000  0.000000000000000  0.000000000000000  0.020039634418160  1.000000000000000  1.000000000000000 
73.0    K  0.009277809891199  0.000000000000000  0.035797434311867  0.019050860844942  0.000000000000000  0.006066163085946  0.013508394239185  0.000000000000000  0.535886731268147  0.039554893561571  0.000000000000000  0.088633752229966  0.000000000000000  0.103593113060999  0.114704985288921  0.030206440533280  0.003649716198762  0.000000000000000  0.000000000000000  0.000000000000000  0.996540262827868  0.000000000000000  0.003484095778985  0.000000000000000  0.000000000000000  0.000000000000000  0.000000000000000  0.020039634418160  1.000000000000000  1.000000000000000 
74.0    K  0.009277809891199  0.000000000000000  0.000000000000000  0.024981432198515  0.000000000000000  0.097665985021540  0.021868529149925  0.000000000000000  0.535886731268147  0.000000000000000  0.000000000000000  0.092077980363530  0.000000000000000  0.047927583114784  0.108894274017782  0.058112808913323  0.003388822996688  0.000000000000000  0.000000000000000  0.000000000000000  0.989656656415207  0.010664794670978  0.000000000000000  0.142892291926755  0.857376036634172  1.000000000000000  0.000000000000000  0.020025748815003  0.490729531926740  0.500000000000000 
75.0    E  0.000000000000000  0.000000000000000  0.025844480263852  0.499653546495226  0.000000000000000  0.003498615898792  0.000000000000000  0.017923547253534  0.136313466583157  0.008431470597691  0.009361789229214  0.000000000000000  0.000000000000000  0.084611642440779  0.037034149091924  0.063022028430912  0.097125908598006  0.017313005435389  0.000000000000000  0.000000000000000  1.000000000000000  0.000000000000000  0.000000000000000  0.000000000000000  0.000000000000000  0.000000000000000  0.000000000000000  0.020039634418160  1.000000000000000  1.000000000000000 
76.0    T  0.059995578814932  0.000000000000000  0.017133931071686  0.031973045929201  0.010138584116712  0.208338301789805  0.000000000000000  0.041897268486885  0.000000000000000  0.045626000332954  0.007489058113226  0.000000000000000  0.000000000000000  0.003419497381618  0.087838668762920  0.000000000000000  0.353798540081664  0.085911793473252  0.039172906888772  0.007021524426649  1.000000000000000  0.000000000000000  0.000000000000000  0.000000000000000  0.000000000000000  0.000000000000000  0.000000000000000  0.020039634418160  1.000000000000000  1.000000000000000 
77.0    V  0.011414409207388  0.000000000000000  0.000000000000000  0.017873921456309  0.000000000000000  0.003305307017970  0.000000000000000  0.086569341756933  0.000000000000000  0.040695130924032  0.016019800592009  0.000000000000000  0.000000000000000  0.000000000000000  0.000000000000000  0.011040887842834  0.000000000000000  0.813379198132126  0.000000000000000  0.000000000000000  1.000000000000000  0.000000000000000  0.000000000000000  0.000000000000000  0.000000000000000  0.000000000000000  0.000000000000000  0.020039634418160  1.000000000000000  1.000000000000000 
78.0    W  0.038366740122346  0.000000000000000  0.017217267435572  0.074016975740852  0.048529304687565  0.012577595900330  0.000000000000000  0.022020636799094  0.018325546081748  0.024113752735296  0.029116888415774  0.019722688001752  0.148960321821756  0.000000000000000  0.003716087016921  0.000000000000000  0.000000000000000  0.039281667953807  0.410086455598363  0.093882495433808  1.000000000000000  0.000000000000000  0.000000000000000  0.000000000000000  0.000000000000000  0.000000000000000  0.000000000000000  0.020221025851295  1.000000000000000  1.000000000000000 
79.0    H  0.062543336716411  0.006615197752832  0.005892109674557  0.000000000000000  0.000000000000000  0.000000000000000  0.024298313621330  0.004465384122711  0.011727180449331  0.000000000000000  0.015538596385519  0.001953125000000  0.119908014915658  0.059375023929680  0.412938832467860  0.012387252134536  0.207186226121998  0.012850782323632  0.038181034427297  0.004224510794858  1.000000000000000  0.000000000000000  0.000000000000000  0.000000000000000  0.000000000000000  0.000000000000000  0.000000000000000  0.020221025851295  1.000000000000000  1.000000000000000 
80.0    L  0.007845058931554  0.000000000000000  0.020660228205353  0.004920429609170  0.015953314464175  0.000000000000000  0.000000000000000  0.101742898133804  0.006533174999329  0.614293490222825  0.006551313940945  0.004465384122711  0.001959905758808  0.109575715164504  0.000000000000000  0.006474569566312  0.007406460665068  0.074016975740852  0.010272990314102  0.007334935525902  1.000000000000000  0.000000000000000  0.000000000000000  0.000000000000000  0.000000000000000  0.000000000000000  0.000000000000000  0.020221025851295  1.000000000000000  1.000000000000000 
81.0    E  0.003898135621090  0.000000000000000  0.000000000000000  0.037034149091924  0.000000000000000  0.000000000000000  0.000000000000000  0.000000000000000  0.007551610133320  0.000000000000000  0.000000000000000  0.000000000000000  0.938871747315452  0.000000000000000  0.000000000000000  0.008543245761599  0.004131839701634  0.000000000000000  0.000000000000000  0.000000000000000  1.000000000000000  0.000000000000000  0.000000000000000  0.000000000000000  0.000000000000000  0.000000000000000  0.000000000000000  0.020221025851295  1.000000000000000  1.000000000000000 
82.0    E  0.001936946739723  0.000000000000000  0.182883902588041  0.382624192455667  0.000000000000000  0.043828101582575  0.013508394239185  0.009105790610426  0.026132699997314  0.017998244411709  0.045216715183454  0.037551126547714  0.122173220801351  0.007817917089551  0.018312848182414  0.066661611301985  0.000000000000000  0.024214247842474  0.000000000000000  0.000000000000000  1.000000000000000  0.000000000000000  0.000000000000000  0.000000000000000  0.000000000000000  0.000000000000000  0.000000000000000  0.020221025851295  1.000000000000000  1.000000000000000 
83.0    F  0.011990203875007  0.000000000000000  0.000000000000000  0.000000000000000  0.825305408512657  0.027223568504446  0.000000000000000  0.016898043179432  0.000000000000000  0.066247048962330  0.021255794568843  0.000000000000000  0.004189518034445  0.000000000000000  0.000000000000000  0.005317633267576  0.000000000000000  0.003168465451473  0.000000000000000  0.018312848182414  0.959264119325264  0.032217759962337  0.008759109984598  0.199990032083188  0.799960128332753  0.000000000000000  0.000000000000000  0.020221025851295  0.474342157570227  1.000000000000000 
84.0    G  0.290175978595930  0.006555856539895  0.017265070074999  0.024433426347769  0.000000000000000  0.169693122485001  0.001999700977399  0.112500241224189  0.015821168864851  0.000000000000000  0.003996630741150  0.018568486016515  0.039281667953807  0.001911604785932  0.011825131195075  0.181620631196421  0.029584800976147  0.070511383591032  0.000000000000000  0.004192422993724  0.992404374685819  0.007324774191071  0.000000000000000  1.000000000000000  0.000000000000000  1.000000000000000  0.000000000000000  0.020404059173264  0.495171435966512  0.494485458190466 
85.0    R  0.015799251263302  0.000000000000000  0.360232437209480  0.088021514182005  0.000000000000000  0.023980407750014  0.047828024056958  0.000000000000000  0.151144459479170  0.000000000000000  0.000000000000000  0.073099229003247  0.011485838565539  0.106801217611217  0.053586002289636  0.039830019603727  0.028399316139016  0.000000000000000  0.000000000000000  0.000000000000000  0.967276329613932  0.000000000000000  0.032622247731929  0.000000000000000  0.000000000000000  0.000000000000000  0.000000000000000  0.020221025851295  1.000000000000000  1.000000000000000 
86.0    A  0.028895727441053  0.000000000000000  0.024929538744032  0.000000000000000  0.200406332349848  0.000000000000000  0.091378590525002  0.013003105229868  0.000000000000000  0.104675810938553  0.007447644885064  0.003594483010253  0.167937928215162  0.045626000332954  0.009232902710425  0.024723040662045  0.035036439938391  0.051331918797004  0.159651719899424  0.032150834621674  0.980099415341871  0.000000000000000  0.020179021098474  0.000000000000000  0.000000000000000  0.611744020565933  0.388234437500520  0.021388809579560  1.000000000000000  0.442883759551180 
87.0    F  0.287772372831941  0.000000000000000  0.000000000000000  0.017361073885236  0.135371880690741  0.024774504269071  0.000000000000000  0.133693385985656  0.000000000000000  0.063328556259943  0.043767385027725  0.000000000000000  0.039996012932635  0.000000000000000  0.031401994388243  0.024535253708549  0.108292107050011  0.040723348417603  0.000000000000000  0.049070507417098  0.933679944915313  0.016665402825496  0.049343367918785  1.000000000000000  0.000000000000000  0.533292890415882  0.466516495768404  0.020123150461091  0.489370825198718  0.452503231441453 
88.0    S  0.034746223672410  0.000000000000000  0.021612353578296  0.008121714337307  0.003026780980309  0.124308771084152  0.027393928791126  0.004002175089972  0.048260945818237  0.003237284783156  0.018249490540830  0.060875266783953  0.000000000000000  0.071793647187315  0.049036506118547  0.331711285149290  0.149373900607098  0.030543305200338  0.000000000000000  0.013677989526473  0.869344560090022  0.103664943226805  0.026774436086518  0.666187412546011  0.333555792419442  0.032963197408377  0.967276329613932  0.021211640310625  0.409234590795402  0.428985265214345 
89.0    F  0.019998006466317  0.006452169257310  0.000000000000000  0.000000000000000  0.593779833036705  0.014700407929903  0.008644510571033  0.033819520141429  0.015581738302376  0.020474896935287  0.000000000000000  0.018645870984871  0.028996046139728  0.051545846788130  0.000000000000000  0.003952551566511  0.016792955825867  0.005508976408142  0.003131348942966  0.157890907730725  0.949342120950519  0.041035035169505  0.009645020366356  1.000000000000000  0.000000000000000  0.185951720304313  0.813943185070435  0.022035905632569  0.460732093099352  0.411225034356232 
90.0    E  0.027129382112533  0.000000000000000  0.355273010795340  0.139081265073104  0.000000000000000  0.059954007457829  0.005002968208319  0.008183875992967  0.000000000000000  0.042335155546418  0.000000000000000  0.023914012028479  0.159651719899424  0.077267203807559  0.013545899429917  0.045689295262501  0.008759109984598  0.034149304346905  0.000000000000000  0.000000000000000  0.969289816935065  0.030395467106634  0.000000000000000  0.482633512435878  0.517632461920689  0.792234810924969  0.207617506022724  0.022624033943431  0.417833479460927  0.396117405462485 
91.0    A  0.097530685021713  0.000000000000000  0.082297932628703  0.104313660144426  0.011040887842834  0.179368691825838  0.000000000000000  0.007340021478234  0.019330194979487  0.005208197957387  0.016816251949747  0.027565355162412  0.346757742282846  0.023470623858452  0.012065236454559  0.037891025595679  0.022498926851792  0.006501552614934  0.000000000000000  0.000000000000000  0.622005826649234  0.378141999320990  0.000000000000000  0.403600537252382  0.596254436165316  0.000000000000000  1.000000000000000  0.020193012978711  0.188809073195353  0.479632059662632 
92.0    Q  0.043045313949473  0.000000000000000  0.017935975216484  0.198058702731242  0.000000000000000  0.028935813203979  0.000000000000000  0.008496003053554  0.004842608202887  0.000000000000000  0.000000000000000  0.027699428099840  0.037111239564794  0.558643569036110  0.005667782061852  0.034506213973847  0.016956708935653  0.012132326171891  0.006099894473495  0.000000000000000  0.992404374685819  0.002939935053537  0.004490214250135  0.333324669272800  0.666649338545599  1.000000000000000  0.000000000000000  0.020193012978711  0.493458272942921  0.479632059662632 
93.0    G  0.051653144884638  0.000000000000000  0.045657636829552  0.038075320739850  0.038553349056547  0.341036958719839  0.011156281091290  0.024147204676500  0.000000000000000  0.009374776424791  0.000000000000000  0.066430979647410  0.009957504900932  0.105184935285673  0.043284670878466  0.105843164045316  0.036196650193583  0.024264652343782  0.006425391161816  0.042866665268456  0.984866442895551  0.015335297872711  0.000000000000000  0.333324669272800  0.666649338545599  0.000000000000000  1.000000000000000  0.021021362633154  0.489031736723670  0.482968164462423 
94.0    G  0.544498507668053  0.000000000000000  0.062891113968611  0.022908074331081  0.012482061194518  0.223446290589197  0.000000000000000  0.018453010334836  0.000000000000000  0.015755507107728  0.000000000000000  0.000000000000000  0.020011872833278  0.000000000000000  0.003557304037469  0.066063627535086  0.006610614035940  0.003609463173620  0.000000000000000  0.000000000000000  0.903126510151822  0.096924150793376  0.000000000000000  0.657015813574686  0.342933322147649  0.000000000000000  1.000000000000000  0.021021362633154  0.408101523075451  0.482968164462423 
95.0    L  0.051688960527704  0.000000000000000  0.000000000000000  0.101601950248040  0.014219356626264  0.009005362084366  0.000000000000000  0.018478609378815  0.008257953441886  0.499653546495226  0.008955563951003  0.014905617977306  0.000000000000000  0.047071577082307  0.003210469481621  0.030926770512975  0.015854102290326  0.176165094392752  0.000000000000000  0.000000000000000  1.000000000000000  0.000000000000000  0.000000000000000  0.000000000000000  0.000000000000000  0.000000000000000  1.000000000000000  0.021123606766064  1.000000000000000  0.482968164462423 
96.0    A  0.261702570493644  0.000000000000000  0.021552514403548  0.003419497381618  0.080940187428402  0.078781461973937  0.028497911422493  0.021777769354492  0.019343598294335  0.030018589498546  0.004027219995292  0.058679484207216  0.015324671937321  0.135559676105383  0.114228931278675  0.060875266783953  0.044347604881262  0.020861692238999  0.000000000000000  0.000000000000000  0.995159721820083  0.005165057051338  0.000000000000000  1.000000000000000  0.000000000000000  0.000000000000000  1.000000000000000  0.021123606766064  0.497924876547229  0.482968164462423 
97.0    N  0.062891113968611  0.000000000000000  0.201660439805532  0.099166730398893  0.007630535382517  0.028261855548784  0.012310216969521  0.000000000000000  0.010679589468295  0.003045722041450  0.009558500321343  0.401646998378517  0.004756117260402  0.037265902260332  0.000000000000000  0.074738737298508  0.019357010902874  0.004328251358847  0.007943552135093  0.014864348067684  0.967276329613932  0.032441852204471  0.000000000000000  0.125000000000000  0.874784764905822  0.000000000000000  1.000000000000000  0.021123606766064  0.474342157570227  0.482968164462423 
98.0    I  0.019791160214425  0.000000000000000  0.000000000000000  0.023699492896476  0.007050786933300  0.014288517023436  0.004661467746218  0.435577096071128  0.063769041203029  0.092205716067677  0.066292983835514  0.000000000000000  0.016642315678022  0.139951611081780  0.040498155169792  0.000000000000000  0.051012690384431  0.018085784640471  0.000000000000000  0.006497047643554  1.000000000000000  0.000000000000000  0.000000000000000  0.000000000000000  0.000000000000000  0.000000000000000  1.000000000000000  0.021123606766064  1.000000000000000  0.482968164462423 
99.0    A  0.452503231441453  0.000000000000000  0.032441852204471  0.073302184326992  0.017750457262292  0.058112808913323  0.010525262319263  0.030122806491895  0.000000000000000  0.012430257558671  0.014229216149875  0.029339742103608  0.002816267327071  0.128871039849349  0.019343598294335  0.049755506173674  0.017301009132567  0.035158077646525  0.008472479756586  0.007360400577381  1.000000000000000  0.000000000000000  0.000000000000000  0.000000000000000  0.000000000000000  0.000000000000000  1.000000000000000  0.021123606766064  1.000000000000000  0.482968164462423 
100.0    I  0.061341191490842  0.000000000000000  0.000000000000000  0.000000000000000  0.099166730398893  0.039172906888772  0.000000000000000  0.241149546146035  0.006032618227280  0.111878133865997  0.036778335538086  0.017861536490844  0.000000000000000  0.000000000000000  0.011849746448238  0.009361789229214  0.131487722400484  0.193579756963305  0.026024242840017  0.014229216149875  1.000000000000000  0.000000000000000  0.000000000000000  0.000000000000000  0.000000000000000  0.000000000000000  1.000000000000000  0.021123606766064  1.000000000000000  0.482968164462423 
101.0    L  0.152724137709188  0.512278411516401  0.068203992315933  0.010187896369208  0.002441527934737  0.045091521464426  0.000000000000000  0.034746223672410  0.000000000000000  0.078672323344054  0.019316800951890  0.004872912390289  0.003462428512480  0.000000000000000  0.000000000000000  0.023781771575615  0.010272990314102  0.028517671516983  0.000000000000000  0.005310266569948  1.000000000000000  0.000000000000000  0.000000000000000  0.000000000000000  0.000000000000000  0.514413353946788  0.485653747770817  0.021123606766064  1.000000000000000  0.482968164462423 
102.0    N  0.000000000000000  0.000000000000000  0.000000000000000  0.030039404012149  0.000000000000000  0.004160578919506  0.014229216149875  0.000000000000000  0.657927262514504  0.025365299405540  0.004515182447480  0.009999003233159  0.019330194979487  0.041148966314351  0.149788627667427  0.000000000000000  0.043374772469237  0.000000000000000  0.000000000000000  0.000000000000000  0.991029563264079  0.000000000000000  0.009162773040874  0.000000000000000  0.000000000000000  0.000000000000000  1.000000000000000  0.021108970070869  1.000000000000000  0.494142825750366 
103.0    N  0.160317075345281  0.000000000000000  0.029564301460175  0.079329430376238  0.019410754402882  0.031884520601514  0.175433965754884  0.003744529056613  0.027853452996780  0.019330194979487  0.008292368819920  0.069492447344819  0.010858736092518  0.155825149284387  0.014639397607382  0.049480366616954  0.050871449066902  0.023131457781251  0.000000000000000  0.070609200910633  0.995159721820083  0.005115177433920  0.000000000000000  1.000000000000000  0.000000000000000  0.746389191648477  0.253489869947507  0.021021362633154  0.495514781632040  0.463615273217731 
104.0    N  0.014988501864457  0.011678509754960  0.036957218757629  0.005945442893904  0.036096430767300  0.001618642391578  0.044501568612408  0.037891025595679  0.000000000000000  0.086869888740146  0.036271997324491  0.594191552528466  0.002968603235159  0.000000000000000  0.005190178961314  0.042335155546418  0.013936383115939  0.015733680469636  0.000000000000000  0.012931200251222  1.000000000000000  0.000000000000000  0.000000000000000  0.000000000000000  0.000000000000000  0.000000000000000  1.000000000000000  0.021108970070869  1.000000000000000  0.494142825750366 
105.0    L  0.000000000000000  0.037733768483953  0.000000000000000  0.000000000000000  0.000000000000000  0.000000000000000  0.015832139064986  0.060664654360597  0.000000000000000  0.762072415169885  0.040134869030920  0.000000000000000  0.000000000000000  0.000000000000000  0.000000000000000  0.005200982864205  0.014268722656437  0.028696130071904  0.003179465566681  0.032329611922466  1.000000000000000  0.000000000000000  0.000000000000000  0.000000000000000  0.000000000000000  0.000000000000000  1.000000000000000  0.021108970070869  1.000000000000000  0.494142825750366 
106.0    N  0.099442060469365  0.000000000000000  0.313383255110173  0.154213396226187  0.000000000000000  0.042276507220321  0.040695130924032  0.014229216149875  0.104313660144426  0.006684336138145  0.000000000000000  0.091062444618626  0.003786288347403  0.086449414313185  0.015560152392101  0.019330194979487  0.000000000000000  0.008596707885673  0.000000000000000  0.000000000000000  0.997231251352069  0.002968603235159  0.000000000000000  0.250000000000000  0.750019494642909  0.000000000000000  1.000000000000000  0.021108970070869  0.493458272942921  0.494142825750366 
107.0    T  0.028835702895431  0.004872912390289  0.002456806585617  0.057312752700292  0.018581361171918  0.018594245254792  0.004518313218380  0.267943365634073  0.056250120612095  0.058112808913323  0.016746460352130  0.070462525759089  0.004736378199460  0.019791160214425  0.005551140793677  0.017133931071686  0.066430979647410  0.239649859623244  0.016345077184258  0.025612643988672  1.000000000000000  0.000000000000000  0.000000000000000  0.000000000000000  0.000000000000000  0.000000000000000  1.000000000000000  0.021123606766064  1.000000000000000  0.482968164462423 
108.0    L  0.063328556259943  0.009806812431896  0.033539383949795  0.016827912128016  0.080660155653236  0.021537580515244  0.011948720920959  0.062716984281844  0.000000000000000  0.332862903309093  0.121329308721193  0.013120804577252  0.000000000000000  0.000000000000000  0.016458766186794  0.041435180009333  0.027584468634083  0.059663813383732  0.041377778449856  0.045784402331604  0.967276329613932  0.032644867589507  0.000000000000000  0.500000000000000  0.500000000000000  0.000000000000000  1.000000000000000  0.021123606766064  0.474342157570227  0.482968164462423 
109.0    I  0.014558444207887  0.000000000000000  0.004759415092481  0.021747599872361  0.000000000000000  0.045468146363586  0.008004350179944  0.354535008919865  0.033146491917757  0.050136322897030  0.086090627898946  0.000000000000000  0.000000000000000  0.013536513381251  0.108367195439336  0.022235366581791  0.191444749636798  0.036803837174843  0.009220112057314  0.000000000000000  1.000000000000000  0.000000000000000  0.000000000000000  0.055552667572911  0.944747040997206  0.485653747770817  0.514413353946788  0.021123606766064  0.494142825750366  0.482968164462423 
110.0    Q  0.010547171758771  0.000000000000000  0.015876095984277  0.064614421015498  0.000000000000000  0.019695365493484  0.020418207092081  0.005699298219688  0.477310507069858  0.009264957026648  0.014568538850576  0.057432055217441  0.047861187409199  0.091062444618626  0.079604842207906  0.022876338999150  0.035329080222643  0.027737854289672  0.000000000000000  0.000000000000000  0.998614666101029  0.000000000000000  0.001078319186683  0.000000000000000  0.000000000000000  0.000000000000000  1.000000000000000  0.021152910610195  1.000000000000000  0.493458272942921 
111.0    R  0.209206560670848  0.008801712722635  0.024552266145862  0.105330853687894  0.003544996700458  0.034315400430845  0.034578042284134  0.040610595701733  0.017457611532378  0.068298608693810  0.003486511607316  0.024197469620413  0.003542540347395  0.019654452684938  0.246046005508450  0.053623158151793  0.005041259728327  0.059954007457829  0.026114592466308  0.011808749439971  0.995849753094458  0.004227440017679  0.000000000000000  0.166662334636400  0.833353207159218  0.110337874536332  0.889458993537898  0.021065120808392  0.479632059662632  0.492092011016900 
112.0    S  0.050275523183870  0.000000000000000  0.000000000000000  0.031862427593693  0.088510964888409  0.000000000000000  0.002492829626619  0.013936383115939  0.000000000000000  0.067545337627459  0.078454499455165  0.005593627895317  0.020053529649420  0.000000000000000  0.004968410182592  0.413225159077106  0.027661055143111  0.053809324271181  0.000000000000000  0.141610485661975  0.963261894020148  0.030991147835572  0.005429368046259  0.257563488405019  0.742776460330414  1.000000000000000  0.000000000000000  0.019559319666469  0.460093825312437  0.468785548228555 
113.0    N  0.036676505571292  0.000000000000000  0.016839580391307  0.072242919159675  0.000000000000000  0.025033433674676  0.007883215889412  0.000000000000000  0.291991848653279  0.011589804170634  0.000000000000000  0.430773079856009  0.014239082509955  0.000000000000000  0.000000000000000  0.034698088550895  0.027148193285957  0.023373214974412  0.000000000000000  0.007541148631811  0.849096246446840  0.136407984631867  0.014417851447716  0.500346693731290  0.499653546495226  0.000000000000000  1.000000000000000  0.021747599872361  0.371645746107754  0.491069797631696 
114.0    H  0.005048253244678  0.002324280656849  0.175190931135093  0.003476858333018  0.077750728331154  0.014639397607382  0.060037178997092  0.031055659166330  0.055552667572911  0.012525395771866  0.000000000000000  0.108367195439336  0.036625696364829  0.047530586038782  0.064614421015498  0.264254510140345  0.000000000000000  0.006939271842519  0.000000000000000  0.034054753506667  1.000000000000000  0.000000000000000  0.000000000000000  0.000000000000000  0.000000000000000  0.267757705797864  0.732042847972813  0.022514527325593  1.000000000000000  0.465870214652387 
115.0    T  0.000000000000000  0.005823087448433  0.000000000000000  0.000000000000000  0.060078808024298  0.000000000000000  0.000000000000000  0.132861959294819  0.030081076346930  0.020053529649420  0.044625124365158  0.000000000000000  0.159651719899424  0.000000000000000  0.005065779510356  0.039692218204337  0.471065636952404  0.022577037467555  0.008484233252518  0.000000000000000  0.969961910341735  0.007026393063654  0.023163547028169  1.000000000000000  0.000000000000000  0.000000000000000  1.000000000000000  0.020631606890859  0.495514781632040  0.475988954248766 
116.0    Q  0.136691932185579  0.000000000000000  0.010539863549529  0.020645912588410  0.000000000000000  0.008578850107711  0.008054439990584  0.002923677708579  0.014936645587402  0.009565128065627  0.000000000000000  0.000000000000000  0.635956503371787  0.063946091858402  0.057911753868148  0.000000000000000  0.015843116871719  0.009258537272981  0.005097480264410  0.000000000000000  1.000000000000000  0.000000000000000  0.000000000000000  0.000000000000000  0.000000000000000  0.219303387183206  0.780786492607391  0.021612353578296  1.000000000000000  0.438606774366411 
117.0    A  0.320634150690562  0.000000000000000  0.021627339313304  0.246046005508450  0.000000000000000  0.003980043736784  0.000000000000000  0.027834153143959  0.014377932041014  0.064973714698455  0.000000000000000  0.012216713173884  0.070805242830987  0.010941846256931  0.011907381487029  0.007683609953330  0.034315400430845  0.152618314083642  0.000000000000000  0.000000000000000  0.993781093322555  0.000000000000000  0.006129563264818  0.000000000000000  0.000000000000000  0.285388676781693  0.714497069870547  0.019600034445641  1.000000000000000  0.452189688780544 
118.0    A  0.068535724286743  0.000000000000000  0.030395467106634  0.144485838319350  0.000000000000000  0.013888166893228  0.000000000000000  0.092847057541302  0.055207190717592  0.000000000000000  0.000000000000000  0.017579038823263  0.118503370641081  0.034482304376311  0.010539863549529  0.079660039207454  0.270181350509838  0.055668306287918  0.000000000000000  0.008009900296005  0.994470168673214  0.000000000000000  0.005266280202098  0.000000000000000  0.000000000000000  0.271683715631515  0.728499556949005  0.018906157644051  1.000000000000000  0.456282744271726 
119.0    N  0.000000000000000  0.000000000000000  0.000000000000000  0.034315400430845  0.027299152997397  0.000000000000000  0.033077637339848  0.044194173824159  0.120658378108970  0.120993378361717  0.055861572647299  0.343409058357406  0.006159376359815  0.054825846795801  0.118421258824908  0.035255691795516  0.000000000000000  0.005605271619557  0.000000000000000  0.000000000000000  0.988285651500733  0.011438169499575  0.000000000000000  0.248101093671455  0.752101875694344  1.000000000000000  0.000000000000000  0.018971795068673  0.441351498145327  0.463936738235641 
120.0    G  0.027641888604111  0.000000000000000  0.308426792452374  0.170282254330061  0.000000000000000  0.189595943171805  0.000000000000000  0.056995822844986  0.050310383601320  0.000000000000000  0.000000000000000  0.000000000000000  0.000000000000000  0.003164076068875  0.000000000000000  0.000000000000000  0.000000000000000  0.183391668020915  0.000000000000000  0.010187896369208  1.000000000000000  0.000000000000000  0.000000000000000  0.000000000000000  0.000000000000000  0.000000000000000  1.000000000000000  0.022655419263732  1.000000000000000  0.500000000000000 
121.0    T  0.202781788894261  0.003469635921259  0.000000000000000  0.003537632746163  0.044997853703584  0.002510168627870  0.000000000000000  0.085318357367823  0.028379638053797  0.033585911651734  0.000000000000000  0.012115518849172  0.385820043764734  0.000000000000000  0.016220926102235  0.005027301747271  0.039254449410735  0.136976470805961  0.000000000000000  0.000000000000000  0.989656656415207  0.010401965728409  0.000000000000000  0.125000000000000  0.874784764905822  0.000000000000000  1.000000000000000  0.022655419263732  0.491069797631696  0.500000000000000 
122.0    A  0.011156281091290  0.000000000000000  0.012456132445946  0.009854511006494  0.010394758133443  0.000000000000000  0.000000000000000  0.000000000000000  0.000000000000000  0.025988190574216  0.000000000000000  0.000000000000000  0.923382310729395  0.000000000000000  0.000000000000000  0.000000000000000  0.007011797270838  0.000000000000000  0.000000000000000  0.000000000000000  1.000000000000000  0.000000000000000  0.000000000000000  0.000000000000000  0.000000000000000  0.000000000000000  1.000000000000000  0.022876338999150  1.000000000000000  0.500000000000000 
123.0    Y  0.020688889224928  0.000000000000000  0.045975210807992  0.304180589658517  0.010230354867840  0.016746460352130  0.024433426347769  0.046038990181765  0.000000000000000  0.053586002289636  0.013994463595170  0.000000000000000  0.003557304037469  0.113597264556065  0.033307710502123  0.130037533315248  0.021359178936591  0.102806258589058  0.041694474052430  0.017775081685508  1.000000000000000  0.000000000000000  0.000000000000000  0.000000000000000  0.000000000000000  0.000000000000000  1.000000000000000  0.022844647631251  1.000000000000000  0.500000000000000 
124.0    L  0.156041318612701  0.010230354867840  0.000000000000000  0.000000000000000  0.000000000000000  0.015377875344278  0.000000000000000  0.068583246098703  0.000000000000000  0.033609199701793  0.001992782537595  0.017098339082199  0.000000000000000  0.000000000000000  0.000000000000000  0.203063099089059  0.130308220105140  0.363745170908689  0.000000000000000  0.000000000000000  1.000000000000000  0.000000000000000  0.000000000000000  0.000000000000000  0.000000000000000  0.000000000000000  1.000000000000000  0.022844647631251  1.000000000000000  0.500000000000000 
125.0    C  0.035353576963934  0.011678509754960  0.062673527243817  0.077053270341488  0.000000000000000  0.003955292216213  0.004947790053606  0.031489180012828  0.032509383328812  0.026096497482137  0.000000000000000  0.008746975692611  0.109803808529795  0.019559319666469  0.000000000000000  0.217185546287656  0.306084098100051  0.052811649025782  0.000000000000000  0.000000000000000  0.850863729506541  0.148960321821756  0.000000000000000  1.000000000000000  0.000000000000000  0.000000000000000  1.000000000000000  0.023131457781251  0.376311686852767  0.500000000000000 
126.0    L  0.000000000000000  0.000000000000000  0.000000000000000  0.000000000000000  0.000000000000000  0.000000000000000  0.000000000000000  0.297095776264233  0.000000000000000  0.106727214298906  0.043949787497285  0.000000000000000  0.000000000000000  0.000000000000000  0.000000000000000  0.010724097119179  0.000000000000000  0.541487522762962  0.000000000000000  0.000000000000000  1.000000000000000  0.000000000000000  0.000000000000000  0.000000000000000  0.000000000000000  1.000000000000000  0.000000000000000  0.022987605403996  1.000000000000000  0.500000000000000 
127.0    F  0.000000000000000  0.000000000000000  0.000000000000000  0.000000000000000  0.468136123717246  0.000000000000000  0.000000000000000  0.000000000000000  0.000000000000000  0.066661611301985  0.000000000000000  0.000000000000000  0.000000000000000  0.000000000000000  0.000000000000000  0.000000000000000  0.000000000000000  0.000000000000000  0.000000000000000  0.465224828851508  1.000000000000000  0.000000000000000  0.000000000000000  0.000000000000000  0.000000000000000  0.000000000000000  0.000000000000000  0.023535788541153  1.000000000000000  1.000000000000000 
128.0    L  0.035747842912619  0.000000000000000  0.000000000000000  0.000000000000000  0.000000000000000  0.000000000000000  0.000000000000000  0.014447863720527  0.000000000000000  0.071545260037418  0.000000000000000  0.000000000000000  0.399702915176236  0.000000000000000  0.000000000000000  0.252437824399171  0.214047071136614  0.011998517732048  0.000000000000000  0.000000000000000  1.000000000000000  0.000000000000000  0.000000000000000  0.000000000000000  0.000000000000000  0.000000000000000  0.000000000000000  0.023535788541153  1.000000000000000  1.000000000000000 
129.0    C  0.046455718263469  0.011866185076676  0.003634568975402  0.060917476930722  0.000000000000000  0.000000000000000  0.000000000000000  0.000000000000000  0.354289349127054  0.131852789633508  0.000000000000000  0.018376425785796  0.000000000000000  0.055784185717061  0.246046005508450  0.051581588032041  0.019263317585372  0.000000000000000  0.000000000000000  0.000000000000000  1.000000000000000  0.000000000000000  0.000000000000000  0.000000000000000  0.000000000000000  0.000000000000000  0.000000000000000  0.023535788541153  1.000000000000000  1.000000000000000 
130.0    S  0.009335868787944  0.000000000000000  0.266646445207941  0.105623298051564  0.012065236454559  0.031862427593693  0.036146505747040  0.000000000000000  0.133600748901376  0.000000000000000  0.000000000000000  0.096121301954392  0.000000000000000  0.043495199744722  0.009936820365184  0.229251010801168  0.012568880795967  0.009929935072701  0.000000000000000  0.003325991045894  1.000000000000000  0.000000000000000  0.000000000000000  0.000000000000000  0.000000000000000  0.000000000000000  0.000000000000000  0.023535788541153  1.000000000000000  1.000000000000000 
131.0    P  0.012242143546083  0.000000000000000  0.183646079159789  0.112111019957752  0.005129379396188  0.004889829916617  0.000000000000000  0.000000000000000  0.042013593567270  0.008967987608242  0.000000000000000  0.043075161030488  0.514770041716999  0.000000000000000  0.026848773592100  0.020151066416498  0.000000000000000  0.018414678247058  0.000000000000000  0.007551610133320  1.000000000000000  0.000000000000000  0.000000000000000  0.000000000000000  0.000000000000000  0.000000000000000  0.000000000000000  0.023535788541153  1.000000000000000  1.000000000000000 
132.0    T  0.004490214250135  0.000000000000000  0.000000000000000  0.000000000000000  0.000000000000000  0.000000000000000  0.000000000000000  0.025772923394065  0.000000000000000  0.188809073195353  0.017110194856150  0.000000000000000  0.012352954946937  0.000000000000000  0.000000000000000  0.000000000000000  0.011874412940637  0.739693754624419  0.000000000000000  0.000000000000000  1.000000000000000  0.000000000000000  0.000000000000000  0.000000000000000  0.000000000000000  0.000000000000000  0.000000000000000  0.023195680791079  1.000000000000000  1.000000000000000 
133.0    G  0.003312187361848  0.000000000000000  0.012387252134536  0.477972658796871  0.000000000000000  0.012208248127692  0.016792955825867  0.008887540842754  0.039940605100095  0.046359216682535  0.071545260037418  0.017603425445270  0.000000000000000  0.144085793349858  0.005699298219688  0.015303442149796  0.046811279200756  0.080996310339583  0.000000000000000  0.000000000000000  1.000000000000000  0.000000000000000  0.000000000000000  0.000000000000000  0.000000000000000  0.000000000000000  0.000000000000000  0.023179608341268  1.000000000000000  1.000000000000000 
134.0    R  0.007437327410137  0.000000000000000  0.000000000000000  0.000000000000000  0.129497845445002  0.000000000000000  0.000000000000000  0.033725882390763  0.000000000000000  0.753667454779191  0.006258358418669  0.000000000000000  0.009426905622818  0.013313188985545  0.013066349998657  0.000000000000000  0.000000000000000  0.014072280935124  0.019722688001752  0.000000000000000  1.000000000000000  0.000000000000000  0.000000000000000  0.000000000000000  0.000000000000000  0.000000000000000  0.000000000000000  0.023503183615448  1.000000000000000  1.000000000000000 
135.0    D  0.000000000000000  0.000000000000000  0.053289680735497  0.055861572647299  0.000000000000000  0.774855930959171  0.003094667230176  0.000000000000000  0.000000000000000  0.000000000000000  0.000000000000000  0.068488235402981  0.000000000000000  0.000000000000000  0.022702578899553  0.007499447351866  0.014387901518829  0.000000000000000  0.000000000000000  0.000000000000000  1.000000000000000  0.000000000000000  0.000000000000000  0.000000000000000  0.000000000000000  0.000000000000000  0.000000000000000  0.023503183615448  1.000000000000000  1.000000000000000 
136.0    E  0.024774504269071  0.000000000000000  0.011109979770213  0.222210670291643  0.000000000000000  0.012166010797838  0.005418089723169  0.026024242840017  0.151144459479170  0.028557232819669  0.000000000000000  0.000000000000000  0.000000000000000  0.244515868361835  0.000000000000000  0.052958277184132  0.008519591661447  0.168637816792462  0.000000000000000  0.043919334381460  1.000000000000000  0.000000000000000  0.000000000000000  0.000000000000000  0.000000000000000  0.000000000000000  0.000000000000000  0.023503183615448  1.000000000000000  1.000000000000000 
137.0    R  0.008189550589976  0.000000000000000  0.008555097428075  0.168520966467132  0.000000000000000  0.000000000000000  0.000000000000000  0.000000000000000  0.151879598988127  0.009813612352684  0.000000000000000  0.015345931175990  0.538493188096524  0.071100326742032  0.017911127902006  0.000000000000000  0.000000000000000  0.010103507280371  0.000000000000000  0.000000000000000  1.000000000000000  0.000000000000000  0.000000000000000  0.000000000000000  0.000000000000000  0.000000000000000  0.000000000000000  0.026369243629063  1.000000000000000  1.000000000000000 
138.0    A  0.017911127902006  0.000000000000000  0.007085080694790  0.000000000000000  0.000000000000000  0.000000000000000  0.006015915423719  0.000000000000000  0.000000000000000  0.000000000000000  0.000000000000000  0.959929261038908  0.000000000000000  0.000000000000000  0.000000000000000  0.008734858210671  0.000000000000000  0.000000000000000  0.000000000000000  0.000000000000000  1.000000000000000  0.000000000000000  0.000000000000000  0.000000000000000  0.000000000000000  0.000000000000000  0.000000000000000  0.026369243629063  1.000000000000000  1.000000000000000 
139.0    S  0.000000000000000  0.000000000000000  0.000000000000000  0.000000000000000  0.000000000000000  0.004655010056930  0.000000000000000  0.110797712399358  0.011882646509695  0.018684684324627  0.007877753553864  0.000000000000000  0.000000000000000  0.000000000000000  0.000000000000000  0.064928693956104  0.672683604260913  0.108668070011253  0.000000000000000  0.000000000000000  1.000000000000000  0.000000000000000  0.000000000000000  0.000000000000000  0.000000000000000  0.000000000000000  0.000000000000000  0.026369243629063  1.000000000000000  1.000000000000000 
140.0    L  0.000000000000000  0.000000000000000  0.000000000000000  0.000000000000000  0.000000000000000  0.000000000000000  0.000000000000000  0.000000000000000  0.000000000000000  1.000000000000000  0.000000000000000  0.000000000000000  0.000000000000000  0.000000000000000  0.000000000000000  0.000000000000000  0.000000000000000  0.000000000000000  0.000000000000000  0.000000000000000  1.000000000000000  0.000000000000000  0.000000000000000  0.000000000000000  0.000000000000000  0.000000000000000  0.000000000000000  0.026296233821418  1.000000000000000  1.000000000000000 
141.0    P  0.000000000000000  0.000000000000000  0.000000000000000  0.000000000000000  0.000000000000000  0.000000000000000  0.000000000000000  0.000000000000000  0.000000000000000  0.000000000000000  0.000000000000000  0.000000000000000  0.209061599978516  0.000000000000000  0.000000000000000  0.000000000000000  0.000000000000000  0.791137301185450  0.000000000000000  0.000000000000000  1.000000000000000  0.000000000000000  0.000000000000000  0.000000000000000  0.000000000000000  0.000000000000000  0.000000000000000  0.113204247877228  1.000000000000000  1.000000000000000 
142.0    P  0.000000000000000  0.000000000000000  0.000000000000000  0.000000000000000  0.000000000000000  0.000000000000000  0.000000000000000  0.000000000000000  0.000000000000000  0.000000000000000  0.000000000000000  0.000000000000000  1.000000000000000  0.000000000000000  0.000000000000000  0.000000000000000  0.000000000000000  0.000000000000000  0.000000000000000  0.000000000000000  1.000000000000000  0.000000000000000  0.000000000000000  0.000000000000000  0.000000000000000  0.000000000000000  0.000000000000000  0.500000000000000  1.000000000000000  1.000000000000000 
143.0    S  0.000000000000000  0.000000000000000  0.000000000000000  0.000000000000000  0.000000000000000  0.000000000000000  0.000000000000000  0.000000000000000  0.000000000000000  0.000000000000000  0.000000000000000  0.000000000000000  0.000000000000000  0.000000000000000  0.000000000000000  1.000000000000000  0.000000000000000  0.000000000000000  0.000000000000000  0.000000000000000  1.000000000000000  0.000000000000000  0.000000000000000  0.000000000000000  0.000000000000000  0.000000000000000  0.000000000000000  0.500000000000000  1.000000000000000  1.000000000000000 
144.0    D  0.000000000000000  0.000000000000000  1.000000000000000  0.000000000000000  0.000000000000000  0.000000000000000  0.000000000000000  0.000000000000000  0.000000000000000  0.000000000000000  0.000000000000000  0.000000000000000  0.000000000000000  0.000000000000000  0.000000000000000  0.000000000000000  0.000000000000000  0.000000000000000  0.000000000000000  0.000000000000000  1.000000000000000  0.000000000000000  0.000000000000000  1.000000000000000  0.000000000000000  0.000000000000000  0.000000000000000  0.500000000000000  1.000000000000000  1.000000000000000 
