No:  residues  hmm_col_1  hmm_col_2  hmm_col_3  hmm_col_4  hmm_col_5  hmm_col_6  hmm_col_7  hmm_col_8  hmm_col_9  hmm_col_10  hmm_col_11  hmm_col_12  hmm_col_13  hmm_col_14  hmm_col_15  hmm_col_16  hmm_col_17  hmm_col_18  hmm_col_19  hmm_col_20  hmm_col_21   hmm_col_22   hmm_col_23   hmm_col_24   hmm_col_25   hmm_col_26   hmm_col_27   hmm_col_28   hmm_col_29   hmm_col_30   
1.0    M  0.017985773301996  0.000000000000000  0.023099412988654  0.000000000000000  0.000000000000000  0.000000000000000  0.024757337841405  0.000000000000000  0.000000000000000  0.000000000000000  0.934327346883180  0.000000000000000  0.000000000000000  0.000000000000000  0.000000000000000  0.000000000000000  0.000000000000000  0.000000000000000  0.000000000000000  0.000000000000000  0.964598184584138  0.035599480538191  0.000000000000000  0.500000000000000  0.500000000000000  0.000000000000000  0.000000000000000  0.131487722400484  0.483303048532487  1.000000000000000 
2.0    S  0.211100221855945  0.000000000000000  0.000000000000000  0.000000000000000  0.000000000000000  0.000000000000000  0.000000000000000  0.014588749139302  0.052958277184132  0.000000000000000  0.000000000000000  0.071396640428034  0.015134659206666  0.000000000000000  0.000000000000000  0.602068690615708  0.032712821311705  0.000000000000000  0.000000000000000  0.000000000000000  1.000000000000000  0.000000000000000  0.000000000000000  0.000000000000000  0.000000000000000  0.000000000000000  0.000000000000000  0.061213768599183  1.000000000000000  1.000000000000000 
3.0    S  0.012259126529637  0.000000000000000  0.000000000000000  0.000000000000000  0.044041273598188  0.011541703621739  0.000000000000000  0.000000000000000  0.000000000000000  0.000000000000000  0.000000000000000  0.056956330039821  0.000000000000000  0.011751591807724  0.000000000000000  0.446582926176380  0.000000000000000  0.416965521912482  0.000000000000000  0.000000000000000  1.000000000000000  0.000000000000000  0.000000000000000  0.000000000000000  0.000000000000000  0.000000000000000  0.000000000000000  0.045626000332954  1.000000000000000  1.000000000000000 
4.0    R  0.018827692421794  0.000000000000000  0.000000000000000  0.015345931175990  0.000000000000000  0.000000000000000  0.000000000000000  0.008680536942618  0.000000000000000  0.000000000000000  0.000000000000000  0.032940356977836  0.014318260073052  0.000000000000000  0.890075733252496  0.000000000000000  0.019627224705368  0.000000000000000  0.000000000000000  0.000000000000000  0.980099415341871  0.000000000000000  0.019627224705368  0.000000000000000  0.000000000000000  0.000000000000000  0.000000000000000  0.036473690681827  1.000000000000000  1.000000000000000 
5.0    F  0.000000000000000  0.000000000000000  0.000000000000000  0.000000000000000  0.765778998547191  0.000000000000000  0.000000000000000  0.000000000000000  0.000000000000000  0.016874633747389  0.000000000000000  0.000000000000000  0.019077289260455  0.000000000000000  0.000000000000000  0.000000000000000  0.000000000000000  0.000000000000000  0.000000000000000  0.198196034152571  0.972654947412286  0.000000000000000  0.027261334555336  0.062500000000000  0.937571096457110  1.000000000000000  0.000000000000000  0.037034149091924  0.497924876547229  0.485653747770817 
6.0    A  0.038075320739850  0.000000000000000  0.015755507107728  0.000000000000000  0.014608987464866  0.107767943127199  0.000000000000000  0.000000000000000  0.138888591081887  0.000000000000000  0.056328153913177  0.053326631132004  0.029997789407466  0.093752436830364  0.026497498894786  0.302079460847486  0.123023002754225  0.000000000000000  0.000000000000000  0.000000000000000  0.955945317593742  0.025312608551001  0.018893057434896  0.177882932654324  0.821880187294851  0.686818116714811  0.313166109656032  0.036397924577139  0.465224828851508  0.480963727332387 
7.0    G  0.071051060827251  0.000000000000000  0.450625231305415  0.066477042055824  0.000000000000000  0.032150834621674  0.058314561971050  0.000000000000000  0.000000000000000  0.000000000000000  0.000000000000000  0.075782051191359  0.022608357591727  0.000000000000000  0.049997508020797  0.118585539392557  0.054484889971066  0.000000000000000  0.000000000000000  0.000000000000000  0.950000382874886  0.027853452996780  0.022421086478230  0.641268301381124  0.358737383651676  0.724471077277439  0.275667290767228  0.036727385263118  0.475988954248766  0.477641468191219 
8.0    G  0.051403129294529  0.000000000000000  0.174827010342308  0.000000000000000  0.000000000000000  0.051260806949795  0.000000000000000  0.000000000000000  0.078508898821470  0.026737344552581  0.014558444207887  0.111028349480301  0.050136322897030  0.000000000000000  0.012482061194518  0.305872010282967  0.123279088061670  0.000000000000000  0.000000000000000  0.000000000000000  0.885767519102361  0.071248329543341  0.042896388476716  0.180992271547445  0.819036697859828  0.000000000000000  1.000000000000000  0.035525530413625  0.426908857195622  0.479299719246488 
9.0    N  0.128692510429250  0.000000000000000  0.046455718263469  0.000000000000000  0.000000000000000  0.098141014834197  0.000000000000000  0.028478165019911  0.042985681816867  0.135653671485226  0.000000000000000  0.058517015464656  0.124740339874881  0.000000000000000  0.000000000000000  0.182124889237251  0.098277161517541  0.040526236082844  0.000000000000000  0.015356571852270  0.775930854274856  0.152618314083642  0.071545260037418  0.925304428037852  0.074894313833714  0.256850359844741  0.743291492215508  0.023535788541153  0.368056715542045  0.438606774366411 
10.0    A  0.176899270040832  0.000000000000000  0.054071043161562  0.068583246098703  0.023748825881274  0.014033318326311  0.000000000000000  0.050871449066902  0.140827403562160  0.257742079698697  0.015134659206666  0.009252121967607  0.000000000000000  0.011171757705951  0.025453361345944  0.040666932982560  0.072042896674929  0.026024242840017  0.000000000000000  0.013536513381251  0.868742185150623  0.091252000665908  0.040051497630006  0.262611136002688  0.737645728541420  0.586011141837257  0.413798408039103  0.015635834179103  0.411510172639354  0.393381222676783 
11.0    Y  0.032352028870043  0.023340835267380  0.050765774772265  0.095259051896236  0.021990130864459  0.000000000000000  0.259534817635764  0.013148116910709  0.009099481144285  0.043858491438721  0.000000000000000  0.021314809919990  0.020179021098474  0.010979833595365  0.020067434515460  0.013754047086924  0.047662551664259  0.030819772015417  0.000000000000000  0.285784583853509  0.876605721316035  0.101601950248040  0.021732530807969  0.705148980242195  0.295043585834050  0.073607674349686  0.926588061890371  0.013012121420009  0.372677596699730  0.412366774305041 
12.0    Q  0.032963197408377  0.000000000000000  0.104024841838941  0.124481219136807  0.000000000000000  0.021522656974737  0.111259466656562  0.020503300852999  0.000000000000000  0.010583788886604  0.010387555532670  0.059416193826864  0.014407861217385  0.331022227598849  0.050660319992832  0.000000000000000  0.056289123740496  0.019791160214425  0.000000000000000  0.032644867589507  0.980099415341871  0.000000000000000  0.019942637012952  0.000000000000000  0.000000000000000  0.000000000000000  1.000000000000000  0.012370091654239  1.000000000000000  0.395568650592725 
13.0    R  0.099649059567567  0.000000000000000  0.027661055143111  0.068773663085384  0.000000000000000  0.035624164771671  0.008189550589976  0.000000000000000  0.110797712399358  0.023880883136956  0.000000000000000  0.059087632296921  0.000000000000000  0.024929538744032  0.412652704256329  0.085495956493906  0.026442456143759  0.009786440926751  0.000000000000000  0.006910472151028  0.950659101229818  0.049549008538143  0.000000000000000  0.532185091226680  0.467811748915700  0.440129506781575  0.559806444327120  0.011973593439123  0.451563255075911  0.375269774378593 
14.0    D  0.007340021478234  0.000000000000000  0.543367431263029  0.231165819528425  0.000000000000000  0.028775803037658  0.010776257201774  0.000000000000000  0.024740183308477  0.000000000000000  0.000000000000000  0.026607928367155  0.011056204377552  0.051976381148432  0.000000000000000  0.050977343333688  0.000000000000000  0.000000000000000  0.000000000000000  0.013368672276291  0.856781954768570  0.143487801731875  0.000000000000000  0.638164384414476  0.361733721467631  0.452503231441453  0.547526235396787  0.011767894270577  0.336808394216423  0.426613049056034 
15.0    T  0.073863221683398  0.000000000000000  0.006698250286204  0.083504629899381  0.000000000000000  0.018073252873520  0.024147204676500  0.023732370153352  0.017050998078983  0.245875518506562  0.115903818304433  0.065880713955671  0.167589073947542  0.019722688001752  0.013230395505664  0.056367211148891  0.051474438579223  0.016804599850897  0.000000000000000  0.000000000000000  0.445964259710046  0.024348893114391  0.529609167341938  0.410086455598363  0.589678296130608  0.000000000000000  1.000000000000000  0.006210822273039  0.481964903870322  0.445346450303340 
16.0    G  0.073863221683398  0.000000000000000  0.000000000000000  0.047398985792951  0.019343598294335  0.030777076340486  0.014013877494719  0.000000000000000  0.000000000000000  0.026278012976679  0.072947381363654  0.416387885440275  0.020789516266886  0.015625000000000  0.017433426911328  0.194791144915125  0.050310383601320  0.000000000000000  0.000000000000000  0.000000000000000  1.000000000000000  0.000000000000000  0.000000000000000  0.000000000000000  0.000000000000000  0.854409740889733  0.145793671223558  0.018198962288570  1.000000000000000  0.092847057541302 
17.0    R  0.008692579067069  0.000000000000000  0.000000000000000  0.000000000000000  0.000000000000000  0.037838533873455  0.007385954037115  0.000000000000000  0.078400137782562  0.000000000000000  0.000000000000000  0.000000000000000  0.000000000000000  0.024569290379385  0.778085176555419  0.047994070928191  0.007651721074898  0.009459633468364  0.000000000000000  0.000000000000000  0.868140227601043  0.092141826080694  0.039802421103953  0.308426792452374  0.691595314505482  0.828744904487992  0.171466661073825  0.006345721846533  0.332171453524128  0.380772184925815 
18.0    T  0.189595943171805  0.000000000000000  0.037188490509584  0.078400137782562  0.000000000000000  0.007704943003854  0.000000000000000  0.005284563402540  0.104169150894902  0.000000000000000  0.008614602836476  0.064480198706335  0.014690221914205  0.070072879876782  0.039774841727373  0.211539649150072  0.163232473386115  0.005350910077990  0.000000000000000  0.000000000000000  0.984866442895551  0.000000000000000  0.015356571852270  0.000000000000000  0.000000000000000  0.000000000000000  1.000000000000000  0.006587743048829  1.000000000000000  0.412652704256329 
19.0    Q  0.147624082678691  0.000000000000000  0.048394939240826  0.349169633116849  0.000000000000000  0.009036626436760  0.000000000000000  0.000000000000000  0.007834190905477  0.000000000000000  0.000000000000000  0.016322433794754  0.000000000000000  0.221902834317374  0.042276507220321  0.139660892259028  0.013443009853304  0.004256844188333  0.000000000000000  0.000000000000000  0.982820598545251  0.017409275794052  0.000000000000000  0.166893537911988  0.833353207159218  0.436483795566881  0.563309614248640  0.006624374723696  0.427501088945986  0.396392068305142 
20.0    L  0.016711673248207  0.000000000000000  0.000000000000000  0.000000000000000  0.000000000000000  0.000000000000000  0.025016087833009  0.000000000000000  0.009258537272981  0.870550563296124  0.000000000000000  0.020919613390288  0.000000000000000  0.000000000000000  0.000000000000000  0.012404436420807  0.027412923397901  0.017615631439772  0.000000000000000  0.000000000000000  0.954621014139717  0.029564301460175  0.016053147490296  0.212715932376635  0.787307976569203  0.239317864548824  0.760489376620505  0.006479058951675  0.456915725114700  0.440129506781575 
21.0    F  0.000000000000000  0.000000000000000  0.000000000000000  0.000000000000000  0.616853584904748  0.000000000000000  0.009985151275024  0.000000000000000  0.000000000000000  0.318861097919636  0.027185854772145  0.000000000000000  0.006574058455355  0.000000000000000  0.000000000000000  0.000000000000000  0.000000000000000  0.000000000000000  0.000000000000000  0.020489093972119  0.927230546435463  0.031796240378209  0.040751585476830  0.226094844390272  0.773782496771195  0.000000000000000  1.000000000000000  0.006651982091789  0.443805668634749  0.441963765531836 
22.0    G  0.032940356977836  0.000000000000000  0.139564120247822  0.050240686921447  0.000000000000000  0.318861097919636  0.032262454233851  0.000000000000000  0.069060280299994  0.000000000000000  0.000000000000000  0.028359973603661  0.029935475569459  0.087838668762920  0.025808677029241  0.147521792917025  0.030969673852002  0.006537705020964  0.000000000000000  0.000000000000000  0.695923195915551  0.285586561712136  0.018671737575887  0.379454813243513  0.620283648857694  0.424253950852948  0.575544745663881  0.006515086279883  0.235696133979560  0.365514362100008 
23.0    P  0.054108535344979  0.000000000000000  0.048900736358532  0.038260512262506  0.000000000000000  0.176287245060549  0.000000000000000  0.000000000000000  0.038714021805747  0.007556846325109  0.007546377569725  0.027318081887824  0.414659772907221  0.003936147501604  0.014538275901610  0.120407736752519  0.047629525948118  0.000000000000000  0.000000000000000  0.000000000000000  0.871758239537062  0.128336193215000  0.000000000000000  0.455650640318571  0.544498507668053  0.151354135493819  0.848507901705896  0.006948898387015  0.349411742962767  0.340564508660122 
24.0    A  0.052229184932616  0.000000000000000  0.000000000000000  0.000000000000000  0.046746429948825  0.028203147733201  0.049790006017849  0.045279442329840  0.058233776831548  0.021612353578296  0.005727018582770  0.088449635020416  0.028301061969307  0.006772949714958  0.006973023214633  0.080214118597682  0.067732872927799  0.009779659833234  0.000000000000000  0.403880388804804  0.919550046151658  0.000000000000000  0.080381092714413  0.000000000000000  0.000000000000000  0.000000000000000  1.000000000000000  0.006948898387015  1.000000000000000  0.345079338349157 
25.0    D  0.058153103606438  0.000000000000000  0.046038990181765  0.081446696835206  0.026187097958373  0.075362989230673  0.055591187096119  0.010209103546040  0.119493164699218  0.006820059305733  0.000000000000000  0.080436827956329  0.021762679385454  0.018736561152986  0.143487801731875  0.126569350918812  0.074738737298508  0.031012636708932  0.000000000000000  0.024046987815013  0.786217292140332  0.186985719795299  0.026867390195094  0.486664687079119  0.513344772859999  0.226722582233286  0.773246337455317  0.007556846325109  0.299784978447778  0.279515462741465 
26.0    G  0.076946525834057  0.000000000000000  0.348444309671867  0.125520942904872  0.000000000000000  0.146097156070156  0.035896823593657  0.000000000000000  0.015527829583165  0.000000000000000  0.000000000000000  0.046811279200756  0.021522656974737  0.039500096826650  0.057233355401133  0.043404847992660  0.031401994388243  0.011743449047387  0.000000000000000  0.000000000000000  0.992404374685819  0.000000000000000  0.007662335968661  0.000000000000000  0.000000000000000  0.515841589650680  0.484309094613314  0.007370611335120  1.000000000000000  0.277008086966231 
27.0    S  0.056995822844986  0.007254037908646  0.235696133979560  0.072846324883410  0.000000000000000  0.103808753011362  0.000000000000000  0.029482445340480  0.044102370106522  0.024030325488598  0.000000000000000  0.076309157041821  0.000000000000000  0.043105028807096  0.030543305200338  0.180866860733816  0.052483218309009  0.033446521825832  0.000000000000000  0.009194583884522  0.830470024090894  0.067078767899591  0.102237757319723  0.230046912656219  0.770037174236072  0.000000000000000  1.000000000000000  0.006810611246383  0.413225159077106  0.362989569975974 
28.0    N  0.064524908467703  0.000000000000000  0.083562530962821  0.076097876166437  0.000000000000000  0.090999346812443  0.000000000000000  0.000000000000000  0.017457611532378  0.018300159081544  0.000000000000000  0.040582456335309  0.253489869947507  0.032531924927628  0.019640833976904  0.090873282332519  0.172420115228383  0.020109206989082  0.000000000000000  0.019505164826588  0.803293996757034  0.068821349881123  0.127892183716804  0.392836258333790  0.607097442197523  0.227194529112130  0.772710549647987  0.008037708655419  0.424842499569325  0.283220971323950 
29.0    S  0.033284631356044  0.000000000000000  0.064748922722501  0.130127699710514  0.025952188252840  0.077589218220382  0.005835208816845  0.113991645689971  0.000000000000000  0.130308220105140  0.000000000000000  0.015810206266046  0.011882646509695  0.014508075817293  0.012048522073500  0.252262908461170  0.023519480428298  0.062283766426742  0.015854102290326  0.009957504900932  0.644387315242508  0.088695209762524  0.266831334509990  0.696405740334518  0.303548721098762  0.017713584574663  0.982139595263391  0.011288518733778  0.374749900438887  0.246387334234843 
30.0    L  0.056016668723088  0.009538644630228  0.125000000000000  0.030227385300435  0.000000000000000  0.036372704200067  0.000000000000000  0.000000000000000  0.015431263460084  0.017701310707747  0.000000000000000  0.033054717613076  0.041984482053791  0.055168937268166  0.357496246590423  0.183137609326417  0.012682649702770  0.011792390379067  0.000000000000000  0.014318260073052  0.557096825409666  0.116386852478779  0.326691313473293  0.284007316196672  0.715984370600572  0.279321784518055  0.720964435730112  0.013387218043259  0.390393246303696  0.125782227937223 
31.0    D  0.050310383601320  0.000000000000000  0.128247268167143  0.021507743774855  0.000000000000000  0.038128140946007  0.046327094056339  0.022828818414776  0.170991912987811  0.011915637916065  0.000000000000000  0.078781461973937  0.013443009853304  0.053734780390188  0.236514411681399  0.066893043651664  0.060371020557803  0.000000000000000  0.000000000000000  0.000000000000000  0.711038705293637  0.000000000000000  0.288971676638700  0.000000000000000  0.000000000000000  0.451563255075911  0.548285794293947  0.023633874957562  1.000000000000000  0.105476974516252 
32.0    D  0.042335155546418  0.000000000000000  0.043134917293645  0.014874654820274  0.022173802440631  0.009732323559137  0.000000000000000  0.000000000000000  0.000000000000000  0.017241152188156  0.000000000000000  0.000000000000000  0.384485207817567  0.019011286853657  0.189990607050190  0.143189737247470  0.101390894447130  0.012344395497865  0.000000000000000  0.000000000000000  0.628942485918009  0.151354135493819  0.219759890227947  0.375529981735232  0.624598062826688  0.450625231305415  0.549427108788440  0.011187255790634  0.354780839050096  0.132310549359392 
33.0    N  0.187634887189296  0.000000000000000  0.041120453907157  0.045594385757505  0.000000000000000  0.070952631384129  0.000000000000000  0.000000000000000  0.031995215638389  0.045216715183454  0.005161478147103  0.015113692650218  0.038207508677877  0.019330194979487  0.381829374490175  0.025790794016021  0.081899587741148  0.009936820365184  0.000000000000000  0.000000000000000  0.851453707748945  0.108367195439336  0.040386025957422  0.146401272652351  0.853817714391245  0.423372656181264  0.576343173399432  0.013782677581206  0.376833727389595  0.167472950303480 
34.0    V  0.101180277068426  0.000000000000000  0.013830527571555  0.026424133980547  0.008275143239718  0.178748123295211  0.013592927386073  0.008373230176065  0.057911753868148  0.016619260513956  0.006358931133363  0.036372704200067  0.130217928626028  0.011171757705951  0.040386025957422  0.266646445207941  0.067873866020143  0.015942260300757  0.000000000000000  0.000000000000000  0.826450318154212  0.092718433365070  0.080660155653236  0.142496659086683  0.857376036634172  0.429282718218877  0.570777353563387  0.008373230176065  0.369078601420708  0.238655253534929 
35.0    S  0.101040108600696  0.000000000000000  0.047662551664259  0.136030305208850  0.007350203964951  0.037317599596081  0.005855467194358  0.000000000000000  0.031730190652170  0.018161157929971  0.000000000000000  0.020432364820887  0.088265900274047  0.028577034046872  0.079825859949712  0.285388676781693  0.054711958105891  0.016898043179432  0.000000000000000  0.040836414184162  0.900625979847929  0.069396177101790  0.029997789407466  0.383154990051946  0.616853584904748  0.147317425976460  0.852634891767957  0.007249011534932  0.401925495371576  0.266277050848354 
36.0    S  0.083736475151740  0.000000000000000  0.054560474445860  0.036574957546081  0.005879870107074  0.026223426159579  0.016064278541501  0.022235366581791  0.037136972033029  0.060120465916548  0.000000000000000  0.181746564665039  0.005354620331952  0.047894373756493  0.054146053525005  0.315125847895746  0.034818551588104  0.011272880366106  0.000000000000000  0.007045901393611  0.957271458195298  0.014062530153024  0.028755864082027  0.396117405462485  0.603740295743248  0.521232880420561  0.478967609111348  0.006838994763236  0.482968164462423  0.264437740904607 
37.0    A  0.050836199883258  0.000000000000000  0.006905683836435  0.064838746035351  0.017181502333040  0.032017400719775  0.005632534654142  0.023519480428298  0.012191335627714  0.037447156916857  0.000000000000000  0.068109507013333  0.410086455598363  0.005667782061852  0.019478143660548  0.154856087222989  0.012568880795967  0.069012427947693  0.000000000000000  0.009545258606824  0.792234810924969  0.118667765118815  0.089374061647606  0.098481735756168  0.901250462610830  0.390934821564297  0.609205131837596  0.006587743048829  0.277584708407160  0.343171107813728 
38.0    L  0.062978360025657  0.000000000000000  0.091188771515011  0.030039404012149  0.105623298051564  0.029339742103608  0.011343424061749  0.007562086147607  0.000000000000000  0.045816148662163  0.000000000000000  0.007593601468604  0.000000000000000  0.005574275412960  0.018906157644051  0.044997853703584  0.075154328056136  0.016265962463814  0.008104843254419  0.439519780455894  0.817902058557781  0.114149781251499  0.068062313458507  0.185694115082604  0.814507563070215  0.138792354203580  0.860949188338904  0.007006938747359  0.347961597957775  0.308854659281732 
39.0    G  0.167240944348264  0.000000000000000  0.226251615720726  0.061256213458867  0.007753159177233  0.193713982739793  0.033492920704259  0.000000000000000  0.011133106360537  0.004030012419146  0.012525395771866  0.029076551803219  0.009074286968170  0.061383724703962  0.037162722343835  0.090120554466264  0.040864729641774  0.014957366534302  0.000000000000000  0.000000000000000  0.633317126861609  0.221902834317374  0.144886993988057  0.064524908467703  0.935623497831400  0.208193942720137  0.791685865871272  0.006805892126111  0.244515868361835  0.282632641781148 
40.0    S  0.069060280299994  0.000000000000000  0.068630800861691  0.076045147414629  0.000000000000000  0.047994070928191  0.010911551034902  0.009271381231692  0.052084575447451  0.015187202937209  0.010258758792376  0.055861572647299  0.109423916211783  0.106357966188318  0.031098741306878  0.265539796623843  0.061086610400675  0.011156281091290  0.000000000000000  0.000000000000000  0.885767519102361  0.079329430376238  0.034698088550895  0.043858491438721  0.955945317593742  0.281850103036355  0.717972255311718  0.007489058113226  0.386623168727659  0.217486838177163 
41.0    T  0.231486505631831  0.000000000000000  0.073353011142585  0.062760471452436  0.000000000000000  0.048294409352999  0.023421868777430  0.000000000000000  0.026442456143759  0.007737053686977  0.017253106986923  0.080996310339583  0.052265399994629  0.080492601844364  0.067826835742613  0.132585967671027  0.075154328056136  0.019928818619977  0.000000000000000  0.000000000000000  0.942784535918240  0.039010329653175  0.018312848182414  0.138504043483116  0.861546159712017  0.123023002754225  0.877213548732822  0.005444442338623  0.421031476804208  0.252963300256732 
42.0    D  0.035772630018709  0.000000000000000  0.053142135004012  0.026132699997314  0.007812500000000  0.036473690681827  0.010561803383032  0.056367211148891  0.012859692894980  0.159651719899424  0.084846561242500  0.050066867349351  0.041035035169505  0.066893043651664  0.043284670878466  0.062197482613755  0.191047065095646  0.054447137008891  0.000000000000000  0.007370611335120  0.978741650397436  0.000000000000000  0.021314809919990  0.000000000000000  0.000000000000000  0.261521234948132  0.738157202841417  0.005168638437141  1.000000000000000  0.255076164812114 
43.0    K  0.050977343333688  0.000000000000000  0.123878695408010  0.007421877991210  0.000000000000000  0.039582320428851  0.013276328111541  0.000000000000000  0.045784402331604  0.013946046429265  0.000000000000000  0.088510964888409  0.161432168787792  0.022066475068512  0.008408125974873  0.307146745111412  0.095127086302460  0.022624033943431  0.000000000000000  0.000000000000000  0.990342871933025  0.003817913150042  0.006180760165511  1.000000000000000  0.000000000000000  0.090058109302370  0.910038824080899  0.004782564032813  0.488354264481114  0.284598507268719 
44.0    L  0.118339203904589  0.000000000000000  0.054033576956742  0.018453010334836  0.025541729015259  0.061086610400675  0.014248955711246  0.022467758325734  0.030374405874417  0.028497911422493  0.000000000000000  0.497235084336607  0.007370611335120  0.036549614501623  0.000000000000000  0.035723072981689  0.023003544721378  0.027091798859834  0.000000000000000  0.000000000000000  0.824162084953241  0.160317075345281  0.015560152392101  0.314253343630457  0.685866644295299  0.139757731370733  0.860352630611440  0.004571869693260  0.215834889643603  0.296684199414133 
45.0    D  0.046617000834108  0.000000000000000  0.105257869201052  0.133786087303328  0.015050967094065  0.061213768599183  0.035797434311867  0.011866185076676  0.054334035005626  0.006416489849626  0.000000000000000  0.021359178936591  0.054371709544291  0.297095776264233  0.048866852695537  0.041035035169505  0.048968574184334  0.012073602338250  0.000000000000000  0.005810991259510  0.883927531063671  0.098960733233909  0.017325010056298  0.160205990520024  0.839731492944140  0.173860246463749  0.826450318154212  0.003488929110753  0.325110036637120  0.302498522304823 
46.0    Y  0.031271668358206  0.000000000000000  0.061086610400675  0.106284270008024  0.086749544938474  0.069733707645310  0.043858491438721  0.015700997194122  0.000000000000000  0.004872912390289  0.009964409309989  0.076574083244042  0.016851256745226  0.195738574064136  0.000000000000000  0.079164640857701  0.015799251263302  0.000000000000000  0.000000000000000  0.186338798349865  1.000000000000000  0.000000000000000  0.000000000000000  1.000000000000000  0.000000000000000  0.328052813647990  0.672217497076313  0.003282475594661  0.499307333050514  0.308854659281732 
47.0    S  0.057911753868148  0.000000000000000  0.042247213532129  0.058314561971050  0.020418207092081  0.035280137650192  0.008596707885673  0.120993378361717  0.038660389958974  0.150621539374348  0.038154578520910  0.093492859897649  0.011533706294397  0.026424133980547  0.000000000000000  0.205043227799182  0.038366740122346  0.053809324271181  0.000000000000000  0.000000000000000  0.929160674250913  0.042364510212500  0.028616677700566  0.102450575954690  0.897510050667261  0.503826880205252  0.496202187342909  0.002923677708579  0.393381222676783  0.361232599480881 
48.0    Q  0.045122787360078  0.000000000000000  0.184155960727060  0.117521775313641  0.031206708315657  0.008110463051118  0.075677067746910  0.009105790610426  0.051545846788130  0.084318908396231  0.031271668358206  0.050485048600601  0.033539383949795  0.075939799494064  0.072695002596741  0.036498981081660  0.013811367672870  0.043105028807096  0.000000000000000  0.035871950432969  0.976031760776225  0.007360400577381  0.016734856612366  1.000000000000000  0.000000000000000  0.450625231305415  0.549427108788440  0.002361632179362  0.489031736723670  0.384218795322003 
49.0    S  0.222982129855023  0.000000000000000  0.078945453865362  0.100064351332038  0.000000000000000  0.026006210459735  0.008912216530222  0.005683518295448  0.019156794688331  0.034244117701490  0.009258537272981  0.020221025851295  0.032849153408991  0.175190931135093  0.020489093972119  0.181746564665039  0.037162722343835  0.023831275832129  0.003312187361848  0.000000000000000  0.969289816935065  0.006546774489593  0.024113752735296  0.133230842008493  0.866937563514687  0.684916489982783  0.314907494986850  0.002118119939147  0.476649272644080  0.410655350376033 
50.0    T  0.095656048113917  0.000000000000000  0.016504462896123  0.052958277184132  0.060706718471352  0.022173802440631  0.015261070765035  0.050906722691888  0.018186352100033  0.134530015597975  0.038499939795180  0.030458738465361  0.000000000000000  0.058435949859466  0.071297732241776  0.057831526752366  0.081446696835206  0.131305568001344  0.000000000000000  0.063857505169644  0.981459063853479  0.006754197119593  0.011981895778696  0.199990032083188  0.799960128332753  0.693034942825207  0.307146745111412  0.001957190634921  0.495514781632040  0.363997387249772 
51.0    L  0.028955876934074  0.007583081795075  0.055398856199679  0.080996310339583  0.028419007868773  0.011010318399547  0.137738139484576  0.033423346496414  0.007742418463001  0.281069730944654  0.027527167941468  0.015920174947136  0.002724108723341  0.123535706437592  0.013955716443012  0.006968191557969  0.003799433388329  0.022219959540426  0.000000000000000  0.111028349480301  0.984866442895551  0.011981895778696  0.003107564389668  0.328052813647990  0.672217497076313  0.887611337269498  0.112500241224189  0.001870967223091  0.468136123717246  0.433168428200044 
52.0    A  0.035673584597712  0.002350201222655  0.188547509585822  0.134157535799182  0.008223680896167  0.027892092858531  0.004419197120492  0.007662335968661  0.073403873200853  0.014884968719437  0.020645912588410  0.084553014440642  0.003876579588616  0.158329281715402  0.079329430376238  0.114149781251499  0.027431931175297  0.012534080724258  0.000000000000000  0.001976275783256  0.996540262827868  0.001915583992165  0.001531329011867  0.099511012347347  0.900625979847929  0.437695664847132  0.562139461889309  0.001832463274415  0.478635729097649  0.484980955170867 
53.0    S  0.078672323344054  0.000000000000000  0.083215725827273  0.164938488846612  0.007154169425142  0.035036439938391  0.059622471909222  0.055398856199679  0.048799155787962  0.041063488348418  0.024130472909118  0.031271668358206  0.021021362633154  0.173138683513866  0.047794883683837  0.047695600280017  0.026168952734638  0.024637505439259  0.000000000000000  0.030248344590429  0.996540262827868  0.000000000000000  0.003582047043768  1.000000000000000  0.000000000000000  0.727490341817379  0.272626933166314  0.001867080698425  0.500000000000000  0.489370825198718 
54.0    L  0.046714039019842  0.003664926548831  0.013012121420009  0.009745824780578  0.016042024151875  0.005444442338623  0.047366142703450  0.169106028881284  0.006189334460351  0.237500095718722  0.122852574818156  0.027622735345740  0.000000000000000  0.029728696135369  0.072543994648983  0.006592310907266  0.030841142058933  0.097260647069427  0.001763918965140  0.056016668723088  1.000000000000000  0.000000000000000  0.000000000000000  0.500000000000000  0.500000000000000  1.000000000000000  0.000000000000000  0.001876161843659  0.495858365369147  0.487002134271620 
55.0    E  0.028915763376183  0.000000000000000  0.041120453907157  0.305025127568056  0.006824788249349  0.003358423774387  0.030101934188130  0.099511012347347  0.022765611154656  0.112734422297781  0.092014178885511  0.016470178488918  0.001487391347366  0.088143622530274  0.064257114166004  0.014248955711246  0.017181502333040  0.039118639332937  0.001534516634116  0.015218816695988  0.948026965128645  0.000000000000000  0.051724801004888  1.000000000000000  0.000000000000000  0.000000000000000  0.000000000000000  0.001958547726369  0.493116352246680  1.000000000000000 
56.0    S  0.082354996983384  0.010012874407502  0.104458369865232  0.167240944348264  0.006583178355493  0.020095273178603  0.026644840367749  0.015452670568452  0.098892162648181  0.013602352551502  0.014905617977306  0.073607674349686  0.000000000000000  0.126394010106413  0.107172004579271  0.089498046325071  0.020674553748564  0.019915009801863  0.000000000000000  0.002543445682752  0.995849753094458  0.000000000000000  0.003903543331994  1.000000000000000  0.000000000000000  0.974004268543241  0.026150820083856  0.001931583821057  0.500000000000000  0.325561047392257 
57.0    Q  0.025541729015259  0.000000000000000  0.072042896674929  0.390934821564297  0.000000000000000  0.007375722024611  0.004063672916102  0.008992886650998  0.050485048600601  0.020221025851295  0.010851211998165  0.024569290379385  0.000000000000000  0.202500868408011  0.106727214298906  0.033377044001495  0.012877532577394  0.019846109102169  0.001681541383474  0.007943552135093  0.974679630891549  0.005501344636375  0.020053529649420  1.000000000000000  0.000000000000000  0.649319301364942  0.350624812660600  0.001919571481534  0.484980955170867  0.487677730763821 
58.0    S  0.016746460352130  0.000000000000000  0.020832791829550  0.012327294388320  0.016265962463814  0.008338479203437  0.058032303269171  0.052848267961095  0.012868609644806  0.042926132294676  0.023847800140009  0.165740720037332  0.000000000000000  0.334250123851284  0.197100043514070  0.010280113476789  0.015821168864851  0.005933092538338  0.001337727519498  0.004648561313698  0.990342871933025  0.005193777766335  0.004224510794858  0.146807746401707  0.853226098112067  0.893165852352760  0.106801217611217  0.001943671331680  0.489370825198718  0.423079298300145 
59.0    E  0.027110583973502  0.000000000000000  0.437695664847132  0.236186760249302  0.000000000000000  0.004951220789197  0.042600081477578  0.008549169541100  0.030883926609398  0.005310266569948  0.003047833906929  0.082526427563438  0.000000000000000  0.028775803037658  0.009678505451437  0.041897268486885  0.026867390195094  0.004736378199460  0.000000000000000  0.009258537272981  0.950659101229818  0.000000000000000  0.049172652834598  0.000000000000000  0.000000000000000  0.779704842611323  0.220064753390788  0.001923567271280  1.000000000000000  0.478635729097649 
60.0    E  0.071594868623735  0.000000000000000  0.126044056861824  0.210807777562528  0.021094343517543  0.023051429016919  0.010230354867840  0.005941323254848  0.120324305387719  0.016481598704188  0.010650020369395  0.045373696246997  0.000000000000000  0.130942015887475  0.107544078826430  0.058842404033825  0.021687386234619  0.016243428674614  0.000000000000000  0.003107564389668  0.937571096457110  0.000000000000000  0.062630100317477  0.000000000000000  0.000000000000000  1.000000000000000  0.000000000000000  0.001897084952230  1.000000000000000  0.359484133211739 
61.0    Q  0.107917444821801  0.001822330061595  0.082526427563438  0.188547509585822  0.004046807670156  0.047695600280017  0.035280137650192  0.042836962655616  0.042335155546418  0.085911793473252  0.014447863720527  0.076045147414629  0.000000000000000  0.106210624892331  0.058354996557207  0.046359216682535  0.032396909406866  0.015887104270187  0.000000000000000  0.011249463425896  0.999307092990453  0.000000000000000  0.000591227091773  0.000000000000000  0.000000000000000  0.993092495437036  0.006772949714958  0.001903671154085  1.000000000000000  0.269060031195949 
62.0    M  0.065108964313014  0.000000000000000  0.000000000000000  0.003804704173997  0.029831906691866  0.006138066536465  0.002905495629755  0.227194529112130  0.000000000000000  0.408384495555011  0.048799155787962  0.000000000000000  0.001829924700923  0.004752821713414  0.005208197957387  0.014101573866600  0.041177498491692  0.138696184008481  0.000000000000000  0.002168630534431  0.999307092990453  0.000667011844118  0.000000000000000  1.000000000000000  0.000000000000000  0.599569956895556  0.400534938794811  0.001693237428740  0.500000000000000  0.498961359499525 
63.0    G  0.042659178683911  0.003599469477339  0.256316809472148  0.194386508970640  0.004597291942261  0.034458411345904  0.015865095326085  0.014528202228331  0.057312752700292  0.045879707376066  0.014091802787223  0.045594385757505  0.002614951673786  0.080716084393896  0.074894313833714  0.048697786228781  0.033423346496414  0.025137761591935  0.000000000000000  0.005244423838985  0.999307092990453  0.000000000000000  0.000422430024700  0.000000000000000  0.000000000000000  0.000000000000000  1.000000000000000  0.001675723692244  1.000000000000000  0.500000000000000 
64.0    A  0.060959716345478  0.002125473518888  0.081956375888478  0.185694115082604  0.004849326138774  0.066384949155961  0.016220926102235  0.015250496262129  0.084611642440779  0.021285281791258  0.021883692513863  0.078672323344054  0.000000000000000  0.129677492070701  0.090433430366908  0.076309157041821  0.025612643988672  0.026663315566002  0.000000000000000  0.011327709631866  0.999307092990453  0.000534323096319  0.000000000000000  0.302708270987638  0.697371833175203  0.512989072668570  0.487002134271620  0.001637828485236  0.499307333050514  0.500000000000000 
65.0    M  0.014864348067684  0.002421304101443  0.000000000000000  0.000000000000000  0.011525714508460  0.017457611532378  0.000000000000000  0.302079460847486  0.000000000000000  0.421031476804208  0.099787298294581  0.000000000000000  0.000000000000000  0.000000000000000  0.000000000000000  0.014823192424070  0.028775803037658  0.079604842207906  0.000000000000000  0.007442484359718  0.997231251352069  0.001164559445635  0.001662995522947  1.000000000000000  0.000000000000000  0.000000000000000  1.000000000000000  0.001638964134974  0.493800430722686  0.500000000000000 
66.0    G  0.086030975099419  0.009239304689407  0.014538275901610  0.241484082231211  0.015399208389678  0.068440779424598  0.043828101582575  0.017542522219900  0.021883692513863  0.078781461973937  0.007949060094552  0.045342256494818  0.000000000000000  0.051617354058483  0.043980261728919  0.162442382806930  0.029811235954611  0.047861187409199  0.000000000000000  0.013811367672870  1.000000000000000  0.000000000000000  0.000000000000000  0.000000000000000  0.000000000000000  0.000000000000000  1.000000000000000  0.001642375811042  1.000000000000000  0.482968164462423 
67.0    Q  0.105257869201052  0.002257591223740  0.066430979647410  0.085971363633734  0.004782564032813  0.095457343622544  0.023357019509921  0.002292281598206  0.098618355106558  0.012577595900330  0.009049162548396  0.062197482613755  0.002765967652763  0.121497623497669  0.098686735837569  0.142003658098336  0.039091533753540  0.018073252873520  0.000000000000000  0.009658400475945  0.999307092990453  0.000826899719104  0.000000000000000  0.109803808529795  0.890075733252496  0.897510050667261  0.102521613899591  0.001398406973829  0.475000191437443  0.482968164462423 
68.0    R  0.032084048303750  0.002748766358057  0.042896388476716  0.013021143861863  0.002147687791630  0.072896835611779  0.016097718025314  0.060748811748835  0.132677901118724  0.078781461973937  0.045594385757505  0.037111239564794  0.000000000000000  0.063680699788545  0.040978187944239  0.188809073195353  0.108517528450130  0.057751410777926  0.000000000000000  0.003457631892889  0.996540262827868  0.000000000000000  0.003284751622085  0.000000000000000  0.000000000000000  0.000000000000000  1.000000000000000  0.001397438007835  1.000000000000000  0.500000000000000 
69.0    I  0.107246316303586  0.002333967196986  0.000000000000000  0.000000000000000  0.003786288347403  0.007345110957103  0.000000000000000  0.267386771971311  0.000000000000000  0.194791144915125  0.042071877164899  0.000000000000000  0.000000000000000  0.002168630534431  0.000000000000000  0.014967737784730  0.048596627242660  0.307146745111412  0.000000000000000  0.002292281598206  0.999307092990453  0.000000000000000  0.001029386155557  0.000000000000000  0.000000000000000  0.000000000000000  1.000000000000000  0.001398406973829  1.000000000000000  0.481297221550876 
70.0    K  0.082526427563438  0.003944341006237  0.072695002596741  0.039554893561571  0.001456781276066  0.106653262264008  0.016265962463814  0.020053529649420  0.068964608752622  0.053586002289636  0.022250784306204  0.071594868623735  0.000000000000000  0.097801472717064  0.099718154976129  0.123108305361944  0.048093975630027  0.062586703481958  0.003791540897537  0.005347202394890  0.995849753094458  0.003944341006237  0.000000000000000  0.125000000000000  0.874784764905822  0.000000000000000  1.000000000000000  0.001398406973829  0.492774668469685  0.475659138165900 
71.0    A  0.051976381148432  0.000000000000000  0.090183042928852  0.260616440210280  0.007965606898423  0.020277168233425  0.018932385319223  0.016792955825867  0.039037378926668  0.017086491523197  0.034007576302213  0.065380308737033  0.000000000000000  0.080269738061839  0.170518479359919  0.047202268298838  0.047994070928191  0.026006210459735  0.000000000000000  0.005707204603694  1.000000000000000  0.000000000000000  0.000000000000000  0.000000000000000  0.000000000000000  0.000000000000000  1.000000000000000  0.001398406973829  1.000000000000000  0.475659138165900 
72.0    L  0.014751444049223  0.002964490728465  0.002067352333740  0.000000000000000  0.024774504269071  0.005727018582770  0.000000000000000  0.105257869201052  0.000000000000000  0.558643569036110  0.031034140482407  0.006862738033112  0.000000000000000  0.076999879590360  0.000000000000000  0.006515086279883  0.070267432736164  0.078237278665875  0.000000000000000  0.015810206266046  0.998614666101029  0.000000000000000  0.001117894688085  0.000000000000000  0.000000000000000  0.000000000000000  1.000000000000000  0.001398406973829  1.000000000000000  0.475659138165900 
73.0    K  0.041492661199451  0.001814766941896  0.006015915423719  0.056562903930182  0.008367428306183  0.050345268190547  0.101390894447130  0.023243965038039  0.371645746107754  0.032622247731929  0.002707167745411  0.119741902277837  0.000000000000000  0.021507743774855  0.099166730398893  0.031489180012828  0.012098734810207  0.015261070765035  0.000000000000000  0.004376520367946  0.996540262827868  0.003687861012306  0.000000000000000  0.099166730398893  0.900625979847929  0.000000000000000  1.000000000000000  0.001398406973829  0.480963727332387  0.466839972457657 
74.0    S  0.052301640167712  0.001786064627929  0.101954686667376  0.230046912656219  0.003436129202822  0.073760896458513  0.049549008538143  0.007149212250999  0.020617311105826  0.011638105180646  0.009433442120988  0.097869287032068  0.000000000000000  0.168871760566955  0.030819772015417  0.078345813777543  0.041752314949691  0.013754047086924  0.000000000000000  0.006896117158521  0.999307092990453  0.000998465361924  0.000000000000000  1.000000000000000  0.000000000000000  0.421615555125056  0.578344091952644  0.001398406973829  0.500000000000000  0.466839972457657 
75.0    L  0.014258835758491  0.000000000000000  0.002444914958309  0.008419790195654  0.003417127987913  0.001803481075643  0.021108970070869  0.255253031426798  0.009252121967607  0.250520401269908  0.170046356550744  0.032486857349227  0.000000000000000  0.062543336716411  0.020053529649420  0.022312562182579  0.018478609378815  0.098618355106558  0.000000000000000  0.008924580053504  0.995849753094458  0.003944341006237  0.000000000000000  1.000000000000000  0.000000000000000  0.258278596921033  0.741747466920561  0.001396469713244  0.492774668469685  0.482299092292069 
76.0    S  0.222056698960601  0.000000000000000  0.002545209276100  0.000000000000000  0.221902834317374  0.175433965754884  0.000000000000000  0.006528648116577  0.000000000000000  0.020305297850866  0.038499939795180  0.006416489849626  0.000000000000000  0.017349044275447  0.001327566642487  0.142793280856068  0.092461719328052  0.020631606890859  0.013075410041928  0.018568486016515  1.000000000000000  0.000000000000000  0.000000000000000  0.000000000000000  0.000000000000000  0.000000000000000  1.000000000000000  0.001396469713244  1.000000000000000  0.488015880388112 
77.0    L  0.024929538744032  0.001382025547194  0.021255794568843  0.054071043161562  0.005058761714275  0.031163476604752  0.028281451965091  0.096455010941183  0.089995707407168  0.149892489223889  0.037111239564794  0.057154068093744  0.000000000000000  0.130398574191232  0.079825859949712  0.044071811265137  0.055092509869198  0.081956375888478  0.000000000000000  0.011915637916065  1.000000000000000  0.000000000000000  0.000000000000000  0.056641371141708  0.943438250895360  0.000000000000000  1.000000000000000  0.001368679149493  0.497924876547229  0.488015880388112 
78.0    K  0.134623297024131  0.002401247787607  0.272438028053332  0.109803808529795  0.003476858333018  0.030628106729433  0.025737219289612  0.014023594541676  0.023227859131735  0.025347723611783  0.019170077769591  0.061086610400675  0.002595089480657  0.123964591342287  0.038207508677877  0.028955876934074  0.055745532463756  0.023568438698228  0.000000000000000  0.004954653903617  0.998614666101029  0.001524973618374  0.000000000000000  0.104675810938553  0.895025070927972  0.566834706389211  0.432868282759829  0.001368679149493  0.489031736723670  0.488015880388112 
79.0    M  0.042335155546418  0.000000000000000  0.000000000000000  0.002150667183785  0.044718016250716  0.002893437105508  0.012788580962356  0.369078601420708  0.007228940844046  0.205612517178116  0.193579756963305  0.010686994561738  0.000000000000000  0.005041259728327  0.002458510104502  0.011981895778696  0.027223568504446  0.062068280964815  0.000000000000000  0.000000000000000  0.999307092990453  0.000459387747809  0.000000000000000  0.043465061615937  0.956608158091874  0.000000000000000  1.000000000000000  0.001369628174455  0.500000000000000  0.497235084336607 
80.0    G  0.157235621479502  0.003026780980309  0.015975445790780  0.031840349894273  0.007726335284226  0.277969789379277  0.054901904264898  0.005147187311461  0.017493951385222  0.065743861200242  0.015208271471222  0.132861959294819  0.017445515030978  0.042570563582515  0.011808749439971  0.099787298294581  0.024723040662045  0.008765183441644  0.000000000000000  0.009678505451437  0.992404374685819  0.000000000000000  0.007625248131064  0.000000000000000  0.000000000000000  0.000000000000000  1.000000000000000  0.001368679149493  1.000000000000000  0.493458272942921 
81.0    D  0.051688960527704  0.000000000000000  0.145289263439765  0.120825762133122  0.008943157504677  0.053996136712517  0.028795755818709  0.016723260912916  0.038287041622021  0.032195436050627  0.030248344590429  0.093817443594648  0.001351708707082  0.069348092004240  0.051438771579919  0.087474116599700  0.112656307826354  0.055322110286222  0.000000000000000  0.001610807712129  0.999307092990453  0.000000000000000  0.001013105406802  0.000000000000000  0.000000000000000  0.000000000000000  1.000000000000000  0.001391638295067  1.000000000000000  0.453759577658580 
82.0    E  0.014700407929903  0.004635690615846  0.053697547184199  0.421907898065009  0.003001709338453  0.004856053394156  0.003985565075189  0.048697786228781  0.038580081465423  0.167356907122305  0.086269834587289  0.024860515117341  0.000000000000000  0.024929538744032  0.025683755852964  0.016299821773904  0.028955876934074  0.024895003008924  0.000000000000000  0.006619784648017  1.000000000000000  0.000000000000000  0.000000000000000  0.500000000000000  0.500000000000000  0.734075318017052  0.266092545613340  0.001393568853240  0.463936738235641  0.450312989923965 
83.0    I  0.045689295262501  0.001865786985122  0.000000000000000  0.000000000000000  0.004923841373371  0.007360400577381  0.000000000000000  0.210807777562528  0.000000000000000  0.294634851952921  0.009459633468364  0.003654779288404  0.013021143861863  0.007921558435860  0.001765142044436  0.010082519456655  0.014629253866164  0.371130892657262  0.000000000000000  0.003146579261909  0.995159721820083  0.000890559731953  0.004063672916102  1.000000000000000  0.000000000000000  0.262975444800968  0.737134608645551  0.001383942770028  0.488015880388112  0.489370825198718 
84.0    R  0.036549614501623  0.003321383437751  0.163006341907320  0.186338798349865  0.002262290637099  0.035847094507068  0.043919334381460  0.033169475279681  0.107320679554719  0.023699492896476  0.010124538792448  0.050695447223565  0.013175486097658  0.059539874877746  0.083968964107581  0.048227505470592  0.029096713119695  0.057591511637419  0.000000000000000  0.012233660879008  0.991716730738293  0.008537326086726  0.000000000000000  0.414372452243996  0.585605090609405  0.068015152604425  0.931740429304773  0.001395502089591  0.477641468191219  0.475000191437443 
85.0    G  0.047006367230897  0.000000000000000  0.120157616048595  0.264071406337964  0.004552895305213  0.031445556984306  0.017062821027276  0.022749836703111  0.053437636118248  0.031554728049896  0.011210543239115  0.034554082916258  0.013276328111541  0.114864110434881  0.058557590429527  0.095523532547823  0.038848427153248  0.023019495090883  0.000000000000000  0.018123432101647  0.998614666101029  0.001258568975083  0.000000000000000  0.050275523183870  0.950000382874886  0.463615273217731  0.536630143196727  0.001414002121464  0.497924876547229  0.464580337125457 
86.0    S  0.000000000000000  0.000000000000000  0.070511383591032  0.014417851447716  0.000000000000000  0.003016309113640  0.075992455198944  0.002658816633788  0.001694411498344  0.003144398975083  0.002240443406692  0.006215128779335  0.015821168864851  0.717972255311718  0.018893057434896  0.047794883683837  0.013157233650131  0.002355093413459  0.000000000000000  0.003914381269842  0.995159721820083  0.005097480264410  0.000000000000000  0.163006341907320  0.836826242683391  0.225156494961982  0.774855930959171  0.001402289561156  0.458184322337676  0.482633512435878 
87.0    N  0.044718016250716  0.003831167984330  0.051012690384431  0.051617354058483  0.000000000000000  0.253489869947507  0.013888166893228  0.025347723611783  0.030332327180298  0.012132326171891  0.007375722024611  0.271495464080574  0.000000000000000  0.031098741306878  0.081559684230560  0.045468146363586  0.052628934600526  0.023930593704600  0.000000000000000  0.000000000000000  0.990342871933025  0.001030814177381  0.008704637897026  1.000000000000000  0.000000000000000  0.882702996290655  0.117034030929312  0.001402289561156  0.500000000000000  0.471719125447680 
88.0    Q  0.056719947207323  0.000000000000000  0.086629367853151  0.300617312224544  0.006049367405103  0.037240080455439  0.016424576704495  0.019559319666469  0.089808761034004  0.009772883438385  0.004406961474439  0.032195436050627  0.021255794568843  0.057074890625749  0.079329430376238  0.052519609514580  0.083852639055141  0.041177498491692  0.002125473518888  0.003273387244797  0.992404374685819  0.004951220789197  0.002501484104160  0.940826107513788  0.059169601952295  0.806082831492968  0.194117218750260  0.001391638295067  0.404721108273704  0.463936738235641 
89.0    T  0.023699492896476  0.002461920686686  0.029258507732328  0.009492474936758  0.010753871887427  0.006434304822403  0.011430243911753  0.097058609375130  0.055706905993561  0.233096621609208  0.181872585454345  0.019942637012952  0.006675076100701  0.102025380768863  0.022860487823505  0.018376425785796  0.074686950303549  0.079109787123142  0.000000000000000  0.015250496262129  0.998614666101029  0.000000000000000  0.001628771569971  0.000000000000000  0.000000000000000  0.130398574191232  0.869344560090022  0.001389710411362  1.000000000000000  0.475000191437443 
90.0    I  0.018211581220852  0.000000000000000  0.000000000000000  0.000000000000000  0.008531410513638  0.000000000000000  0.014508075817293  0.264437740904607  0.000000000000000  0.525586454543853  0.034722147770472  0.007949060094552  0.011565728890625  0.000000000000000  0.000000000000000  0.002722221169311  0.010423618513108  0.101250434204006  0.000000000000000  0.000000000000000  1.000000000000000  0.000000000000000  0.000000000000000  0.333324669272800  0.666649338545599  0.839149637106542  0.161096828810627  0.001384902378593  0.500000000000000  0.474013482564323 
91.0    D  0.018827692421794  0.000000000000000  0.482968164462423  0.112344390826379  0.002448306680548  0.037136972033029  0.006099894473495  0.008280881120291  0.045373696246997  0.008257953441886  0.006142322594846  0.073353011142585  0.013021143861863  0.061128967090459  0.024147204676500  0.056838015737546  0.024723040662045  0.016968466505036  0.000000000000000  0.002024806837929  0.995159721820083  0.000000000000000  0.004872912390289  0.500000000000000  0.500000000000000  1.000000000000000  0.000000000000000  0.001382025547194  0.499307333050514  0.499307333050514 
92.0    Q  0.042130241616783  0.002960383918966  0.140048651774272  0.096254646779509  0.002074529661124  0.050345268190547  0.027872766231878  0.014082038478294  0.074842419038683  0.016086563803656  0.011002689272751  0.112266546610492  0.004018854327709  0.059292769696278  0.204333832122071  0.089003137224817  0.026886019706607  0.022592692102277  0.001738429166509  0.002149176971418  1.000000000000000  0.000000000000000  0.000000000000000  0.000000000000000  0.000000000000000  1.000000000000000  0.000000000000000  0.001373430859290  1.000000000000000  0.460732093099352 
93.0    L  0.055245470691479  0.002771725305079  0.000000000000000  0.000000000000000  0.016909760070714  0.000000000000000  0.013012121420009  0.366021423986406  0.000000000000000  0.212274061611710  0.095259051896236  0.002962436612059  0.005020337255740  0.001926235750964  0.000000000000000  0.042659178683911  0.065018766657624  0.114466710802266  0.000000000000000  0.006537705020964  1.000000000000000  0.000000000000000  0.000000000000000  0.000000000000000  0.000000000000000  0.000000000000000  0.000000000000000  0.001383942770028  1.000000000000000  1.000000000000000 
94.0    G  0.035847094507068  0.001748095841656  0.210515738402104  0.264071406337964  0.003155315537538  0.065289735179014  0.026369243629063  0.014761672515581  0.011833330592789  0.018453010334836  0.008275143239718  0.091950421615984  0.013012121420009  0.070560275300383  0.028105572254617  0.061896429495814  0.053215856734309  0.016723260912916  0.000000000000000  0.004215735298845  0.991716730738293  0.007304493732433  0.000849557961630  0.434070113800521  0.566049451055337  0.000000000000000  0.000000000000000  0.001383942770028  0.482968164462423  1.000000000000000 
95.0    D  0.061853541025950  0.003744529056613  0.167240944348264  0.127449710374774  0.014629253866164  0.054183597719668  0.025577161924713  0.015420571029466  0.060664654360597  0.025068161448515  0.009868181733170  0.103163176064082  0.006241030597259  0.059457392270737  0.054901904264898  0.060078808024298  0.069782060123911  0.017591227908387  0.002107867649423  0.061001985048514  0.997922718999051  0.002419626362859  0.000000000000000  0.199990032083188  0.799960128332753  0.000000000000000  1.000000000000000  0.001382025547194  0.491751037013124  0.500000000000000 
96.0    T  0.035847094507068  0.000000000000000  0.148547888132117  0.036931610841699  0.005924873224119  0.052775055463986  0.039940605100095  0.006910472151028  0.126131454230585  0.029894004940371  0.013975076590353  0.242995246995338  0.003414760235978  0.064973714698455  0.052592467642836  0.050101583087462  0.062803988776487  0.015166163590149  0.000000000000000  0.011156281091290  0.995849753094458  0.001295747207614  0.002605904628277  0.141806935616994  0.857970530428691  1.000000000000000  0.000000000000000  0.001382025547194  0.496202187342909  0.500000000000000 
97.0    F  0.126394010106413  0.002974782694733  0.000000000000000  0.000000000000000  0.112734422297781  0.008116086744513  0.000000000000000  0.101742898133804  0.000000000000000  0.121750533567905  0.119244943818445  0.000000000000000  0.004792519442398  0.001821067356322  0.000000000000000  0.009598335784732  0.074376981019167  0.309068815230238  0.002422983003350  0.004896613361096  0.997231251352069  0.002905495629755  0.000000000000000  1.000000000000000  0.000000000000000  0.000000000000000  1.000000000000000  0.001386823592328  0.496546247718518  0.495514781632040 
98.0    H  0.060329189054485  0.002604098978694  0.331251754261302  0.222673225151670  0.003692977018558  0.037969899747032  0.018023212579063  0.011010318399547  0.017812082385835  0.025880333166705  0.023699492896476  0.036121459579837  0.009005362084366  0.037395280100960  0.020617311105826  0.054071043161562  0.047136877396456  0.020617311105826  0.000000000000000  0.020277168233425  0.999307092990453  0.000658285025262  0.000000000000000  0.316439148492570  0.683493725970905  1.000000000000000  0.000000000000000  0.001388747471277  0.499653546495226  0.495514781632040 
99.0    N  0.053996136712517  0.004046807670156  0.067639040282857  0.069012427947693  0.001467931130923  0.048428495684948  0.039830019603727  0.021477948368313  0.113125807860363  0.017640068825096  0.005539609514373  0.114228931278675  0.006537705020964  0.080047491333111  0.130488990927715  0.125869443757090  0.062370169937441  0.030081076346930  0.000000000000000  0.008235089244459  0.993781093322555  0.005605271619557  0.000668400299361  0.226408495754456  0.773782496771195  0.000000000000000  0.000000000000000  0.001384902378593  0.482299092292069  1.000000000000000 
100.0    T  0.254546299941155  0.002899460098885  0.006542238183660  0.018440224114628  0.010753871887427  0.019722688001752  0.015463385256488  0.025365299405540  0.002518883302062  0.054033576956742  0.014741222670240  0.081277509159280  0.005730989625654  0.005111633091621  0.000000000000000  0.098209064583448  0.254193668322989  0.124136561929630  0.000000000000000  0.006280085865181  0.996540262827868  0.003486511607316  0.000000000000000  0.151249261152412  0.848507901705896  0.000000000000000  1.000000000000000  0.001385862652539  0.492774668469685  0.500000000000000 
101.0    S  0.094273754792911  0.001385862652539  0.108067153913483  0.074635199192162  0.013984766733250  0.074376981019167  0.037136972033029  0.013276328111541  0.039527485698561  0.059169601952295  0.013166356710987  0.061341191490842  0.000000000000000  0.097463105326415  0.083504629899381  0.087474116599700  0.087111077417967  0.037838533873455  0.000000000000000  0.016209686508838  0.997231251352069  0.001229255052251  0.001823593642413  0.250000000000000  0.750019494642909  0.000000000000000  1.000000000000000  0.001390674019138  0.500000000000000  0.500000000000000 
102.0    V  0.092847057541302  0.002901470548166  0.105184935285673  0.098892162648181  0.018060729789919  0.110032376695394  0.016367751985934  0.032217759962337  0.032396909406866  0.041665583659100  0.019090517213648  0.097260647069427  0.000000000000000  0.036752851571593  0.042836962655616  0.114308136187488  0.071843428002167  0.059333882559407  0.001430762572863  0.006497047643554  0.988285651500733  0.010941846256931  0.000852507413217  0.333324669272800  0.666649338545599  0.652025367629280  0.348202870167259  0.001389710411362  0.470739232270603  0.496202187342909 
103.0    K  0.033492920704259  0.002739256348911  0.059746582349609  0.035574813408590  0.039172906888772  0.034770316268276  0.041926319527571  0.015377875344278  0.119658932274412  0.049343367918785  0.016390458243359  0.133971682817037  0.002173144766767  0.047464740306704  0.159209684415812  0.070609200910633  0.062111318332660  0.014338123161115  0.001880067271683  0.060037178997092  1.000000000000000  0.000000000000000  0.000000000000000  0.000000000000000  0.000000000000000  0.000000000000000  1.000000000000000  0.001388747471277  1.000000000000000  0.498615625676035 
104.0    L  0.017469716421342  0.013102627881890  0.000000000000000  0.001962624649265  0.017506081471784  0.000000000000000  0.000000000000000  0.166431451654546  0.000000000000000  0.371903440608626  0.084085450532614  0.002536403520957  0.003734161396851  0.003148761060519  0.002001087544986  0.009950605275988  0.066384949155961  0.230046912656219  0.006542238183660  0.003319082027885  0.993092495437036  0.006546774489593  0.000479560349250  0.317097849831467  0.683020128377198  0.000000000000000  1.000000000000000  0.001388747471277  0.483303048532487  0.498615625676035 
105.0    K  0.033679160782615  0.000000000000000  0.098618355106558  0.128960397412670  0.012922240131926  0.112734422297781  0.022749836703111  0.009232902710425  0.164709993966768  0.007604135735611  0.003708367659963  0.062934721878545  0.001797241505127  0.077912574642194  0.119079749755492  0.086269834587289  0.031730190652170  0.021838233935173  0.000000000000000  0.003498615898792  1.000000000000000  0.000000000000000  0.000000000000000  0.000000000000000  0.000000000000000  0.000000000000000  1.000000000000000  0.001384902378593  1.000000000000000  0.495171435966512 
106.0    R  0.071149626817180  0.002424663069387  0.049617745683228  0.065154110052570  0.012797448404060  0.109348095613228  0.016573245958878  0.028066636652623  0.133046272806670  0.020277168233425  0.016254691664406  0.073760896458513  0.017445515030978  0.064928693956104  0.134436798807172  0.072142838594802  0.061810682273808  0.046038990181765  0.000000000000000  0.004746237468379  0.998614666101029  0.001231813875812  0.000000000000000  0.333324669272800  0.666649338545599  0.310787417225985  0.689202576487815  0.001384902378593  0.500000000000000  0.495171435966512 
107.0    T  0.278934830581241  0.000000000000000  0.004058043372257  0.057591511637419  0.002081731906383  0.187764990867616  0.003075421783473  0.012904338514621  0.001898400367151  0.020151066416498  0.003356096699012  0.044904380517002  0.003166269999552  0.040610595701733  0.003223849252003  0.109272327551297  0.151039730423743  0.073812041339346  0.000000000000000  0.002259156609190  0.992404374685819  0.006628967982077  0.000977239636194  0.258099633870810  0.741747466920561  1.000000000000000  0.000000000000000  0.001382025547194  0.471719125447680  0.497924876547229 
108.0    F  0.048529304687565  0.018465805420849  0.022066475068512  0.027261334555336  0.019183370061173  0.030227385300435  0.026663315566002  0.029137077701151  0.047267749915124  0.058638824781292  0.080158537672641  0.183391668020915  0.000000000000000  0.048394939240826  0.092847057541302  0.082812938565325  0.112812590932804  0.057791454882106  0.001867080698425  0.012456132445946  0.995159721820083  0.000000000000000  0.005041259728327  0.000000000000000  0.000000000000000  0.000000000000000  1.000000000000000  0.001388747471277  1.000000000000000  0.493800430722686 
109.0    G  0.052701944390632  0.000000000000000  0.052483218309009  0.109045338221345  0.002905495629755  0.071001829049168  0.011335564123705  0.016816251949747  0.194117218750260  0.019130256131253  0.008303872455926  0.090999346812443  0.001902352086999  0.092654188112677  0.125260200634954  0.051976381148432  0.047828024056958  0.049138580758771  0.000000000000000  0.002513650873635  0.999307092990453  0.000000000000000  0.000859627942933  0.000000000000000  0.000000000000000  0.444113397921202  0.555939578758553  0.001406182928237  1.000000000000000  0.480963727332387 
110.0    N  0.015292838287460  0.005226279510883  0.041955390711883  0.133046272806670  0.001938289794308  0.008240799352094  0.041234622211653  0.016299821773904  0.155933196489256  0.027737854289672  0.006202218210404  0.041006601705999  0.000000000000000  0.116386852478779  0.280680355518402  0.033446521825832  0.048664043191354  0.016781319869064  0.000000000000000  0.009875024206663  0.997231251352069  0.001224153340274  0.001203123118599  0.594603557501361  0.405282559942655  0.815072332402625  0.184667257947820  0.001408133663535  0.498961359499525  0.488354264481114 
111.0    M  0.047861187409199  0.000000000000000  0.001847768841261  0.001891832400833  0.033913417871306  0.004449935067274  0.000000000000000  0.141512362763834  0.000000000000000  0.481630947010074  0.113991645689971  0.005104551773020  0.000000000000000  0.003936147501604  0.002203480737220  0.002091857076546  0.039254449410735  0.120491225967580  0.000000000000000  0.000000000000000  0.997231251352069  0.001378199065829  0.001415963703983  0.707597080163328  0.292599660368647  0.404721108273704  0.595015848153338  0.001416945515463  0.497235084336607  0.497235084336607 
112.0    M  0.076150641479699  0.000000000000000  0.052701944390632  0.098345305669196  0.002664351239999  0.067032288551121  0.018632951130166  0.029543816148461  0.199298119135134  0.045720975647010  0.017157700215423  0.057671405790862  0.001618642391578  0.057432055217441  0.113125807860363  0.062111318332660  0.047497651762547  0.047761766273911  0.002074529661124  0.003601965304346  0.995159721820083  0.000000000000000  0.004775938584735  0.000000000000000  0.000000000000000  0.000000000000000  1.000000000000000  0.001418911181222  1.000000000000000  0.495171435966512 
113.0    E  0.026096497482137  0.000000000000000  0.033819520141429  0.074531804520664  0.005248060256724  0.037577164028068  0.015377875344278  0.022749836703111  0.272438028053332  0.020263118041422  0.024569290379385  0.040779842115280  0.000000000000000  0.061383724703962  0.182251172352072  0.040526236082844  0.055475708579344  0.050555084272609  0.009226505167418  0.027148193285957  1.000000000000000  0.000000000000000  0.000000000000000  0.587230985606827  0.412938832467860  0.174222154835934  0.825877664935720  0.001447721689261  0.497235084336607  0.464902471306581 
114.0    M  0.285586561712136  0.006528648116577  0.000000000000000  0.013489680602725  0.063065727115293  0.008195229121679  0.041868237575870  0.115663053504732  0.010806176789148  0.164253953393671  0.108217070689957  0.003705798106017  0.001596358063454  0.009732323559137  0.007894151925678  0.016277241078253  0.025225033578274  0.090621677054928  0.000000000000000  0.027318081887824  0.988285651500733  0.006284440397984  0.005766853147199  0.190650206657036  0.809442216547408  0.131214585452883  0.868742185150623  0.001443713311791  0.477310507069858  0.471719125447680 
115.0    A  0.115262889739079  0.000000000000000  0.020919613390288  0.071001829049168  0.032217759962337  0.033539383949795  0.008361630456458  0.086930123231874  0.047398985792951  0.154748786354681  0.039172906888772  0.042159454198116  0.002694064300443  0.019532223477894  0.065743861200242  0.100411749594629  0.042629619839980  0.073454770526236  0.005516618767128  0.038393343138927  0.980099415341871  0.019249969897590  0.000458115818604  0.253489869947507  0.746389191648477  0.248101093671455  0.752101875694344  0.001402289561156  0.428094142273228  0.434672280045011 
116.0    R  0.049104532291724  0.005055256462824  0.042570563582515  0.121497623497669  0.006867496569623  0.039227249727583  0.016527358806538  0.015409886007709  0.188939991039528  0.009759344731667  0.009407323290870  0.050032175666019  0.009479324689443  0.102948877158447  0.214492632607173  0.041607862913637  0.034987902770445  0.020011872833278  0.013452331067795  0.008626553493462  0.924022572446823  0.042482132559586  0.033516144275561  0.506979739895015  0.493116352246680  0.360482217865056  0.639492790638714  0.001340512139897  0.358737383651676  0.448755025333631 
117.0    R  0.022514527325593  0.002290693260219  0.017603425445270  0.023699492896476  0.005118724233822  0.029217974929733  0.043254678626609  0.007530701622974  0.193311584363829  0.017960857000542  0.035996488823417  0.045847917005229  0.000000000000000  0.063284675459406  0.193311584363829  0.099098017076286  0.065063849855257  0.009752582413294  0.013405789537948  0.111800612722826  0.953959550547558  0.025506345192216  0.020249077584896  0.585199320737295  0.414659772907221  0.554016173932463  0.445964259710046  0.001451741195733  0.410940093647425  0.363745170908689 
118.0    S  0.154641559835897  0.007319698803691  0.023831275832129  0.013139006488339  0.008668511500530  0.068916822691807  0.017373111836205  0.030395467106634  0.090684512989636  0.021167577773209  0.055322110286222  0.054978067245152  0.006824788249349  0.155609279422771  0.040526236082844  0.123108305361944  0.075206439124969  0.033238521027912  0.000000000000000  0.019050860844942  0.733058378594605  0.183773417048630  0.082927821287323  0.562919293068381  0.437089310205187  0.056055509978876  0.944092419150250  0.001362998793088  0.154963462492373  0.389852421305662 
119.0    G  0.077053270341488  0.000000000000000  0.015420571029466  0.023831275832129  0.011025592526630  0.183773417048630  0.013975076590353  0.008235089244459  0.164253953393671  0.010272990314102  0.003086098874466  0.045405157799105  0.000000000000000  0.050450067156548  0.133230842008493  0.168404197108211  0.063680699788545  0.005051753640185  0.003064781632409  0.019668080836013  0.925304428037852  0.039500096826650  0.035109371969739  0.396392068305142  0.603740295743248  0.835666958921854  0.164367845025634  0.001399376611692  0.356506429341035  0.167009259798762 
120.0    I  0.016390458243359  0.024063661694877  0.079439480581604  0.050765774772265  0.007774685326719  0.066661611301985  0.010308655552913  0.030395467106634  0.133693385985656  0.018607138271328  0.013592927386073  0.087595465567547  0.011841535675862  0.044563303667629  0.131123665946868  0.149063609041329  0.060120465916548  0.034315400430845  0.016944959513173  0.012824087637664  0.819036697859828  0.076999879590360  0.104024841838941  0.819036697859828  0.180992271547445  0.613017430026578  0.386891248385597  0.001276137943255  0.328735690051268  0.347961597957775 
121.0    S  0.024791682599723  0.008980428500271  0.033008925792246  0.003991094073103  0.011102281587354  0.121077273653328  0.013859317268002  0.012056876367648  0.260435857252055  0.002724108723341  0.005255340658288  0.164595865257405  0.005482311429840  0.017217267435572  0.118832387653727  0.115103212150630  0.046262915562502  0.009017854824350  0.004546588025008  0.021838233935173  0.977385766410805  0.019037660369925  0.003351447384487  0.811689580977279  0.188416863694798  0.306721244313451  0.693034942825207  0.001290369536776  0.444113397921202  0.222210670291643 
122.0    I  0.016333751565706  0.104169150894902  0.003999401954799  0.000000000000000  0.045154074935110  0.040470093714201  0.030269318413332  0.037265902260332  0.105184935285673  0.059128602920350  0.012123919598045  0.014874654820274  0.015592542484360  0.020660228205353  0.153893051668115  0.013564691056266  0.018932385319223  0.033609199701793  0.242658617442387  0.032262454233851  0.995849753094458  0.004361378757744  0.000000000000000  0.219759890227947  0.780245480173703  0.857970530428691  0.142102121654502  0.001268201760478  0.494485458190466  0.279321784518055 
123.0    K  0.030018589498546  0.034339194299277  0.000000000000000  0.003175060945251  0.018697640050480  0.040921419471361  0.012301687133894  0.128247268167143  0.182504001331815  0.082297932628703  0.058193426239389  0.014538275901610  0.012482061194518  0.027450952132449  0.125782227937223  0.057631444869539  0.033702513490452  0.043254678626609  0.081052472165688  0.013517760790390  0.976708528962227  0.021006796783635  0.002541683311410  0.750019494642909  0.249826773247613  0.197100043514070  0.802737388715953  0.001284123789263  0.438910898804760  0.462331639056850 
124.0    T  0.032128557083002  0.165396429988515  0.008355836624103  0.000000000000000  0.057392260143808  0.015592542484360  0.008850655353873  0.068440779424598  0.014720801154763  0.234230361718106  0.122767449407924  0.017421347167620  0.004999501616579  0.015250496262129  0.024030325488598  0.024535253708549  0.057671405790862  0.082183922512817  0.012352954946937  0.033749267494778  0.954621014139717  0.022143084320441  0.023195680791079  0.388773017941279  0.611320138846034  0.408101523075451  0.591725510876286  0.001311105959746  0.446582926176380  0.461371246326899 
125.0    W  0.027374947345848  0.070511383591032  0.003754925501519  0.000000000000000  0.054033576956742  0.021807980689409  0.017253106986923  0.141316320890574  0.008513688376667  0.089064850884299  0.088818252698835  0.004581386520437  0.000000000000000  0.003839142963067  0.009329399899020  0.012691443693066  0.032963197408377  0.047761766273911  0.260255399421028  0.106284270008024  0.976031760776225  0.010089510549237  0.014150530984653  0.431071772508798  0.568802613936252  0.608361179317034  0.391477148128271  0.001337727519498  0.478304079045937  0.418993567333974 
126.0    L  0.084553014440642  0.177759676323409  0.003831167984330  0.000000000000000  0.042130241616783  0.057591511637419  0.000000000000000  0.154963462492373  0.000000000000000  0.251041885809743  0.032374461361251  0.000000000000000  0.002305028014329  0.006924857024960  0.001902352086999  0.023083407243478  0.071843428002167  0.073099229003247  0.010145614083827  0.006354524985407  0.925304428037852  0.016827912128016  0.058032303269171  0.382889499273596  0.617281303446769  0.254017535748425  0.745872013345733  0.001345166060921  0.460093825312437  0.433769343576034 
127.0    I  0.050240686921447  0.015679246070461  0.002075968113982  0.000000000000000  0.020137103601328  0.057154068093744  0.000000000000000  0.380772184925815  0.049411819787746  0.151669195031087  0.024843289092155  0.000000000000000  0.000000000000000  0.006615197752832  0.011792390379067  0.009558500321343  0.030185510278901  0.119658932274412  0.004622855553721  0.065425642623411  0.946057646725596  0.031445556984306  0.022219959540426  0.623732785957023  0.376311686852767  0.853226098112067  0.146909541052471  0.001419895036446  0.432568345292494  0.213454428597811 
128.0    I  0.067218399403586  0.029116888415774  0.000000000000000  0.000000000000000  0.094995303525095  0.038606832410217  0.000000000000000  0.263522855822684  0.005448217446681  0.226408495754456  0.069830446129514  0.000000000000000  0.002861525145725  0.002812365856474  0.004137571619859  0.021418481327808  0.021807980689409  0.144485838319350  0.000000000000000  0.007193950759414  0.984866442895551  0.014121136355486  0.001044479578013  0.476979775273779  0.523042469896265  0.691116103264291  0.308640651723385  0.001381067932005  0.470739232270603  0.403600537252382 
129.0    F  0.073760896458513  0.026314467300263  0.000000000000000  0.000000000000000  0.221749076288037  0.049893649147291  0.003377098559796  0.194656172765415  0.000000000000000  0.165511113799425  0.031185084968720  0.000000000000000  0.000000000000000  0.000000000000000  0.000000000000000  0.020179021098474  0.041636713284126  0.163799175482295  0.002343694106198  0.005531935305526  0.960594863953477  0.009105790610426  0.030311309698179  0.538120062391899  0.462011286223412  0.763129604480280  0.236842517649817  0.001423837284001  0.454704125900367  0.468460723436213 
130.0    F  0.093169399174933  0.028497911422493  0.005715121955876  0.005097480264410  0.053178983094159  0.092782723164316  0.003692977018558  0.108969779942133  0.000000000000000  0.411795508633787  0.019410754402882  0.000000000000000  0.000000000000000  0.000000000000000  0.000000000000000  0.021853376292788  0.019024469041609  0.131032809439616  0.000000000000000  0.005766853147199  0.965267024871757  0.018866884241977  0.016097718025314  0.438910898804760  0.560971740265242  0.531447837179277  0.468460723436213  0.001477117184848  0.464580337125457  0.415235012045447 
131.0    M  0.072443496994028  0.018866884241977  0.003179465566681  0.004166350706374  0.140437487878956  0.022112408755104  0.000000000000000  0.218090676442690  0.002155144023519  0.244346441602701  0.024808872841614  0.002369831172361  0.000000000000000  0.002224967533637  0.000000000000000  0.045531222309313  0.031315050158739  0.165511113799425  0.000000000000000  0.002414600118986  0.955945317593742  0.029625842660270  0.014659706195323  0.366783336041831  0.633317126861609  0.854409740889733  0.145692649766820  0.001562422125650  0.442883759551180  0.421323414751576 
132.0    V  0.082013203411998  0.030416542942445  0.000000000000000  0.000000000000000  0.061725053840336  0.029400815859806  0.000000000000000  0.196554323035083  0.000000000000000  0.106137030805855  0.016254691664406  0.000000000000000  0.000000000000000  0.000000000000000  0.005006437203751  0.029441602309525  0.016390458243359  0.416676603579609  0.010117523428550  0.000000000000000  0.995849753094458  0.004010506037969  0.000000000000000  0.142892291926755  0.857376036634172  0.753145233316906  0.246900215361343  0.001653799438208  0.490389501994276  0.453445164466571 
133.0    G  0.067451764781527  0.048127323389754  0.000000000000000  0.000000000000000  0.085911793473252  0.039774841727373  0.000000000000000  0.209061599978516  0.000000000000000  0.233743799437864  0.044842172956459  0.000000000000000  0.000000000000000  0.000000000000000  0.000000000000000  0.018762553554456  0.020717590004667  0.229092161168838  0.002649617827046  0.000000000000000  0.983502074026248  0.015335297872711  0.001179180265124  0.447512535463986  0.552482242399956  0.511568734867216  0.488354264481114  0.001742047889492  0.478635729097649  0.491410299272626 
134.0    V  0.094208431847399  0.007932547663042  0.000000000000000  0.002252901572383  0.080828058242968  0.049928244778072  0.000000000000000  0.165970644797805  0.004248001526777  0.322640622612945  0.040978187944239  0.000000000000000  0.000000000000000  0.000000000000000  0.000000000000000  0.008303872455926  0.032599643547808  0.179991414814336  0.010047636589302  0.000000000000000  0.988285651500733  0.011899130778932  0.000000000000000  0.500000000000000  0.500000000000000  0.741747466920561  0.258099633870810  0.001904991135796  0.480630464194381  0.479964630519454 
135.0    L  0.054711958105891  0.032758202359904  0.000000000000000  0.000000000000000  0.055360469943898  0.014417851447716  0.000000000000000  0.333555792419442  0.005273585879386  0.195602945434128  0.022498926851792  0.000000000000000  0.000000000000000  0.000000000000000  0.000000000000000  0.010152648925433  0.024705909893873  0.230366046549676  0.011589804170634  0.009118422670457  0.993781093322555  0.003690418128895  0.002760221960708  0.254722799154181  0.745355193399460  0.000000000000000  1.000000000000000  0.001950419269729  0.495514781632040  0.497924876547229 
136.0    F  0.021627339313304  0.011156281091290  0.007731692628244  0.000000000000000  0.515841589650680  0.019183370061173  0.000000000000000  0.147419574032652  0.003749723675933  0.120993378361717  0.010394758133443  0.000000000000000  0.000000000000000  0.000000000000000  0.004007727130223  0.011597840395539  0.005266280202098  0.107992273425035  0.000000000000000  0.013012121420009  0.988285651500733  0.007094909513449  0.004829200237972  0.394200087028139  0.605836330215122  0.589269703905841  0.410655350376033  0.002016403389616  0.489031736723670  0.489031736723670 
137.0    F  0.053586002289636  0.001965347311519  0.000000000000000  0.003030979899511  0.225625181865607  0.003287029227677  0.002147687791630  0.156800275565124  0.006293158523818  0.365514362100008  0.033169475279681  0.005215423059750  0.000000000000000  0.002337205006310  0.000000000000000  0.006647372886770  0.023035456520173  0.093104841445169  0.007259067767585  0.010881339692727  1.000000000000000  0.000000000000000  0.000000000000000  1.000000000000000  0.000000000000000  0.725476103917089  0.274713554394220  0.002068785809929  0.487677730763821  0.481297221550876 
138.0    W  0.036676505571292  0.007883215889412  0.000000000000000  0.000000000000000  0.048934643516034  0.033492920704259  0.006306258394568  0.245024853835468  0.003012130518375  0.207905524593727  0.027073026762503  0.014782150730087  0.007877753553864  0.003547454756725  0.010373165299863  0.032963197408377  0.018440224114628  0.180616299740441  0.040582456335309  0.074376981019167  0.994470168673214  0.000000000000000  0.005310266569948  0.199990032083188  0.799960128332753  0.000000000000000  1.000000000000000  0.002077407564245  0.500000000000000  0.497924876547229 
139.0    V  0.023260082111977  0.006470083291676  0.000000000000000  0.002893437105508  0.053846634982001  0.024063661694877  0.002824086512785  0.269807059126107  0.003086098874466  0.192910021882367  0.113125807860363  0.003058415219752  0.000000000000000  0.000000000000000  0.008912216530222  0.012438876543418  0.034602018265134  0.248789930455021  0.000000000000000  0.000000000000000  0.997231251352069  0.000000000000000  0.002624030128362  0.000000000000000  0.000000000000000  0.385018587118036  0.615145672375572  0.002185228712960  1.000000000000000  0.489710148793463 
140.0    W  0.009213723377041  0.003060535886521  0.000000000000000  0.003596975379707  0.133878852898932  0.004298353942836  0.004066490615954  0.115582909764212  0.000000000000000  0.086509357253217  0.008373230176065  0.006782345528133  0.000000000000000  0.000000000000000  0.011461979251307  0.000000000000000  0.008555097428075  0.113754853010112  0.172539669174579  0.318419368831625  1.000000000000000  0.000000000000000  0.000000000000000  0.000000000000000  0.000000000000000  0.138984894689638  0.860949188338904  0.002363269705506  1.000000000000000  0.484644908467533 
141.0    I  0.034842694335241  0.004872912390289  0.000000000000000  0.008269409334962  0.134716643130459  0.016630784100834  0.003621994322014  0.123878695408010  0.027280237222930  0.276432663330067  0.031928752584822  0.007279222103944  0.000000000000000  0.000000000000000  0.010054603494541  0.057911753868148  0.010138584116712  0.161096828810627  0.022143084320441  0.068916822691807  1.000000000000000  0.000000000000000  0.000000000000000  0.062500000000000  0.937571096457110  1.000000000000000  0.000000000000000  0.002591494415229  0.497924876547229  0.487339815445774 
142.0    T  0.000000000000000  0.008275143239718  0.000000000000000  0.000000000000000  0.557483109363849  0.006628967982077  0.000000000000000  0.046908721797324  0.000000000000000  0.168170901065228  0.031467360939272  0.000000000000000  0.000000000000000  0.000000000000000  0.042659178683911  0.042130241616783  0.039500096826650  0.045216715183454  0.000000000000000  0.011621982519020  1.000000000000000  0.000000000000000  0.000000000000000  1.000000000000000  0.000000000000000  0.000000000000000  0.000000000000000  0.007345110957103  1.000000000000000  1.000000000000000 
