No:  residues  hmm_col_1  hmm_col_2  hmm_col_3  hmm_col_4  hmm_col_5  hmm_col_6  hmm_col_7  hmm_col_8  hmm_col_9  hmm_col_10  hmm_col_11  hmm_col_12  hmm_col_13  hmm_col_14  hmm_col_15  hmm_col_16  hmm_col_17  hmm_col_18  hmm_col_19  hmm_col_20  hmm_col_21   hmm_col_22   hmm_col_23   hmm_col_24   hmm_col_25   hmm_col_26   hmm_col_27   hmm_col_28   hmm_col_29   hmm_col_30   
1.0    N  0.000000000000000  0.000000000000000  0.028517671516983  0.000000000000000  0.000000000000000  0.000000000000000  0.000000000000000  0.000000000000000  0.000000000000000  0.000000000000000  0.000000000000000  0.932386486436833  0.000000000000000  0.000000000000000  0.000000000000000  0.000000000000000  0.038794609110191  0.000000000000000  0.000000000000000  0.000000000000000  1.000000000000000  0.000000000000000  0.000000000000000  0.000000000000000  0.000000000000000  0.000000000000000  0.000000000000000  0.113439894414645  1.000000000000000  1.000000000000000 
2.0    L  0.000000000000000  0.000000000000000  0.000000000000000  0.021255794568843  0.082698214994258  0.000000000000000  0.030374405874417  0.000000000000000  0.000000000000000  0.644834125327943  0.000000000000000  0.000000000000000  0.050836199883258  0.025594896808120  0.034866853822655  0.109499789383391  0.000000000000000  0.000000000000000  0.000000000000000  0.000000000000000  1.000000000000000  0.000000000000000  0.000000000000000  0.000000000000000  0.000000000000000  0.000000000000000  0.000000000000000  0.078183067507079  1.000000000000000  1.000000000000000 
3.0    S  0.046941247716904  0.034770316268276  0.000000000000000  0.000000000000000  0.177021929776818  0.000000000000000  0.000000000000000  0.000000000000000  0.000000000000000  0.158548924915733  0.000000000000000  0.000000000000000  0.000000000000000  0.000000000000000  0.000000000000000  0.582770599067280  0.000000000000000  0.000000000000000  0.000000000000000  0.000000000000000  0.978741650397436  0.021167577773209  0.000000000000000  1.000000000000000  0.000000000000000  0.000000000000000  0.000000000000000  0.076045147414629  0.493800430722686  1.000000000000000 
4.0    V  0.000000000000000  0.179742066605870  0.000000000000000  0.000000000000000  0.023503183615448  0.000000000000000  0.066893043651664  0.000000000000000  0.000000000000000  0.000000000000000  0.000000000000000  0.052265399994629  0.000000000000000  0.000000000000000  0.012779719664965  0.017960857000542  0.094077921713192  0.552865326660134  0.000000000000000  0.000000000000000  1.000000000000000  0.000000000000000  0.000000000000000  0.000000000000000  0.000000000000000  0.000000000000000  0.000000000000000  0.061128967090459  1.000000000000000  1.000000000000000 
5.0    P  0.026848773592100  0.000000000000000  0.000000000000000  0.000000000000000  0.050101583087462  0.000000000000000  0.000000000000000  0.000000000000000  0.000000000000000  0.060454770600871  0.000000000000000  0.000000000000000  0.500346693731290  0.084377374070172  0.000000000000000  0.203344799533031  0.037681494615336  0.037059828106592  0.000000000000000  0.000000000000000  1.000000000000000  0.000000000000000  0.000000000000000  0.000000000000000  0.000000000000000  0.000000000000000  0.000000000000000  0.061128967090459  1.000000000000000  1.000000000000000 
6.0    N  0.000000000000000  0.000000000000000  0.000000000000000  0.000000000000000  0.029258507732328  0.000000000000000  0.048630323534714  0.024808872841614  0.000000000000000  0.000000000000000  0.000000000000000  0.546388869550476  0.040302132832996  0.286975603463751  0.000000000000000  0.000000000000000  0.023486898094774  0.000000000000000  0.000000000000000  0.000000000000000  1.000000000000000  0.000000000000000  0.000000000000000  0.000000000000000  0.000000000000000  0.000000000000000  0.000000000000000  0.061044283060139  1.000000000000000  1.000000000000000 
7.0    P  0.000000000000000  0.000000000000000  0.000000000000000  0.000000000000000  0.000000000000000  0.000000000000000  0.000000000000000  0.000000000000000  0.000000000000000  0.064614421015498  0.000000000000000  0.000000000000000  0.669891801213920  0.000000000000000  0.017409275794052  0.248273123859259  0.000000000000000  0.000000000000000  0.000000000000000  0.000000000000000  1.000000000000000  0.000000000000000  0.000000000000000  0.000000000000000  0.000000000000000  0.000000000000000  0.000000000000000  0.061383724703962  1.000000000000000  1.000000000000000 
8.0    L  0.036651092163496  0.000000000000000  0.000000000000000  0.000000000000000  0.043555538708983  0.000000000000000  0.000000000000000  0.000000000000000  0.000000000000000  0.540737381741809  0.000000000000000  0.000000000000000  0.010709240663904  0.029096713119695  0.015019702006074  0.230206424301260  0.000000000000000  0.030969673852002  0.022797192878753  0.040218413978165  1.000000000000000  0.000000000000000  0.000000000000000  0.000000000000000  0.000000000000000  0.000000000000000  0.000000000000000  0.061383724703962  1.000000000000000  1.000000000000000 
9.0    G  0.000000000000000  0.000000000000000  0.022765611154656  0.000000000000000  0.000000000000000  0.907519155317161  0.000000000000000  0.000000000000000  0.007916069532493  0.000000000000000  0.000000000000000  0.000000000000000  0.000000000000000  0.000000000000000  0.045784402331604  0.000000000000000  0.000000000000000  0.016345077184258  0.000000000000000  0.000000000000000  1.000000000000000  0.000000000000000  0.000000000000000  0.000000000000000  0.000000000000000  0.000000000000000  0.000000000000000  0.061298687749284  1.000000000000000  1.000000000000000 
10.0    F  0.000000000000000  0.000000000000000  0.023847800140009  0.000000000000000  0.611320138846034  0.000000000000000  0.000000000000000  0.292396916012987  0.000000000000000  0.033353916813749  0.000000000000000  0.000000000000000  0.000000000000000  0.000000000000000  0.000000000000000  0.022765611154656  0.000000000000000  0.016333751565706  0.000000000000000  0.000000000000000  0.959929261038908  0.000000000000000  0.040190546357206  0.000000000000000  0.000000000000000  0.000000000000000  0.000000000000000  0.061298687749284  1.000000000000000  1.000000000000000 
11.0    F  0.000000000000000  0.000000000000000  0.000000000000000  0.000000000000000  0.620283648857694  0.000000000000000  0.000000000000000  0.000000000000000  0.000000000000000  0.339857060476685  0.000000000000000  0.000000000000000  0.015377875344278  0.000000000000000  0.000000000000000  0.009335868787944  0.000000000000000  0.000000000000000  0.000000000000000  0.015399208389678  1.000000000000000  0.000000000000000  0.000000000000000  0.000000000000000  0.000000000000000  0.000000000000000  1.000000000000000  0.064123634083571  1.000000000000000  0.472373520498603 
12.0    P  0.000000000000000  0.017898717155934  0.000000000000000  0.000000000000000  0.000000000000000  0.008015454260446  0.030164594527242  0.000000000000000  0.000000000000000  0.000000000000000  0.000000000000000  0.000000000000000  0.655651007107824  0.000000000000000  0.000000000000000  0.256139205758200  0.000000000000000  0.031840349894273  0.000000000000000  0.000000000000000  1.000000000000000  0.000000000000000  0.000000000000000  0.000000000000000  0.000000000000000  0.000000000000000  1.000000000000000  0.064123634083571  1.000000000000000  0.472373520498603 
13.0    G  0.000000000000000  0.000000000000000  0.588453368609384  0.033702513490452  0.000000000000000  0.029258507732328  0.000000000000000  0.024518253059273  0.000000000000000  0.000000000000000  0.000000000000000  0.000000000000000  0.000000000000000  0.039172906888772  0.263888429409492  0.020847237026215  0.000000000000000  0.000000000000000  0.000000000000000  0.000000000000000  1.000000000000000  0.000000000000000  0.000000000000000  0.000000000000000  0.000000000000000  0.000000000000000  1.000000000000000  0.064123634083571  1.000000000000000  0.472373520498603 
14.0    H  0.047629525948118  0.000000000000000  0.000000000000000  0.000000000000000  0.000000000000000  0.000000000000000  0.642157904494713  0.024518253059273  0.000000000000000  0.000000000000000  0.000000000000000  0.000000000000000  0.096655792181915  0.000000000000000  0.000000000000000  0.188939991039528  0.000000000000000  0.000000000000000  0.000000000000000  0.000000000000000  1.000000000000000  0.000000000000000  0.000000000000000  0.000000000000000  0.000000000000000  0.000000000000000  1.000000000000000  0.064123634083571  1.000000000000000  0.472373520498603 
15.0    Q  0.000000000000000  0.000000000000000  0.000000000000000  0.000000000000000  0.045626000332954  0.000000000000000  0.000000000000000  0.000000000000000  0.000000000000000  0.000000000000000  0.000000000000000  0.006665828891501  0.211393071844379  0.590087171668101  0.000000000000000  0.146401272652351  0.000000000000000  0.000000000000000  0.000000000000000  0.000000000000000  1.000000000000000  0.000000000000000  0.000000000000000  0.000000000000000  0.000000000000000  0.000000000000000  1.000000000000000  0.064524908467703  1.000000000000000  0.472373520498603 
16.0    L  0.057193698007996  0.000000000000000  0.000000000000000  0.000000000000000  0.000000000000000  0.028915763376183  0.000000000000000  0.039692218204337  0.000000000000000  0.570381857934212  0.000000000000000  0.000000000000000  0.000000000000000  0.000000000000000  0.000000000000000  0.031185084968720  0.000000000000000  0.247242729095233  0.025506345192216  0.000000000000000  1.000000000000000  0.000000000000000  0.000000000000000  0.000000000000000  0.000000000000000  0.000000000000000  1.000000000000000  0.064524908467703  1.000000000000000  0.472373520498603 
17.0    D  0.006592310907266  0.000000000000000  0.608783009331493  0.000000000000000  0.000000000000000  0.314035595285882  0.014043048853297  0.025506345192216  0.000000000000000  0.000000000000000  0.000000000000000  0.000000000000000  0.000000000000000  0.000000000000000  0.000000000000000  0.000000000000000  0.000000000000000  0.031185084968720  0.000000000000000  0.000000000000000  0.991716730738293  0.000000000000000  0.008355836624103  0.000000000000000  0.000000000000000  0.000000000000000  1.000000000000000  0.064524908467703  1.000000000000000  0.472373520498603 
18.0    P  0.000000000000000  0.000000000000000  0.000000000000000  0.000000000000000  0.000000000000000  0.031250000000000  0.000000000000000  0.000000000000000  0.000000000000000  0.045975210807992  0.000000000000000  0.000000000000000  0.774855930959171  0.006665828891501  0.030819772015417  0.096254646779509  0.014308338850283  0.000000000000000  0.000000000000000  0.000000000000000  1.000000000000000  0.000000000000000  0.000000000000000  0.000000000000000  0.000000000000000  0.148960321821756  0.850863729506541  0.064123634083571  1.000000000000000  0.465547409915115 
19.0    A  0.530711604474897  0.133046272806670  0.000000000000000  0.000000000000000  0.000000000000000  0.006592310907266  0.000000000000000  0.000000000000000  0.000000000000000  0.096054698830501  0.000000000000000  0.030227385300435  0.039064446955788  0.014043048853297  0.013508394239185  0.113518552215189  0.023179608341268  0.000000000000000  0.000000000000000  0.000000000000000  1.000000000000000  0.000000000000000  0.000000000000000  0.000000000000000  0.000000000000000  0.000000000000000  1.000000000000000  0.064524908467703  1.000000000000000  0.472373520498603 
20.0    F  0.016401823181610  0.000000000000000  0.000000000000000  0.000000000000000  0.595428424682484  0.000000000000000  0.008355836624103  0.160873655912659  0.000000000000000  0.054560474445860  0.030227385300435  0.000000000000000  0.000000000000000  0.014043048853297  0.000000000000000  0.000000000000000  0.000000000000000  0.119908014915658  0.000000000000000  0.000000000000000  0.993092495437036  0.000000000000000  0.006592310907266  0.099995016041594  0.900001929793512  1.000000000000000  0.000000000000000  0.064524908467703  0.472373520498603  0.472373520498603 
21.0    G  0.000000000000000  0.000000000000000  0.014895289770127  0.005193777766335  0.000000000000000  0.411795508633787  0.000000000000000  0.000000000000000  0.090433430366908  0.016345077184258  0.000000000000000  0.000000000000000  0.000000000000000  0.214344009158543  0.247071412875183  0.000000000000000  0.000000000000000  0.000000000000000  0.000000000000000  0.000000000000000  1.000000000000000  0.000000000000000  0.000000000000000  0.000000000000000  0.000000000000000  0.000000000000000  1.000000000000000  0.061554152680972  1.000000000000000  0.500000000000000 
22.0    A  0.583174684894234  0.000000000000000  0.016345077184258  0.014895289770127  0.000000000000000  0.036574957546081  0.000000000000000  0.000000000000000  0.000000000000000  0.000000000000000  0.000000000000000  0.000000000000000  0.000000000000000  0.000000000000000  0.000000000000000  0.309497572709361  0.039390730986968  0.000000000000000  0.000000000000000  0.000000000000000  1.000000000000000  0.000000000000000  0.000000000000000  0.000000000000000  0.000000000000000  0.000000000000000  1.000000000000000  0.061554152680972  1.000000000000000  0.500000000000000 
23.0    N  0.000000000000000  0.000000000000000  0.000000000000000  0.000000000000000  0.000000000000000  0.000000000000000  0.033632503899494  0.000000000000000  0.107097744346071  0.036625696364829  0.000000000000000  0.553632292242143  0.000000000000000  0.228141372135863  0.000000000000000  0.000000000000000  0.040893064732969  0.000000000000000  0.000000000000000  0.000000000000000  0.984866442895551  0.000000000000000  0.014895289770127  0.000000000000000  0.000000000000000  0.000000000000000  1.000000000000000  0.061554152680972  1.000000000000000  0.500000000000000 
24.0    S  0.021537580515244  0.037265902260332  0.000000000000000  0.000000000000000  0.057992092279455  0.000000000000000  0.079274462457867  0.000000000000000  0.000000000000000  0.146097156070156  0.000000000000000  0.000000000000000  0.000000000000000  0.027110583973502  0.000000000000000  0.487339815445774  0.060245612983790  0.000000000000000  0.027776333786455  0.055514174740150  1.000000000000000  0.000000000000000  0.000000000000000  0.000000000000000  0.000000000000000  0.000000000000000  1.000000000000000  0.061939347704005  1.000000000000000  0.477641468191219 
25.0    N  0.011374918351555  0.000000000000000  0.072142838594802  0.055130710324824  0.000000000000000  0.021537580515244  0.006651982091789  0.000000000000000  0.121245238792717  0.000000000000000  0.000000000000000  0.399149193178325  0.050205874797315  0.077428043611494  0.129947429396910  0.008110463051118  0.038128140946007  0.000000000000000  0.000000000000000  0.008826150113829  1.000000000000000  0.000000000000000  0.000000000000000  0.000000000000000  0.000000000000000  0.000000000000000  1.000000000000000  0.061939347704005  1.000000000000000  0.477641468191219 
26.0    N  0.000000000000000  0.000000000000000  0.000000000000000  0.000000000000000  0.027776333786455  0.000000000000000  0.000000000000000  0.027110583973502  0.105916554368265  0.037265902260332  0.000000000000000  0.509445598308361  0.000000000000000  0.231647015472593  0.000000000000000  0.060833085884890  0.000000000000000  0.000000000000000  0.000000000000000  0.000000000000000  1.000000000000000  0.000000000000000  0.000000000000000  0.000000000000000  0.000000000000000  0.000000000000000  1.000000000000000  0.061939347704005  1.000000000000000  0.477641468191219 
27.0    P  0.021537580515244  0.000000000000000  0.000000000000000  0.000000000000000  0.000000000000000  0.000000000000000  0.000000000000000  0.024535253708549  0.000000000000000  0.025772923394065  0.000000000000000  0.000000000000000  0.566441942647899  0.027110583973502  0.000000000000000  0.323760749713606  0.011033237534256  0.000000000000000  0.000000000000000  0.000000000000000  1.000000000000000  0.000000000000000  0.000000000000000  0.000000000000000  0.000000000000000  0.000000000000000  1.000000000000000  0.061939347704005  1.000000000000000  0.477641468191219 
28.0    D  0.000000000000000  0.000000000000000  0.544498507668053  0.000000000000000  0.000000000000000  0.000000000000000  0.052301640167712  0.027110583973502  0.000000000000000  0.025772923394065  0.000000000000000  0.000000000000000  0.000000000000000  0.000000000000000  0.350139080221801  0.000000000000000  0.000000000000000  0.000000000000000  0.000000000000000  0.000000000000000  1.000000000000000  0.000000000000000  0.000000000000000  0.000000000000000  0.000000000000000  0.000000000000000  1.000000000000000  0.061939347704005  1.000000000000000  0.477641468191219 
29.0    W  0.000000000000000  0.024433426347769  0.000000000000000  0.000000000000000  0.000000000000000  0.067451764781527  0.000000000000000  0.000000000000000  0.000000000000000  0.317317721504951  0.000000000000000  0.000000000000000  0.000000000000000  0.000000000000000  0.024535253708549  0.032084048303750  0.000000000000000  0.000000000000000  0.534032704023926  0.000000000000000  1.000000000000000  0.000000000000000  0.000000000000000  0.000000000000000  0.000000000000000  0.000000000000000  1.000000000000000  0.061939347704005  1.000000000000000  0.477641468191219 
30.0    D  0.018060729789919  0.000000000000000  0.517991381780009  0.030649343874642  0.000000000000000  0.323760749713606  0.032084048303750  0.000000000000000  0.000000000000000  0.000000000000000  0.000000000000000  0.024535253708549  0.000000000000000  0.000000000000000  0.000000000000000  0.000000000000000  0.052884912287518  0.000000000000000  0.000000000000000  0.000000000000000  0.977385766410805  0.000000000000000  0.022702578899553  0.000000000000000  0.000000000000000  0.000000000000000  1.000000000000000  0.061939347704005  1.000000000000000  0.477641468191219 
31.0    F  0.000000000000000  0.000000000000000  0.000000000000000  0.000000000000000  0.466516495768404  0.000000000000000  0.007938047992138  0.000000000000000  0.021762679385454  0.304813773519076  0.000000000000000  0.000000000000000  0.072293011494080  0.038075320739850  0.007198938954677  0.053437636118248  0.000000000000000  0.000000000000000  0.000000000000000  0.027969533466499  0.971980987981352  0.000000000000000  0.027969533466499  0.000000000000000  0.000000000000000  0.000000000000000  1.000000000000000  0.063504383937106  1.000000000000000  0.454389058224260 
32.0    N  0.049824529783784  0.000000000000000  0.000000000000000  0.000000000000000  0.000000000000000  0.000000000000000  0.036651092163496  0.000000000000000  0.056367211148891  0.000000000000000  0.000000000000000  0.524858341811534  0.000000000000000  0.303759197976254  0.000000000000000  0.000000000000000  0.028379638053797  0.000000000000000  0.000000000000000  0.000000000000000  1.000000000000000  0.000000000000000  0.000000000000000  0.000000000000000  0.000000000000000  0.000000000000000  1.000000000000000  0.065471007943737  1.000000000000000  0.427797512841301 
33.0    P  0.000000000000000  0.000000000000000  0.000000000000000  0.000000000000000  0.000000000000000  0.000000000000000  0.034650020112596  0.000000000000000  0.000000000000000  0.000000000000000  0.000000000000000  0.000000000000000  0.771105412703970  0.041521431690516  0.000000000000000  0.129497845445002  0.023243965038039  0.000000000000000  0.000000000000000  0.000000000000000  1.000000000000000  0.000000000000000  0.000000000000000  0.000000000000000  0.000000000000000  0.000000000000000  1.000000000000000  0.065471007943737  1.000000000000000  0.427797512841301 
34.0    N  0.011517728260087  0.000000000000000  0.029319412390646  0.000000000000000  0.000000000000000  0.000000000000000  0.105184935285673  0.046166814486955  0.084787770465479  0.026168952734638  0.000000000000000  0.389042588277709  0.000000000000000  0.175069540110901  0.000000000000000  0.026479138592066  0.051012690384431  0.035476315692065  0.000000000000000  0.019722688001752  1.000000000000000  0.000000000000000  0.000000000000000  0.000000000000000  0.000000000000000  0.000000000000000  1.000000000000000  0.065471007943737  1.000000000000000  0.427797512841301 
35.0    K  0.000000000000000  0.000000000000000  0.000000000000000  0.007515058239569  0.000000000000000  0.000000000000000  0.000000000000000  0.000000000000000  0.543744195427441  0.000000000000000  0.000000000000000  0.000000000000000  0.000000000000000  0.344123900397674  0.028379638053797  0.026479138592066  0.026479138592066  0.023357019509921  0.000000000000000  0.000000000000000  1.000000000000000  0.000000000000000  0.000000000000000  0.000000000000000  0.000000000000000  0.000000000000000  1.000000000000000  0.065471007943737  1.000000000000000  0.427797512841301 
36.0    D  0.000000000000000  0.000000000000000  0.529609167341938  0.000000000000000  0.000000000000000  0.328963631257252  0.023357019509921  0.054863862350595  0.000000000000000  0.000000000000000  0.000000000000000  0.006900898839699  0.000000000000000  0.000000000000000  0.031315050158739  0.000000000000000  0.000000000000000  0.025068161448515  0.000000000000000  0.000000000000000  1.000000000000000  0.000000000000000  0.000000000000000  0.000000000000000  0.000000000000000  0.333324669272800  0.666649338545599  0.065471007943737  1.000000000000000  0.427797512841301 
37.0    Q  0.000000000000000  0.000000000000000  0.008906041192918  0.000000000000000  0.000000000000000  0.000000000000000  0.340328529124868  0.000000000000000  0.000000000000000  0.000000000000000  0.000000000000000  0.123878695408010  0.155393708612992  0.209061599978516  0.000000000000000  0.108217070689957  0.054108535344979  0.000000000000000  0.000000000000000  0.000000000000000  1.000000000000000  0.000000000000000  0.000000000000000  0.000000000000000  0.000000000000000  0.000000000000000  1.000000000000000  0.063504383937106  1.000000000000000  0.454389058224260 
38.0    W  0.033054717613076  0.027167017502813  0.000000000000000  0.000000000000000  0.000000000000000  0.068062313458507  0.000000000000000  0.000000000000000  0.000000000000000  0.298333935757930  0.010858736092518  0.000000000000000  0.000000000000000  0.000000000000000  0.097733705391074  0.000000000000000  0.000000000000000  0.000000000000000  0.464902471306581  0.000000000000000  0.971980987981352  0.000000000000000  0.027969533466499  0.000000000000000  0.000000000000000  0.000000000000000  1.000000000000000  0.063504383937106  1.000000000000000  0.454389058224260 
39.0    P  0.367292158319577  0.000000000000000  0.014248955711246  0.000000000000000  0.026479138592066  0.000000000000000  0.000000000000000  0.000000000000000  0.000000000000000  0.026479138592066  0.000000000000000  0.033609199701793  0.472046209575125  0.028379638053797  0.000000000000000  0.000000000000000  0.008217982650030  0.023357019509921  0.000000000000000  0.000000000000000  1.000000000000000  0.000000000000000  0.000000000000000  0.000000000000000  0.000000000000000  0.000000000000000  1.000000000000000  0.065471007943737  1.000000000000000  0.427797512841301 
40.0    A  0.124567532853483  0.000000000000000  0.068869069742288  0.257206676973394  0.000000000000000  0.060287386536509  0.026479138592066  0.000000000000000  0.064435519924674  0.000000000000000  0.008437316873694  0.033100572958871  0.000000000000000  0.072997962163320  0.191976283712762  0.028755864082027  0.062934721878545  0.000000000000000  0.000000000000000  0.000000000000000  1.000000000000000  0.000000000000000  0.000000000000000  0.000000000000000  0.000000000000000  0.000000000000000  1.000000000000000  0.065471007943737  1.000000000000000  0.427797512841301 
41.0    A  0.526315577354719  0.000000000000000  0.000000000000000  0.000000000000000  0.000000000000000  0.125520942904872  0.000000000000000  0.000000000000000  0.000000000000000  0.012904338514621  0.000000000000000  0.000000000000000  0.028379638053797  0.026479138592066  0.071495685825238  0.131123665946868  0.000000000000000  0.077696854306496  0.000000000000000  0.000000000000000  1.000000000000000  0.000000000000000  0.000000000000000  0.000000000000000  0.000000000000000  0.000000000000000  1.000000000000000  0.065471007943737  1.000000000000000  0.427797512841301 
42.0    N  0.000000000000000  0.000000000000000  0.000000000000000  0.000000000000000  0.000000000000000  0.000000000000000  0.041063488348418  0.054863862350595  0.124136561929630  0.000000000000000  0.000000000000000  0.462973011263662  0.039308905369876  0.196690611338391  0.025068161448515  0.006146581604325  0.023227859131735  0.026479138592066  0.000000000000000  0.000000000000000  1.000000000000000  0.000000000000000  0.000000000000000  0.000000000000000  0.000000000000000  0.000000000000000  1.000000000000000  0.065471007943737  1.000000000000000  0.427797512841301 
43.0    Q  0.023357019509921  0.000000000000000  0.023715925827720  0.016550286479436  0.000000000000000  0.000000000000000  0.055668306287918  0.000000000000000  0.126218912199586  0.009239304689407  0.000000000000000  0.000000000000000  0.056995822844986  0.448133349784702  0.124050546835727  0.116145084281364  0.000000000000000  0.000000000000000  0.000000000000000  0.000000000000000  0.973329374158238  0.026589491547079  0.000000000000000  0.129408115480172  0.870550563296124  0.607097442197523  0.392836258333790  0.065471007943737  0.449689156073876  0.427797512841301 
44.0    V  0.034244117701490  0.000000000000000  0.000000000000000  0.006763566918122  0.050415109951383  0.309283119671793  0.061767853218796  0.000000000000000  0.024603374267788  0.000000000000000  0.000000000000000  0.000000000000000  0.000000000000000  0.000000000000000  0.000000000000000  0.022765611154656  0.021657341963288  0.431969093700139  0.036701936600427  0.000000000000000  1.000000000000000  0.000000000000000  0.000000000000000  0.000000000000000  0.000000000000000  0.000000000000000  1.000000000000000  0.061810682273808  1.000000000000000  0.460412848602520 
45.0    G  0.020934118787935  0.000000000000000  0.000000000000000  0.064524908467703  0.000000000000000  0.548665968789621  0.023486898094774  0.000000000000000  0.000000000000000  0.000000000000000  0.017566858184041  0.000000000000000  0.000000000000000  0.041234622211653  0.261158940716058  0.000000000000000  0.000000000000000  0.022343515411901  0.000000000000000  0.000000000000000  1.000000000000000  0.000000000000000  0.000000000000000  0.000000000000000  0.000000000000000  0.000000000000000  1.000000000000000  0.061554152680972  1.000000000000000  0.460412848602520 
46.0    V  0.152830034711509  0.000000000000000  0.000000000000000  0.000000000000000  0.000000000000000  0.073251392729657  0.000000000000000  0.000000000000000  0.000000000000000  0.000000000000000  0.000000000000000  0.000000000000000  0.008572905762338  0.017566858184041  0.101531549544529  0.316878130508606  0.006647372886770  0.287572973337651  0.035255691795516  0.000000000000000  1.000000000000000  0.000000000000000  0.000000000000000  0.000000000000000  0.000000000000000  0.000000000000000  1.000000000000000  0.061554152680972  1.000000000000000  0.460412848602520 
47.0    G  0.022343515411901  0.017039183322895  0.024826075003003  0.058720171825876  0.000000000000000  0.778085176555419  0.000000000000000  0.000000000000000  0.000000000000000  0.000000000000000  0.000000000000000  0.000000000000000  0.000000000000000  0.015335297872711  0.000000000000000  0.000000000000000  0.000000000000000  0.000000000000000  0.083910781423766  0.000000000000000  0.994470168673214  0.000000000000000  0.005699298219688  0.000000000000000  0.000000000000000  0.000000000000000  1.000000000000000  0.061682284117865  1.000000000000000  0.460412848602520 
48.0    S  0.397768241877459  0.012868609644806  0.000000000000000  0.000000000000000  0.000000000000000  0.037525107108913  0.058476468614463  0.000000000000000  0.000000000000000  0.000000000000000  0.000000000000000  0.034674046002120  0.027661055143111  0.000000000000000  0.032106294980593  0.374230746698173  0.024826075003003  0.000000000000000  0.000000000000000  0.000000000000000  0.980779003988551  0.000000000000000  0.019545766876770  0.000000000000000  0.000000000000000  0.000000000000000  1.000000000000000  0.061810682273808  1.000000000000000  0.448444079831007 
49.0    F  0.012525395771866  0.000000000000000  0.000000000000000  0.000000000000000  0.399425958224574  0.000000000000000  0.000000000000000  0.295248165357383  0.000000000000000  0.094666644742311  0.000000000000000  0.000000000000000  0.000000000000000  0.000000000000000  0.000000000000000  0.132218870452303  0.015777364024948  0.028577034046872  0.006953716666035  0.014629253866164  0.947370070599268  0.000000000000000  0.052337905469277  0.000000000000000  0.000000000000000  0.000000000000000  1.000000000000000  0.061896429495814  1.000000000000000  0.421907898065009 
50.0    G  0.000000000000000  0.000000000000000  0.024484287092167  0.000000000000000  0.000000000000000  0.480630464194381  0.000000000000000  0.000000000000000  0.000000000000000  0.000000000000000  0.031358492140922  0.000000000000000  0.018338252785646  0.000000000000000  0.349169633116849  0.024843289092155  0.000000000000000  0.000000000000000  0.071198961076382  0.000000000000000  0.991029563264079  0.000000000000000  0.008638520729065  0.000000000000000  0.000000000000000  0.000000000000000  1.000000000000000  0.064257114166004  1.000000000000000  0.380244688310252 
51.0    P  0.247585717983256  0.000000000000000  0.000000000000000  0.000000000000000  0.000000000000000  0.067358321565229  0.000000000000000  0.000000000000000  0.000000000000000  0.008071206153782  0.000000000000000  0.024518253059273  0.451876363375543  0.062370169937441  0.000000000000000  0.100970097201201  0.037317599596081  0.000000000000000  0.000000000000000  0.000000000000000  1.000000000000000  0.000000000000000  0.000000000000000  0.000000000000000  0.000000000000000  0.000000000000000  1.000000000000000  0.064168096607500  1.000000000000000  0.374749900438887 
52.0    G  0.000000000000000  0.000000000000000  0.000000000000000  0.000000000000000  0.011164016716727  0.599985691186608  0.000000000000000  0.000000000000000  0.025050791543731  0.000000000000000  0.000000000000000  0.000000000000000  0.031401994388243  0.000000000000000  0.248101093671455  0.024518253059273  0.000000000000000  0.000000000000000  0.059746582349609  0.000000000000000  0.989656656415207  0.000000000000000  0.010394758133443  0.000000000000000  0.000000000000000  0.000000000000000  1.000000000000000  0.064168096607500  1.000000000000000  0.374749900438887 
53.0    F  0.057951909152216  0.000000000000000  0.000000000000000  0.031185084968720  0.509798841499095  0.000000000000000  0.011646174896867  0.075887180274690  0.000000000000000  0.078508898821470  0.000000000000000  0.000000000000000  0.000000000000000  0.000000000000000  0.000000000000000  0.000000000000000  0.043465061615937  0.179991414814336  0.000000000000000  0.011621982519020  1.000000000000000  0.000000000000000  0.000000000000000  0.000000000000000  0.000000000000000  0.276241121199978  0.723969086189780  0.071446145963377  1.000000000000000  0.368311921454120 
54.0    T  0.021359178936591  0.000000000000000  0.000000000000000  0.000000000000000  0.035012162943568  0.000000000000000  0.336575017319196  0.038154578520910  0.011335564123705  0.000000000000000  0.000000000000000  0.063284675459406  0.000000000000000  0.000000000000000  0.029831906691866  0.082927821287323  0.342458244991391  0.025120343460723  0.000000000000000  0.014072280935124  1.000000000000000  0.000000000000000  0.000000000000000  0.000000000000000  0.000000000000000  0.074068298183849  0.925946022527324  0.068393356328796  1.000000000000000  0.403041415746484 
55.0    P  0.071396640428034  0.000000000000000  0.000000000000000  0.000000000000000  0.000000000000000  0.000000000000000  0.000000000000000  0.000000000000000  0.000000000000000  0.055016188347697  0.000000000000000  0.000000000000000  0.702709350103360  0.000000000000000  0.000000000000000  0.092141826080694  0.078508898821470  0.000000000000000  0.000000000000000  0.000000000000000  1.000000000000000  0.000000000000000  0.000000000000000  0.000000000000000  0.000000000000000  0.162555018318560  0.837406487508427  0.068583246098703  1.000000000000000  0.410370804405249 
56.0    P  0.014258835758491  0.000000000000000  0.000000000000000  0.000000000000000  0.033100572958871  0.000000000000000  0.000000000000000  0.009239304689407  0.000000000000000  0.000000000000000  0.000000000000000  0.000000000000000  0.598324481615357  0.000000000000000  0.000000000000000  0.165511113799425  0.179742066605870  0.000000000000000  0.000000000000000  0.000000000000000  0.970634469769547  0.000000000000000  0.029646384848139  0.000000000000000  0.000000000000000  0.000000000000000  1.000000000000000  0.068678388598555  1.000000000000000  0.425137080032098 
57.0    H  0.043888902366812  0.000000000000000  0.000000000000000  0.011549706494327  0.000000000000000  0.062934721878545  0.369334515895640  0.000000000000000  0.000000000000000  0.066109435226152  0.000000000000000  0.000000000000000  0.101390894447130  0.039582320428851  0.048697786228781  0.042570563582515  0.214047071136614  0.000000000000000  0.000000000000000  0.000000000000000  0.987600861445373  0.000000000000000  0.012490716099257  0.000000000000000  0.000000000000000  0.000000000000000  1.000000000000000  0.071051060827251  1.000000000000000  0.403880388804804 
58.0    G  0.023243965038039  0.000000000000000  0.000000000000000  0.000000000000000  0.035378090690959  0.437089310205187  0.000000000000000  0.000000000000000  0.000000000000000  0.000000000000000  0.000000000000000  0.000000000000000  0.000000000000000  0.036271997324491  0.223446290589197  0.120240931833097  0.000000000000000  0.000000000000000  0.124394965227510  0.000000000000000  0.990342871933025  0.000000000000000  0.009578397344165  1.000000000000000  0.000000000000000  0.131852789633508  0.868140227601043  0.070952631384129  0.494828328207603  0.389852421305662 
59.0    N  0.034578042284134  0.025790794016021  0.000000000000000  0.000000000000000  0.000000000000000  0.455650640318571  0.000000000000000  0.027737854289672  0.016538818669924  0.000000000000000  0.000000000000000  0.055092509869198  0.000000000000000  0.000000000000000  0.271495464080574  0.061341191490842  0.000000000000000  0.000000000000000  0.051653144884638  0.000000000000000  0.971307495541633  0.011973593439123  0.016538818669924  1.000000000000000  0.000000000000000  0.000000000000000  1.000000000000000  0.070903467808497  0.495858365369147  0.396941965465826 
60.0    L  0.000000000000000  0.024740183308477  0.000000000000000  0.000000000000000  0.058557590429527  0.029749309640548  0.000000000000000  0.034842694335241  0.014209503934386  0.357992185300286  0.009112104451472  0.035402621415494  0.226251615720726  0.000000000000000  0.027016788478371  0.106137030805855  0.026042287723726  0.030353359235676  0.000000000000000  0.019695365493484  0.975355461527642  0.000000000000000  0.024654588776640  0.000000000000000  0.000000000000000  0.000000000000000  1.000000000000000  0.069830446129514  1.000000000000000  0.385285554179204 
61.0    L  0.027355979052946  0.000000000000000  0.000000000000000  0.000000000000000  0.214939121560752  0.024688790995731  0.000000000000000  0.000000000000000  0.000000000000000  0.408951029278891  0.000000000000000  0.000000000000000  0.023963791557392  0.000000000000000  0.049480366616954  0.146299830184324  0.030248344590429  0.074016975740852  0.000000000000000  0.000000000000000  0.963261894020148  0.000000000000000  0.036574957546081  0.000000000000000  0.000000000000000  0.000000000000000  1.000000000000000  0.068964608752622  1.000000000000000  0.367292158319577 
62.0    G  0.000000000000000  0.000000000000000  0.014751444049223  0.000000000000000  0.000000000000000  0.891310495896971  0.000000000000000  0.000000000000000  0.000000000000000  0.000000000000000  0.000000000000000  0.000000000000000  0.024981432198515  0.000000000000000  0.031034140482407  0.000000000000000  0.000000000000000  0.026278012976679  0.000000000000000  0.011613929565867  0.969289816935065  0.018984949873516  0.011613929565867  1.000000000000000  0.000000000000000  0.175312406330300  0.824733548610081  0.071347169195423  0.494828328207603  0.346037429012870 
63.0    W  0.000000000000000  0.000000000000000  0.000000000000000  0.000000000000000  0.000000000000000  0.035476315692065  0.000000000000000  0.000000000000000  0.000000000000000  0.031489180012828  0.000000000000000  0.000000000000000  0.000000000000000  0.036549614501623  0.065835064747177  0.027337023903307  0.000000000000000  0.411225034356232  0.392020227037869  0.000000000000000  0.985549336939371  0.000000000000000  0.014598864795050  0.000000000000000  0.000000000000000  0.256672386430000  0.743291492215508  0.071248329543341  1.000000000000000  0.359484133211739 
64.0    S  0.030269318413332  0.029258507732328  0.035772630018709  0.392564059336786  0.000000000000000  0.000000000000000  0.013212066990274  0.000000000000000  0.000000000000000  0.000000000000000  0.000000000000000  0.000000000000000  0.000000000000000  0.000000000000000  0.015898120189104  0.430176315305720  0.052884912287518  0.000000000000000  0.000000000000000  0.000000000000000  0.990342871933025  0.000000000000000  0.009834040418007  0.000000000000000  0.000000000000000  0.119908014915658  0.880259013563151  0.068345966092790  1.000000000000000  0.379454813243513 
65.0    P  0.015810206266046  0.000000000000000  0.000000000000000  0.000000000000000  0.044102370106522  0.000000000000000  0.007704943003854  0.000000000000000  0.000000000000000  0.053548872173036  0.000000000000000  0.000000000000000  0.769503610080431  0.023947186878247  0.000000000000000  0.062630100317477  0.022749836703111  0.000000000000000  0.000000000000000  0.000000000000000  0.985549336939371  0.014447863720527  0.000000000000000  0.090936292727172  0.908778116448520  0.144886993988057  0.855002177891973  0.070707153927869  0.500000000000000  0.386355274823994 
66.0    Q  0.022112408755104  0.000000000000000  0.000000000000000  0.006693609021629  0.000000000000000  0.000000000000000  0.040864729641774  0.000000000000000  0.045847917005229  0.053809324271181  0.000000000000000  0.022359008125358  0.000000000000000  0.381036207584942  0.042570563582515  0.320411981040048  0.064257114166004  0.000000000000000  0.000000000000000  0.000000000000000  1.000000000000000  0.000000000000000  0.000000000000000  0.000000000000000  0.000000000000000  0.258278596921033  0.741747466920561  0.070609200910633  1.000000000000000  0.402204185470958 
67.0    A  0.455019412040450  0.000000000000000  0.034149304346905  0.000000000000000  0.000000000000000  0.255784367433608  0.024998754010399  0.000000000000000  0.000000000000000  0.000000000000000  0.000000000000000  0.000000000000000  0.021182255106250  0.000000000000000  0.000000000000000  0.097328086382708  0.055016188347697  0.056523711097568  0.000000000000000  0.000000000000000  1.000000000000000  0.000000000000000  0.000000000000000  0.000000000000000  0.000000000000000  0.269620107923613  0.730522189272838  0.069156084568267  1.000000000000000  0.428094142273228 
68.0    Q  0.000000000000000  0.000000000000000  0.000000000000000  0.000000000000000  0.000000000000000  0.000000000000000  0.035353576963934  0.000000000000000  0.021959667190730  0.033307710502123  0.011719054603795  0.000000000000000  0.027337023903307  0.382094130191292  0.105184935285673  0.335875856430324  0.047169561516268  0.000000000000000  0.000000000000000  0.000000000000000  0.988285651500733  0.000000000000000  0.011719054603795  0.000000000000000  0.000000000000000  0.000000000000000  1.000000000000000  0.068678388598555  1.000000000000000  0.449377563305515 
69.0    G  0.022749836703111  0.000000000000000  0.000000000000000  0.000000000000000  0.000000000000000  0.872362705770759  0.000000000000000  0.000000000000000  0.008561029425373  0.000000000000000  0.000000000000000  0.000000000000000  0.000000000000000  0.012735505193791  0.044163551371335  0.024998754010399  0.014160342785427  0.000000000000000  0.000000000000000  0.000000000000000  1.000000000000000  0.000000000000000  0.000000000000000  0.000000000000000  0.000000000000000  0.261158940716058  0.738669031791280  0.069396177101790  1.000000000000000  0.434371092575312 
70.0    I  0.037681494615336  0.019397304555096  0.000000000000000  0.000000000000000  0.040893064732969  0.042747978246953  0.244515868361835  0.223291463088190  0.007259067767585  0.100690536381094  0.009413846210897  0.000000000000000  0.000000000000000  0.009759344731667  0.072042896674929  0.000000000000000  0.113125807860363  0.031423768137452  0.000000000000000  0.047728671811272  0.987600861445373  0.012404436420807  0.000000000000000  0.094339123032535  0.905633983017823  0.183264594648651  0.816768991110023  0.068251284109103  0.494828328207603  0.453445164466571 
71.0    L  0.050625217102003  0.000000000000000  0.000000000000000  0.000000000000000  0.000000000000000  0.018697640050480  0.000000000000000  0.169106028881284  0.000000000000000  0.356753626429470  0.027680234971949  0.015854102290326  0.000000000000000  0.000000000000000  0.024569290379385  0.048227505470592  0.121834953861444  0.095589767367673  0.000000000000000  0.071001829049168  1.000000000000000  0.000000000000000  0.000000000000000  0.000000000000000  0.000000000000000  0.000000000000000  1.000000000000000  0.067451764781527  1.000000000000000  0.447202450891303 
72.0    T  0.059995578814932  0.039445376003504  0.123621364547616  0.000000000000000  0.016232173489026  0.082755556899712  0.034602018265134  0.008632535037499  0.048866852695537  0.021433332634228  0.000000000000000  0.031840349894273  0.036121459579837  0.015997607819194  0.024063661694877  0.039363436873356  0.357496246590423  0.039747281460737  0.000000000000000  0.019668080836013  0.962594443101751  0.000000000000000  0.037655384843587  0.000000000000000  0.000000000000000  0.130942015887475  0.869344560090022  0.067451764781527  1.000000000000000  0.447202450891303 
73.0    T  0.000000000000000  0.000000000000000  0.000000000000000  0.016379101179952  0.000000000000000  0.000000000000000  0.090999346812443  0.012031830847439  0.042423280621250  0.000000000000000  0.000000000000000  0.227825320159285  0.053660339777360  0.007807086663988  0.000000000000000  0.000000000000000  0.535144349213312  0.000000000000000  0.000000000000000  0.013640118611465  1.000000000000000  0.000000000000000  0.000000000000000  0.000000000000000  0.000000000000000  0.000000000000000  1.000000000000000  0.070511383591032  1.000000000000000  0.428094142273228 
74.0    V  0.092461719328052  0.058112808913323  0.000000000000000  0.026314467300263  0.031163476604752  0.077589218220382  0.000000000000000  0.036021448337465  0.000000000000000  0.168404197108211  0.000000000000000  0.028497911422493  0.015549370653439  0.000000000000000  0.040470093714201  0.116790918360398  0.036473690681827  0.272060610417701  0.000000000000000  0.000000000000000  1.000000000000000  0.000000000000000  0.000000000000000  0.000000000000000  0.000000000000000  0.000000000000000  1.000000000000000  0.070511383591032  1.000000000000000  0.428094142273228 
75.0    P  0.328052813647990  0.000000000000000  0.000000000000000  0.000000000000000  0.000000000000000  0.000000000000000  0.000000000000000  0.000000000000000  0.000000000000000  0.036701936600427  0.000000000000000  0.000000000000000  0.534402995605504  0.018173750649185  0.000000000000000  0.022608357591727  0.018827692421794  0.041177498491692  0.000000000000000  0.000000000000000  1.000000000000000  0.000000000000000  0.000000000000000  0.000000000000000  0.000000000000000  0.000000000000000  1.000000000000000  0.070511383591032  1.000000000000000  0.428094142273228 
76.0    A  0.234068061858623  0.000000000000000  0.024843289092155  0.000000000000000  0.000000000000000  0.000000000000000  0.000000000000000  0.038553349056547  0.000000000000000  0.033609199701793  0.000000000000000  0.085911793473252  0.000000000000000  0.049343367918785  0.039692218204337  0.300617312224544  0.051189793616239  0.102450575954690  0.000000000000000  0.039637231228933  0.984184022033800  0.000000000000000  0.015549370653439  0.000000000000000  0.000000000000000  0.000000000000000  1.000000000000000  0.070511383591032  1.000000000000000  0.428094142273228 
77.0    A  0.225938181687771  0.000000000000000  0.018085784640471  0.035822255804012  0.000000000000000  0.030628106729433  0.039996012932635  0.028438713252528  0.056759276107594  0.018414678247058  0.000000000000000  0.065289735179014  0.040498155169792  0.000000000000000  0.070903467808497  0.222827623974243  0.066661611301985  0.079881210200191  0.000000000000000  0.000000000000000  1.000000000000000  0.000000000000000  0.000000000000000  0.000000000000000  0.000000000000000  0.000000000000000  1.000000000000000  0.071001829049168  1.000000000000000  0.418123199957031 
78.0    P  0.054221167947004  0.000000000000000  0.000000000000000  0.000000000000000  0.000000000000000  0.000000000000000  0.024808872841614  0.000000000000000  0.000000000000000  0.018414678247058  0.000000000000000  0.000000000000000  0.506628450079543  0.000000000000000  0.000000000000000  0.290780010386963  0.105184935285673  0.000000000000000  0.000000000000000  0.000000000000000  1.000000000000000  0.000000000000000  0.000000000000000  0.000000000000000  0.000000000000000  0.302918165107561  0.697371833175203  0.071001829049168  1.000000000000000  0.418123199957031 
79.0    P  0.110874538144019  0.000000000000000  0.000000000000000  0.000000000000000  0.000000000000000  0.000000000000000  0.033284631356044  0.000000000000000  0.000000000000000  0.050520054300348  0.000000000000000  0.028144561870248  0.516557193842066  0.000000000000000  0.000000000000000  0.260797148382465  0.000000000000000  0.000000000000000  0.000000000000000  0.000000000000000  1.000000000000000  0.000000000000000  0.000000000000000  0.000000000000000  0.000000000000000  0.000000000000000  1.000000000000000  0.068440779424598  1.000000000000000  0.444729496768949 
80.0    P  0.037943590137345  0.000000000000000  0.000000000000000  0.000000000000000  0.000000000000000  0.000000000000000  0.033123524481165  0.000000000000000  0.000000000000000  0.026332713421973  0.000000000000000  0.000000000000000  0.490389501994276  0.000000000000000  0.000000000000000  0.405001736816023  0.007055675860561  0.000000000000000  0.000000000000000  0.000000000000000  1.000000000000000  0.000000000000000  0.000000000000000  0.000000000000000  0.000000000000000  0.255607132652481  0.744322627583270  0.067920928907879  1.000000000000000  0.444729496768949 
81.0    A  0.391205890868256  0.252262908461170  0.000000000000000  0.000000000000000  0.026405824512891  0.056877426505056  0.000000000000000  0.000000000000000  0.000000000000000  0.028066636652623  0.000000000000000  0.031554728049896  0.041636713284126  0.000000000000000  0.016538818669924  0.074894313833714  0.030122806491895  0.050415109951383  0.000000000000000  0.000000000000000  0.971307495541633  0.028755864082027  0.000000000000000  0.209496783666987  0.790589116603944  0.393653988284602  0.606256409530869  0.068251284109103  0.454389058224260  0.461371246326899 
82.0    S  0.013303964183577  0.063372467486877  0.020025748815003  0.000000000000000  0.036322315859941  0.048160694272400  0.000000000000000  0.039145763707004  0.000000000000000  0.219607617059590  0.000000000000000  0.023847800140009  0.017217267435572  0.000000000000000  0.000000000000000  0.448755025333631  0.008674522137724  0.061511501377113  0.000000000000000  0.000000000000000  0.976031760776225  0.024063661694877  0.000000000000000  1.000000000000000  0.000000000000000  0.000000000000000  1.000000000000000  0.068393356328796  0.488354264481114  0.480963727332387 
83.0    T  0.114546080584419  0.000000000000000  0.000000000000000  0.000000000000000  0.000000000000000  0.018300159081544  0.331711285149290  0.007401328676557  0.000000000000000  0.000000000000000  0.000000000000000  0.049514675682811  0.050136322897030  0.011965296852300  0.024063661694877  0.053105312446166  0.324434691734796  0.000000000000000  0.000000000000000  0.014649548382142  1.000000000000000  0.000000000000000  0.000000000000000  0.000000000000000  0.000000000000000  0.000000000000000  1.000000000000000  0.068393356328796  1.000000000000000  0.480963727332387 
84.0    N  0.008144263756571  0.000000000000000  0.000000000000000  0.000000000000000  0.000000000000000  0.000000000000000  0.023847800140009  0.035500914524584  0.019777446780786  0.012361520331023  0.000000000000000  0.383952567425525  0.032917532373589  0.388234437500520  0.013878543685038  0.081108672933699  0.000000000000000  0.000000000000000  0.000000000000000  0.000000000000000  1.000000000000000  0.000000000000000  0.000000000000000  0.000000000000000  0.000000000000000  0.000000000000000  1.000000000000000  0.068393356328796  1.000000000000000  0.480963727332387 
85.0    R  0.032986053676186  0.000000000000000  0.000000000000000  0.000000000000000  0.000000000000000  0.025612643988672  0.000000000000000  0.000000000000000  0.000000000000000  0.020025748815003  0.000000000000000  0.000000000000000  0.096121301954392  0.011164016716727  0.341036958719839  0.473028823362798  0.000000000000000  0.000000000000000  0.000000000000000  0.000000000000000  0.991029563264079  0.008765183441644  0.000000000000000  0.062500000000000  0.937571096457110  0.000000000000000  1.000000000000000  0.068393356328796  0.500000000000000  0.480963727332387 
86.0    Q  0.258995690890005  0.000000000000000  0.045816148662163  0.015975445790780  0.000000000000000  0.041752314949691  0.076468002570742  0.000000000000000  0.030018589498546  0.032084048303750  0.000000000000000  0.032464346978052  0.041868237575870  0.258278596921033  0.067685940345370  0.073099229003247  0.025365299405540  0.000000000000000  0.000000000000000  0.000000000000000  0.971980987981352  0.019942637012952  0.007976657232087  1.000000000000000  0.000000000000000  0.000000000000000  1.000000000000000  0.065607292726442  0.495858365369147  0.480963727332387 
87.0    S  0.037891025595679  0.000000000000000  0.013801797679398  0.019873640730368  0.000000000000000  0.000000000000000  0.000000000000000  0.011589804170634  0.024264652343782  0.000000000000000  0.008893703352147  0.017039183322895  0.046327094056339  0.039968299414920  0.000000000000000  0.437392382452911  0.064524908467703  0.278355404557172  0.000000000000000  0.000000000000000  0.986916545885842  0.013184621814532  0.000000000000000  0.333324669272800  0.666649338545599  0.632001549226403  0.367801686463934  0.063857505169644  0.500000000000000  0.472701058375372 
88.0    G  0.042747978246953  0.000000000000000  0.000000000000000  0.012841877926482  0.000000000000000  0.335875856430324  0.000000000000000  0.000000000000000  0.013744516811288  0.000000000000000  0.000000000000000  0.007790869151188  0.000000000000000  0.030395467106634  0.505225723243382  0.000000000000000  0.000000000000000  0.051617354058483  0.000000000000000  0.000000000000000  0.977385766410805  0.000000000000000  0.022498926851792  0.000000000000000  0.000000000000000  0.000000000000000  1.000000000000000  0.063636574985289  1.000000000000000  0.497924876547229 
89.0    R  0.000000000000000  0.000000000000000  0.000000000000000  0.046908721797324  0.022813000166477  0.063990431276778  0.000000000000000  0.010987446874321  0.373712312158735  0.000000000000000  0.000000000000000  0.042423280621250  0.000000000000000  0.000000000000000  0.339857060476685  0.047695600280017  0.020876157474845  0.000000000000000  0.030713143704539  0.000000000000000  1.000000000000000  0.000000000000000  0.000000000000000  0.000000000000000  0.000000000000000  0.000000000000000  1.000000000000000  0.065018766657624  1.000000000000000  0.473685035299634 
90.0    Q  0.172779025816073  0.000000000000000  0.000000000000000  0.056602123938614  0.000000000000000  0.014052786127309  0.011071542160220  0.000000000000000  0.058032303269171  0.041492661199451  0.000000000000000  0.030819772015417  0.110874538144019  0.346998179753898  0.031532863557646  0.017039183322895  0.108894274017782  0.000000000000000  0.000000000000000  0.000000000000000  1.000000000000000  0.000000000000000  0.000000000000000  0.000000000000000  0.000000000000000  0.000000000000000  1.000000000000000  0.065471007943737  1.000000000000000  0.473685035299634 
91.0    P  0.321301584367343  0.000000000000000  0.031576607702711  0.000000000000000  0.000000000000000  0.000000000000000  0.000000000000000  0.000000000000000  0.000000000000000  0.020418207092081  0.000000000000000  0.022405550750247  0.398872619904516  0.000000000000000  0.032419373017675  0.030713143704539  0.086930123231874  0.055398856199679  0.000000000000000  0.000000000000000  1.000000000000000  0.000000000000000  0.000000000000000  0.000000000000000  0.000000000000000  0.000000000000000  1.000000000000000  0.065018766657624  1.000000000000000  0.473685035299634 
92.0    T  0.006328152137750  0.000000000000000  0.006236706143411  0.000000000000000  0.031928752584822  0.000000000000000  0.010605820155313  0.042511589137686  0.000000000000000  0.017229205672952  0.000000000000000  0.103020260619155  0.064346255214625  0.000000000000000  0.000000000000000  0.015155654849090  0.423079298300145  0.000000000000000  0.000000000000000  0.279515462741465  1.000000000000000  0.000000000000000  0.000000000000000  0.000000000000000  0.000000000000000  0.000000000000000  1.000000000000000  0.065425642623411  1.000000000000000  0.473685035299634 
93.0    P  0.022577037467555  0.000000000000000  0.000000000000000  0.000000000000000  0.000000000000000  0.000000000000000  0.039418044025977  0.000000000000000  0.000000000000000  0.017229205672952  0.000000000000000  0.010605820155313  0.468785548228555  0.000000000000000  0.032780916486717  0.208338301789805  0.179493063827929  0.000000000000000  0.000000000000000  0.020789516266886  1.000000000000000  0.000000000000000  0.000000000000000  0.000000000000000  0.000000000000000  0.000000000000000  1.000000000000000  0.065425642623411  1.000000000000000  0.473685035299634 
94.0    I  0.055745532463756  0.000000000000000  0.000000000000000  0.000000000000000  0.031532863557646  0.000000000000000  0.188155843426383  0.348444309671867  0.000000000000000  0.102521613899591  0.000000000000000  0.031752191968553  0.015538596385519  0.000000000000000  0.000000000000000  0.115023456328109  0.073099229003247  0.038128140946007  0.000000000000000  0.000000000000000  1.000000000000000  0.000000000000000  0.000000000000000  0.000000000000000  0.000000000000000  0.000000000000000  1.000000000000000  0.065425642623411  1.000000000000000  0.473685035299634 
95.0    S  0.043555538708983  0.000000000000000  0.000000000000000  0.000000000000000  0.040330077826618  0.000000000000000  0.069830446129514  0.024637505439259  0.000000000000000  0.249307812838017  0.000000000000000  0.023179608341268  0.000000000000000  0.000000000000000  0.000000000000000  0.405001736816023  0.042042725266307  0.059870951138919  0.000000000000000  0.042101049277053  1.000000000000000  0.000000000000000  0.000000000000000  0.000000000000000  0.000000000000000  0.000000000000000  1.000000000000000  0.065425642623411  1.000000000000000  0.473685035299634 
96.0    P  0.030926770512975  0.000000000000000  0.000000000000000  0.000000000000000  0.000000000000000  0.000000000000000  0.017518219969195  0.000000000000000  0.000000000000000  0.021196942616370  0.000000000000000  0.000000000000000  0.423666217473059  0.040246300922182  0.033100572958871  0.400812664699697  0.032622247731929  0.000000000000000  0.000000000000000  0.000000000000000  0.976031760776225  0.023781771575615  0.000000000000000  0.199990032083188  0.799960128332753  0.000000000000000  1.000000000000000  0.065154110052570  0.465224828851508  0.473685035299634 
97.0    P  0.072142838594802  0.000000000000000  0.067171823303469  0.000000000000000  0.000000000000000  0.000000000000000  0.000000000000000  0.000000000000000  0.000000000000000  0.018300159081544  0.000000000000000  0.000000000000000  0.433769343576034  0.016288527513143  0.000000000000000  0.042747978246953  0.349654020684615  0.000000000000000  0.000000000000000  0.000000000000000  1.000000000000000  0.000000000000000  0.000000000000000  0.000000000000000  0.000000000000000  0.000000000000000  1.000000000000000  0.066201145917742  1.000000000000000  0.473685035299634 
98.0    L  0.054447137008891  0.000000000000000  0.000000000000000  0.000000000000000  0.055552667572911  0.000000000000000  0.000000000000000  0.056523711097568  0.000000000000000  0.405844790488639  0.000000000000000  0.023864335905636  0.000000000000000  0.061639544030835  0.022686848123498  0.253138701837623  0.019050860844942  0.019090517213648  0.028086097706595  0.000000000000000  1.000000000000000  0.000000000000000  0.000000000000000  0.000000000000000  0.000000000000000  0.000000000000000  1.000000000000000  0.066939426449466  1.000000000000000  0.473685035299634 
99.0    R  0.000000000000000  0.000000000000000  0.000000000000000  0.000000000000000  0.000000000000000  0.000000000000000  0.000000000000000  0.067311648512066  0.284993318173365  0.067171823303469  0.000000000000000  0.000000000000000  0.000000000000000  0.015690117863109  0.513700719689482  0.000000000000000  0.050977343333688  0.000000000000000  0.000000000000000  0.000000000000000  0.989656656415207  0.010496120513448  0.000000000000000  1.000000000000000  0.000000000000000  0.376311686852767  0.623732785957023  0.109120948891720  0.500000000000000  0.473685035299634 
100.0    D  0.053437636118248  0.000000000000000  0.786762445353566  0.000000000000000  0.000000000000000  0.000000000000000  0.057233355401133  0.000000000000000  0.016642315678022  0.023486898094774  0.000000000000000  0.013359409029562  0.000000000000000  0.000000000000000  0.000000000000000  0.000000000000000  0.000000000000000  0.000000000000000  0.000000000000000  0.049240867878084  1.000000000000000  0.000000000000000  0.000000000000000  0.000000000000000  0.000000000000000  0.000000000000000  1.000000000000000  0.148547888132117  1.000000000000000  0.488354264481114 
101.0    S  0.000000000000000  0.000000000000000  0.000000000000000  0.000000000000000  0.000000000000000  0.000000000000000  0.024382671255428  0.000000000000000  0.000000000000000  0.000000000000000  0.000000000000000  0.038714021805747  0.106505511884358  0.023503183615448  0.000000000000000  0.442883759551180  0.363997387249772  0.000000000000000  0.000000000000000  0.000000000000000  1.000000000000000  0.000000000000000  0.000000000000000  0.000000000000000  0.000000000000000  0.000000000000000  1.000000000000000  0.149996422796652  1.000000000000000  0.488354264481114 
102.0    H  0.000000000000000  0.000000000000000  0.000000000000000  0.000000000000000  0.000000000000000  0.000000000000000  0.699308041369231  0.000000000000000  0.000000000000000  0.000000000000000  0.000000000000000  0.000000000000000  0.165052855126875  0.000000000000000  0.092141826080694  0.000000000000000  0.000000000000000  0.000000000000000  0.043314683926575  0.000000000000000  1.000000000000000  0.000000000000000  0.000000000000000  0.000000000000000  0.000000000000000  0.000000000000000  1.000000000000000  0.149996422796652  1.000000000000000  0.488354264481114 
103.0    P  0.000000000000000  0.000000000000000  0.000000000000000  0.000000000000000  0.000000000000000  0.000000000000000  0.000000000000000  0.000000000000000  0.000000000000000  0.000000000000000  0.000000000000000  0.000000000000000  0.891928519420093  0.000000000000000  0.000000000000000  0.033889919026346  0.018376425785796  0.055745532463756  0.000000000000000  0.000000000000000  0.974679630891549  0.025260027150174  0.000000000000000  0.333324669272800  0.666649338545599  1.000000000000000  0.000000000000000  0.149996422796652  0.486664687079119  0.488354264481114 
104.0    Q  0.000000000000000  0.000000000000000  0.025737219289612  0.000000000000000  0.000000000000000  0.000000000000000  0.103664943226805  0.000000000000000  0.000000000000000  0.000000000000000  0.000000000000000  0.020347565462016  0.018376425785796  0.777007268784049  0.054939972556987  0.000000000000000  0.000000000000000  0.000000000000000  0.000000000000000  0.000000000000000  1.000000000000000  0.000000000000000  0.000000000000000  0.000000000000000  0.000000000000000  0.000000000000000  0.000000000000000  0.150935073935812  1.000000000000000  1.000000000000000 
105.0    A  0.725476103917089  0.000000000000000  0.070413701781080  0.000000000000000  0.000000000000000  0.127980862553555  0.000000000000000  0.000000000000000  0.000000000000000  0.000000000000000  0.000000000000000  0.000000000000000  0.000000000000000  0.000000000000000  0.000000000000000  0.000000000000000  0.076150641479699  0.000000000000000  0.000000000000000  0.000000000000000  1.000000000000000  0.000000000000000  0.000000000000000  1.000000000000000  0.000000000000000  0.000000000000000  0.000000000000000  0.152301282959399  1.000000000000000  1.000000000000000 
