No:  residues  hmm_col_1  hmm_col_2  hmm_col_3  hmm_col_4  hmm_col_5  hmm_col_6  hmm_col_7  hmm_col_8  hmm_col_9  hmm_col_10  hmm_col_11  hmm_col_12  hmm_col_13  hmm_col_14  hmm_col_15  hmm_col_16  hmm_col_17  hmm_col_18  hmm_col_19  hmm_col_20  hmm_col_21   hmm_col_22   hmm_col_23   hmm_col_24   hmm_col_25   hmm_col_26   hmm_col_27   hmm_col_28   hmm_col_29   hmm_col_30   
1.0    V  0.004923841373371  0.002444914958309  0.000000000000000  0.000000000000000  0.012031830847439  0.000000000000000  0.000000000000000  0.143189737247470  0.000000000000000  0.078508898821470  0.051260806949795  0.002769804757186  0.000000000000000  0.000000000000000  0.000000000000000  0.000000000000000  0.006651982091789  0.689202576487815  0.008826150113829  0.000000000000000  0.997231251352069  0.000000000000000  0.002570028369197  0.000000000000000  0.000000000000000  0.000000000000000  0.000000000000000  0.008862933476062  1.000000000000000  1.000000000000000 
2.0    N  0.042042725266307  0.000000000000000  0.338681244371342  0.011374918351555  0.003739341633575  0.022452190258501  0.010358795002333  0.002346945409232  0.010679589468295  0.002053072088062  0.000000000000000  0.413798408039103  0.001521805819649  0.004964967536350  0.002433080889784  0.053809324271181  0.073353011142585  0.002859542374894  0.000000000000000  0.003611965930132  0.998614666101029  0.000000000000000  0.001329408316894  0.000000000000000  0.000000000000000  0.000000000000000  1.000000000000000  0.008801712722635  1.000000000000000  0.493800430722686 
3.0    E  0.019984149707460  0.000000000000000  0.014258835758491  0.925946022527324  0.000000000000000  0.002666198667744  0.000000000000000  0.003587016258988  0.003991094073103  0.002238890987751  0.000000000000000  0.000000000000000  0.004825854051277  0.006095667813857  0.003188293149027  0.000000000000000  0.008992886650998  0.004337261068862  0.000000000000000  0.000000000000000  0.998614666101029  0.000000000000000  0.001195641008203  0.500000000000000  0.500000000000000  0.679243142274472  0.320634150690562  0.008674522137724  0.493800430722686  0.489710148793463 
4.0    E  0.043797732783773  0.001674562571551  0.077912574642194  0.359733395002705  0.005782864445313  0.017133931071686  0.011833330592789  0.008240799352094  0.153360622156726  0.018517074545962  0.003703230332534  0.063592480756418  0.000000000000000  0.050310383601320  0.043828101582575  0.042926132294676  0.069348092004240  0.015997607819194  0.002725997586176  0.009571760405505  0.994470168673214  0.002593291324966  0.003199362101015  0.199990032083188  0.799960128332753  0.000000000000000  1.000000000000000  0.008662505028149  0.494828328207603  0.494485458190466 
5.0    G  0.010294374622923  0.000000000000000  0.003457631892889  0.006615197752832  0.000000000000000  0.942784535918240  0.003611965930132  0.000000000000000  0.003356096699012  0.000000000000000  0.000000000000000  0.004989116246857  0.000000000000000  0.000000000000000  0.003129179209334  0.006944083446614  0.003589503451090  0.008390659934532  0.000000000000000  0.002897451042658  0.981459063853479  0.012770864507629  0.005605271619557  0.704660377571010  0.295248165357383  0.000000000000000  1.000000000000000  0.008674522137724  0.467487598875728  0.484309094613314 
6.0    S  0.110951417158687  0.014328188175073  0.001681541383474  0.008549169541100  0.025016087833009  0.018211581220852  0.000000000000000  0.027091798859834  0.005328702479997  0.013859317268002  0.009545258606824  0.007314626933082  0.002865494812827  0.000000000000000  0.007319698803691  0.100203166174924  0.564482202403066  0.083100444261357  0.000000000000000  0.000000000000000  0.995849753094458  0.004077780966491  0.000000000000000  0.270181350509838  0.730016005327261  0.613017430026578  0.387159513926610  0.008566965535843  0.469761374607006  0.455334916795989 
7.0    E  0.010467059393968  0.000000000000000  0.016607744911852  0.615572206672458  0.005746901350999  0.019846109102169  0.007089993400915  0.017948411796829  0.080996310339583  0.007635826300084  0.003744529056613  0.004944361695196  0.007551610133320  0.022702578899553  0.028855697210294  0.021403640311962  0.060748811748835  0.062760471452436  0.002518883302062  0.002861525145725  0.983502074026248  0.010972225591703  0.005325010184697  0.834509281155409  0.165740720037332  0.282045534364128  0.717972255311718  0.008555097428075  0.466516495768404  0.483973513446869 
8.0    A  0.753145233316906  0.000000000000000  0.007790869151188  0.017873921456309  0.009374776424791  0.043404847992660  0.002534646029178  0.008338479203437  0.003264324058288  0.007672965587995  0.006497047643554  0.000000000000000  0.027073026762503  0.007910584432426  0.005051753640185  0.033516144275561  0.033146491917757  0.029831906691866  0.000000000000000  0.003770574315905  0.982139595263391  0.003710938995605  0.014298424501999  0.868742185150623  0.131032809439616  0.379717922453632  0.620283648857694  0.008572905762338  0.479632059662632  0.470739232270603 
9.0    A  0.602903913845380  0.000000000000000  0.025594896808120  0.023880883136956  0.003922529465777  0.065425642623411  0.005321320447814  0.004477781975501  0.009310020113860  0.007213924302573  0.003695537682522  0.011597840395539  0.019681718436678  0.015788303851356  0.006688970973019  0.103521332666818  0.052048485680034  0.031532863557646  0.000000000000000  0.007499447351866  1.000000000000000  0.000000000000000  0.000000000000000  1.000000000000000  0.000000000000000  0.157672176103906  0.842062953608416  0.008650504566283  0.492774668469685  0.441045682598588 
10.0    A  0.686342215627455  0.005090418552200  0.020404059173264  0.019170077769591  0.004978752450466  0.076256281892014  0.000000000000000  0.009578397344165  0.002146199643705  0.007823337935245  0.000000000000000  0.007065463887196  0.022955759894974  0.010452559021767  0.012940166583352  0.074738737298508  0.020847237026215  0.019143520811011  0.000000000000000  0.000000000000000  0.994470168673214  0.003208244924813  0.002309826172352  0.388503634392025  0.611744020565933  0.283417353194606  0.716480825186550  0.008632535037499  0.491069797631696  0.450312989923965 
11.0    S  0.472373520498603  0.006920058742987  0.014690221914205  0.020660228205353  0.013564691056266  0.043585739573450  0.004587742075053  0.026296233821418  0.016209686508838  0.008543245761599  0.001694411498344  0.008437316873694  0.020934118787935  0.005770851810869  0.007421877991210  0.069492447344819  0.062111318332660  0.183264594648651  0.002191295860411  0.011164016716727  0.976031760776225  0.012115518849172  0.011965296852300  0.305660069423017  0.694477567882555  0.107917444821801  0.891928519420093  0.008614602836476  0.463936738235641  0.456599125005996 
12.0    T  0.033169475279681  0.000000000000000  0.009685216405773  0.002517137950166  0.003757529119784  0.009745824780578  0.000000000000000  0.007817917089551  0.013075410041928  0.014843755982420  0.015920174947136  0.036931610841699  0.027546254934599  0.010858736092518  0.007921558435860  0.105843164045316  0.682546858942583  0.014680042956469  0.000000000000000  0.002929763650949  0.951977908497532  0.019357010902874  0.028696130071904  0.400534938794811  0.599154510669709  0.398044049389390  0.601651512999751  0.008680536942618  0.428985265214345  0.418123199957031 
13.0    A  0.262611136002688  0.005539609514373  0.025190088484155  0.055475708579344  0.018300159081544  0.209787409276635  0.007406460665068  0.024467321758017  0.016435965300061  0.015409886007709  0.016933218231950  0.008537326086726  0.017301009132567  0.011071542160220  0.029116888415774  0.085377516047150  0.062283766426742  0.088818252698835  0.001557016555743  0.038473262917029  0.936272247434492  0.010496120513448  0.053474689105163  0.620283648857694  0.379717922453632  0.335410556220565  0.664342907048256  0.008820034412548  0.443805668634749  0.377095019171645 
14.0    V  0.108142086323124  0.009446528717448  0.017325010056298  0.015942260300757  0.071694189014135  0.033307710502123  0.004352318948513  0.137738139484576  0.011759740214149  0.081786129465938  0.061939347704005  0.006381007743047  0.027641888604111  0.002119588616957  0.005628631831398  0.041636713284126  0.053437636118248  0.294430697398745  0.008431470597691  0.006857982793824  0.961260928388761  0.006506060710004  0.032396909406866  0.517632461920689  0.482299092292069  0.418413121341696  0.581560020773925  0.009303569135664  0.476318999021969  0.307146745111412 
15.0    V  0.071446145963377  0.021823102069803  0.019090517213648  0.095127086302460  0.037343475151774  0.109575715164504  0.007877753553864  0.098277161517541  0.050240686921447  0.089808761034004  0.028755864082027  0.030479858172739  0.032940356977836  0.034458411345904  0.040330077826618  0.057273040292209  0.050730598811080  0.121245238792717  0.000000000000000  0.003219383144349  0.959264119325264  0.024757337841405  0.015777364024948  0.344362511595784  0.655651007107824  0.345079338349157  0.654742711541783  0.009118422670457  0.395842932935636  0.312515575646302 
16.0    I  0.079109787123142  0.006223750752231  0.015898120189104  0.021300040738789  0.090370768409109  0.025826572442319  0.003865846314122  0.149373900607098  0.019750048413325  0.106137030805855  0.140437487878956  0.011957006014240  0.021285281791258  0.004440691301703  0.018581361171918  0.042896388476716  0.037525107108913  0.159430548959818  0.007183984735560  0.038419964601706  0.924022572446823  0.040386025957422  0.035451733904249  0.402204185470958  0.597909898388062  0.145390005193481  0.854409740889733  0.009232902710425  0.395294558301972  0.321970407377456 
17.0    A  0.097193254485320  0.007625248131064  0.030039404012149  0.056680645558321  0.038181034427297  0.055629733328281  0.015197733553317  0.051118878659861  0.043164826504496  0.073353011142585  0.070121467533155  0.046198825977308  0.025612643988672  0.036982844429768  0.057432055217441  0.070952631384129  0.079164640857701  0.128692510429250  0.006881791985367  0.009813612352684  0.909408251800733  0.044532425442150  0.045911519789947  0.377879982079057  0.622005826649234  0.264621098718783  0.735603372927869  0.009200959293711  0.393926943024673  0.283220971323950 
18.0    G  0.107618648542363  0.008722757515489  0.054484889971066  0.033960464453939  0.063372467486877  0.076574083244042  0.004603669561764  0.030819772015417  0.033936933010072  0.099856489556144  0.033469713224733  0.034363004666080  0.119493164699218  0.021226348196077  0.080940187428402  0.066063627535086  0.060037178997092  0.050977343333688  0.001615280016491  0.017836792298856  0.901250462610830  0.067685940345370  0.031315050158739  0.468136123717246  0.531816336446592  0.252788020212826  0.747424624317469  0.009518830184962  0.335875856430324  0.257385020858499 
19.0    R  0.078400137782562  0.039363436873356  0.012015162744299  0.041955390711883  0.024774504269071  0.068535724286743  0.014199658069508  0.038022573707315  0.068583246098703  0.073965688859536  0.064435519924674  0.010821167719617  0.027546254934599  0.017361073885236  0.168287508659598  0.111878133865997  0.071149626817180  0.040723348417603  0.011398596439376  0.016596237288990  0.920825697205040  0.046102858033839  0.033330805650993  0.554784736033923  0.445346450303340  0.398872619904516  0.601234624449089  0.009505643426829  0.388773017941279  0.255607132652481 
20.0    S  0.100133734698703  0.045029054651185  0.023748825881274  0.013489680602725  0.019586453444386  0.061639544030835  0.014895289770127  0.034650020112596  0.039472726932681  0.044194173824159  0.044132950137024  0.017015578364627  0.045911519789947  0.012895397008010  0.027431931175297  0.377356492130140  0.033400187225344  0.021929245719361  0.008478354467827  0.014731008373722  0.909408251800733  0.030081076346930  0.060329189054485  0.529976391698641  0.470087101254563  0.077535456107212  0.922742492653798  0.009368280576493  0.426908857195622  0.275285399524491 
21.0    L  0.183900843231967  0.013012121420009  0.015646675870490  0.014659706195323  0.043164826504496  0.061554152680972  0.007380836257791  0.051048061944376  0.026552656223083  0.141414307855738  0.073863221683398  0.016933218231950  0.058072542140682  0.016933218231950  0.050906722691888  0.107544078826430  0.047794883683837  0.039747281460737  0.011533706294397  0.018287478773040  0.709070017839729  0.102237757319723  0.188547509585822  0.462652214018926  0.537374586427751  0.227825320159285  0.772175133091785  0.009342342162313  0.283024725527668  0.208482760956241 
22.0    N  0.049755506173674  0.005197379066721  0.048697786228781  0.044041273598188  0.024946824573645  0.044842172956459  0.020389921057640  0.054146053525005  0.053809324271181  0.040386025957422  0.035996488823417  0.059995578814932  0.209351621877107  0.040978187944239  0.046262915562502  0.084085450532614  0.053734780390188  0.051403129294529  0.010202029586632  0.021823102069803  0.824733548610081  0.103449602009776  0.071694189014135  0.511214265304961  0.488692883205403  0.503477775028359  0.496546247718518  0.009936820365184  0.315781815461450  0.107023535568307 
23.0    P  0.049721030234682  0.005339794734148  0.039418044025977  0.063022028430912  0.025190088484155  0.051438771579919  0.020574483157176  0.047366142703450  0.032940356977836  0.058435949859466  0.022765611154656  0.020137103601328  0.282045534364128  0.021597378227009  0.053846634982001  0.101742898133804  0.034244117701490  0.055437269072009  0.001814766941896  0.012886461697033  0.733566672083662  0.050660319992832  0.215984546850069  0.467811748915700  0.532185091226680  0.276432663330067  0.723467442935263  0.009571760405505  0.365767805176082  0.163912751776956 
24.0    N  0.061939347704005  0.001845209064448  0.089746531913965  0.125869443757090  0.021211640310625  0.040808118346529  0.016086563803656  0.035158077646525  0.080436827956329  0.031489180012828  0.008060024838292  0.044501568612408  0.145692649766820  0.034746223672410  0.068964608752622  0.072393300387165  0.066063627535086  0.036448417805890  0.003291589177747  0.015218816695988  0.766309980103892  0.125869443757090  0.108067153913483  0.289573201548661  0.710546021590680  0.303338390062173  0.696405740334518  0.009591685030586  0.288571354379210  0.094012734461793 
25.0    R  0.042688758023575  0.010503398391817  0.028379638053797  0.063769041203029  0.020305297850866  0.018010724168732  0.035624164771671  0.024130472909118  0.042042725266307  0.028301061969307  0.018414678247058  0.022781396544009  0.299784978447778  0.047202268298838  0.065335006262823  0.067545337627459  0.085673925311231  0.044749023162536  0.005585878852975  0.029217974929733  0.895025070927972  0.068821349881123  0.036347501298370  0.306933920978765  0.693034942825207  0.577542892276792  0.422493192206257  0.009518830184962  0.352086056728020  0.103808753011362 
26.0    V  0.050590138534213  0.007556846325109  0.016299821773904  0.064973714698455  0.045310838527464  0.007350203964951  0.016254691664406  0.101320639985664  0.089064850884299  0.104458369865232  0.026793001144818  0.034458411345904  0.126306430810845  0.016758072137780  0.040051497630006  0.027204705103004  0.052811649025782  0.147931377719071  0.001788542356285  0.022765611154656  0.877821797609519  0.044873265956982  0.076999879590360  0.366529189297302  0.633317126861609  0.526315577354719  0.473685035299634  0.008789519411631  0.387696603173502  0.211100221855945 
27.0    T  0.023997035464095  0.003332914445750  0.089436032501432  0.167240944348264  0.022530138616566  0.011493802701998  0.035971546603993  0.066109435226152  0.052012420919470  0.023519480428298  0.014013877494719  0.042570563582515  0.044163551371335  0.053958722410901  0.067685940345370  0.062500000000000  0.107023535568307  0.093687475109722  0.004230371271586  0.014508075817293  0.943438250895360  0.050800975124020  0.005707204603694  0.395842932935636  0.604158921694971  0.884540435331541  0.115582909764212  0.009011606289531  0.366529189297302  0.216284172646247 
28.0    F  0.010012874407502  0.002121058313129  0.000000000000000  0.003947075962839  0.558643569036110  0.000000000000000  0.000000000000000  0.098209064583448  0.000000000000000  0.112578247480991  0.034626010870779  0.002414600118986  0.000000000000000  0.001992782537595  0.000000000000000  0.002087511701584  0.004825854051277  0.150308656112272  0.000000000000000  0.018401918587422  0.974004268543241  0.004097614560840  0.022158438057492  0.418703243754213  0.581157053759059  0.621574834451970  0.378404198242395  0.008578850107711  0.472701058375372  0.434070113800521 
29.0    K  0.024569290379385  0.015997607819194  0.020645912588410  0.036676505571292  0.012098734810207  0.001949067810545  0.080214118597682  0.107395094368398  0.132402291835485  0.037240080455439  0.010387555532670  0.063724855187387  0.003377098559796  0.021552514403548  0.127273149970578  0.038499939795180  0.093882495433808  0.123707082051901  0.004169239601719  0.044255482444204  0.984184022033800  0.013965393161825  0.001816025278541  0.499653546495226  0.500346693731290  0.367292158319577  0.632878296985140  0.008608633717786  0.452189688780544  0.414947292794991 
30.0    A  0.366021423986406  0.050275523183870  0.000000000000000  0.005766853147199  0.178872065002864  0.004648561313698  0.000000000000000  0.063901783163120  0.000000000000000  0.071793647187315  0.006721504926652  0.000000000000000  0.007504647374637  0.000000000000000  0.000000000000000  0.012447501504462  0.006020086784050  0.216584214100022  0.000000000000000  0.009439983151484  1.000000000000000  0.000000000000000  0.000000000000000  1.000000000000000  0.000000000000000  0.889458993537898  0.110567554416443  0.008566965535843  0.491751037013124  0.428390977384285 
31.0    N  0.006610614035940  0.008246513419047  0.533292890415882  0.016209686508838  0.000000000000000  0.003365414686375  0.002429710260349  0.001732414658500  0.003450449419849  0.004077780966491  0.000000000000000  0.367292158319577  0.004603669561764  0.004004950148002  0.005444442338623  0.005034275900332  0.021314809919990  0.010539863549529  0.000000000000000  0.002319452472800  0.996540262827868  0.000000000000000  0.003525393466650  0.000000000000000  0.000000000000000  0.000000000000000  1.000000000000000  0.008525499039492  1.000000000000000  0.494142825750366 
32.0    R  0.006202218210404  0.001579846383519  0.007807086663988  0.014052786127309  0.004893220463375  0.006185045827119  0.343409058357406  0.000000000000000  0.061256213458867  0.005044755274618  0.006801176275751  0.002722221169311  0.002309826172352  0.033725882390763  0.462011286223412  0.017787406704295  0.006615197752832  0.010272990314102  0.005798920197770  0.001545190041378  1.000000000000000  0.000000000000000  0.000000000000000  1.000000000000000  0.000000000000000  0.594603557501361  0.405282559942655  0.008549169541100  0.490049707670935  0.481297221550876 
33.0    P  0.011086901220315  0.000000000000000  0.000000000000000  0.005892109674557  0.000000000000000  0.006142322594846  0.000000000000000  0.004603669561764  0.003914381269842  0.000000000000000  0.000000000000000  0.005888026990462  0.911301280637141  0.008771261109950  0.003695537682522  0.030564483545229  0.008384845987449  0.000000000000000  0.000000000000000  0.000000000000000  0.996540262827868  0.000000000000000  0.003532731943598  0.000000000000000  0.000000000000000  0.000000000000000  1.000000000000000  0.008531410513638  1.000000000000000  0.494142825750366 
34.0    F  0.003127010979126  0.000000000000000  0.000000000000000  0.000000000000000  0.943438250895360  0.000000000000000  0.007737053686977  0.000000000000000  0.000000000000000  0.006843736836462  0.007683609953330  0.000000000000000  0.005269931774764  0.000000000000000  0.000000000000000  0.007223931860263  0.004559211335228  0.006142322594846  0.000000000000000  0.007683609953330  0.993092495437036  0.000723359276377  0.005888026990462  1.000000000000000  0.000000000000000  0.594603557501361  0.405282559942655  0.008555097428075  0.488015880388112  0.481297221550876 
35.0    L  0.050906722691888  0.004825854051277  0.000000000000000  0.000000000000000  0.080325396091836  0.016504462896123  0.010686994561738  0.170400325910313  0.001936946739723  0.410370804405249  0.073709787016326  0.003474449193507  0.004549740572142  0.002285934846630  0.003244023531605  0.010416395914775  0.011759740214149  0.112422289018469  0.003356096699012  0.028875705388963  0.996540262827868  0.000000000000000  0.003537632746163  0.000000000000000  0.000000000000000  0.000000000000000  1.000000000000000  0.008668511500530  1.000000000000000  0.476318999021969 
36.0    V  0.008656502717695  0.008490116113485  0.000000000000000  0.000000000000000  0.549427108788440  0.005321320447814  0.000000000000000  0.050450067156548  0.000000000000000  0.078617810739751  0.030755750688556  0.000000000000000  0.000000000000000  0.000000000000000  0.004606861688520  0.014895289770127  0.004160578919506  0.063153215405423  0.002923677708579  0.178500497460633  0.977385766410805  0.014377932041014  0.008060024838292  0.431969093700139  0.568014632393343  0.000000000000000  1.000000000000000  0.008692579067069  0.458184322337676  0.463936738235641 
37.0    F  0.142793280856068  0.015668381810954  0.000000000000000  0.005030787615273  0.181872585454345  0.010716666317114  0.001244688112616  0.109196611989587  0.001686210075341  0.181872585454345  0.077858588473092  0.005065779510356  0.002554045602611  0.013003105229868  0.008298118644495  0.030926770512975  0.029708096913432  0.118093380124651  0.001990021868392  0.062370169937441  0.988970916380931  0.011202775375124  0.000000000000000  0.552865326660134  0.447202450891303  0.346998179753898  0.652929893544459  0.008783429092020  0.451250363731215  0.437089310205187 
38.0    I  0.023292349793733  0.003300728064111  0.000000000000000  0.000000000000000  0.007050786933300  0.000000000000000  0.006358931133363  0.636397467637971  0.000000000000000  0.128781744202509  0.018300159081544  0.000000000000000  0.000000000000000  0.000000000000000  0.000000000000000  0.000000000000000  0.015377875344278  0.157453747493425  0.000000000000000  0.003687861012306  0.933032991536807  0.009049162548396  0.057751410777926  0.295248165357383  0.704660377571010  0.220522841299294  0.779704842611323  0.008832270055661  0.477310507069858  0.447202450891303 
39.0    R  0.016827912128016  0.016804599850897  0.006412043818832  0.060203868376259  0.057992092279455  0.013184621814532  0.014874654820274  0.050660319992832  0.126044056861824  0.067873866020143  0.030841142058933  0.010337276874282  0.000000000000000  0.023584780758134  0.218696191226455  0.040302132832996  0.061256213458867  0.102308647698850  0.019532223477894  0.062283766426742  0.955282936382437  0.001953125000000  0.042807280623924  1.000000000000000  0.000000000000000  0.237500095718722  0.762600826628142  0.009150079540772  0.486327473706143  0.330563651285644 
40.0    E  0.018788582014034  0.005531935305526  0.367037659008526  0.142397922152764  0.006241030597259  0.013377941946038  0.182251172352072  0.011257263662796  0.039692218204337  0.010926688146394  0.001886594392431  0.055591187096119  0.005009908604540  0.012327294388320  0.021359178936591  0.047994070928191  0.029584800976147  0.005418089723169  0.006886563733650  0.016447361792335  0.890692900606681  0.006810611246383  0.102308647698850  0.216884671788017  0.782954296256543  0.528875481809214  0.471065636952404  0.009691932013401  0.477972658796871  0.287971910587339 
41.0    V  0.018671737575887  0.007731692628244  0.079439480581604  0.127096834161495  0.002300239823428  0.017664540111322  0.033609199701793  0.021329589341956  0.147828875030518  0.023195680791079  0.015431263460084  0.131670129494355  0.024433426347769  0.040079268836320  0.141610485661975  0.046423528770651  0.072745408400134  0.031884520601514  0.010836179446339  0.006078790441839  0.915733686418126  0.015722778492153  0.068773663085384  0.254193668322989  0.745872013345733  0.639936206922154  0.360232437209480  0.009420373653834  0.463936738235641  0.227352062950183 
42.0    P  0.064346255214625  0.006372167916711  0.086569341756933  0.094143154164613  0.024315161767357  0.030948214747907  0.012726680672972  0.020992241026895  0.104096971360069  0.017193415771346  0.017217267435572  0.095855166229568  0.087231922757635  0.047728671811272  0.064569649230258  0.087413505171154  0.073251392729657  0.049411819787746  0.000000000000000  0.015614173327976  0.948026965128645  0.003305307017970  0.049002528379734  0.167009259798762  0.832775770880549  0.488354264481114  0.511568734867216  0.009150079540772  0.494485458190466  0.265355802237449 
43.0    L  0.026979361205450  0.004664699949510  0.048394939240826  0.019276674528273  0.016424576704495  0.016769691974898  0.013303964183577  0.017985773301996  0.027450952132449  0.026644840367749  0.007468322793701  0.086269834587289  0.016153605253874  0.014988501864457  0.018710604759671  0.165396429988515  0.444421340583285  0.012031830847439  0.001762696733325  0.014833470639852  0.952637998043937  0.007193950759414  0.040442051702589  0.699792932797598  0.300409012381713  0.503128911748891  0.496890546661277  0.009585038884795  0.448755025333631  0.278355404557172 
44.0    N  0.013965393161825  0.002513650873635  0.089312133733818  0.054636163775648  0.005609158244623  0.264437740904607  0.031098741306878  0.003365414686375  0.111491064927512  0.009200959293711  0.002653293524510  0.160539476123678  0.006185045827119  0.086689435570712  0.074686950303549  0.024586326417299  0.027016788478371  0.002867481711004  0.019818615614467  0.009264957026648  0.973329374158238  0.022987605403996  0.003788913712272  0.372936006672866  0.627201102260497  0.628506687260914  0.371388230165207  0.009143739386520  0.431071772508798  0.296067902963408 
45.0    T  0.089250248730317  0.013975076590353  0.037162722343835  0.017640068825096  0.021687386234619  0.013294745773540  0.014915953345933  0.076203443379769  0.013955716443012  0.114864110434881  0.024030325488598  0.054863862350595  0.006376586298054  0.018249490540830  0.031120304784202  0.181494784987987  0.163232473386115  0.093234001668217  0.007060568177743  0.007452808988653  0.988285651500733  0.005703250041619  0.005863590224666  0.524131237758464  0.475659138165900  0.799405830352472  0.200684347178988  0.008967987608242  0.480630464194381  0.402762145524375 
46.0    I  0.026886019706607  0.005648173025569  0.003757529119784  0.002345319194307  0.021838233935173  0.000000000000000  0.003346804510815  0.385285554179204  0.004645340292979  0.082698214994258  0.015690117863109  0.013039207518053  0.174584816558425  0.004661467746218  0.000000000000000  0.025295069267107  0.044255482444204  0.175921046915675  0.008065613558463  0.001996930723848  0.994470168673214  0.000980632366444  0.004440691301703  0.658383461029622  0.341510064188599  0.655651007107824  0.344362511595784  0.008832270055661  0.497235084336607  0.465224828851508 
47.0    I  0.008807815719886  0.008419790195654  0.005384395128811  0.000000000000000  0.026979361205450  0.000000000000000  0.008280881120291  0.077213664820433  0.000000000000000  0.682073917439677  0.008986655416802  0.003291589177747  0.004032806779231  0.003488929110753  0.005376935943714  0.009834040418007  0.003552375983597  0.094404536597677  0.003090380082756  0.046876218415182  0.993092495437036  0.005501344636375  0.001296645662483  0.388503634392025  0.611320138846034  1.000000000000000  0.000000000000000  0.008704637897026  0.487677730763821  0.475329550614909 
48.0    F  0.014659706195323  0.001994164308022  0.000000000000000  0.000000000000000  0.823020345278708  0.000000000000000  0.001414982572807  0.016550286479436  0.000000000000000  0.061086610400675  0.017812082385835  0.002428026697078  0.006245358049629  0.002243551474604  0.000000000000000  0.005403088394574  0.005562696076551  0.019077289260455  0.002991324213075  0.019640833976904  1.000000000000000  0.000000000000000  0.000000000000000  0.000000000000000  0.000000000000000  0.000000000000000  1.000000000000000  0.008525499039492  1.000000000000000  0.497924876547229 
49.0    M  0.114149781251499  0.026681803574726  0.012098734810207  0.004397806977097  0.047927583114784  0.004674410012620  0.002831927407967  0.130398574191232  0.001582038034438  0.164367845025634  0.218090676442690  0.022939853688033  0.006716847548773  0.013248749447393  0.003695537682522  0.029258507732328  0.036957218757629  0.117358968414432  0.021732530807969  0.020977695355942  0.992404374685819  0.002750672318188  0.005065779510356  0.250000000000000  0.750019494642909  0.000000000000000  1.000000000000000  0.008525499039492  0.494828328207603  0.497924876547229 
50.0    G  0.042071877164899  0.000000000000000  0.005547294369310  0.002561136746515  0.000000000000000  0.861546159712017  0.000000000000000  0.000000000000000  0.004842608202887  0.019873640730368  0.000000000000000  0.003606962151287  0.002818220091527  0.000000000000000  0.010731533073669  0.031055659166330  0.008026573745148  0.004842608202887  0.002397921257647  0.000000000000000  0.992404374685819  0.004328251358847  0.003197145240589  0.276624338273068  0.723467442935263  0.599985691186608  0.399980064166376  0.008596707885673  0.477641468191219  0.483303048532487 
51.0    R  0.038714021805747  0.005974360460480  0.003146579261909  0.016187230680625  0.002070220280073  0.014437852694482  0.091886708524315  0.031664278129971  0.257028456664017  0.015145153389610  0.005295563776563  0.016792955825867  0.015103220266640  0.056484545421943  0.261158940716058  0.039609766313576  0.034291623049351  0.064748922722501  0.023914012028479  0.006429846447490  0.987600861445373  0.008807815719886  0.003271119091830  0.628071190571764  0.371903440608626  0.564091068728256  0.435879119768531  0.008692579067069  0.465870214652387  0.484644908467533 
52.0    V  0.006403160997168  0.030628106729433  0.004367429105335  0.000000000000000  0.125433968563688  0.002159630182266  0.010438078737423  0.154534407615119  0.003155315537538  0.061596833558711  0.021552514403548  0.003564708939623  0.000000000000000  0.003752323687318  0.003703230332534  0.002614951673786  0.003230560032982  0.467163673441590  0.000000000000000  0.095722374818399  0.995159721820083  0.004340268471309  0.000499578842644  0.424842499569325  0.575145946675303  0.346277367027731  0.653835674268380  0.009074286968170  0.487002134271620  0.485653747770817 
53.0    A  0.064435519924674  0.025719385789960  0.013830527571555  0.029462016747445  0.023503183615448  0.027393928791126  0.014170161389580  0.078345813777543  0.021448194238358  0.060622619396358  0.055629733328281  0.066292983835514  0.005313948642211  0.027795593548059  0.049002528379734  0.097463105326415  0.092975860152157  0.211246596103128  0.002773647184655  0.032509383328812  0.995159721820083  0.004032806779231  0.000798179031727  0.462011286223412  0.538120062391899  0.635956503371787  0.364249778474503  0.009316475565083  0.471719125447680  0.490049707670935 
54.0    N  0.028125060306047  0.004900008611410  0.188286308329227  0.054711958105891  0.012841877926482  0.028577034046872  0.028915763376183  0.011965296852300  0.074222479129588  0.003039395220920  0.010583788886604  0.311218558845543  0.007872295003207  0.042570563582515  0.044224817510208  0.104169150894902  0.024365776331604  0.009631658792686  0.002031836458051  0.007710285514733  0.988285651500733  0.011454037165541  0.000000000000000  0.293615492803413  0.706127202192377  0.512633618944297  0.487339815445774  0.010322956294205  0.473028823362798  0.492092011016900 
55.0    P  0.005190178961314  0.001618642391578  0.006551313940945  0.005291894443302  0.015113692650218  0.006163647194160  0.000000000000000  0.015166163590149  0.013387218043259  0.065335006262823  0.003098960324965  0.005240789940946  0.816203046150902  0.007269137950805  0.003604462861929  0.005097480264410  0.004671171081157  0.018236845340914  0.000000000000000  0.002582528525669  0.883927531063671  0.115262889739079  0.000774203258408  0.206326352128164  0.793333843191143  0.389852421305662  0.610050255136112  0.010686994561738  0.325335463860483  0.497579860910041 
56.0    R  0.077912574642194  0.004468480364077  0.028359973603661  0.091568804663209  0.013773127467300  0.027527167941468  0.012595044242078  0.012967102899843  0.097328086382708  0.095722374818399  0.019928818619977  0.051688960527704  0.029076551803219  0.021567458646822  0.059046690062325  0.125869443757090  0.174584816558425  0.049480366616954  0.000000000000000  0.006542238183660  0.979420297586927  0.020588749245846  0.000000000000000  0.446892581178393  0.552865326660134  1.000000000000000  0.000000000000000  0.011678509754960  0.492433221447775  0.497579860910041 
57.0    V  0.076468002570742  0.006376586298054  0.019209982300853  0.057193698007996  0.017325010056298  0.065698306817982  0.028320685570854  0.060833085884890  0.126832818322610  0.123023002754225  0.012023493907507  0.043858491438721  0.028183605574445  0.076521024525013  0.020631606890859  0.069637103176208  0.049514675682811  0.082354996983384  0.000000000000000  0.035971546603993  1.000000000000000  0.000000000000000  0.000000000000000  1.000000000000000  0.000000000000000  0.000000000000000  0.000000000000000  0.013811367672870  0.500000000000000  1.000000000000000 
58.0    K  0.053178983094159  0.000000000000000  0.085555238318240  0.000000000000000  0.000000000000000  0.000000000000000  0.000000000000000  0.000000000000000  0.812252396356236  0.000000000000000  0.000000000000000  0.000000000000000  0.000000000000000  0.000000000000000  0.000000000000000  0.048866852695537  0.000000000000000  0.000000000000000  0.000000000000000  0.000000000000000  1.000000000000000  0.000000000000000  0.000000000000000  1.000000000000000  0.000000000000000  0.000000000000000  0.000000000000000  0.071495685825238  1.000000000000000  1.000000000000000 
