No:  residues  hmm_col_1  hmm_col_2  hmm_col_3  hmm_col_4  hmm_col_5  hmm_col_6  hmm_col_7  hmm_col_8  hmm_col_9  hmm_col_10  hmm_col_11  hmm_col_12  hmm_col_13  hmm_col_14  hmm_col_15  hmm_col_16  hmm_col_17  hmm_col_18  hmm_col_19  hmm_col_20  hmm_col_21   hmm_col_22   hmm_col_23   hmm_col_24   hmm_col_25   hmm_col_26   hmm_col_27   hmm_col_28   hmm_col_29   hmm_col_30   
1.0    M  0.000000000000000  0.000000000000000  0.000000000000000  0.000000000000000  0.000000000000000  0.000000000000000  0.000000000000000  0.000000000000000  0.000000000000000  0.000000000000000  1.000000000000000  0.000000000000000  0.000000000000000  0.000000000000000  0.000000000000000  0.000000000000000  0.000000000000000  0.000000000000000  0.000000000000000  0.000000000000000  1.000000000000000  0.000000000000000  0.000000000000000  0.000000000000000  0.000000000000000  0.000000000000000  0.000000000000000  0.355026839635857  1.000000000000000  1.000000000000000 
2.0    S  0.000000000000000  0.000000000000000  0.000000000000000  0.000000000000000  0.000000000000000  0.053660339777360  0.000000000000000  0.000000000000000  0.000000000000000  0.000000000000000  0.000000000000000  0.000000000000000  0.000000000000000  0.000000000000000  0.156800275565124  0.715488260011456  0.073965688859536  0.000000000000000  0.000000000000000  0.000000000000000  1.000000000000000  0.000000000000000  0.000000000000000  0.000000000000000  0.000000000000000  0.000000000000000  0.000000000000000  0.172300644121954  1.000000000000000  1.000000000000000 
3.0    E  0.132035703168982  0.000000000000000  0.056759276107594  0.367292158319577  0.000000000000000  0.000000000000000  0.000000000000000  0.000000000000000  0.000000000000000  0.000000000000000  0.000000000000000  0.000000000000000  0.000000000000000  0.057831526752366  0.000000000000000  0.212715932376635  0.053660339777360  0.056680645558321  0.000000000000000  0.063065727115293  1.000000000000000  0.000000000000000  0.000000000000000  0.000000000000000  0.000000000000000  0.000000000000000  0.000000000000000  0.172300644121954  1.000000000000000  1.000000000000000 
4.0    P  0.059829466137206  0.000000000000000  0.000000000000000  0.000000000000000  0.000000000000000  0.000000000000000  0.000000000000000  0.000000000000000  0.000000000000000  0.000000000000000  0.000000000000000  0.000000000000000  0.442883759551180  0.045122787360078  0.000000000000000  0.452189688780544  0.000000000000000  0.000000000000000  0.000000000000000  0.000000000000000  0.945402116750744  0.000000000000000  0.054825846795801  0.000000000000000  0.000000000000000  0.000000000000000  0.000000000000000  0.167589073947542  1.000000000000000  1.000000000000000 
5.0    S  0.282045534364128  0.000000000000000  0.000000000000000  0.000000000000000  0.000000000000000  0.000000000000000  0.000000000000000  0.000000000000000  0.000000000000000  0.000000000000000  0.000000000000000  0.000000000000000  0.356259403537196  0.000000000000000  0.051403129294529  0.224377512666815  0.032780916486717  0.053326631132004  0.000000000000000  0.000000000000000  0.948684315140454  0.000000000000000  0.051403129294529  0.000000000000000  0.000000000000000  1.000000000000000  0.000000000000000  0.113833729198997  1.000000000000000  0.492433221447775 
6.0    R  0.187504873660727  0.000000000000000  0.032894723584670  0.000000000000000  0.000000000000000  0.183137609326417  0.000000000000000  0.046520164223954  0.000000000000000  0.084377374070172  0.000000000000000  0.000000000000000  0.000000000000000  0.000000000000000  0.158329281715402  0.176899270040832  0.000000000000000  0.130308220105140  0.000000000000000  0.000000000000000  0.959264119325264  0.000000000000000  0.040893064732969  0.239483804555674  0.760489376620505  0.000000000000000  1.000000000000000  0.086090627898946  0.452189688780544  0.492433221447775 
7.0    D  0.000000000000000  0.000000000000000  0.496546247718518  0.021094343517543  0.000000000000000  0.073099229003247  0.000000000000000  0.070560275300383  0.000000000000000  0.000000000000000  0.000000000000000  0.038128140946007  0.000000000000000  0.068109507013333  0.029036271070341  0.042896388476716  0.000000000000000  0.160650792183672  0.000000000000000  0.000000000000000  1.000000000000000  0.000000000000000  0.000000000000000  0.000000000000000  0.000000000000000  0.000000000000000  1.000000000000000  0.060037178997092  1.000000000000000  0.472046209575125 
8.0    A  0.093298648956060  0.000000000000000  0.000000000000000  0.000000000000000  0.000000000000000  0.000000000000000  0.064928693956104  0.106284270008024  0.000000000000000  0.068109507013333  0.000000000000000  0.064212589961185  0.000000000000000  0.000000000000000  0.147419574032652  0.249826773247613  0.148444958259176  0.057352492644460  0.000000000000000  0.000000000000000  1.000000000000000  0.000000000000000  0.000000000000000  0.000000000000000  0.000000000000000  0.000000000000000  1.000000000000000  0.060037178997092  1.000000000000000  0.472046209575125 
9.0    H  0.000000000000000  0.000000000000000  0.000000000000000  0.086269834587289  0.141120550600766  0.000000000000000  0.049343367918785  0.061426287409078  0.032419373017675  0.039554893561571  0.000000000000000  0.000000000000000  0.079660039207454  0.095193046231454  0.414947292794991  0.000000000000000  0.000000000000000  0.000000000000000  0.000000000000000  0.000000000000000  1.000000000000000  0.000000000000000  0.000000000000000  0.000000000000000  0.000000000000000  0.434672280045011  0.565265283562296  0.055514174740150  1.000000000000000  0.472046209575125 
10.0    Q  0.000000000000000  0.000000000000000  0.000000000000000  0.081333865965121  0.000000000000000  0.000000000000000  0.000000000000000  0.000000000000000  0.061896429495814  0.000000000000000  0.000000000000000  0.166546853136503  0.445964259710046  0.215088157652860  0.029177498278604  0.000000000000000  0.000000000000000  0.000000000000000  0.000000000000000  0.000000000000000  1.000000000000000  0.000000000000000  0.000000000000000  0.000000000000000  0.000000000000000  0.000000000000000  1.000000000000000  0.054863862350595  1.000000000000000  0.487677730763821 
11.0    I  0.076680311078363  0.000000000000000  0.000000000000000  0.000000000000000  0.000000000000000  0.000000000000000  0.000000000000000  0.085673925311231  0.000000000000000  0.361232599480881  0.068062313458507  0.026241609154504  0.076309157041821  0.000000000000000  0.043344717785356  0.176654205485341  0.000000000000000  0.085792776953432  0.000000000000000  0.000000000000000  1.000000000000000  0.000000000000000  0.000000000000000  0.000000000000000  0.000000000000000  0.000000000000000  1.000000000000000  0.048832992510770  1.000000000000000  0.487677730763821 
12.0    P  0.129408115480172  0.000000000000000  0.067732872927799  0.000000000000000  0.000000000000000  0.093428078039684  0.075729541276890  0.062500000000000  0.000000000000000  0.055054335882936  0.000000000000000  0.000000000000000  0.412938832467860  0.000000000000000  0.000000000000000  0.081672828368323  0.021627339313304  0.000000000000000  0.000000000000000  0.000000000000000  1.000000000000000  0.000000000000000  0.000000000000000  0.000000000000000  0.000000000000000  0.000000000000000  1.000000000000000  0.046681670534761  1.000000000000000  0.487677730763821 
13.0    H  0.133600748901376  0.197921466467818  0.037008487870426  0.000000000000000  0.000000000000000  0.061982295671143  0.081108672933699  0.000000000000000  0.088021514182005  0.000000000000000  0.032374461361251  0.071743900865938  0.000000000000000  0.000000000000000  0.081899587741148  0.077160162930846  0.086269834587289  0.050871449066902  0.000000000000000  0.000000000000000  1.000000000000000  0.000000000000000  0.000000000000000  0.000000000000000  0.000000000000000  0.000000000000000  1.000000000000000  0.042541066140609  1.000000000000000  0.487677730763821 
14.0    G  0.000000000000000  0.000000000000000  0.000000000000000  0.026793001144818  0.000000000000000  0.146502785459314  0.000000000000000  0.023732370153352  0.236186760249302  0.074119656213184  0.000000000000000  0.015668381810954  0.000000000000000  0.020746330599726  0.283220971323950  0.130398574191232  0.000000000000000  0.042659178683911  0.000000000000000  0.000000000000000  0.832775770880549  0.167240944348264  0.000000000000000  0.318198733818986  0.682073917439677  1.000000000000000  0.000000000000000  0.037838533873455  0.350381862270187  0.487677730763821 
15.0    S  0.117358968414432  0.000000000000000  0.029116888415774  0.041177498491692  0.000000000000000  0.053068515402927  0.000000000000000  0.000000000000000  0.027469986278493  0.007987722895390  0.000000000000000  0.133878852898932  0.017385158134138  0.028047189083352  0.162893393670412  0.226094844390272  0.134250558952516  0.021329589341956  0.000000000000000  0.000000000000000  0.989656656415207  0.010082519456655  0.000000000000000  0.500000000000000  0.500000000000000  0.000000000000000  0.000000000000000  0.023003544721378  0.490049707670935  1.000000000000000 
16.0    K  0.036271997324491  0.000000000000000  0.013763583970734  0.000000000000000  0.000000000000000  0.051474438579223  0.016851256745226  0.000000000000000  0.188809073195353  0.000000000000000  0.000000000000000  0.056759276107594  0.116225617826645  0.018035709648701  0.181620631196421  0.306084098100051  0.014082038478294  0.000000000000000  0.000000000000000  0.000000000000000  0.959929261038908  0.017824433060444  0.022051185053261  0.409518348929914  0.590496330714765  0.000000000000000  0.000000000000000  0.023765293019391  0.499653546495226  1.000000000000000 
17.0    A  0.366783336041831  0.000000000000000  0.000000000000000  0.000000000000000  0.000000000000000  0.011461979251307  0.000000000000000  0.100900134313096  0.014082038478294  0.021732530807969  0.014367969471120  0.000000000000000  0.011800567074710  0.000000000000000  0.013093548979187  0.007198938954677  0.105476974516252  0.332862903309093  0.000000000000000  0.000000000000000  1.000000000000000  0.000000000000000  0.000000000000000  0.000000000000000  0.000000000000000  0.000000000000000  1.000000000000000  0.023308500417054  1.000000000000000  0.487339815445774 
18.0    C  0.054108535344979  0.301660979930191  0.000000000000000  0.012056876367648  0.000000000000000  0.042042725266307  0.000000000000000  0.000000000000000  0.182757181050004  0.000000000000000  0.000000000000000  0.000000000000000  0.010082519456655  0.047695600280017  0.312732270028317  0.013276328111541  0.000000000000000  0.023666661185578  0.000000000000000  0.000000000000000  1.000000000000000  0.000000000000000  0.000000000000000  0.000000000000000  0.000000000000000  1.000000000000000  0.000000000000000  0.023308500417054  1.000000000000000  0.487339815445774 
19.0    R  0.013706461698950  0.000000000000000  0.000000000000000  0.000000000000000  0.000000000000000  0.017530366883289  0.019064070473003  0.000000000000000  0.050415109951383  0.000000000000000  0.000000000000000  0.011973593439123  0.000000000000000  0.000000000000000  0.887611337269498  0.000000000000000  0.000000000000000  0.000000000000000  0.000000000000000  0.000000000000000  0.989656656415207  0.000000000000000  0.010322956294205  0.000000000000000  0.000000000000000  0.000000000000000  0.000000000000000  0.022467758325734  1.000000000000000  1.000000000000000 
20.0    R  0.021777769354492  0.202360554136852  0.073353011142585  0.000000000000000  0.009316475565083  0.000000000000000  0.046876218415182  0.013649576498698  0.029157280985525  0.000000000000000  0.036046425158126  0.227667458397995  0.000000000000000  0.044194173824159  0.088941466327162  0.162780523696129  0.007447644885064  0.020789516266886  0.000000000000000  0.015581738302376  0.979420297586927  0.000000000000000  0.020249077584896  0.000000000000000  0.000000000000000  1.000000000000000  0.000000000000000  0.022530138616566  1.000000000000000  0.500000000000000 
21.0    L  0.000000000000000  0.000000000000000  0.000000000000000  0.000000000000000  0.000000000000000  0.000000000000000  0.000000000000000  0.120574773073017  0.000000000000000  0.785672516667580  0.038207508677877  0.000000000000000  0.019887420863687  0.000000000000000  0.000000000000000  0.010701820155981  0.000000000000000  0.024843289092155  0.000000000000000  0.000000000000000  0.971307495541633  0.000000000000000  0.028616677700566  0.000000000000000  0.000000000000000  0.000000000000000  1.000000000000000  0.022436632978491  1.000000000000000  0.496202187342909 
22.0    F  0.012603777487846  0.000000000000000  0.000000000000000  0.000000000000000  0.774319027853220  0.000000000000000  0.015679246070461  0.000000000000000  0.011017952816284  0.017409275794052  0.000000000000000  0.000000000000000  0.153999759180720  0.000000000000000  0.000000000000000  0.000000000000000  0.000000000000000  0.014936645587402  0.000000000000000  0.000000000000000  0.925946022527324  0.000000000000000  0.074016975740852  0.000000000000000  0.000000000000000  0.000000000000000  1.000000000000000  0.023568438698228  1.000000000000000  0.478635729097649 
23.0    G  0.010650020369395  0.010337276874282  0.041694474052430  0.022608357591727  0.032419373017675  0.706127202192377  0.000000000000000  0.000000000000000  0.000000000000000  0.013677989526473  0.000000000000000  0.000000000000000  0.031642337729703  0.023847800140009  0.000000000000000  0.049343367918785  0.057631444869539  0.000000000000000  0.000000000000000  0.000000000000000  0.983502074026248  0.016827912128016  0.000000000000000  0.683020128377198  0.316878130508606  0.283810525536516  0.716480825186550  0.024671683959392  0.498615625676035  0.437695664847132 
24.0    P  0.096187951260054  0.000000000000000  0.030353359235676  0.027412923397901  0.000000000000000  0.000000000000000  0.000000000000000  0.000000000000000  0.046552420722584  0.014874654820274  0.017787406704295  0.000000000000000  0.405563577788521  0.016619260513956  0.103880732699206  0.203626890767554  0.037008487870426  0.000000000000000  0.000000000000000  0.000000000000000  0.863938187400277  0.000000000000000  0.136313466583157  0.000000000000000  0.000000000000000  0.333787075823977  0.666187412546011  0.024981432198515  1.000000000000000  0.456599125005996 
25.0    V  0.078890752007007  0.010416395914775  0.024620433939042  0.054033576956742  0.000000000000000  0.000000000000000  0.000000000000000  0.028616677700566  0.000000000000000  0.000000000000000  0.000000000000000  0.000000000000000  0.324209888662752  0.000000000000000  0.000000000000000  0.055861572647299  0.018736561152986  0.404721108273704  0.000000000000000  0.000000000000000  0.906890328933143  0.092911436526938  0.000000000000000  0.282828615711475  0.717474767303352  0.373194595824238  0.626766510220345  0.027489033622576  0.385552706351985  0.375009747321455 
26.0    D  0.011102281587354  0.000000000000000  0.560583039014254  0.053031743856619  0.000000000000000  0.000000000000000  0.000000000000000  0.000000000000000  0.022112408755104  0.000000000000000  0.000000000000000  0.031664278129971  0.063109456099793  0.020674553748564  0.000000000000000  0.071198961076382  0.166431451654546  0.000000000000000  0.000000000000000  0.000000000000000  0.990342871933025  0.009999003233159  0.000000000000000  1.000000000000000  0.000000000000000  0.000000000000000  1.000000000000000  0.024535253708549  0.500000000000000  0.419284092220466 
27.0    S  0.095656048113917  0.000000000000000  0.029177498278604  0.041291825176821  0.000000000000000  0.010145614083827  0.322864337575584  0.000000000000000  0.000000000000000  0.038022573707315  0.010806176789148  0.009766111738947  0.146401272652351  0.035329080222643  0.104385989928546  0.096121301954392  0.060078808024298  0.000000000000000  0.000000000000000  0.000000000000000  0.980099415341871  0.019956464987428  0.000000000000000  0.355026839635857  0.644834125327943  1.000000000000000  0.000000000000000  0.024535253708549  0.440740078953585  0.419284092220466 
28.0    E  0.143289023216047  0.005770851810869  0.126131454230585  0.377618146390706  0.000000000000000  0.023997035464095  0.043075161030488  0.000000000000000  0.020137103601328  0.038473262917029  0.000000000000000  0.050660319992832  0.013175486097658  0.063592480756418  0.005524271728020  0.034987902770445  0.033377044001495  0.020025748815003  0.000000000000000  0.000000000000000  1.000000000000000  0.000000000000000  0.000000000000000  0.000000000000000  0.000000000000000  0.000000000000000  0.000000000000000  0.022005378545501  1.000000000000000  1.000000000000000 
29.0    Q  0.030991147835572  0.000000000000000  0.061896429495814  0.602068690615708  0.000000000000000  0.000000000000000  0.000000000000000  0.000000000000000  0.022987605403996  0.018632951130166  0.000000000000000  0.018123432101647  0.000000000000000  0.210953949032504  0.000000000000000  0.021418481327808  0.012931200251222  0.000000000000000  0.000000000000000  0.000000000000000  0.974004268543241  0.026006210459735  0.000000000000000  0.375529981735232  0.624598062826688  0.000000000000000  0.000000000000000  0.017205337470281  0.475988954248766  1.000000000000000 
30.0    L  0.025559439329931  0.008992886650998  0.000000000000000  0.034578042284134  0.026644840367749  0.000000000000000  0.007583081795075  0.105330853687894  0.014447863720527  0.342220953272960  0.103736823198748  0.068821349881123  0.000000000000000  0.000000000000000  0.027699428099840  0.020531744174209  0.105769824575036  0.108142086323124  0.000000000000000  0.000000000000000  0.971980987981352  0.027699428099840  0.000000000000000  0.333324669272800  0.666649338545599  0.000000000000000  0.000000000000000  0.017015578364627  0.489370825198718  1.000000000000000 
31.0    R  0.022498926851792  0.010131559020711  0.131396613635963  0.183900843231967  0.000000000000000  0.035427169149326  0.036498981081660  0.000000000000000  0.159762420400381  0.007515058239569  0.000000000000000  0.068156733291579  0.000000000000000  0.036906020669673  0.188155843426383  0.059416193826864  0.055322110286222  0.005002968208319  0.000000000000000  0.000000000000000  0.972654947412286  0.027073026762503  0.000000000000000  0.186209682890338  0.813943185070435  0.000000000000000  0.000000000000000  0.017015578364627  0.475659138165900  1.000000000000000 
32.0    R  0.105696535922190  0.008048859012657  0.058964890680960  0.169458040850000  0.000000000000000  0.004334255750265  0.000000000000000  0.007416735319926  0.089374061647606  0.022097086912080  0.000000000000000  0.032240099353167  0.020109206989082  0.074894313833714  0.326012683814640  0.031774208540374  0.028755864082027  0.010821167719617  0.009909307807233  0.000000000000000  1.000000000000000  0.000000000000000  0.000000000000000  0.000000000000000  0.000000000000000  0.000000000000000  0.000000000000000  0.017039183322895  1.000000000000000  1.000000000000000 
33.0    D  0.014669871051804  0.010657404959995  0.172300644121954  0.167705278110283  0.304602565918798  0.007546377569725  0.010373165299863  0.000000000000000  0.013350152201402  0.045784402331604  0.013267128850732  0.016921485086343  0.027737854289672  0.059375023929680  0.011109979770213  0.012048522073500  0.000000000000000  0.010180837104401  0.074068298183849  0.028320685570854  1.000000000000000  0.000000000000000  0.000000000000000  0.000000000000000  0.000000000000000  0.000000000000000  0.000000000000000  0.017506081471784  1.000000000000000  1.000000000000000 
34.0    C  0.037786114869793  0.043495199744722  0.000000000000000  0.010373165299863  0.362235538638720  0.000000000000000  0.000000000000000  0.036676505571292  0.000000000000000  0.342220953272960  0.028517671516983  0.000000000000000  0.000000000000000  0.000000000000000  0.000000000000000  0.000000000000000  0.007556846325109  0.052848267961095  0.010438078737423  0.067873866020143  0.992404374685819  0.007546377569725  0.000000000000000  1.000000000000000  0.000000000000000  0.000000000000000  0.000000000000000  0.017506081471784  0.490049707670935  1.000000000000000 
35.0    D  0.163912751776956  0.010365977660915  0.127803566326240  0.117034030929312  0.010517969291225  0.041955390711883  0.014487977288054  0.007324774191071  0.096521891636473  0.017493951385222  0.006934463572418  0.062934721878545  0.000000000000000  0.132769898311922  0.044687030823803  0.057352492644460  0.068726009332159  0.019223302261737  0.000000000000000  0.000000000000000  0.989656656415207  0.010322956294205  0.000000000000000  0.125000000000000  0.874784764905822  0.000000000000000  0.000000000000000  0.017554685984869  0.499653546495226  1.000000000000000 
36.0    A  0.214641359109438  0.004010506037969  0.031862427593693  0.201241534405280  0.004684140288247  0.051976381148432  0.015103220266640  0.006963363249195  0.066985841408518  0.016746460352130  0.036752851571593  0.051474438579223  0.027584468634083  0.028935813203979  0.141316320890574  0.054409410206008  0.018098325096791  0.022328033433455  0.000000000000000  0.004842608202887  1.000000000000000  0.000000000000000  0.000000000000000  0.000000000000000  0.000000000000000  0.000000000000000  0.000000000000000  0.017554685984869  1.000000000000000  1.000000000000000 
37.0    L  0.241819082403483  0.000000000000000  0.000000000000000  0.204475514639445  0.004779250160671  0.015409886007709  0.068630800861691  0.017591227908387  0.060833085884890  0.093363341069521  0.010061575230546  0.000000000000000  0.000000000000000  0.103736823198748  0.057871626407958  0.077213664820433  0.004253894591157  0.029666941279704  0.000000000000000  0.010308655552913  1.000000000000000  0.000000000000000  0.000000000000000  0.000000000000000  0.000000000000000  0.000000000000000  0.000000000000000  0.017591227908387  1.000000000000000  1.000000000000000 
38.0    M  0.004505803144766  0.020746330599726  0.000000000000000  0.242826873885408  0.016447361792335  0.000000000000000  0.000000000000000  0.052048485680034  0.009916178797030  0.414947292794991  0.117521775313641  0.012344395497865  0.000000000000000  0.017799740269096  0.023003544721378  0.009645020366356  0.010438078737423  0.035797434311867  0.000000000000000  0.011899130778932  0.969961910341735  0.030206440533280  0.000000000000000  0.413225159077106  0.586824089140676  0.000000000000000  0.000000000000000  0.017591227908387  0.486664687079119  1.000000000000000 
39.0    A  0.125956720051313  0.017133931071686  0.067779838052691  0.158768872817349  0.000000000000000  0.014150530984653  0.000000000000000  0.000000000000000  0.154963462492373  0.025701564647265  0.007360400577381  0.050136322897030  0.000000000000000  0.159873197659679  0.186468003336433  0.026096497482137  0.000000000000000  0.000000000000000  0.005695349136002  0.000000000000000  0.992404374685819  0.007360400577381  0.000000000000000  0.250000000000000  0.750019494642909  0.000000000000000  0.000000000000000  0.017591227908387  0.500000000000000  1.000000000000000 
40.0    G  0.121834953861444  0.000000000000000  0.093428078039684  0.273194434775238  0.000000000000000  0.018211581220852  0.005002968208319  0.010287241578588  0.095589767367673  0.007525483547032  0.019263317585372  0.010881339692727  0.003952551566511  0.104169150894902  0.135465745855598  0.059705183523902  0.015810206266046  0.000000000000000  0.000000000000000  0.025612643988672  1.000000000000000  0.000000000000000  0.000000000000000  0.000000000000000  0.000000000000000  0.000000000000000  0.000000000000000  0.017591227908387  1.000000000000000  1.000000000000000 
41.0    C  0.021433332634228  0.027412923397901  0.070560275300383  0.067732872927799  0.000000000000000  0.015292838287460  0.066754088002991  0.174827010342308  0.005248060256724  0.092975860152157  0.099442060469365  0.029339742103608  0.006982696580912  0.193177637411997  0.019545766876770  0.050871449066902  0.000000000000000  0.043888902366812  0.000000000000000  0.014548356559847  1.000000000000000  0.000000000000000  0.000000000000000  0.000000000000000  0.000000000000000  0.000000000000000  0.000000000000000  0.017603425445270  1.000000000000000  1.000000000000000 
42.0    V  0.047761766273911  0.009909307807233  0.006982696580912  0.086329653008991  0.009207339123529  0.000000000000000  0.014710601008456  0.016367751985934  0.011662331119507  0.111800612722826  0.020861692238999  0.057154068093744  0.032128557083002  0.184795303909230  0.174342958293801  0.109575715164504  0.018697640050480  0.057751410777926  0.000000000000000  0.029956232452906  0.988285651500733  0.011398596439376  0.000000000000000  0.407818746669505  0.592135805926816  0.000000000000000  0.000000000000000  0.017603425445270  0.496546247718518  1.000000000000000 
43.0    Q  0.083331167318200  0.000000000000000  0.043646204139606  0.338916081700000  0.000000000000000  0.000000000000000  0.007070362991273  0.034987902770445  0.166431451654546  0.007139308204917  0.000000000000000  0.000000000000000  0.000000000000000  0.165740720037332  0.127538082406057  0.016075417310837  0.009137403625406  0.000000000000000  0.000000000000000  0.000000000000000  1.000000000000000  0.000000000000000  0.000000000000000  0.000000000000000  0.000000000000000  0.000000000000000  0.000000000000000  0.017603425445270  1.000000000000000  1.000000000000000 
44.0    E  0.101601950248040  0.007289320246381  0.028895727441053  0.252262908461170  0.000000000000000  0.000000000000000  0.009150079540772  0.000000000000000  0.049824529783784  0.052446852319159  0.012132326171891  0.017493951385222  0.000000000000000  0.092397651954615  0.273763117698394  0.042600081477578  0.005912565597537  0.039774841727373  0.000000000000000  0.014467906601989  0.993092495437036  0.006953716666035  0.000000000000000  0.333324669272800  0.666649338545599  0.000000000000000  0.000000000000000  0.017603425445270  0.500000000000000  1.000000000000000 
45.0    A  0.219759890227947  0.015755507107728  0.152301282959399  0.048060650977196  0.338446569763115  0.000000000000000  0.000000000000000  0.000000000000000  0.059251685320540  0.026998068356259  0.013175486097658  0.023163547028169  0.000000000000000  0.056838015737546  0.022655419263732  0.018919266936727  0.000000000000000  0.000000000000000  0.000000000000000  0.004674410012620  1.000000000000000  0.000000000000000  0.000000000000000  0.000000000000000  0.000000000000000  0.000000000000000  0.000000000000000  0.017603425445270  1.000000000000000  1.000000000000000 
46.0    R  0.110644220572443  0.022971677131079  0.000000000000000  0.052265399994629  0.000000000000000  0.010373165299863  0.000000000000000  0.083331167318200  0.046552420722584  0.000000000000000  0.032195436050627  0.024365776331604  0.000000000000000  0.150621539374348  0.109803808529795  0.256494536334285  0.084670311092835  0.015592542484360  0.000000000000000  0.000000000000000  0.995849753094458  0.004487102949207  0.000000000000000  0.142892291926755  0.857376036634172  0.000000000000000  0.000000000000000  0.017603425445270  0.500000000000000  1.000000000000000 
47.0    E  0.061468879626641  0.004346289533535  0.113991645689971  0.235859562723840  0.011063870611051  0.000000000000000  0.007080171392714  0.016435965300061  0.131487722400484  0.000000000000000  0.007134361328219  0.029319412390646  0.000000000000000  0.144485838319350  0.208627320288852  0.011825131195075  0.011678509754960  0.004999501616579  0.000000000000000  0.000000000000000  1.000000000000000  0.000000000000000  0.000000000000000  0.000000000000000  0.000000000000000  0.000000000000000  0.000000000000000  0.017603425445270  1.000000000000000  1.000000000000000 
48.0    R  0.026941985781800  0.000000000000000  0.010746420454217  0.010957025395644  0.000000000000000  0.012568880795967  0.011857962913860  0.005543450610158  0.555939578758553  0.016435965300061  0.000000000000000  0.005090418552200  0.000000000000000  0.030628106729433  0.276432663330067  0.007651721074898  0.029217974929733  0.000000000000000  0.000000000000000  0.000000000000000  1.000000000000000  0.000000000000000  0.000000000000000  0.000000000000000  0.000000000000000  0.000000000000000  0.000000000000000  0.017603425445270  1.000000000000000  1.000000000000000 
49.0    W  0.000000000000000  0.000000000000000  0.000000000000000  0.000000000000000  0.013621222492767  0.000000000000000  0.000000000000000  0.000000000000000  0.000000000000000  0.000000000000000  0.000000000000000  0.000000000000000  0.000000000000000  0.000000000000000  0.000000000000000  0.000000000000000  0.000000000000000  0.000000000000000  0.642603168734686  0.343647173893007  1.000000000000000  0.000000000000000  0.000000000000000  0.000000000000000  0.000000000000000  0.000000000000000  0.000000000000000  0.017603425445270  1.000000000000000  1.000000000000000 
50.0    N  0.000000000000000  0.000000000000000  0.058924033494890  0.008759109984598  0.000000000000000  0.205612517178116  0.000000000000000  0.000000000000000  0.000000000000000  0.000000000000000  0.000000000000000  0.675487042267819  0.000000000000000  0.000000000000000  0.011678509754960  0.015538596385519  0.024147204676500  0.000000000000000  0.000000000000000  0.000000000000000  0.976031760776225  0.000000000000000  0.024147204676500  0.000000000000000  0.000000000000000  0.000000000000000  0.000000000000000  0.017603425445270  1.000000000000000  1.000000000000000 
51.0    F  0.000000000000000  0.000000000000000  0.000000000000000  0.000000000000000  0.879039560911787  0.000000000000000  0.000000000000000  0.000000000000000  0.000000000000000  0.000000000000000  0.000000000000000  0.000000000000000  0.000000000000000  0.000000000000000  0.000000000000000  0.000000000000000  0.000000000000000  0.000000000000000  0.000000000000000  0.120909541201742  1.000000000000000  0.000000000000000  0.000000000000000  0.000000000000000  0.000000000000000  1.000000000000000  0.000000000000000  0.018671737575887  1.000000000000000  0.494485458190466 
52.0    D  0.000000000000000  0.017027376753333  0.796088098778780  0.000000000000000  0.000000000000000  0.000000000000000  0.007790869151188  0.000000000000000  0.000000000000000  0.015755507107728  0.000000000000000  0.125782227937223  0.000000000000000  0.000000000000000  0.000000000000000  0.037317599596081  0.000000000000000  0.000000000000000  0.000000000000000  0.000000000000000  1.000000000000000  0.000000000000000  0.000000000000000  0.000000000000000  0.000000000000000  0.000000000000000  0.000000000000000  0.017603425445270  1.000000000000000  1.000000000000000 
53.0    F  0.012327294388320  0.000000000000000  0.000000000000000  0.000000000000000  0.714992493180845  0.000000000000000  0.000000000000000  0.065244495463857  0.000000000000000  0.019518689463334  0.000000000000000  0.000000000000000  0.087777804733625  0.000000000000000  0.000000000000000  0.000000000000000  0.028047189083352  0.072142838594802  0.000000000000000  0.000000000000000  1.000000000000000  0.000000000000000  0.000000000000000  0.000000000000000  0.000000000000000  0.000000000000000  0.000000000000000  0.017603425445270  1.000000000000000  1.000000000000000 
54.0    V  0.124567532853483  0.000000000000000  0.034172983046395  0.119576019761484  0.015592542484360  0.047006367230897  0.043676467870346  0.036906020669673  0.068015152604425  0.028835702895431  0.000000000000000  0.009348820025240  0.000000000000000  0.050380176968310  0.137547326170767  0.054901904264898  0.007556846325109  0.221902834317374  0.000000000000000  0.000000000000000  0.988970916380931  0.011063870611051  0.000000000000000  0.166662334636400  0.833353207159218  0.000000000000000  0.000000000000000  0.017603425445270  0.500000000000000  1.000000000000000 
55.0    T  0.112344390826379  0.000000000000000  0.010746420454217  0.037812315288103  0.000000000000000  0.029914733068603  0.013175486097658  0.000000000000000  0.129857387912208  0.040695130924032  0.000000000000000  0.224688781652757  0.015755507107728  0.028596849003998  0.082412100905773  0.093752436830364  0.163799175482295  0.000000000000000  0.000000000000000  0.016435965300061  1.000000000000000  0.000000000000000  0.000000000000000  0.000000000000000  0.000000000000000  0.000000000000000  0.000000000000000  0.017603425445270  1.000000000000000  1.000000000000000 
56.0    E  0.011990203875007  0.000000000000000  0.366275218652834  0.274142897146974  0.007463147940488  0.212568540016049  0.036803837174843  0.000000000000000  0.024147204676500  0.006315006787543  0.000000000000000  0.017506081471784  0.000000000000000  0.022923958502614  0.000000000000000  0.000000000000000  0.012327294388320  0.000000000000000  0.000000000000000  0.007463147940488  1.000000000000000  0.000000000000000  0.000000000000000  0.000000000000000  0.000000000000000  0.000000000000000  0.000000000000000  0.017603425445270  1.000000000000000  1.000000000000000 
57.0    T  0.042807280623924  0.075939799494064  0.000000000000000  0.097260647069427  0.000000000000000  0.000000000000000  0.000000000000000  0.010934264574962  0.084964265119171  0.052775055463986  0.039719740290802  0.029238234307231  0.000000000000000  0.075258586326963  0.129677492070701  0.018211581220852  0.191843262000111  0.151354135493819  0.000000000000000  0.000000000000000  1.000000000000000  0.000000000000000  0.000000000000000  0.000000000000000  0.000000000000000  0.000000000000000  0.000000000000000  0.017603425445270  1.000000000000000  1.000000000000000 
58.0    P  0.010287241578588  0.000000000000000  0.000000000000000  0.000000000000000  0.000000000000000  0.000000000000000  0.000000000000000  0.000000000000000  0.000000000000000  0.000000000000000  0.000000000000000  0.011990203875007  0.931094819830229  0.000000000000000  0.024147204676500  0.006587743048829  0.016019800592009  0.000000000000000  0.000000000000000  0.000000000000000  0.993781093322555  0.000000000000000  0.006150843566947  0.000000000000000  0.000000000000000  0.000000000000000  0.000000000000000  0.017603425445270  1.000000000000000  1.000000000000000 
59.0    L  0.031774208540374  0.025085543397374  0.017591227908387  0.000000000000000  0.000000000000000  0.021612353578296  0.000000000000000  0.066155274679696  0.000000000000000  0.693996359507796  0.043224707156593  0.000000000000000  0.000000000000000  0.015061403245948  0.017652300227658  0.021167577773209  0.000000000000000  0.046584699587466  0.000000000000000  0.000000000000000  0.870550563296124  0.129139298460517  0.000000000000000  0.493800430722686  0.505926600513464  1.000000000000000  0.000000000000000  0.017640068825096  0.373971439590597  0.500000000000000 
60.0    E  0.071644511608024  0.000000000000000  0.107097744346071  0.252788020212826  0.000000000000000  0.044286168640882  0.000000000000000  0.016367751985934  0.025050791543731  0.038714021805747  0.000000000000000  0.038740865623093  0.246900215361343  0.030585676574920  0.063372467486877  0.056094378166704  0.000000000000000  0.008338479203437  0.000000000000000  0.000000000000000  0.766309980103892  0.233581836720795  0.000000000000000  0.504875648798343  0.495171435966512  0.000000000000000  0.000000000000000  0.017603425445270  0.242322454233766  1.000000000000000 
61.0    G  0.067779838052691  0.000000000000000  0.013917076571979  0.027242444985533  0.000000000000000  0.691116103264291  0.000000000000000  0.000000000000000  0.000000000000000  0.000000000000000  0.000000000000000  0.027911432886024  0.000000000000000  0.018723578458428  0.010979833595365  0.124913386623807  0.006877023543462  0.010365977660915  0.000000000000000  0.000000000000000  0.845572287377516  0.154427329640866  0.000000000000000  0.426022047537433  0.573951206927501  0.000000000000000  0.000000000000000  0.017787406704295  0.383420664918273  1.000000000000000 
62.0    D  0.035280137650192  0.000000000000000  0.143388378028271  0.008408125974873  0.010202029586632  0.063813257856700  0.030777076340486  0.011148550825921  0.033446521825832  0.016607744911852  0.000000000000000  0.019532223477894  0.045029054651185  0.029036271070341  0.487677730763821  0.042629619839980  0.014659706195323  0.008549169541100  0.000000000000000  0.000000000000000  1.000000000000000  0.000000000000000  0.000000000000000  0.000000000000000  0.000000000000000  1.000000000000000  0.000000000000000  0.017873921456309  1.000000000000000  0.500000000000000 
63.0    F  0.000000000000000  0.000000000000000  0.000000000000000  0.000000000000000  0.233419986228828  0.000000000000000  0.000000000000000  0.049652150006007  0.000000000000000  0.112734422297781  0.000000000000000  0.000000000000000  0.000000000000000  0.000000000000000  0.000000000000000  0.000000000000000  0.000000000000000  0.009752582413294  0.033261568201667  0.561360711036804  1.000000000000000  0.000000000000000  0.000000000000000  0.000000000000000  0.000000000000000  0.000000000000000  0.000000000000000  0.018135998662246  1.000000000000000  1.000000000000000 
64.0    A  0.040610595701733  0.007006938747359  0.044718016250716  0.464902471306581  0.000000000000000  0.000000000000000  0.010657404959995  0.066477042055824  0.084611642440779  0.000000000000000  0.000000000000000  0.017898717155934  0.000000000000000  0.127184961512836  0.000000000000000  0.016723260912916  0.036423162441705  0.063990431276778  0.000000000000000  0.018749552849581  0.982820598545251  0.000000000000000  0.017493951385222  0.000000000000000  0.000000000000000  0.000000000000000  0.000000000000000  0.018135998662246  1.000000000000000  1.000000000000000 
65.0    W  0.000000000000000  0.000000000000000  0.000000000000000  0.000000000000000  0.068964608752622  0.000000000000000  0.000000000000000  0.000000000000000  0.000000000000000  0.025916235806701  0.000000000000000  0.000000000000000  0.000000000000000  0.000000000000000  0.000000000000000  0.000000000000000  0.000000000000000  0.012967102899843  0.858565436437754  0.033539383949795  1.000000000000000  0.000000000000000  0.000000000000000  1.000000000000000  0.000000000000000  1.000000000000000  0.000000000000000  0.018010724168732  0.487339815445774  0.487339815445774 
66.0    E  0.021094343517543  0.000000000000000  0.027988927190339  0.441045682598588  0.008384845987449  0.008980428500271  0.000000000000000  0.016688522000748  0.060917476930722  0.000000000000000  0.007520269086732  0.019915009801863  0.000000000000000  0.056877426505056  0.035723072981689  0.000000000000000  0.096991356784357  0.197921466467818  0.000000000000000  0.000000000000000  1.000000000000000  0.000000000000000  0.000000000000000  0.000000000000000  0.000000000000000  0.000000000000000  0.000000000000000  0.018135998662246  1.000000000000000  1.000000000000000 
67.0    R  0.076839929203411  0.010761328487368  0.017027376753333  0.125260200634954  0.000000000000000  0.054258764225065  0.009042892320235  0.024298313621330  0.107544078826430  0.038821508805764  0.016734856612366  0.003773188784863  0.116548310804604  0.039664715188119  0.234717936828863  0.064928693956104  0.015744590006414  0.034078366645789  0.000000000000000  0.009978232493714  1.000000000000000  0.000000000000000  0.000000000000000  0.000000000000000  0.000000000000000  0.000000000000000  0.000000000000000  0.018060729789919  1.000000000000000  1.000000000000000 
68.0    V  0.034410674940561  0.005554989885107  0.011430243911753  0.010613174098039  0.006915263785778  0.004917020209003  0.000000000000000  0.083042863381032  0.000000000000000  0.262247331893736  0.034031156729253  0.000000000000000  0.000000000000000  0.016676958406874  0.000000000000000  0.020934118787935  0.037629293163482  0.450625231305415  0.000000000000000  0.020803931456818  0.985549336939371  0.000000000000000  0.014457881688091  0.000000000000000  0.000000000000000  0.000000000000000  0.000000000000000  0.019572881853502  1.000000000000000  1.000000000000000 
69.0    W  0.040949793870574  0.009786440926751  0.178872065002864  0.057392260143808  0.000000000000000  0.056055509978876  0.000000000000000  0.010452559021767  0.052265399994629  0.005687459175778  0.000000000000000  0.043646204139606  0.157781504014014  0.020067434515460  0.089746531913965  0.187245116803023  0.028656376350146  0.045531222309313  0.008765183441644  0.007154169425142  0.893785162356787  0.079992025865269  0.025970183174801  0.346757742282846  0.653382626946587  0.000000000000000  1.000000000000000  0.018581361171918  0.391748593474670  0.485653747770817 
70.0    G  0.142299253634360  0.056289123740496  0.025137761591935  0.141414307855738  0.009712106788312  0.076627178753322  0.006070369287375  0.025435724533451  0.051688960527704  0.008200911590805  0.000000000000000  0.028261855548784  0.103664943226805  0.037969899747032  0.034674046002120  0.175555609467250  0.045279442329840  0.031620412532092  0.000000000000000  0.000000000000000  0.936272247434492  0.034434534871144  0.029299096764285  0.500000000000000  0.500000000000000  0.000000000000000  1.000000000000000  0.017481829703683  0.456282744271726  0.471065636952404 
71.0    L  0.059663813383732  0.010019817209080  0.200406332349848  0.100481373842894  0.000000000000000  0.031511014215456  0.085792776953432  0.000000000000000  0.054749894691695  0.081956375888478  0.000000000000000  0.064390872101255  0.007149212250999  0.065335006262823  0.020179021098474  0.176287245060549  0.013368672276291  0.012850782323632  0.000000000000000  0.015887104270187  0.984866442895551  0.015271652600169  0.000000000000000  0.333324669272800  0.666649338545599  0.288171586699716  0.711531730617297  0.037240080455439  0.500000000000000  0.413225159077106 
72.0    G  0.050730598811080  0.046843737554861  0.170873431492726  0.123792858991628  0.095259051896236  0.093428078039684  0.017169597149639  0.000000000000000  0.029997789407466  0.000000000000000  0.000000000000000  0.010166733245640  0.000000000000000  0.035500914524584  0.037162722343835  0.149581120403839  0.115262889739079  0.000000000000000  0.000000000000000  0.024130472909118  0.946713631236714  0.037188490509584  0.016288527513143  1.000000000000000  0.000000000000000  0.926588061890371  0.073505703143185  0.035329080222643  0.495514781632040  0.438302860658018 
73.0    L  0.167125061925642  0.009598335784732  0.000000000000000  0.000000000000000  0.000000000000000  0.000000000000000  0.000000000000000  0.034220389712299  0.000000000000000  0.159099366909493  0.029873291174804  0.000000000000000  0.000000000000000  0.000000000000000  0.000000000000000  0.054749894691695  0.064257114166004  0.480963727332387  0.000000000000000  0.000000000000000  0.976031760776225  0.000000000000000  0.023880883136956  0.000000000000000  0.000000000000000  0.000000000000000  1.000000000000000  0.033609199701793  1.000000000000000  0.447512535463986 
74.0    P  0.014864348067684  0.000000000000000  0.000000000000000  0.054674047806614  0.000000000000000  0.000000000000000  0.000000000000000  0.000000000000000  0.000000000000000  0.000000000000000  0.000000000000000  0.000000000000000  0.930449657703015  0.000000000000000  0.000000000000000  0.000000000000000  0.000000000000000  0.000000000000000  0.000000000000000  0.000000000000000  0.981459063853479  0.000000000000000  0.018866884241977  0.000000000000000  0.000000000000000  0.000000000000000  1.000000000000000  0.033889919026346  1.000000000000000  0.406689599066063 
75.0    K  0.186726682139043  0.000000000000000  0.081108672933699  0.194791144915125  0.011751591807724  0.010873799936180  0.044966674375338  0.000000000000000  0.077053270341488  0.054221167947004  0.000000000000000  0.078563335907614  0.037214276542655  0.077912574642194  0.000000000000000  0.079274462457867  0.000000000000000  0.065607292726442  0.000000000000000  0.000000000000000  0.966606097064973  0.033054717613076  0.000000000000000  0.232129213076682  0.767905134851049  0.120074357994185  0.879649075922436  0.035329080222643  0.456282744271726  0.394746943350277 
76.0    L  0.021687386234619  0.000000000000000  0.000000000000000  0.000000000000000  0.644834125327943  0.000000000000000  0.000000000000000  0.033725882390763  0.000000000000000  0.061725053840336  0.109196611989587  0.000000000000000  0.033725882390763  0.000000000000000  0.000000000000000  0.000000000000000  0.024113752735296  0.071198961076382  0.000000000000000  0.000000000000000  1.000000000000000  0.000000000000000  0.000000000000000  0.000000000000000  0.000000000000000  0.000000000000000  1.000000000000000  0.033889919026346  1.000000000000000  0.406689599066063 
77.0    Y  0.000000000000000  0.009551877169469  0.054825846795801  0.000000000000000  0.019156794688331  0.000000000000000  0.030564483545229  0.000000000000000  0.000000000000000  0.000000000000000  0.000000000000000  0.000000000000000  0.000000000000000  0.000000000000000  0.000000000000000  0.000000000000000  0.000000000000000  0.032396909406866  0.000000000000000  0.853226098112067  1.000000000000000  0.000000000000000  0.000000000000000  0.142892291926755  0.857376036634172  0.048562954299003  0.951318276331799  0.033889919026346  0.500000000000000  0.406689599066063 
78.0    L  0.075939799494064  0.000000000000000  0.000000000000000  0.000000000000000  0.025737219289612  0.000000000000000  0.030883926609398  0.006758880395195  0.011957006014240  0.057511728164055  0.000000000000000  0.010672189505894  0.000000000000000  0.056289123740496  0.399425958224574  0.066707833627497  0.214344009158543  0.035797434311867  0.000000000000000  0.007987722895390  0.934975197751455  0.064928693956104  0.000000000000000  1.000000000000000  0.000000000000000  0.000000000000000  1.000000000000000  0.033679160782615  0.470413053756894  0.411225034356232 
79.0    P  0.093882495433808  0.000000000000000  0.044010757091003  0.142102121654502  0.000000000000000  0.000000000000000  0.000000000000000  0.000000000000000  0.012073602338250  0.188939991039528  0.000000000000000  0.000000000000000  0.147113342152346  0.027355979052946  0.131032809439616  0.111182374192237  0.102237757319723  0.000000000000000  0.000000000000000  0.000000000000000  1.000000000000000  0.000000000000000  0.000000000000000  0.000000000000000  0.000000000000000  0.000000000000000  1.000000000000000  0.036322315859941  1.000000000000000  0.411225034356232 
80.0    A  0.008844522672740  0.089808761034004  0.000000000000000  0.000000000000000  0.000000000000000  0.000000000000000  0.000000000000000  0.000000000000000  0.123193667117421  0.000000000000000  0.000000000000000  0.017277041458129  0.159541096103619  0.047398985792951  0.000000000000000  0.203626890767554  0.342220953272960  0.008206598000084  0.000000000000000  0.000000000000000  0.960594863953477  0.039719740290802  0.000000000000000  0.107469560780376  0.892546971472977  0.000000000000000  1.000000000000000  0.037655384843587  0.441045682598588  0.411225034356232 
81.0    G  0.074068298183849  0.000000000000000  0.000000000000000  0.000000000000000  0.020531744174209  0.102948877158447  0.030458738465361  0.045689295262501  0.000000000000000  0.011743449047387  0.000000000000000  0.000000000000000  0.035797434311867  0.038234001285371  0.344362511595784  0.000000000000000  0.044656066866909  0.251390145099617  0.000000000000000  0.000000000000000  0.974004268543241  0.000000000000000  0.025737219289612  0.000000000000000  0.000000000000000  0.000000000000000  1.000000000000000  0.044224817510208  1.000000000000000  0.411225034356232 
82.0    P  0.220370039476793  0.000000000000000  0.000000000000000  0.056956330039821  0.000000000000000  0.020193012978711  0.048664043191354  0.031293351740979  0.036121459579837  0.072896835611779  0.011759740214149  0.017518219969195  0.248445273330639  0.088572337281764  0.000000000000000  0.044718016250716  0.019695365493484  0.082812938565325  0.000000000000000  0.000000000000000  0.559030925482931  0.000000000000000  0.441045682598588  0.000000000000000  0.000000000000000  0.000000000000000  1.000000000000000  0.052337905469277  1.000000000000000  0.383686524000222 
83.0    R  0.075519865211871  0.000000000000000  0.000000000000000  0.000000000000000  0.000000000000000  0.000000000000000  0.000000000000000  0.082013203411998  0.064928693956104  0.109272327551297  0.000000000000000  0.000000000000000  0.000000000000000  0.000000000000000  0.495514781632040  0.000000000000000  0.000000000000000  0.125260200634954  0.047596523115727  0.000000000000000  0.632001549226403  0.000000000000000  0.368311921454120  0.000000000000000  0.000000000000000  0.000000000000000  1.000000000000000  0.126744934973754  1.000000000000000  0.260075066630496 
84.0    G  0.000000000000000  0.000000000000000  0.199851457588118  0.246729136471460  0.000000000000000  0.304602565918798  0.000000000000000  0.000000000000000  0.000000000000000  0.000000000000000  0.000000000000000  0.000000000000000  0.000000000000000  0.000000000000000  0.248789930455021  0.000000000000000  0.000000000000000  0.000000000000000  0.000000000000000  0.000000000000000  0.786762445353566  0.000000000000000  0.213306524528017  0.000000000000000  0.000000000000000  0.049275010878517  0.950659101229818  0.193982713568714  1.000000000000000  0.208771979857092 
85.0    G  0.127538082406057  0.000000000000000  0.000000000000000  0.000000000000000  0.000000000000000  0.796640096285583  0.000000000000000  0.000000000000000  0.000000000000000  0.000000000000000  0.000000000000000  0.000000000000000  0.000000000000000  0.000000000000000  0.000000000000000  0.000000000000000  0.076097876166437  0.000000000000000  0.000000000000000  0.000000000000000  1.000000000000000  0.000000000000000  0.000000000000000  0.000000000000000  0.000000000000000  0.031576607702711  0.968618189226628  0.216584214100022  1.000000000000000  0.198608600024026 
86.0    R  0.123535706437592  0.000000000000000  0.000000000000000  0.000000000000000  0.118503370641081  0.000000000000000  0.000000000000000  0.000000000000000  0.000000000000000  0.000000000000000  0.000000000000000  0.000000000000000  0.000000000000000  0.000000000000000  0.689680460913530  0.000000000000000  0.000000000000000  0.000000000000000  0.068393356328796  0.000000000000000  1.000000000000000  0.000000000000000  0.000000000000000  0.000000000000000  0.000000000000000  0.064168096607500  0.935623497831400  0.215834889643603  1.000000000000000  0.204192247777506 
87.0    D  0.000000000000000  0.000000000000000  0.377879982079057  0.274142897146974  0.000000000000000  0.000000000000000  0.000000000000000  0.000000000000000  0.000000000000000  0.000000000000000  0.000000000000000  0.000000000000000  0.144185700632503  0.000000000000000  0.000000000000000  0.203909373334752  0.000000000000000  0.000000000000000  0.000000000000000  0.000000000000000  0.879039560911787  0.000000000000000  0.121161227116883  0.000000000000000  0.000000000000000  0.030500992524257  0.969289816935065  0.202360554136852  1.000000000000000  0.215535886254399 
88.0    D  0.000000000000000  0.000000000000000  0.404721108273704  0.051225287977345  0.000000000000000  0.000000000000000  0.000000000000000  0.000000000000000  0.000000000000000  0.000000000000000  0.000000000000000  0.000000000000000  0.362989569975974  0.000000000000000  0.180992271547445  0.000000000000000  0.000000000000000  0.000000000000000  0.000000000000000  0.000000000000000  1.000000000000000  0.000000000000000  0.000000000000000  0.000000000000000  0.000000000000000  0.108442335894008  0.891310495896971  0.176776695296637  1.000000000000000  0.208627320288852 
89.0    L  0.000000000000000  0.000000000000000  0.000000000000000  0.000000000000000  0.000000000000000  0.000000000000000  0.000000000000000  0.000000000000000  0.099166730398893  0.818469181590804  0.000000000000000  0.000000000000000  0.044501568612408  0.000000000000000  0.000000000000000  0.000000000000000  0.000000000000000  0.037943590137345  0.000000000000000  0.000000000000000  1.000000000000000  0.000000000000000  0.000000000000000  0.071001829049168  0.929160674250913  0.252262908461170  0.747424624317469  0.154641559835897  0.452189688780544  0.228299562502998 
90.0    G  0.035550163371016  0.049240867878084  0.000000000000000  0.000000000000000  0.100272645794061  0.417254640577705  0.000000000000000  0.000000000000000  0.000000000000000  0.131761427911342  0.000000000000000  0.092847057541302  0.000000000000000  0.000000000000000  0.031730190652170  0.045154074935110  0.096187951260054  0.000000000000000  0.000000000000000  0.000000000000000  1.000000000000000  0.000000000000000  0.000000000000000  0.000000000000000  0.000000000000000  0.781869643128594  0.217939559884266  0.131487722400484  1.000000000000000  0.276624338273068 
91.0    G  0.328507906787343  0.037629293163482  0.051653144884638  0.119741902277837  0.000000000000000  0.373712312158735  0.000000000000000  0.000000000000000  0.000000000000000  0.000000000000000  0.000000000000000  0.000000000000000  0.000000000000000  0.057074890625749  0.000000000000000  0.000000000000000  0.031664278129971  0.000000000000000  0.000000000000000  0.000000000000000  1.000000000000000  0.000000000000000  0.000000000000000  0.000000000000000  0.000000000000000  0.523405140987288  0.476318999021969  0.082927821287323  1.000000000000000  0.442883759551180 
92.0    G  0.000000000000000  0.053178983094159  0.041926319527571  0.000000000000000  0.000000000000000  0.204759174464957  0.283810525536516  0.034987902770445  0.037891025595679  0.000000000000000  0.000000000000000  0.095523532547823  0.048394939240826  0.053548872173036  0.000000000000000  0.094732285406900  0.051154323849425  0.000000000000000  0.000000000000000  0.000000000000000  1.000000000000000  0.000000000000000  0.000000000000000  0.000000000000000  0.000000000000000  0.000000000000000  1.000000000000000  0.076045147414629  1.000000000000000  0.475988954248766 
93.0    K  0.000000000000000  0.000000000000000  0.083273426568251  0.030606884299591  0.000000000000000  0.000000000000000  0.000000000000000  0.000000000000000  0.326464946772229  0.024569290379385  0.000000000000000  0.000000000000000  0.000000000000000  0.000000000000000  0.165970644797805  0.071943093207985  0.000000000000000  0.297301778750680  0.000000000000000  0.000000000000000  0.910669833591978  0.089064850884299  0.000000000000000  0.395294558301972  0.604577837916681  0.000000000000000  1.000000000000000  0.076045147414629  0.455966582759885  0.475988954248766 
94.0    R  0.048394939240826  0.000000000000000  0.000000000000000  0.000000000000000  0.000000000000000  0.000000000000000  0.000000000000000  0.000000000000000  0.030606884299591  0.000000000000000  0.000000000000000  0.032106294980593  0.000000000000000  0.071943093207985  0.721464343430814  0.000000000000000  0.000000000000000  0.095722374818399  0.000000000000000  0.000000000000000  0.978063473447339  0.000000000000000  0.021914050791288  0.000000000000000  0.000000000000000  0.000000000000000  1.000000000000000  0.076045147414629  1.000000000000000  0.475988954248766 
95.0    P  0.000000000000000  0.000000000000000  0.000000000000000  0.072493728406590  0.000000000000000  0.032396909406866  0.000000000000000  0.000000000000000  0.000000000000000  0.059705183523902  0.000000000000000  0.000000000000000  0.804408370941916  0.000000000000000  0.000000000000000  0.030991147835572  0.000000000000000  0.000000000000000  0.000000000000000  0.000000000000000  0.900625979847929  0.000000000000000  0.099098017076286  0.000000000000000  0.000000000000000  0.336341802130457  0.663882579191219  0.076468002570742  1.000000000000000  0.460412848602520 
96.0    S  0.064569649230258  0.057671405790862  0.036322315859941  0.047596523115727  0.000000000000000  0.135371880690741  0.000000000000000  0.041377778449856  0.052884912287518  0.065199287095616  0.032329611922466  0.000000000000000  0.000000000000000  0.051403129294529  0.042985681816867  0.372419365780676  0.000000000000000  0.000000000000000  0.000000000000000  0.000000000000000  0.931740429304773  0.000000000000000  0.068015152604425  0.000000000000000  0.000000000000000  0.639492790638714  0.360732171715407  0.079825859949712  1.000000000000000  0.423959982316574 
97.0    T  0.167589073947542  0.000000000000000  0.000000000000000  0.099304300012013  0.000000000000000  0.000000000000000  0.000000000000000  0.000000000000000  0.000000000000000  0.057114465639338  0.000000000000000  0.033146491917757  0.025970183174801  0.083852639055141  0.071297732241776  0.133323222603971  0.300617312224544  0.027795593548059  0.000000000000000  0.000000000000000  1.000000000000000  0.000000000000000  0.000000000000000  0.000000000000000  0.000000000000000  0.000000000000000  1.000000000000000  0.090058109302370  1.000000000000000  0.442883759551180 
98.0    S  0.251215955105946  0.045154074935110  0.030060232958274  0.098413497071150  0.000000000000000  0.000000000000000  0.000000000000000  0.000000000000000  0.078237278665875  0.000000000000000  0.000000000000000  0.000000000000000  0.000000000000000  0.000000000000000  0.061939347704005  0.368056715542045  0.000000000000000  0.036498981081660  0.000000000000000  0.030416542942445  0.678302163723836  0.321747311825318  0.000000000000000  0.191976283712762  0.808320868805567  0.523405140987288  0.476318999021969  0.090058109302370  0.358240412593275  0.442883759551180 
99.0    S  0.081729459283547  0.000000000000000  0.150830489965095  0.227037104430377  0.000000000000000  0.000000000000000  0.055977854380678  0.000000000000000  0.000000000000000  0.000000000000000  0.000000000000000  0.000000000000000  0.208916739730463  0.000000000000000  0.000000000000000  0.212421249784663  0.000000000000000  0.000000000000000  0.063109456099793  0.000000000000000  1.000000000000000  0.000000000000000  0.000000000000000  0.000000000000000  0.000000000000000  1.000000000000000  0.000000000000000  0.083504629899381  1.000000000000000  0.475988954248766 
100.0    T  0.372161313791635  0.000000000000000  0.074946244611945  0.056367211148891  0.000000000000000  0.000000000000000  0.093752436830364  0.027546254934599  0.000000000000000  0.034363004666080  0.000000000000000  0.072997962163320  0.000000000000000  0.049002528379734  0.053921334033916  0.061086610400675  0.071943093207985  0.031928752584822  0.000000000000000  0.000000000000000  0.951977908497532  0.000000000000000  0.048294409352999  0.000000000000000  0.000000000000000  0.000000000000000  0.000000000000000  0.079604842207906  1.000000000000000  1.000000000000000 
101.0    L  0.085082132281217  0.000000000000000  0.000000000000000  0.000000000000000  0.000000000000000  0.000000000000000  0.000000000000000  0.000000000000000  0.000000000000000  0.687294347786015  0.000000000000000  0.000000000000000  0.119244943818445  0.074790560201920  0.033562639738129  0.000000000000000  0.000000000000000  0.000000000000000  0.000000000000000  0.000000000000000  1.000000000000000  0.000000000000000  0.000000000000000  0.000000000000000  0.000000000000000  0.000000000000000  1.000000000000000  0.083504629899381  1.000000000000000  0.475988954248766 
102.0    L  0.000000000000000  0.074790560201920  0.053921334033916  0.000000000000000  0.000000000000000  0.119244943818445  0.063109456099793  0.030101934188130  0.000000000000000  0.476649272644080  0.061682284117865  0.000000000000000  0.000000000000000  0.058314561971050  0.000000000000000  0.000000000000000  0.000000000000000  0.062197482613755  0.000000000000000  0.000000000000000  1.000000000000000  0.000000000000000  0.000000000000000  0.000000000000000  0.000000000000000  0.000000000000000  1.000000000000000  0.083504629899381  1.000000000000000  0.475988954248766 
103.0    P  0.000000000000000  0.000000000000000  0.076097876166437  0.000000000000000  0.000000000000000  0.000000000000000  0.000000000000000  0.000000000000000  0.031163476604752  0.000000000000000  0.000000000000000  0.184155960727060  0.083504629899381  0.519069635271529  0.000000000000000  0.105989995579143  0.000000000000000  0.000000000000000  0.000000000000000  0.000000000000000  0.947370070599268  0.024774504269071  0.027814866664141  0.500000000000000  0.500000000000000  0.000000000000000  1.000000000000000  0.083504629899381  0.492433221447775  0.475988954248766 
104.0    G  0.000000000000000  0.000000000000000  0.109499789383391  0.195738574064136  0.000000000000000  0.209206560670848  0.000000000000000  0.000000000000000  0.086869888740146  0.000000000000000  0.042777619159120  0.000000000000000  0.098209064583448  0.076680311078363  0.000000000000000  0.181117769319360  0.000000000000000  0.000000000000000  0.000000000000000  0.000000000000000  1.000000000000000  0.000000000000000  0.000000000000000  0.000000000000000  0.000000000000000  0.356506429341035  0.643494623650635  0.083100444261357  1.000000000000000  0.459138081150462 
105.0    T  0.083794536973771  0.000000000000000  0.000000000000000  0.000000000000000  0.000000000000000  0.000000000000000  0.000000000000000  0.000000000000000  0.000000000000000  0.063109456099793  0.000000000000000  0.000000000000000  0.055939066932998  0.000000000000000  0.395020655931689  0.122852574818156  0.204617295397701  0.074790560201920  0.000000000000000  0.000000000000000  0.966606097064973  0.033562639738129  0.000000000000000  0.250000000000000  0.750019494642909  0.000000000000000  1.000000000000000  0.083504629899381  0.481964903870322  0.475988954248766 
106.0    A  0.672683604260913  0.126394010106413  0.000000000000000  0.000000000000000  0.000000000000000  0.091886708524315  0.000000000000000  0.000000000000000  0.000000000000000  0.000000000000000  0.000000000000000  0.000000000000000  0.000000000000000  0.000000000000000  0.000000000000000  0.109120948891720  0.000000000000000  0.000000000000000  0.000000000000000  0.000000000000000  1.000000000000000  0.000000000000000  0.000000000000000  0.000000000000000  0.000000000000000  0.000000000000000  1.000000000000000  0.083504629899381  1.000000000000000  0.475988954248766 
107.0    R  0.078563335907614  0.000000000000000  0.109272327551297  0.287772372831941  0.000000000000000  0.125956720051313  0.000000000000000  0.000000000000000  0.094666644742311  0.000000000000000  0.000000000000000  0.000000000000000  0.045720975647010  0.128781744202509  0.090684512989636  0.000000000000000  0.038633601903780  0.000000000000000  0.000000000000000  0.000000000000000  0.933032991536807  0.066939426449466  0.000000000000000  1.000000000000000  0.000000000000000  0.000000000000000  1.000000000000000  0.094208431847399  0.473028823362798  0.475988954248766 
108.0    E  0.000000000000000  0.000000000000000  0.019397304555096  0.428985265214345  0.000000000000000  0.042217940141739  0.037759932605936  0.000000000000000  0.059539874877746  0.000000000000000  0.000000000000000  0.000000000000000  0.000000000000000  0.000000000000000  0.317537745634697  0.000000000000000  0.094666644742311  0.000000000000000  0.000000000000000  0.000000000000000  1.000000000000000  0.000000000000000  0.000000000000000  0.000000000000000  0.000000000000000  0.000000000000000  1.000000000000000  0.094208431847399  1.000000000000000  0.475988954248766 
109.0    D  0.000000000000000  0.000000000000000  0.310572070446110  0.443498152576075  0.000000000000000  0.000000000000000  0.000000000000000  0.000000000000000  0.066939426449466  0.000000000000000  0.040836414184162  0.000000000000000  0.000000000000000  0.000000000000000  0.076415017355754  0.061767853218796  0.000000000000000  0.000000000000000  0.000000000000000  0.000000000000000  0.788400174056278  0.000000000000000  0.211833108736530  0.000000000000000  0.000000000000000  0.000000000000000  1.000000000000000  0.094208431847399  1.000000000000000  0.475988954248766 
110.0    H  0.084202098554106  0.000000000000000  0.000000000000000  0.000000000000000  0.000000000000000  0.000000000000000  0.396666921595571  0.000000000000000  0.000000000000000  0.000000000000000  0.000000000000000  0.431071772508798  0.000000000000000  0.000000000000000  0.000000000000000  0.000000000000000  0.000000000000000  0.000000000000000  0.000000000000000  0.087838668762920  0.600818024763425  0.399149193178325  0.000000000000000  0.047333322371155  0.952637998043937  0.000000000000000  1.000000000000000  0.119658932274412  0.358240412593275  0.359982829628671 
111.0    L  0.098073012237094  0.000000000000000  0.000000000000000  0.000000000000000  0.000000000000000  0.000000000000000  0.092782723164316  0.137642699762245  0.000000000000000  0.164824201811546  0.060245612983790  0.000000000000000  0.000000000000000  0.000000000000000  0.000000000000000  0.000000000000000  0.000000000000000  0.446582926176380  0.000000000000000  0.000000000000000  1.000000000000000  0.000000000000000  0.000000000000000  0.000000000000000  0.000000000000000  0.143289023216047  0.856781954768570  0.130488990927715  1.000000000000000  0.325110036637120 
112.0    D  0.059457392270737  0.000000000000000  0.296478624852737  0.092014178885511  0.000000000000000  0.000000000000000  0.000000000000000  0.000000000000000  0.000000000000000  0.000000000000000  0.000000000000000  0.326012683814640  0.071495685825238  0.087716982877442  0.000000000000000  0.000000000000000  0.066707833627497  0.000000000000000  0.000000000000000  0.000000000000000  1.000000000000000  0.000000000000000  0.000000000000000  0.000000000000000  0.000000000000000  0.000000000000000  1.000000000000000  0.122852574818156  1.000000000000000  0.345797657252741 
113.0    L  0.000000000000000  0.000000000000000  0.000000000000000  0.000000000000000  0.000000000000000  0.000000000000000  0.000000000000000  0.000000000000000  0.071495685825238  0.510506062853597  0.000000000000000  0.000000000000000  0.000000000000000  0.000000000000000  0.000000000000000  0.326012683814640  0.000000000000000  0.092014178885511  0.000000000000000  0.000000000000000  1.000000000000000  0.000000000000000  0.000000000000000  0.000000000000000  0.000000000000000  0.000000000000000  1.000000000000000  0.122852574818156  1.000000000000000  0.345797657252741 
114.0    S  0.000000000000000  0.000000000000000  0.000000000000000  0.000000000000000  0.000000000000000  0.000000000000000  0.000000000000000  0.000000000000000  0.066707833627497  0.034770316268276  0.000000000000000  0.000000000000000  0.000000000000000  0.000000000000000  0.000000000000000  0.647521499427212  0.251215955105946  0.000000000000000  0.000000000000000  0.000000000000000  0.836246399914063  0.163572258931876  0.000000000000000  1.000000000000000  0.000000000000000  0.000000000000000  1.000000000000000  0.122852574818156  0.442576882289773  0.345797657252741 
115.0    L  0.066707833627497  0.000000000000000  0.000000000000000  0.071495685825238  0.000000000000000  0.000000000000000  0.000000000000000  0.000000000000000  0.000000000000000  0.719965659257343  0.049928244778072  0.000000000000000  0.000000000000000  0.000000000000000  0.092014178885511  0.000000000000000  0.000000000000000  0.000000000000000  0.000000000000000  0.000000000000000  1.000000000000000  0.000000000000000  0.000000000000000  0.000000000000000  0.000000000000000  0.000000000000000  1.000000000000000  0.122852574818156  1.000000000000000  0.345797657252741 
116.0    S  0.087716982877442  0.000000000000000  0.150935073935812  0.267201497802752  0.000000000000000  0.000000000000000  0.000000000000000  0.000000000000000  0.066707833627497  0.000000000000000  0.000000000000000  0.000000000000000  0.000000000000000  0.000000000000000  0.071495685825238  0.317317721504951  0.038687196588670  0.000000000000000  0.000000000000000  0.000000000000000  1.000000000000000  0.000000000000000  0.000000000000000  0.000000000000000  0.000000000000000  0.245705149636313  0.754190038343289  0.122852574818156  1.000000000000000  0.345797657252741 
117.0    C  0.123193667117421  0.482968164462423  0.000000000000000  0.000000000000000  0.000000000000000  0.060329189054485  0.000000000000000  0.000000000000000  0.000000000000000  0.000000000000000  0.000000000000000  0.000000000000000  0.000000000000000  0.000000000000000  0.000000000000000  0.333555792419442  0.000000000000000  0.000000000000000  0.000000000000000  0.000000000000000  1.000000000000000  0.000000000000000  0.000000000000000  0.000000000000000  0.000000000000000  0.000000000000000  1.000000000000000  0.108668070011253  1.000000000000000  0.379454813243513 
118.0    T  0.063460381304339  0.000000000000000  0.000000000000000  0.000000000000000  0.000000000000000  0.000000000000000  0.000000000000000  0.000000000000000  0.000000000000000  0.081052472165688  0.000000000000000  0.307786103336229  0.000000000000000  0.046102858033839  0.000000000000000  0.102450575954690  0.318640156829816  0.000000000000000  0.000000000000000  0.080548414405313  0.918912883479050  0.000000000000000  0.081052472165688  0.000000000000000  0.000000000000000  0.000000000000000  1.000000000000000  0.108668070011253  1.000000000000000  0.379454813243513 
119.0    L  0.069878865685366  0.000000000000000  0.000000000000000  0.000000000000000  0.000000000000000  0.000000000000000  0.000000000000000  0.107395094368398  0.000000000000000  0.294634851952921  0.000000000000000  0.000000000000000  0.000000000000000  0.000000000000000  0.066523136403335  0.000000000000000  0.408951029278891  0.052483218309009  0.000000000000000  0.000000000000000  1.000000000000000  0.000000000000000  0.000000000000000  0.000000000000000  0.000000000000000  0.195874296737335  0.803850990743151  0.119908014915658  1.000000000000000  0.354043859553636 
120.0    M  0.000000000000000  0.000000000000000  0.295043585834050  0.000000000000000  0.000000000000000  0.000000000000000  0.000000000000000  0.080548414405313  0.000000000000000  0.094732285406900  0.059995578814932  0.051617354058483  0.000000000000000  0.000000000000000  0.000000000000000  0.049240867878084  0.000000000000000  0.368822864270710  0.000000000000000  0.000000000000000  0.918912883479050  0.000000000000000  0.081052472165688  0.000000000000000  0.000000000000000  0.000000000000000  1.000000000000000  0.108668070011253  1.000000000000000  0.379454813243513 
121.0    P  0.000000000000000  0.000000000000000  0.000000000000000  0.000000000000000  0.000000000000000  0.000000000000000  0.000000000000000  0.000000000000000  0.000000000000000  0.000000000000000  0.000000000000000  0.170991912987811  0.446582926176380  0.146807746401707  0.000000000000000  0.057591511637419  0.177882932654324  0.000000000000000  0.000000000000000  0.000000000000000  1.000000000000000  0.000000000000000  0.000000000000000  0.000000000000000  0.000000000000000  0.000000000000000  1.000000000000000  0.119908014915658  1.000000000000000  0.354043859553636 
122.0    H  0.000000000000000  0.000000000000000  0.129767408817882  0.186985719795299  0.000000000000000  0.066523136403335  0.260797148382465  0.000000000000000  0.000000000000000  0.052483218309009  0.000000000000000  0.000000000000000  0.000000000000000  0.000000000000000  0.196010113518935  0.107395094368398  0.000000000000000  0.000000000000000  0.000000000000000  0.000000000000000  0.828744904487992  0.170991912987811  0.000000000000000  0.500000000000000  0.500000000000000  0.000000000000000  1.000000000000000  0.119908014915658  0.443498152576075  0.354043859553636 
123.0    S  0.034650020112596  0.000000000000000  0.000000000000000  0.069878865685366  0.000000000000000  0.022939853688033  0.054522669110672  0.000000000000000  0.000000000000000  0.000000000000000  0.000000000000000  0.000000000000000  0.125782227937223  0.000000000000000  0.000000000000000  0.322864337575584  0.052483218309009  0.000000000000000  0.000000000000000  0.316878130508606  1.000000000000000  0.000000000000000  0.000000000000000  0.000000000000000  0.000000000000000  0.000000000000000  1.000000000000000  0.119908014915658  1.000000000000000  0.354043859553636 
124.0    P  0.000000000000000  0.000000000000000  0.316878130508606  0.092269650355177  0.000000000000000  0.068345966092790  0.000000000000000  0.000000000000000  0.107395094368398  0.000000000000000  0.000000000000000  0.000000000000000  0.345318612035964  0.000000000000000  0.000000000000000  0.000000000000000  0.000000000000000  0.069878865685366  0.000000000000000  0.000000000000000  1.000000000000000  0.000000000000000  0.000000000000000  0.000000000000000  0.000000000000000  0.389582289830250  0.610473256334567  0.119908014915658  1.000000000000000  0.354043859553636 
125.0    E  0.091252000665908  0.000000000000000  0.000000000000000  0.430773079856009  0.000000000000000  0.000000000000000  0.000000000000000  0.000000000000000  0.074635199192162  0.000000000000000  0.000000000000000  0.000000000000000  0.000000000000000  0.000000000000000  0.073812041339346  0.329419987933535  0.000000000000000  0.000000000000000  0.000000000000000  0.000000000000000  0.867538687152068  0.000000000000000  0.132585967671027  0.000000000000000  0.000000000000000  0.000000000000000  1.000000000000000  0.099029351365621  1.000000000000000  0.406689599066063 
126.0    R  0.000000000000000  0.000000000000000  0.000000000000000  0.072644631719882  0.050765774772265  0.000000000000000  0.000000000000000  0.000000000000000  0.090684512989636  0.000000000000000  0.000000000000000  0.000000000000000  0.000000000000000  0.341746862985452  0.389042588277709  0.055207190717592  0.000000000000000  0.000000000000000  0.000000000000000  0.000000000000000  0.808320868805567  0.000000000000000  0.191444749636798  0.000000000000000  0.000000000000000  0.000000000000000  1.000000000000000  0.118093380124651  1.000000000000000  0.355519352646819 
127.0    P  0.039774841727373  0.000000000000000  0.383952567425525  0.064301669243348  0.000000000000000  0.000000000000000  0.000000000000000  0.000000000000000  0.084318908396231  0.000000000000000  0.000000000000000  0.000000000000000  0.427501088945986  0.000000000000000  0.000000000000000  0.000000000000000  0.000000000000000  0.000000000000000  0.000000000000000  0.000000000000000  1.000000000000000  0.000000000000000  0.000000000000000  0.000000000000000  0.000000000000000  0.000000000000000  1.000000000000000  0.152195752332873  1.000000000000000  0.303548721098762 
128.0    E  0.000000000000000  0.000000000000000  0.000000000000000  0.891928519420093  0.000000000000000  0.000000000000000  0.000000000000000  0.000000000000000  0.107992273425035  0.000000000000000  0.000000000000000  0.000000000000000  0.000000000000000  0.000000000000000  0.000000000000000  0.000000000000000  0.000000000000000  0.000000000000000  0.000000000000000  0.000000000000000  0.615999036722878  0.383952567425525  0.000000000000000  0.166316130135086  0.833931043824964  0.134343646606938  0.865736565519658  0.152195752332873  0.397492625474487  0.303548721098762 
129.0    A  0.136881558849197  0.000000000000000  0.069540632536552  0.083794536973771  0.000000000000000  0.212421249784663  0.000000000000000  0.000000000000000  0.000000000000000  0.000000000000000  0.000000000000000  0.080940187428402  0.049652150006007  0.000000000000000  0.000000000000000  0.305660069423017  0.061128967090459  0.000000000000000  0.000000000000000  0.000000000000000  1.000000000000000  0.000000000000000  0.000000000000000  0.000000000000000  0.000000000000000  0.191976283712762  0.807760777609608  0.138216331665034  1.000000000000000  0.311866392978511 
130.0    S  0.000000000000000  0.000000000000000  0.000000000000000  0.000000000000000  0.000000000000000  0.000000000000000  0.000000000000000  0.075677067746910  0.000000000000000  0.000000000000000  0.000000000000000  0.000000000000000  0.000000000000000  0.109575715164504  0.000000000000000  0.758383772687221  0.056094378166704  0.000000000000000  0.000000000000000  0.000000000000000  0.906261938267334  0.093882495433808  0.000000000000000  0.500000000000000  0.500000000000000  0.000000000000000  1.000000000000000  0.122767449407924  0.473028823362798  0.341510064188599 
131.0    P  0.000000000000000  0.000000000000000  0.000000000000000  0.000000000000000  0.000000000000000  0.000000000000000  0.000000000000000  0.000000000000000  0.088756709908964  0.000000000000000  0.000000000000000  0.204901151909379  0.372419365780676  0.000000000000000  0.052665426843947  0.187504873660727  0.093882495433808  0.000000000000000  0.000000000000000  0.000000000000000  0.801625329399394  0.198196034152571  0.000000000000000  0.167821562847533  0.832198734711525  0.734075318017052  0.265723918589638  0.122767449407924  0.377879982079057  0.341510064188599 
132.0    G  0.127980862553555  0.171942727267468  0.000000000000000  0.000000000000000  0.000000000000000  0.304391504665747  0.000000000000000  0.030164594527242  0.123108305361944  0.000000000000000  0.000000000000000  0.064614421015498  0.000000000000000  0.000000000000000  0.000000000000000  0.074790560201920  0.032871930600121  0.070072879876782  0.000000000000000  0.000000000000000  0.918912883479050  0.000000000000000  0.081108672933699  0.000000000000000  0.000000000000000  0.000000000000000  1.000000000000000  0.094077921713192  1.000000000000000  0.456282744271726 
133.0    A  0.208482760956241  0.000000000000000  0.000000000000000  0.029076551803219  0.000000000000000  0.246558176123340  0.000000000000000  0.000000000000000  0.000000000000000  0.000000000000000  0.000000000000000  0.000000000000000  0.043404847992660  0.000000000000000  0.000000000000000  0.145793671223558  0.282632641781148  0.043949787497285  0.000000000000000  0.000000000000000  0.924022572446823  0.076203443379769  0.000000000000000  1.000000000000000  0.000000000000000  0.000000000000000  1.000000000000000  0.103377921055408  0.470739232270603  0.414947292794991 
134.0    P  0.041177498491692  0.000000000000000  0.000000000000000  0.000000000000000  0.000000000000000  0.072795849154279  0.000000000000000  0.000000000000000  0.000000000000000  0.000000000000000  0.000000000000000  0.000000000000000  0.345797657252741  0.000000000000000  0.114070686067931  0.220981882765918  0.159430548959818  0.045689295262501  0.000000000000000  0.000000000000000  0.940174202509126  0.059581159080510  0.000000000000000  0.062500000000000  0.937571096457110  0.472046209575125  0.528142812675929  0.103377921055408  0.475988954248766  0.414947292794991 
135.0    G  0.064614421015498  0.000000000000000  0.028066636652623  0.135278080565714  0.000000000000000  0.283613871233989  0.000000000000000  0.000000000000000  0.068916822691807  0.000000000000000  0.000000000000000  0.000000000000000  0.000000000000000  0.068964608752622  0.095855166229568  0.087534770055450  0.167125061925642  0.000000000000000  0.000000000000000  0.000000000000000  1.000000000000000  0.000000000000000  0.000000000000000  0.000000000000000  0.000000000000000  0.000000000000000  1.000000000000000  0.094077921713192  1.000000000000000  0.456282744271726 
136.0    T  0.000000000000000  0.000000000000000  0.056016668723088  0.055130710324824  0.000000000000000  0.000000000000000  0.000000000000000  0.000000000000000  0.118750047859361  0.000000000000000  0.000000000000000  0.000000000000000  0.026078415036107  0.040666932982560  0.068964608752622  0.412081042476620  0.153466960489383  0.068916822691807  0.000000000000000  0.000000000000000  1.000000000000000  0.000000000000000  0.000000000000000  0.000000000000000  0.000000000000000  0.000000000000000  1.000000000000000  0.094077921713192  1.000000000000000  0.456282744271726 
137.0    S  0.220064753390788  0.000000000000000  0.000000000000000  0.000000000000000  0.000000000000000  0.000000000000000  0.000000000000000  0.000000000000000  0.000000000000000  0.000000000000000  0.000000000000000  0.000000000000000  0.149996422796652  0.000000000000000  0.000000000000000  0.629814989973700  0.000000000000000  0.000000000000000  0.000000000000000  0.000000000000000  0.959264119325264  0.000000000000000  0.040666932982560  0.000000000000000  0.000000000000000  0.000000000000000  1.000000000000000  0.094077921713192  1.000000000000000  0.456282744271726 
138.0    Q  0.120240931833097  0.000000000000000  0.083678453561153  0.100970097201201  0.000000000000000  0.070707153927869  0.000000000000000  0.033655824256033  0.000000000000000  0.000000000000000  0.000000000000000  0.000000000000000  0.000000000000000  0.366021423986406  0.036676505571292  0.056484545421943  0.131396613635963  0.000000000000000  0.000000000000000  0.000000000000000  0.933679944915313  0.066569262712089  0.000000000000000  0.500000000000000  0.500000000000000  0.302079460847486  0.697855382061083  0.094995303525095  0.473356815618357  0.435577096071128 
139.0    G  0.260616440210280  0.000000000000000  0.000000000000000  0.054146053525005  0.000000000000000  0.345079338349157  0.000000000000000  0.000000000000000  0.000000000000000  0.000000000000000  0.000000000000000  0.000000000000000  0.000000000000000  0.000000000000000  0.040442051702589  0.145793671223558  0.035723072981689  0.118175264593843  0.000000000000000  0.000000000000000  1.000000000000000  0.000000000000000  0.000000000000000  0.000000000000000  0.000000000000000  0.000000000000000  1.000000000000000  0.094077921713192  1.000000000000000  0.456282744271726 
140.0    R  0.000000000000000  0.000000000000000  0.000000000000000  0.000000000000000  0.046908721797324  0.081108672933699  0.000000000000000  0.000000000000000  0.133508176005981  0.316878130508606  0.000000000000000  0.000000000000000  0.000000000000000  0.040723348417603  0.276241121199978  0.035723072981689  0.000000000000000  0.068964608752622  0.000000000000000  0.000000000000000  0.853226098112067  0.146502785459314  0.000000000000000  0.101320639985664  0.898755126611030  1.000000000000000  0.000000000000000  0.094077921713192  0.438606774366411  0.456282744271726 
141.0    K  0.079494562921473  0.000000000000000  0.000000000000000  0.000000000000000  0.000000000000000  0.000000000000000  0.000000000000000  0.000000000000000  0.667111584838885  0.000000000000000  0.000000000000000  0.000000000000000  0.000000000000000  0.000000000000000  0.253489869947507  0.000000000000000  0.000000000000000  0.000000000000000  0.000000000000000  0.000000000000000  1.000000000000000  0.000000000000000  0.000000000000000  0.000000000000000  0.000000000000000  0.000000000000000  0.000000000000000  0.087960523457837  1.000000000000000  1.000000000000000 
142.0    R  0.000000000000000  0.000000000000000  0.000000000000000  0.000000000000000  0.000000000000000  0.000000000000000  0.038234001285371  0.000000000000000  0.279128240495643  0.000000000000000  0.000000000000000  0.000000000000000  0.000000000000000  0.000000000000000  0.622005826649234  0.000000000000000  0.060790934213268  0.000000000000000  0.000000000000000  0.000000000000000  1.000000000000000  0.000000000000000  0.000000000000000  0.000000000000000  0.000000000000000  0.000000000000000  0.000000000000000  0.087960523457837  1.000000000000000  1.000000000000000 
143.0    R  0.000000000000000  0.000000000000000  0.000000000000000  0.000000000000000  0.000000000000000  0.036803837174843  0.000000000000000  0.000000000000000  0.249826773247613  0.027950153180706  0.000000000000000  0.000000000000000  0.000000000000000  0.000000000000000  0.624598062826688  0.000000000000000  0.060790934213268  0.000000000000000  0.000000000000000  0.000000000000000  1.000000000000000  0.000000000000000  0.000000000000000  0.000000000000000  0.000000000000000  0.000000000000000  0.000000000000000  0.087960523457837  1.000000000000000  1.000000000000000 
144.0    Q  0.000000000000000  0.000000000000000  0.000000000000000  0.000000000000000  0.000000000000000  0.000000000000000  0.000000000000000  0.000000000000000  0.000000000000000  0.000000000000000  0.000000000000000  0.000000000000000  0.000000000000000  1.000000000000000  0.000000000000000  0.000000000000000  0.000000000000000  0.000000000000000  0.000000000000000  0.000000000000000  1.000000000000000  0.000000000000000  0.000000000000000  0.000000000000000  0.000000000000000  0.000000000000000  0.000000000000000  0.087960523457837  1.000000000000000  1.000000000000000 
145.0    T  0.064034801439550  0.000000000000000  0.000000000000000  0.000000000000000  0.000000000000000  0.000000000000000  0.000000000000000  0.000000000000000  0.076362068854594  0.140145759753564  0.000000000000000  0.000000000000000  0.113282742283417  0.051545846788130  0.000000000000000  0.000000000000000  0.554784736033923  0.000000000000000  0.000000000000000  0.000000000000000  1.000000000000000  0.000000000000000  0.000000000000000  0.000000000000000  0.000000000000000  0.000000000000000  0.000000000000000  0.087960523457837  1.000000000000000  1.000000000000000 
146.0    S  0.000000000000000  0.000000000000000  0.000000000000000  0.000000000000000  0.000000000000000  0.000000000000000  0.000000000000000  0.024552266145862  0.225468844595562  0.076362068854594  0.000000000000000  0.103020260619155  0.000000000000000  0.000000000000000  0.079494562921473  0.393381222676783  0.097598311575924  0.000000000000000  0.000000000000000  0.000000000000000  1.000000000000000  0.000000000000000  0.000000000000000  0.000000000000000  0.000000000000000  0.000000000000000  0.000000000000000  0.087960523457837  1.000000000000000  1.000000000000000 
147.0    M  0.000000000000000  0.000000000000000  0.000000000000000  0.000000000000000  0.000000000000000  0.000000000000000  0.000000000000000  0.617281303446769  0.000000000000000  0.134530015597975  0.247929182684573  0.000000000000000  0.000000000000000  0.000000000000000  0.000000000000000  0.000000000000000  0.000000000000000  0.000000000000000  0.000000000000000  0.000000000000000  1.000000000000000  0.000000000000000  0.000000000000000  0.000000000000000  0.000000000000000  0.000000000000000  0.000000000000000  0.087960523457837  1.000000000000000  1.000000000000000 
148.0    T  0.000000000000000  0.000000000000000  0.000000000000000  0.000000000000000  0.000000000000000  0.000000000000000  0.000000000000000  0.000000000000000  0.069060280299994  0.000000000000000  0.000000000000000  0.000000000000000  0.000000000000000  0.000000000000000  0.000000000000000  0.000000000000000  0.931094819830229  0.000000000000000  0.000000000000000  0.000000000000000  1.000000000000000  0.000000000000000  0.000000000000000  0.000000000000000  0.000000000000000  0.000000000000000  0.000000000000000  0.087960523457837  1.000000000000000  1.000000000000000 
149.0    D  0.000000000000000  0.000000000000000  0.624598062826688  0.350381862270187  0.000000000000000  0.025033433674676  0.000000000000000  0.000000000000000  0.000000000000000  0.000000000000000  0.000000000000000  0.000000000000000  0.000000000000000  0.000000000000000  0.000000000000000  0.000000000000000  0.000000000000000  0.000000000000000  0.000000000000000  0.000000000000000  1.000000000000000  0.000000000000000  0.000000000000000  0.000000000000000  0.000000000000000  0.000000000000000  0.000000000000000  0.087960523457837  1.000000000000000  1.000000000000000 
150.0    F  0.000000000000000  0.000000000000000  0.000000000000000  0.000000000000000  0.819604607637517  0.000000000000000  0.000000000000000  0.000000000000000  0.000000000000000  0.000000000000000  0.061596833558711  0.000000000000000  0.000000000000000  0.000000000000000  0.000000000000000  0.000000000000000  0.000000000000000  0.000000000000000  0.000000000000000  0.119079749755492  1.000000000000000  0.000000000000000  0.000000000000000  0.000000000000000  0.000000000000000  0.000000000000000  0.000000000000000  0.087050717541815  1.000000000000000  1.000000000000000 
151.0    Y  0.000000000000000  0.000000000000000  0.000000000000000  0.000000000000000  0.125956720051313  0.000000000000000  0.000000000000000  0.000000000000000  0.000000000000000  0.082354996983384  0.228616272374975  0.000000000000000  0.000000000000000  0.000000000000000  0.000000000000000  0.000000000000000  0.000000000000000  0.000000000000000  0.000000000000000  0.562919293068381  1.000000000000000  0.000000000000000  0.000000000000000  0.000000000000000  0.000000000000000  0.000000000000000  0.000000000000000  0.087050717541815  1.000000000000000  1.000000000000000 
152.0    H  0.000000000000000  0.000000000000000  0.000000000000000  0.000000000000000  0.000000000000000  0.037343475151774  0.240982451935161  0.000000000000000  0.313600551130249  0.000000000000000  0.000000000000000  0.000000000000000  0.078128893911576  0.104603280335424  0.000000000000000  0.099304300012013  0.061426287409078  0.064614421015498  0.000000000000000  0.000000000000000  1.000000000000000  0.000000000000000  0.000000000000000  0.000000000000000  0.000000000000000  0.000000000000000  0.000000000000000  0.086569341756933  1.000000000000000  1.000000000000000 
153.0    S  0.104603280335424  0.000000000000000  0.000000000000000  0.313600551130249  0.000000000000000  0.065698306817982  0.000000000000000  0.000000000000000  0.000000000000000  0.000000000000000  0.000000000000000  0.000000000000000  0.000000000000000  0.000000000000000  0.000000000000000  0.311866392978511  0.000000000000000  0.204192247777506  0.000000000000000  0.000000000000000  1.000000000000000  0.000000000000000  0.000000000000000  0.000000000000000  0.000000000000000  0.000000000000000  0.000000000000000  0.086569341756933  1.000000000000000  1.000000000000000 
154.0    K  0.000000000000000  0.000000000000000  0.000000000000000  0.000000000000000  0.000000000000000  0.000000000000000  0.000000000000000  0.000000000000000  0.686342215627455  0.000000000000000  0.000000000000000  0.000000000000000  0.000000000000000  0.000000000000000  0.313600551130249  0.000000000000000  0.000000000000000  0.000000000000000  0.000000000000000  0.000000000000000  1.000000000000000  0.000000000000000  0.000000000000000  0.000000000000000  0.000000000000000  0.000000000000000  0.000000000000000  0.086569341756933  1.000000000000000  1.000000000000000 
155.0    R  0.000000000000000  0.000000000000000  0.000000000000000  0.000000000000000  0.000000000000000  0.000000000000000  0.000000000000000  0.000000000000000  0.496202187342909  0.000000000000000  0.000000000000000  0.000000000000000  0.000000000000000  0.000000000000000  0.503826880205252  0.000000000000000  0.000000000000000  0.000000000000000  0.000000000000000  0.000000000000000  1.000000000000000  0.000000000000000  0.000000000000000  0.000000000000000  0.000000000000000  0.000000000000000  0.000000000000000  0.086569341756933  1.000000000000000  1.000000000000000 
156.0    R  0.000000000000000  0.000000000000000  0.000000000000000  0.000000000000000  0.000000000000000  0.000000000000000  0.000000000000000  0.000000000000000  0.000000000000000  0.000000000000000  0.000000000000000  0.000000000000000  0.000000000000000  0.061426287409078  0.938871747315452  0.000000000000000  0.000000000000000  0.000000000000000  0.000000000000000  0.000000000000000  1.000000000000000  0.000000000000000  0.000000000000000  0.000000000000000  0.000000000000000  0.000000000000000  0.000000000000000  0.086569341756933  1.000000000000000  1.000000000000000 
157.0    L  0.000000000000000  0.078128893911576  0.000000000000000  0.000000000000000  0.000000000000000  0.000000000000000  0.000000000000000  0.000000000000000  0.000000000000000  0.579547975952228  0.000000000000000  0.000000000000000  0.000000000000000  0.000000000000000  0.088572337281764  0.000000000000000  0.098209064583448  0.155501456662309  0.000000000000000  0.000000000000000  1.000000000000000  0.000000000000000  0.000000000000000  0.000000000000000  0.000000000000000  0.000000000000000  0.000000000000000  0.086569341756933  1.000000000000000  1.000000000000000 
158.0    I  0.171229122495696  0.000000000000000  0.000000000000000  0.000000000000000  0.000000000000000  0.000000000000000  0.000000000000000  0.266277050848354  0.000000000000000  0.000000000000000  0.000000000000000  0.000000000000000  0.000000000000000  0.000000000000000  0.069300040225192  0.206899204019551  0.000000000000000  0.286181040149671  0.000000000000000  0.000000000000000  1.000000000000000  0.000000000000000  0.000000000000000  0.000000000000000  0.000000000000000  0.000000000000000  0.000000000000000  0.093817443594648  1.000000000000000  1.000000000000000 
159.0    F  0.066477042055824  0.034963659407366  0.000000000000000  0.000000000000000  0.262611136002688  0.063769041203029  0.051296350550656  0.000000000000000  0.000000000000000  0.000000000000000  0.090058109302370  0.000000000000000  0.049893649147291  0.277200160900767  0.000000000000000  0.034530140149997  0.069204036530268  0.000000000000000  0.000000000000000  0.000000000000000  1.000000000000000  0.000000000000000  0.000000000000000  0.000000000000000  0.000000000000000  0.000000000000000  0.000000000000000  0.112033337446176  1.000000000000000  1.000000000000000 
160.0    S  0.277200160900767  0.038340155539181  0.051296350550656  0.000000000000000  0.000000000000000  0.069204036530268  0.090058109302370  0.000000000000000  0.000000000000000  0.000000000000000  0.063769041203029  0.000000000000000  0.000000000000000  0.000000000000000  0.000000000000000  0.244685412599359  0.066477042055824  0.000000000000000  0.000000000000000  0.098960733233909  1.000000000000000  0.000000000000000  0.000000000000000  0.000000000000000  0.000000000000000  0.000000000000000  0.000000000000000  0.112033337446176  1.000000000000000  1.000000000000000 
161.0    K  0.068109507013333  0.000000000000000  0.000000000000000  0.000000000000000  0.000000000000000  0.000000000000000  0.090058109302370  0.000000000000000  0.398872619904516  0.000000000000000  0.000000000000000  0.000000000000000  0.407253781535108  0.000000000000000  0.000000000000000  0.035648866120888  0.000000000000000  0.000000000000000  0.000000000000000  0.000000000000000  1.000000000000000  0.000000000000000  0.000000000000000  0.000000000000000  0.000000000000000  0.000000000000000  0.000000000000000  0.112033337446176  1.000000000000000  1.000000000000000 
162.0    R  0.000000000000000  0.000000000000000  0.000000000000000  0.000000000000000  0.000000000000000  0.000000000000000  0.000000000000000  0.000000000000000  0.367292158319577  0.000000000000000  0.000000000000000  0.000000000000000  0.155070912214424  0.000000000000000  0.427797512841301  0.049893649147291  0.000000000000000  0.000000000000000  0.000000000000000  0.000000000000000  1.000000000000000  0.000000000000000  0.000000000000000  0.000000000000000  0.000000000000000  0.000000000000000  0.000000000000000  0.112033337446176  1.000000000000000  1.000000000000000 
163.0    K  0.000000000000000  0.000000000000000  0.000000000000000  0.000000000000000  0.000000000000000  0.000000000000000  0.000000000000000  0.000000000000000  0.860352630611440  0.000000000000000  0.000000000000000  0.000000000000000  0.000000000000000  0.000000000000000  0.090058109302370  0.049893649147291  0.000000000000000  0.000000000000000  0.000000000000000  0.000000000000000  1.000000000000000  0.000000000000000  0.000000000000000  0.000000000000000  0.000000000000000  0.000000000000000  0.000000000000000  0.112033337446176  1.000000000000000  1.000000000000000 
164.0    P  0.000000000000000  0.000000000000000  0.000000000000000  0.000000000000000  0.000000000000000  0.000000000000000  0.000000000000000  0.000000000000000  0.000000000000000  0.000000000000000  0.000000000000000  0.000000000000000  1.000000000000000  0.000000000000000  0.000000000000000  0.000000000000000  0.000000000000000  0.000000000000000  0.000000000000000  0.000000000000000  1.000000000000000  0.000000000000000  0.000000000000000  1.000000000000000  0.000000000000000  0.000000000000000  0.000000000000000  0.368567304322775  1.000000000000000  1.000000000000000 
