No:  residues  hmm_col_1  hmm_col_2  hmm_col_3  hmm_col_4  hmm_col_5  hmm_col_6  hmm_col_7  hmm_col_8  hmm_col_9  hmm_col_10  hmm_col_11  hmm_col_12  hmm_col_13  hmm_col_14  hmm_col_15  hmm_col_16  hmm_col_17  hmm_col_18  hmm_col_19  hmm_col_20  hmm_col_21   hmm_col_22   hmm_col_23   hmm_col_24   hmm_col_25   hmm_col_26   hmm_col_27   hmm_col_28   hmm_col_29   hmm_col_30   
1.0    M  0.000000000000000  0.000000000000000  0.000000000000000  0.000000000000000  0.000000000000000  0.000000000000000  0.000000000000000  0.000000000000000  0.000000000000000  0.000000000000000  1.000000000000000  0.000000000000000  0.000000000000000  0.000000000000000  0.000000000000000  0.000000000000000  0.000000000000000  0.000000000000000  0.000000000000000  0.000000000000000  0.728499556949005  0.000000000000000  0.271307342970452  0.000000000000000  0.000000000000000  0.000000000000000  0.000000000000000  0.208482760956241  1.000000000000000  1.000000000000000 
2.0    A  0.405563577788521  0.000000000000000  0.000000000000000  0.169928530238342  0.000000000000000  0.000000000000000  0.000000000000000  0.000000000000000  0.000000000000000  0.000000000000000  0.000000000000000  0.000000000000000  0.000000000000000  0.000000000000000  0.000000000000000  0.424253950852948  0.000000000000000  0.000000000000000  0.000000000000000  0.000000000000000  0.811127155577043  0.000000000000000  0.189070999660495  0.000000000000000  0.000000000000000  0.000000000000000  1.000000000000000  0.224533093220984  1.000000000000000  0.479964630519454 
3.0    A  0.379191886343611  0.177021929776818  0.120825762133122  0.000000000000000  0.000000000000000  0.000000000000000  0.000000000000000  0.000000000000000  0.000000000000000  0.000000000000000  0.000000000000000  0.000000000000000  0.000000000000000  0.000000000000000  0.000000000000000  0.228616272374975  0.094339123032535  0.000000000000000  0.000000000000000  0.000000000000000  0.872362705770759  0.000000000000000  0.127538082406057  0.000000000000000  0.000000000000000  0.000000000000000  1.000000000000000  0.244177132240557  1.000000000000000  0.470087101254563 
4.0    P  0.453759577658580  0.000000000000000  0.000000000000000  0.000000000000000  0.000000000000000  0.000000000000000  0.000000000000000  0.000000000000000  0.000000000000000  0.000000000000000  0.000000000000000  0.000000000000000  0.303338390062173  0.139177702278586  0.000000000000000  0.103593113060999  0.000000000000000  0.000000000000000  0.000000000000000  0.000000000000000  0.202922395244320  0.797192476540536  0.000000000000000  0.471719125447680  0.528509020280690  0.621144140892220  0.378929141627600  0.263340258988709  0.403041415746484  0.464580337125457 
5.0    A  0.152830034711509  0.000000000000000  0.000000000000000  0.101954686667376  0.000000000000000  0.000000000000000  0.000000000000000  0.000000000000000  0.000000000000000  0.000000000000000  0.000000000000000  0.065926394816754  0.000000000000000  0.135278080565714  0.000000000000000  0.445964259710046  0.098141014834197  0.000000000000000  0.000000000000000  0.000000000000000  1.000000000000000  0.000000000000000  0.000000000000000  0.000000000000000  0.000000000000000  1.000000000000000  0.000000000000000  0.184283652161388  1.000000000000000  0.488692883205403 
6.0    P  0.291385299533640  0.000000000000000  0.060287386536509  0.067358321565229  0.000000000000000  0.000000000000000  0.000000000000000  0.000000000000000  0.000000000000000  0.000000000000000  0.000000000000000  0.000000000000000  0.410655350376033  0.000000000000000  0.000000000000000  0.031250000000000  0.138984894689638  0.000000000000000  0.000000000000000  0.000000000000000  1.000000000000000  0.000000000000000  0.000000000000000  0.000000000000000  0.000000000000000  0.000000000000000  0.000000000000000  0.182630547318209  1.000000000000000  1.000000000000000 
7.0    A  0.125782227937223  0.000000000000000  0.000000000000000  0.000000000000000  0.000000000000000  0.000000000000000  0.000000000000000  0.000000000000000  0.047530586038782  0.000000000000000  0.000000000000000  0.052958277184132  0.060412881066561  0.000000000000000  0.000000000000000  0.501388217950539  0.212126975426474  0.000000000000000  0.000000000000000  0.000000000000000  1.000000000000000  0.000000000000000  0.000000000000000  0.000000000000000  0.000000000000000  0.000000000000000  0.000000000000000  0.147521792917025  1.000000000000000  1.000000000000000 
8.0    L  0.039500096826650  0.000000000000000  0.000000000000000  0.000000000000000  0.000000000000000  0.000000000000000  0.000000000000000  0.028203147733201  0.064346255214625  0.415522930796824  0.187115373349086  0.000000000000000  0.000000000000000  0.068821349881123  0.000000000000000  0.000000000000000  0.085436715746363  0.111028349480301  0.000000000000000  0.000000000000000  1.000000000000000  0.000000000000000  0.000000000000000  0.000000000000000  0.000000000000000  0.000000000000000  0.000000000000000  0.134997069979110  1.000000000000000  1.000000000000000 
9.0    K  0.039500096826650  0.000000000000000  0.063857505169644  0.170164264562434  0.000000000000000  0.000000000000000  0.000000000000000  0.000000000000000  0.438910898804760  0.000000000000000  0.000000000000000  0.000000000000000  0.045975210807992  0.000000000000000  0.000000000000000  0.162667731930242  0.079000193653300  0.000000000000000  0.000000000000000  0.000000000000000  1.000000000000000  0.000000000000000  0.000000000000000  0.000000000000000  0.000000000000000  0.000000000000000  0.000000000000000  0.134997069979110  1.000000000000000  1.000000000000000 
10.0    D  0.085495956493906  0.000000000000000  0.680657058249737  0.079000193653300  0.000000000000000  0.000000000000000  0.000000000000000  0.000000000000000  0.063857505169644  0.000000000000000  0.000000000000000  0.090810315598211  0.000000000000000  0.000000000000000  0.000000000000000  0.000000000000000  0.000000000000000  0.000000000000000  0.000000000000000  0.000000000000000  0.914465089499901  0.085495956493906  0.000000000000000  0.668500247702567  0.331481440074665  0.000000000000000  0.000000000000000  0.134997069979110  0.479964630519454  1.000000000000000 
11.0    L  0.105916554368265  0.000000000000000  0.000000000000000  0.000000000000000  0.000000000000000  0.000000000000000  0.045816148662163  0.135559676105383  0.143786486668826  0.457232544749951  0.017787406704295  0.000000000000000  0.000000000000000  0.000000000000000  0.000000000000000  0.000000000000000  0.000000000000000  0.000000000000000  0.000000000000000  0.093947592379098  0.982139595263391  0.000000000000000  0.017787406704295  0.000000000000000  0.000000000000000  0.000000000000000  0.000000000000000  0.119244943818445  1.000000000000000  1.000000000000000 
12.0    P  0.000000000000000  0.000000000000000  0.000000000000000  0.057035343033966  0.000000000000000  0.000000000000000  0.000000000000000  0.000000000000000  0.148239312426368  0.000000000000000  0.000000000000000  0.000000000000000  0.794985250948974  0.000000000000000  0.000000000000000  0.000000000000000  0.000000000000000  0.000000000000000  0.000000000000000  0.000000000000000  1.000000000000000  0.000000000000000  0.000000000000000  0.000000000000000  0.000000000000000  0.000000000000000  1.000000000000000  0.113125807860363  1.000000000000000  0.498961359499525 
13.0    K  0.000000000000000  0.000000000000000  0.083852639055141  0.074998211398326  0.000000000000000  0.033353916813749  0.000000000000000  0.000000000000000  0.592135805926816  0.000000000000000  0.000000000000000  0.042718357873182  0.000000000000000  0.000000000000000  0.173018714506435  0.000000000000000  0.000000000000000  0.000000000000000  0.000000000000000  0.000000000000000  1.000000000000000  0.000000000000000  0.000000000000000  0.000000000000000  0.000000000000000  0.000000000000000  1.000000000000000  0.102237757319723  1.000000000000000  0.498961359499525 
14.0    V  0.000000000000000  0.000000000000000  0.000000000000000  0.106801217611217  0.000000000000000  0.000000000000000  0.000000000000000  0.051189793616239  0.000000000000000  0.136124626917013  0.180741536818218  0.000000000000000  0.000000000000000  0.000000000000000  0.000000000000000  0.000000000000000  0.000000000000000  0.525222272005377  0.000000000000000  0.000000000000000  0.936921446872426  0.000000000000000  0.062891113968611  0.000000000000000  0.000000000000000  0.000000000000000  1.000000000000000  0.102237757319723  1.000000000000000  0.498961359499525 
15.0    A  0.447822835045425  0.000000000000000  0.184795303909230  0.000000000000000  0.000000000000000  0.095523532547823  0.000000000000000  0.000000000000000  0.031336763621909  0.000000000000000  0.000000000000000  0.106801217611217  0.080214118597682  0.000000000000000  0.000000000000000  0.053586002289636  0.000000000000000  0.000000000000000  0.000000000000000  0.000000000000000  0.920187650624875  0.000000000000000  0.079604842207906  0.000000000000000  0.000000000000000  0.000000000000000  1.000000000000000  0.096655792181915  1.000000000000000  0.487677730763821 
16.0    E  0.068773663085384  0.000000000000000  0.037499105699163  0.096521891636473  0.042718357873182  0.017615631439772  0.000000000000000  0.060959716345478  0.065880713955671  0.132585967671027  0.000000000000000  0.029339742103608  0.026332713421973  0.053996136712517  0.000000000000000  0.110797712399358  0.100620767202640  0.156366135014158  0.000000000000000  0.000000000000000  1.000000000000000  0.000000000000000  0.000000000000000  0.000000000000000  0.000000000000000  0.000000000000000  1.000000000000000  0.097260647069427  1.000000000000000  0.474013482564323 
17.0    N  0.075782051191359  0.000000000000000  0.450937689191125  0.130308220105140  0.000000000000000  0.000000000000000  0.037733768483953  0.000000000000000  0.000000000000000  0.000000000000000  0.000000000000000  0.132769898311922  0.066384949155961  0.043045313949473  0.000000000000000  0.000000000000000  0.000000000000000  0.063022028430912  0.000000000000000  0.000000000000000  1.000000000000000  0.000000000000000  0.000000000000000  0.000000000000000  0.000000000000000  0.000000000000000  1.000000000000000  0.095061172077563  1.000000000000000  0.474013482564323 
18.0    L  0.012673861805891  0.000000000000000  0.280291519507127  0.000000000000000  0.025102937398657  0.000000000000000  0.008048859012657  0.089995707407168  0.000000000000000  0.376311686852767  0.000000000000000  0.076468002570742  0.000000000000000  0.000000000000000  0.000000000000000  0.041665583659100  0.011218316489246  0.063372467486877  0.000000000000000  0.014792400488074  0.991029563264079  0.009297122627396  0.000000000000000  0.250000000000000  0.750019494642909  0.000000000000000  1.000000000000000  0.071347169195423  0.500000000000000  0.474013482564323 
19.0    K  0.043555538708983  0.000000000000000  0.000000000000000  0.000000000000000  0.025347723611783  0.000000000000000  0.000000000000000  0.087474116599700  0.205043227799182  0.241819082403483  0.217035056900261  0.000000000000000  0.030081076346930  0.021762679385454  0.054825846795801  0.000000000000000  0.007657026682358  0.065380308737033  0.000000000000000  0.000000000000000  1.000000000000000  0.000000000000000  0.000000000000000  0.000000000000000  0.000000000000000  0.381564802240140  0.618566239343586  0.074738737298508  1.000000000000000  0.474013482564323 
20.0    S  0.274523203446762  0.000000000000000  0.021657341963288  0.119327626767465  0.000000000000000  0.108292107050011  0.026006210459735  0.000000000000000  0.039774841727373  0.000000000000000  0.000000000000000  0.018879966302968  0.019249969897590  0.026644840367749  0.014649548382142  0.304391504665747  0.022312562182579  0.004477781975501  0.000000000000000  0.000000000000000  1.000000000000000  0.000000000000000  0.000000000000000  0.000000000000000  0.000000000000000  0.747942879181195  0.252088113723649  0.074531804520664  1.000000000000000  0.484980955170867 
21.0    Q  0.029441602309525  0.000000000000000  0.054787857582252  0.648419777325505  0.000000000000000  0.098277161517541  0.000000000000000  0.000000000000000  0.058153103606438  0.000000000000000  0.000000000000000  0.016874633747389  0.000000000000000  0.094208431847399  0.000000000000000  0.000000000000000  0.000000000000000  0.000000000000000  0.000000000000000  0.000000000000000  1.000000000000000  0.000000000000000  0.000000000000000  0.000000000000000  0.000000000000000  0.000000000000000  1.000000000000000  0.074428553085311  1.000000000000000  0.498961359499525 
22.0    L  0.019505164826588  0.000000000000000  0.000000000000000  0.000000000000000  0.000000000000000  0.000000000000000  0.000000000000000  0.434973676354325  0.000000000000000  0.134530015597975  0.018504243935213  0.000000000000000  0.000000000000000  0.000000000000000  0.000000000000000  0.000000000000000  0.036803837174843  0.355519352646819  0.000000000000000  0.000000000000000  0.988285651500733  0.011702819800189  0.000000000000000  1.000000000000000  0.000000000000000  0.000000000000000  1.000000000000000  0.081108672933699  0.488692883205403  0.498961359499525 
23.0    E  0.141414307855738  0.000000000000000  0.017457611532378  0.517991381780009  0.000000000000000  0.058720171825876  0.000000000000000  0.000000000000000  0.099995016041594  0.000000000000000  0.000000000000000  0.016711673248207  0.008263679403269  0.006801176275751  0.014140725982545  0.053772039413215  0.064883704408941  0.000000000000000  0.000000000000000  0.000000000000000  0.991716730738293  0.000000000000000  0.008578850107711  0.000000000000000  0.000000000000000  0.000000000000000  1.000000000000000  0.081333865965121  1.000000000000000  0.498961359499525 
24.0    G  0.017325010056298  0.008496003053554  0.014447863720527  0.030143693268254  0.000000000000000  0.131578894338680  0.047530586038782  0.000000000000000  0.302079460847486  0.000000000000000  0.000000000000000  0.082354996983384  0.000000000000000  0.040779842115280  0.017301009132567  0.243838865381910  0.064123634083571  0.000000000000000  0.000000000000000  0.000000000000000  0.984184022033800  0.000000000000000  0.015898120189104  0.000000000000000  0.000000000000000  0.000000000000000  1.000000000000000  0.081729459283547  1.000000000000000  0.490389501994276 
25.0    F  0.000000000000000  0.000000000000000  0.000000000000000  0.000000000000000  0.844400887423782  0.000000000000000  0.026681803574726  0.029096713119695  0.000000000000000  0.073709787016326  0.000000000000000  0.000000000000000  0.000000000000000  0.000000000000000  0.000000000000000  0.012788580962356  0.000000000000000  0.013405789537948  0.000000000000000  0.000000000000000  0.989656656415207  0.000000000000000  0.010517969291225  0.000000000000000  0.000000000000000  0.373971439590597  0.625898229326997  0.083620472174132  1.000000000000000  0.480630464194381 
26.0    N  0.012904338514621  0.000000000000000  0.546388869550476  0.043105028807096  0.000000000000000  0.040386025957422  0.009712106788312  0.000000000000000  0.056562903930182  0.000000000000000  0.000000000000000  0.147317425976460  0.019276674528273  0.010941846256931  0.038048938083218  0.046230859664026  0.000000000000000  0.029096713119695  0.000000000000000  0.000000000000000  1.000000000000000  0.000000000000000  0.000000000000000  0.000000000000000  0.000000000000000  0.335643125695066  0.664342907048256  0.082469244423306  1.000000000000000  0.474342157570227 
27.0    Q  0.037085524926767  0.000000000000000  0.000000000000000  0.000000000000000  0.000000000000000  0.022797192878753  0.059333882559407  0.000000000000000  0.523042469896265  0.000000000000000  0.000000000000000  0.005317633267576  0.067171823303469  0.049411819787746  0.086689435570712  0.042247213532129  0.096924150793376  0.010216182410443  0.000000000000000  0.000000000000000  1.000000000000000  0.000000000000000  0.000000000000000  0.071446145963377  0.928516852306729  0.238489887636890  0.761544369851631  0.081052472165688  0.498961359499525  0.483973513446869 
28.0    D  0.105769824575036  0.000000000000000  0.106505511884358  0.094404536597677  0.000000000000000  0.048127323389754  0.000000000000000  0.000000000000000  0.010194960528820  0.032986053676186  0.000000000000000  0.032531924927628  0.000000000000000  0.021672358892678  0.035822255804012  0.394473420426233  0.103377921055408  0.014111351721122  0.000000000000000  0.000000000000000  1.000000000000000  0.000000000000000  0.000000000000000  0.000000000000000  0.000000000000000  1.000000000000000  0.000000000000000  0.081164912670618  1.000000000000000  0.488692883205403 
29.0    K  0.008912216530222  0.029319412390646  0.000000000000000  0.047071577082307  0.000000000000000  0.000000000000000  0.000000000000000  0.007159130036526  0.649319301364942  0.013763583970734  0.000000000000000  0.063460381304339  0.000000000000000  0.038260512262506  0.035085044439800  0.070560275300383  0.031055659166330  0.006066163085946  0.000000000000000  0.000000000000000  1.000000000000000  0.000000000000000  0.000000000000000  0.000000000000000  0.000000000000000  0.000000000000000  0.000000000000000  0.080996310339583  1.000000000000000  1.000000000000000 
30.0    L  0.000000000000000  0.000000000000000  0.000000000000000  0.000000000000000  0.000000000000000  0.000000000000000  0.000000000000000  0.000000000000000  0.000000000000000  0.909408251800733  0.053734780390188  0.000000000000000  0.000000000000000  0.018984949873516  0.018085784640471  0.000000000000000  0.000000000000000  0.000000000000000  0.000000000000000  0.000000000000000  1.000000000000000  0.000000000000000  0.000000000000000  0.000000000000000  0.000000000000000  0.000000000000000  0.000000000000000  0.080996310339583  1.000000000000000  1.000000000000000 
31.0    K  0.009303569135664  0.000000000000000  0.000000000000000  0.008431470597691  0.000000000000000  0.000000000000000  0.014619117153616  0.000000000000000  0.880869374126979  0.000000000000000  0.009685216405773  0.000000000000000  0.000000000000000  0.000000000000000  0.062370169937441  0.006886563733650  0.007546377569725  0.000000000000000  0.000000000000000  0.000000000000000  0.970634469769547  0.000000000000000  0.029076551803219  0.000000000000000  0.000000000000000  0.000000000000000  0.000000000000000  0.080996310339583  1.000000000000000  1.000000000000000 
32.0    N  0.035648866120888  0.000000000000000  0.022765611154656  0.009678505451437  0.000000000000000  0.000000000000000  0.281459646534191  0.000000000000000  0.556710809114343  0.000000000000000  0.000000000000000  0.012895397008010  0.000000000000000  0.000000000000000  0.057831526752366  0.017409275794052  0.005806964782934  0.000000000000000  0.000000000000000  0.000000000000000  1.000000000000000  0.000000000000000  0.000000000000000  0.000000000000000  0.000000000000000  1.000000000000000  0.000000000000000  0.081672828368323  1.000000000000000  0.491410299272626 
33.0    A  0.205612517178116  0.000000000000000  0.000000000000000  0.000000000000000  0.000000000000000  0.000000000000000  0.000000000000000  0.029441602309525  0.000000000000000  0.012877532577394  0.021929245719361  0.000000000000000  0.000000000000000  0.014062530153024  0.017923547253534  0.000000000000000  0.531079593247686  0.167009259798762  0.000000000000000  0.000000000000000  1.000000000000000  0.000000000000000  0.000000000000000  0.000000000000000  0.000000000000000  0.000000000000000  0.000000000000000  0.080996310339583  1.000000000000000  1.000000000000000 
34.0    S  0.010791206626124  0.000000000000000  0.147113342152346  0.618566239343586  0.000000000000000  0.004221583601716  0.009420373653834  0.010888884677246  0.046391361582158  0.000000000000000  0.000000000000000  0.068535724286743  0.014619117153616  0.009348820025240  0.011533706294397  0.033377044001495  0.009786440926751  0.005582008358364  0.000000000000000  0.000000000000000  1.000000000000000  0.000000000000000  0.000000000000000  0.000000000000000  0.000000000000000  0.000000000000000  0.000000000000000  0.080996310339583  1.000000000000000  1.000000000000000 
35.0    T  0.029076551803219  0.000000000000000  0.000000000000000  0.000000000000000  0.000000000000000  0.000000000000000  0.000000000000000  0.044194173824159  0.000000000000000  0.011533706294397  0.078128893911576  0.019330194979487  0.000000000000000  0.000000000000000  0.015603354157829  0.000000000000000  0.745872013345733  0.056055509978876  0.000000000000000  0.000000000000000  1.000000000000000  0.000000000000000  0.000000000000000  0.000000000000000  0.000000000000000  0.000000000000000  0.000000000000000  0.080996310339583  1.000000000000000  1.000000000000000 
36.0    Q  0.052958277184132  0.023211764385325  0.004616451355212  0.118421258824908  0.000000000000000  0.000000000000000  0.021838233935173  0.014528202228331  0.087474116599700  0.015282241772615  0.000000000000000  0.040470093714201  0.008692579067069  0.476979775273779  0.009671799147168  0.052301640167712  0.023019495090883  0.050450067156548  0.000000000000000  0.000000000000000  0.957935218222696  0.000000000000000  0.041897268486885  0.000000000000000  0.000000000000000  0.000000000000000  0.000000000000000  0.080996310339583  1.000000000000000  1.000000000000000 
37.0    E  0.000000000000000  0.000000000000000  0.009271381231692  0.898755126611030  0.000000000000000  0.010040674511479  0.000000000000000  0.006129563264818  0.009691932013401  0.000000000000000  0.010664794670978  0.000000000000000  0.000000000000000  0.000000000000000  0.000000000000000  0.000000000000000  0.010881339692727  0.044409126349417  0.000000000000000  0.000000000000000  0.997922718999051  0.000000000000000  0.002182201441547  0.000000000000000  0.000000000000000  1.000000000000000  0.000000000000000  0.082240907814313  1.000000000000000  0.485990493990676 
38.0    K  0.019209982300853  0.000000000000000  0.000000000000000  0.016816251949747  0.000000000000000  0.000000000000000  0.000000000000000  0.000000000000000  0.900625979847929  0.000000000000000  0.000000000000000  0.017253106986923  0.014121136355486  0.000000000000000  0.018085784640471  0.000000000000000  0.013955716443012  0.000000000000000  0.000000000000000  0.000000000000000  1.000000000000000  0.000000000000000  0.000000000000000  0.000000000000000  0.000000000000000  1.000000000000000  0.000000000000000  0.080828058242968  1.000000000000000  0.500000000000000 
39.0    I  0.000000000000000  0.000000000000000  0.027431931175297  0.000000000000000  0.000000000000000  0.000000000000000  0.000000000000000  0.093234001668217  0.000000000000000  0.000000000000000  0.000000000000000  0.714992493180845  0.000000000000000  0.019196671569463  0.000000000000000  0.055514174740150  0.031708204580653  0.058072542140682  0.000000000000000  0.000000000000000  0.984866442895551  0.000000000000000  0.014905617977306  0.000000000000000  0.000000000000000  0.000000000000000  0.000000000000000  0.080996310339583  1.000000000000000  1.000000000000000 
40.0    I  0.052958277184132  0.018893057434896  0.000000000000000  0.008680536942618  0.007960087473568  0.000000000000000  0.000000000000000  0.053400608805608  0.010903990344704  0.027930786323650  0.000000000000000  0.014179986801831  0.347720492927497  0.000000000000000  0.000000000000000  0.035476315692065  0.176409480426087  0.245534898815848  0.000000000000000  0.000000000000000  1.000000000000000  0.000000000000000  0.000000000000000  0.000000000000000  0.000000000000000  0.000000000000000  1.000000000000000  0.081446696835206  1.000000000000000  0.496546247718518 
41.0    L  0.000000000000000  0.000000000000000  0.000000000000000  0.000000000000000  0.000000000000000  0.000000000000000  0.000000000000000  0.000000000000000  0.000000000000000  0.933679944915313  0.000000000000000  0.000000000000000  0.037008487870426  0.000000000000000  0.000000000000000  0.000000000000000  0.000000000000000  0.029076551803219  0.000000000000000  0.000000000000000  1.000000000000000  0.000000000000000  0.000000000000000  0.000000000000000  0.000000000000000  0.000000000000000  1.000000000000000  0.081446696835206  1.000000000000000  0.496546247718518 
42.0    P  0.000000000000000  0.000000000000000  0.000000000000000  0.000000000000000  0.000000000000000  0.000000000000000  0.000000000000000  0.000000000000000  0.000000000000000  0.027148193285957  0.013368672276291  0.000000000000000  0.918912883479050  0.022592692102277  0.000000000000000  0.017762765206813  0.000000000000000  0.000000000000000  0.000000000000000  0.000000000000000  1.000000000000000  0.000000000000000  0.000000000000000  0.000000000000000  0.000000000000000  1.000000000000000  0.000000000000000  0.081446696835206  1.000000000000000  0.496546247718518 
43.0    T  0.000000000000000  0.000000000000000  0.079770548051810  0.000000000000000  0.004866161779568  0.014298424501999  0.000000000000000  0.000000000000000  0.033192474577980  0.009964409309989  0.000000000000000  0.045122787360078  0.012753172596108  0.000000000000000  0.000000000000000  0.418123199957031  0.382094130191292  0.000000000000000  0.000000000000000  0.000000000000000  1.000000000000000  0.000000000000000  0.000000000000000  0.000000000000000  0.000000000000000  0.000000000000000  0.000000000000000  0.079992025865269  1.000000000000000  1.000000000000000 
44.0    A  0.236842517649817  0.000000000000000  0.015909143746322  0.031532863557646  0.000000000000000  0.013248749447393  0.000000000000000  0.006805892126111  0.521955963710860  0.000000000000000  0.007927051145163  0.019464647118273  0.052519609514580  0.015887104270187  0.018085784640471  0.024895003008924  0.029258507732328  0.005823087448433  0.000000000000000  0.000000000000000  1.000000000000000  0.000000000000000  0.000000000000000  0.000000000000000  0.000000000000000  0.000000000000000  0.000000000000000  0.079992025865269  1.000000000000000  1.000000000000000 
45.0    E  0.039336161672027  0.000000000000000  0.070903467808497  0.683967651951245  0.000000000000000  0.014690221914205  0.000000000000000  0.000000000000000  0.033423346496414  0.013387218043259  0.000000000000000  0.009407323290870  0.000000000000000  0.069975805540890  0.000000000000000  0.033913417871306  0.005648173025569  0.025172634095273  0.000000000000000  0.000000000000000  0.979420297586927  0.006555856539895  0.013840117485974  0.021792869786725  0.978063473447339  0.000000000000000  0.000000000000000  0.080884103405178  0.495858365369147  1.000000000000000 
46.0    D  0.111259466656562  0.000000000000000  0.328963631257252  0.054939972556987  0.000000000000000  0.000000000000000  0.000000000000000  0.000000000000000  0.009074286968170  0.006262697885933  0.038767728053606  0.033772668813730  0.010194960528820  0.000000000000000  0.000000000000000  0.010866265403984  0.299784978447778  0.087777804733625  0.008298118644495  0.000000000000000  0.989656656415207  0.000000000000000  0.010194960528820  0.000000000000000  0.000000000000000  0.000000000000000  1.000000000000000  0.081164912670618  1.000000000000000  0.493458272942921 
47.0    V  0.011109979770213  0.000000000000000  0.000000000000000  0.000000000000000  0.000000000000000  0.014437852694482  0.000000000000000  0.535515411595727  0.013725476066224  0.080772051914843  0.054711958105891  0.000000000000000  0.000000000000000  0.000000000000000  0.000000000000000  0.000000000000000  0.078020659306351  0.211686328090632  0.000000000000000  0.000000000000000  1.000000000000000  0.000000000000000  0.000000000000000  0.000000000000000  0.000000000000000  0.000000000000000  1.000000000000000  0.081672828368323  1.000000000000000  0.489031736723670 
48.0    A  0.178748123295211  0.000000000000000  0.060454770600871  0.407253781535108  0.000000000000000  0.022436632978491  0.000000000000000  0.000000000000000  0.088143622530274  0.023864335905636  0.013734993139247  0.016064278541501  0.000000000000000  0.095259051896236  0.032061817041786  0.014823192424070  0.000000000000000  0.000000000000000  0.000000000000000  0.047234997759882  0.974004268543241  0.000000000000000  0.025988190574216  0.000000000000000  0.000000000000000  0.376833727389595  0.623300597137549  0.081786129465938  1.000000000000000  0.489031736723670 
49.0    A  0.147113342152346  0.000000000000000  0.006977858221506  0.050032175666019  0.000000000000000  0.000000000000000  0.000000000000000  0.013545899429917  0.012770864507629  0.035255691795516  0.000000000000000  0.000000000000000  0.006028438183824  0.564091068728256  0.072745408400134  0.046746429948825  0.028815722434770  0.007134361328219  0.008578850107711  0.000000000000000  1.000000000000000  0.000000000000000  0.000000000000000  0.000000000000000  0.000000000000000  0.000000000000000  1.000000000000000  0.084027187134539  1.000000000000000  0.481297221550876 
50.0    E  0.008692579067069  0.000000000000000  0.023051429016919  0.900001929793512  0.000000000000000  0.000000000000000  0.000000000000000  0.000000000000000  0.018249490540830  0.000000000000000  0.029258507732328  0.000000000000000  0.000000000000000  0.000000000000000  0.000000000000000  0.000000000000000  0.000000000000000  0.020545980628204  0.000000000000000  0.000000000000000  0.984866442895551  0.000000000000000  0.015218816695988  0.000000000000000  0.000000000000000  0.279128240495643  0.720964435730112  0.084027187134539  1.000000000000000  0.481297221550876 
51.0    K  0.000000000000000  0.000000000000000  0.000000000000000  0.000000000000000  0.000000000000000  0.000000000000000  0.000000000000000  0.000000000000000  0.828170661334546  0.038313589376661  0.033400187225344  0.026681803574726  0.000000000000000  0.015239929086369  0.058112808913323  0.000000000000000  0.000000000000000  0.000000000000000  0.000000000000000  0.000000000000000  0.985549336939371  0.000000000000000  0.014751444049223  0.000000000000000  0.000000000000000  0.330105710253750  0.669891801213920  0.083852639055141  1.000000000000000  0.482299092292069 
52.0    T  0.102450575954690  0.000000000000000  0.000000000000000  0.069060280299994  0.000000000000000  0.063680699788545  0.000000000000000  0.031271668358206  0.057871626407958  0.011202775375124  0.000000000000000  0.005798920197770  0.000000000000000  0.303548721098762  0.082126976696836  0.043075161030488  0.144686277123765  0.063504383937106  0.021807980689409  0.000000000000000  0.979420297586927  0.000000000000000  0.020603025226443  0.000000000000000  0.000000000000000  0.000000000000000  1.000000000000000  0.084143754329799  1.000000000000000  0.479964630519454 
53.0    Q  0.220370039476793  0.050695447223565  0.037162722343835  0.032464346978052  0.005847355417159  0.051260806949795  0.105039219029160  0.000000000000000  0.023765293019391  0.007385954037115  0.017935975216484  0.033562639738129  0.063065727115293  0.159099366909493  0.005855467194358  0.120742041115606  0.044316876114983  0.021359178936591  0.000000000000000  0.000000000000000  0.975355461527642  0.008716713455664  0.016187230680625  0.250000000000000  0.750019494642909  0.165167300707283  0.835087919428369  0.085792776953432  0.500000000000000  0.472046209575125 
54.0    Q  0.018148573936339  0.000000000000000  0.082927821287323  0.225938181687771  0.000000000000000  0.087777804733625  0.000000000000000  0.029543816148461  0.117440343651751  0.028478165019911  0.006982696580912  0.037136972033029  0.017713584574663  0.165281825642822  0.070316155293051  0.047662551664259  0.008561029425373  0.055977854380678  0.000000000000000  0.000000000000000  0.975355461527642  0.000000000000000  0.024929538744032  0.000000000000000  0.000000000000000  0.000000000000000  1.000000000000000  0.075834597515543  1.000000000000000  0.467811748915700 
55.0    S  0.147113342152346  0.000000000000000  0.049480366616954  0.191047065095646  0.004862789981962  0.000000000000000  0.011565728890625  0.000000000000000  0.058112808913323  0.000000000000000  0.000000000000000  0.132218870452303  0.119658932274412  0.090120554466264  0.021006796783635  0.097937148368668  0.039227249727583  0.037577164028068  0.000000000000000  0.000000000000000  0.975355461527642  0.024705909893873  0.000000000000000  0.054522669110672  0.945402116750744  0.375009747321455  0.625031151292605  0.072393300387165  0.495171435966512  0.458184322337676 
56.0    I  0.015050967094065  0.000000000000000  0.224533093220984  0.000000000000000  0.034818551588104  0.013075410041928  0.000000000000000  0.054787857582252  0.006948898387015  0.444421340583285  0.006574058455355  0.081672828368323  0.000000000000000  0.000000000000000  0.025418099941629  0.000000000000000  0.000000000000000  0.079000193653300  0.000000000000000  0.013621222492767  0.927230546435463  0.072695002596741  0.000000000000000  0.121161227116883  0.879039560911787  0.283810525536516  0.715984370600572  0.088143622530274  0.455966582759885  0.474671060475260 
57.0    F  0.010409178321031  0.008344261000374  0.000000000000000  0.000000000000000  0.036196650193583  0.000000000000000  0.000000000000000  0.186468003336433  0.087231922757635  0.189727406621757  0.300825756499876  0.000000000000000  0.036423162441705  0.013340901787363  0.015187202937209  0.000000000000000  0.024569290379385  0.091315273659105  0.000000000000000  0.000000000000000  0.982820598545251  0.016944959513173  0.000000000000000  0.500000000000000  0.500000000000000  0.455334916795989  0.544498507668053  0.093947592379098  0.492092011016900  0.482968164462423 
58.0    E  0.261521234948132  0.000000000000000  0.062673527243817  0.137071448573487  0.000000000000000  0.098550021757035  0.060622619396358  0.000000000000000  0.034078366645789  0.000000000000000  0.000000000000000  0.023814762974059  0.000000000000000  0.054825846795801  0.034054753506667  0.213898756420651  0.009213723377041  0.009505643426829  0.000000000000000  0.000000000000000  1.000000000000000  0.000000000000000  0.000000000000000  0.000000000000000  0.000000000000000  0.589269703905841  0.410655350376033  0.088695209762524  1.000000000000000  0.492433221447775 
59.0    G  0.034220389712299  0.011359160291565  0.072846324883410  0.502083771619487  0.000000000000000  0.236186760249302  0.000000000000000  0.008710673583810  0.060078808024298  0.000000000000000  0.000000000000000  0.042217940141739  0.000000000000000  0.018671737575887  0.000000000000000  0.013640118611465  0.000000000000000  0.000000000000000  0.000000000000000  0.000000000000000  1.000000000000000  0.000000000000000  0.000000000000000  0.000000000000000  0.000000000000000  1.000000000000000  0.000000000000000  0.088143622530274  1.000000000000000  0.498961359499525 
60.0    I  0.022908074331081  0.000000000000000  0.000000000000000  0.000000000000000  0.000000000000000  0.000000000000000  0.000000000000000  0.581963267201068  0.000000000000000  0.014936645587402  0.024450368179266  0.000000000000000  0.000000000000000  0.000000000000000  0.000000000000000  0.000000000000000  0.018840747307668  0.337041932934264  0.000000000000000  0.000000000000000  1.000000000000000  0.000000000000000  0.000000000000000  0.000000000000000  0.000000000000000  0.000000000000000  0.000000000000000  0.087960523457837  1.000000000000000  1.000000000000000 
61.0    T  0.124481219136807  0.000000000000000  0.011117683290895  0.508035071496851  0.000000000000000  0.068916822691807  0.000000000000000  0.000000000000000  0.085141127165031  0.000000000000000  0.000000000000000  0.026848773592100  0.007375722024611  0.015155654849090  0.024501264189867  0.060245612983790  0.068298608693810  0.000000000000000  0.000000000000000  0.000000000000000  1.000000000000000  0.000000000000000  0.000000000000000  0.000000000000000  0.000000000000000  0.000000000000000  0.000000000000000  0.087777804733625  1.000000000000000  1.000000000000000 
62.0    A  0.032486857349227  0.000000000000000  0.025988190574216  0.018491422214884  0.000000000000000  0.076786686277853  0.061086610400675  0.000000000000000  0.285190928967106  0.010873799936180  0.000000000000000  0.119410367047805  0.000000000000000  0.051940366349603  0.016758072137780  0.209932873236035  0.090999346812443  0.000000000000000  0.000000000000000  0.000000000000000  0.976031760776225  0.000000000000000  0.023997035464095  0.000000000000000  0.000000000000000  0.000000000000000  0.000000000000000  0.087777804733625  1.000000000000000  1.000000000000000 
63.0    F  0.000000000000000  0.000000000000000  0.000000000000000  0.000000000000000  0.876605721316035  0.000000000000000  0.024569290379385  0.026223426159579  0.000000000000000  0.044935516651467  0.000000000000000  0.000000000000000  0.000000000000000  0.000000000000000  0.000000000000000  0.012841877926482  0.000000000000000  0.000000000000000  0.000000000000000  0.014874654820274  1.000000000000000  0.000000000000000  0.000000000000000  0.000000000000000  0.000000000000000  0.000000000000000  1.000000000000000  0.088449635020416  1.000000000000000  0.491751037013124 
64.0    N  0.017603425445270  0.000000000000000  0.637722195839272  0.044470733163581  0.000000000000000  0.023083407243478  0.011272880366106  0.000000000000000  0.027853452996780  0.000000000000000  0.000000000000000  0.114070686067931  0.040330077826618  0.009861344000876  0.029217974929733  0.018262144508769  0.000000000000000  0.026442456143759  0.000000000000000  0.000000000000000  1.000000000000000  0.000000000000000  0.000000000000000  0.000000000000000  0.000000000000000  1.000000000000000  0.000000000000000  0.088879838161705  1.000000000000000  0.491751037013124 
65.0    Q  0.039527485698561  0.000000000000000  0.000000000000000  0.000000000000000  0.000000000000000  0.011033237534256  0.027223568504446  0.000000000000000  0.531447837179277  0.000000000000000  0.000000000000000  0.007094909513449  0.075729541276890  0.022987605403996  0.095855166229568  0.089933348750676  0.099098017076286  0.000000000000000  0.000000000000000  0.000000000000000  1.000000000000000  0.000000000000000  0.000000000000000  0.000000000000000  0.000000000000000  0.000000000000000  0.000000000000000  0.088388347648318  1.000000000000000  1.000000000000000 
66.0    N  0.119908014915658  0.000000000000000  0.094797971585903  0.071001829049168  0.000000000000000  0.028497911422493  0.005248060256724  0.011033237534256  0.027280237222930  0.038767728053606  0.000000000000000  0.029339742103608  0.007910584432426  0.007562086147607  0.018555619782397  0.424253950852948  0.098345305669196  0.017313005435389  0.000000000000000  0.000000000000000  1.000000000000000  0.000000000000000  0.000000000000000  0.000000000000000  0.000000000000000  0.000000000000000  0.000000000000000  0.088388347648318  1.000000000000000  1.000000000000000 
67.0    N  0.027699428099840  0.010858736092518  0.000000000000000  0.026663315566002  0.000000000000000  0.000000000000000  0.000000000000000  0.016401823181610  0.641712948781452  0.000000000000000  0.000000000000000  0.036096430767300  0.000000000000000  0.057471877884479  0.052556025953357  0.089746531913965  0.032940356977836  0.007715631730042  0.000000000000000  0.000000000000000  1.000000000000000  0.000000000000000  0.000000000000000  0.000000000000000  0.000000000000000  0.000000000000000  0.000000000000000  0.088388347648318  1.000000000000000  1.000000000000000 
68.0    L  0.000000000000000  0.000000000000000  0.000000000000000  0.000000000000000  0.000000000000000  0.000000000000000  0.000000000000000  0.000000000000000  0.000000000000000  0.929804942613162  0.047300524780299  0.000000000000000  0.000000000000000  0.022892201165802  0.000000000000000  0.000000000000000  0.000000000000000  0.000000000000000  0.000000000000000  0.000000000000000  1.000000000000000  0.000000000000000  0.000000000000000  0.000000000000000  0.000000000000000  0.000000000000000  0.000000000000000  0.088388347648318  1.000000000000000  1.000000000000000 
69.0    K  0.000000000000000  0.000000000000000  0.000000000000000  0.000000000000000  0.000000000000000  0.000000000000000  0.018645870984871  0.000000000000000  0.868742185150623  0.000000000000000  0.011241668593835  0.019130256131253  0.000000000000000  0.009604991150426  0.072745408400134  0.000000000000000  0.000000000000000  0.000000000000000  0.000000000000000  0.000000000000000  0.973329374158238  0.000000000000000  0.026405824512891  0.000000000000000  0.000000000000000  0.000000000000000  0.000000000000000  0.088388347648318  1.000000000000000  1.000000000000000 
70.0    H  0.009061716050824  0.000000000000000  0.000000000000000  0.010344444612464  0.000000000000000  0.000000000000000  0.331022227598849  0.000000000000000  0.492092011016900  0.000000000000000  0.000000000000000  0.018262144508769  0.021167577773209  0.006656594492772  0.074946244611945  0.018866884241977  0.017725866952124  0.000000000000000  0.000000000000000  0.000000000000000  1.000000000000000  0.000000000000000  0.000000000000000  0.000000000000000  0.000000000000000  1.000000000000000  0.000000000000000  0.089250248730317  1.000000000000000  0.491410299272626 
71.0    T  0.152301282959399  0.000000000000000  0.000000000000000  0.000000000000000  0.000000000000000  0.000000000000000  0.000000000000000  0.029137077701151  0.000000000000000  0.017579038823263  0.013820944302055  0.000000000000000  0.000000000000000  0.000000000000000  0.017530366883289  0.036676505571292  0.635515844652833  0.097193254485320  0.000000000000000  0.000000000000000  1.000000000000000  0.000000000000000  0.000000000000000  0.000000000000000  0.000000000000000  0.000000000000000  0.000000000000000  0.088388347648318  1.000000000000000  1.000000000000000 
72.0    E  0.000000000000000  0.000000000000000  0.117521775313641  0.663882579191219  0.000000000000000  0.005226279510883  0.011621982519020  0.010082519456655  0.010280113476789  0.000000000000000  0.000000000000000  0.049377581991461  0.018645870984871  0.023552107961850  0.011335564123705  0.040666932982560  0.029769937438873  0.008138620539127  0.000000000000000  0.000000000000000  1.000000000000000  0.000000000000000  0.000000000000000  0.000000000000000  0.000000000000000  0.000000000000000  0.000000000000000  0.088388347648318  1.000000000000000  1.000000000000000 
73.0    T  0.026405824512891  0.000000000000000  0.000000000000000  0.000000000000000  0.000000000000000  0.000000000000000  0.000000000000000  0.032441852204471  0.006891338790603  0.011335564123705  0.053474689105163  0.018211581220852  0.011094588738621  0.000000000000000  0.014843755982420  0.000000000000000  0.759435844907265  0.065835064747177  0.000000000000000  0.000000000000000  1.000000000000000  0.000000000000000  0.000000000000000  0.000000000000000  0.000000000000000  0.000000000000000  0.000000000000000  0.088388347648318  1.000000000000000  1.000000000000000 
74.0    N  0.025844480263852  0.016781319869064  0.004154815128489  0.111723145294598  0.000000000000000  0.000000000000000  0.011125392153102  0.049686578184311  0.126832818322610  0.028577034046872  0.000000000000000  0.039554893561571  0.008826150113829  0.458184322337676  0.006555856539895  0.043585739573450  0.022051185053261  0.046649324478030  0.000000000000000  0.000000000000000  0.980779003988551  0.000000000000000  0.019050860844942  0.000000000000000  0.000000000000000  0.000000000000000  0.000000000000000  0.088388347648318  1.000000000000000  1.000000000000000 
75.0    E  0.000000000000000  0.000000000000000  0.016254691664406  0.876605721316035  0.000000000000000  0.010694404789780  0.000000000000000  0.006615197752832  0.009466192659611  0.000000000000000  0.014229216149875  0.000000000000000  0.000000000000000  0.000000000000000  0.000000000000000  0.000000000000000  0.013555291986751  0.052410511527558  0.000000000000000  0.000000000000000  0.991029563264079  0.000000000000000  0.008844522672740  0.000000000000000  0.000000000000000  1.000000000000000  0.000000000000000  0.088510964888409  1.000000000000000  0.495858365369147 
76.0    K  0.022066475068512  0.000000000000000  0.000000000000000  0.010701820155981  0.000000000000000  0.000000000000000  0.000000000000000  0.000000000000000  0.929160674250913  0.000000000000000  0.000000000000000  0.018723578458428  0.000000000000000  0.000000000000000  0.000000000000000  0.000000000000000  0.019505164826588  0.000000000000000  0.000000000000000  0.000000000000000  1.000000000000000  0.000000000000000  0.000000000000000  0.000000000000000  0.000000000000000  1.000000000000000  0.000000000000000  0.088082547196376  1.000000000000000  0.500000000000000 
77.0    N  0.000000000000000  0.024382671255428  0.013470992890900  0.000000000000000  0.000000000000000  0.000000000000000  0.000000000000000  0.078890752007007  0.000000000000000  0.000000000000000  0.000000000000000  0.743806881217253  0.000000000000000  0.022051185053261  0.000000000000000  0.027661055143111  0.025988190574216  0.063504383937106  0.000000000000000  0.000000000000000  1.000000000000000  0.000000000000000  0.000000000000000  0.000000000000000  0.000000000000000  0.000000000000000  0.000000000000000  0.088388347648318  1.000000000000000  1.000000000000000 
78.0    P  0.043465061615937  0.011621982519020  0.000000000000000  0.000000000000000  0.010532560404196  0.000000000000000  0.019998006466317  0.038848427153248  0.016944959513173  0.022343515411901  0.000000000000000  0.000000000000000  0.389582289830250  0.000000000000000  0.013470992890900  0.025559439329931  0.175799149989140  0.231807636608866  0.000000000000000  0.000000000000000  1.000000000000000  0.000000000000000  0.000000000000000  0.000000000000000  0.000000000000000  0.000000000000000  0.000000000000000  0.088388347648318  1.000000000000000  1.000000000000000 
79.0    L  0.000000000000000  0.000000000000000  0.000000000000000  0.000000000000000  0.000000000000000  0.000000000000000  0.000000000000000  0.000000000000000  0.000000000000000  0.931094819830229  0.000000000000000  0.000000000000000  0.042541066140609  0.000000000000000  0.000000000000000  0.000000000000000  0.000000000000000  0.026405824512891  0.000000000000000  0.000000000000000  1.000000000000000  0.000000000000000  0.000000000000000  0.000000000000000  0.000000000000000  0.000000000000000  0.000000000000000  0.088388347648318  1.000000000000000  1.000000000000000 
80.0    P  0.000000000000000  0.000000000000000  0.000000000000000  0.000000000000000  0.000000000000000  0.000000000000000  0.000000000000000  0.000000000000000  0.000000000000000  0.032667503131411  0.000000000000000  0.000000000000000  0.906890328933143  0.028281451965091  0.000000000000000  0.023552107961850  0.000000000000000  0.000000000000000  0.008309630256978  0.000000000000000  1.000000000000000  0.000000000000000  0.000000000000000  0.000000000000000  0.000000000000000  0.000000000000000  0.000000000000000  0.088388347648318  1.000000000000000  1.000000000000000 
81.0    D  0.013048248741068  0.000000000000000  0.117684808067651  0.000000000000000  0.005072807041914  0.000000000000000  0.000000000000000  0.000000000000000  0.034650020112596  0.010672189505894  0.000000000000000  0.025524030972188  0.026424133980547  0.000000000000000  0.000000000000000  0.372936006672866  0.393926943024673  0.000000000000000  0.000000000000000  0.000000000000000  1.000000000000000  0.000000000000000  0.000000000000000  0.000000000000000  0.000000000000000  0.000000000000000  0.000000000000000  0.088388347648318  1.000000000000000  1.000000000000000 
82.0    K  0.059746582349609  0.000000000000000  0.000000000000000  0.033655824256033  0.000000000000000  0.000000000000000  0.000000000000000  0.013849714049920  0.672217497076313  0.000000000000000  0.010532560404196  0.008408125974873  0.070170088879601  0.023357019509921  0.012310216969521  0.043434944370073  0.039719740290802  0.012568880795967  0.000000000000000  0.000000000000000  1.000000000000000  0.000000000000000  0.000000000000000  0.000000000000000  0.000000000000000  0.000000000000000  0.000000000000000  0.088388347648318  1.000000000000000  1.000000000000000 
83.0    E  0.022483337187669  0.000000000000000  0.117766409238101  0.737134608645551  0.000000000000000  0.019478143660548  0.000000000000000  0.000000000000000  0.012913286221160  0.000000000000000  0.000000000000000  0.000000000000000  0.000000000000000  0.038714021805747  0.000000000000000  0.013583508751407  0.024552266145862  0.013583508751407  0.000000000000000  0.000000000000000  0.980779003988551  0.000000000000000  0.019037660369925  0.000000000000000  0.000000000000000  0.000000000000000  0.000000000000000  0.088143622530274  1.000000000000000  1.000000000000000 
84.0    G  0.125520942904872  0.000000000000000  0.274332984394811  0.056995822844986  0.000000000000000  0.013811367672870  0.000000000000000  0.014387901518829  0.008999122205854  0.008525499039492  0.030039404012149  0.006112592044816  0.000000000000000  0.000000000000000  0.000000000000000  0.004080608448688  0.335643125695066  0.116386852478779  0.005083366622820  0.000000000000000  1.000000000000000  0.000000000000000  0.000000000000000  0.000000000000000  0.000000000000000  0.000000000000000  1.000000000000000  0.095988141856381  1.000000000000000  0.496890546661277 
85.0    E  0.000000000000000  0.000000000000000  0.000000000000000  0.014033318326311  0.000000000000000  0.000000000000000  0.000000000000000  0.745355193399460  0.000000000000000  0.060162152693859  0.029137077701151  0.000000000000000  0.000000000000000  0.000000000000000  0.000000000000000  0.000000000000000  0.056562903930182  0.094666644742311  0.000000000000000  0.000000000000000  1.000000000000000  0.000000000000000  0.000000000000000  0.000000000000000  0.000000000000000  0.000000000000000  1.000000000000000  0.095855166229568  1.000000000000000  0.496890546661277 
86.0    G  0.179244406001978  0.000000000000000  0.071943093207985  0.495171435966512  0.000000000000000  0.036625696364829  0.000000000000000  0.000000000000000  0.052229184932616  0.024535253708549  0.000000000000000  0.019424213576624  0.000000000000000  0.086449414313185  0.000000000000000  0.000000000000000  0.007812500000000  0.007927051145163  0.000000000000000  0.018542762463383  1.000000000000000  0.000000000000000  0.000000000000000  0.000000000000000  0.000000000000000  1.000000000000000  0.000000000000000  0.095855166229568  1.000000000000000  0.496890546661277 
87.0    E  0.145591698308557  0.000000000000000  0.011866185076676  0.102735023411856  0.000000000000000  0.000000000000000  0.017566858184041  0.000000000000000  0.018414678247058  0.016723260912916  0.000000000000000  0.000000000000000  0.006245358049629  0.560583039014254  0.060162152693859  0.036651092163496  0.016561762240583  0.000000000000000  0.006939271842519  0.000000000000000  1.000000000000000  0.000000000000000  0.000000000000000  0.000000000000000  0.000000000000000  0.000000000000000  0.000000000000000  0.096054698830501  1.000000000000000  1.000000000000000 
88.0    E  0.016401823181610  0.000000000000000  0.009827226342469  0.901875378382250  0.000000000000000  0.000000000000000  0.000000000000000  0.000000000000000  0.016458766186794  0.000000000000000  0.030969673852002  0.000000000000000  0.000000000000000  0.000000000000000  0.000000000000000  0.000000000000000  0.000000000000000  0.024467321758017  0.000000000000000  0.000000000000000  1.000000000000000  0.000000000000000  0.000000000000000  0.000000000000000  0.000000000000000  0.000000000000000  0.000000000000000  0.095921631000055  1.000000000000000  1.000000000000000 
89.0    S  0.042570563582515  0.000000000000000  0.000000000000000  0.000000000000000  0.000000000000000  0.000000000000000  0.000000000000000  0.000000000000000  0.871758239537062  0.000000000000000  0.000000000000000  0.014348065035952  0.000000000000000  0.014437852694482  0.030206440533280  0.026607928367155  0.000000000000000  0.000000000000000  0.000000000000000  0.000000000000000  0.997231251352069  0.000000000000000  0.002820174210005  0.000000000000000  0.000000000000000  0.000000000000000  0.000000000000000  0.087595465567547  1.000000000000000  1.000000000000000 
90.0    V  0.099304300012013  0.000000000000000  0.000000000000000  0.088572337281764  0.000000000000000  0.059995578814932  0.000000000000000  0.013350152201402  0.066754088002991  0.011882646509695  0.000000000000000  0.006465600125611  0.000000000000000  0.271495464080574  0.082526427563438  0.046584699587466  0.150308656112272  0.084027187134539  0.018684684324627  0.000000000000000  1.000000000000000  0.000000000000000  0.000000000000000  0.000000000000000  0.000000000000000  0.000000000000000  1.000000000000000  0.087413505171154  1.000000000000000  0.500000000000000 
91.0    H  0.286578046432095  0.050871449066902  0.046007089442756  0.052192994964273  0.005859527301898  0.055629733328281  0.097937148368668  0.000000000000000  0.022127741222102  0.033100572958871  0.023147496844068  0.034482304376311  0.000000000000000  0.087413505171154  0.014905617977306  0.130851285246822  0.044224817510208  0.014731008373722  0.000000000000000  0.000000000000000  0.980779003988551  0.019370432811547  0.000000000000000  0.250000000000000  0.750019494642909  1.000000000000000  0.000000000000000  0.089188406607367  0.498961359499525  0.500000000000000 
92.0    R  0.059005776196891  0.000000000000000  0.049480366616954  0.219912268980609  0.000000000000000  0.091188771515011  0.000000000000000  0.040836414184162  0.016944959513173  0.028915763376183  0.000000000000000  0.008032139270751  0.000000000000000  0.204192247777506  0.066939426449466  0.096924150793376  0.045752677998301  0.071793647187315  0.000000000000000  0.000000000000000  1.000000000000000  0.000000000000000  0.000000000000000  0.000000000000000  0.000000000000000  0.000000000000000  0.000000000000000  0.080047491333111  1.000000000000000  1.000000000000000 
93.0    R  0.000000000000000  0.000000000000000  0.000000000000000  0.172779025816073  0.000000000000000  0.000000000000000  0.000000000000000  0.000000000000000  0.066384949155961  0.000000000000000  0.092077980363530  0.123621364547616  0.047234997759882  0.087838668762920  0.410086455598363  0.000000000000000  0.000000000000000  0.000000000000000  0.000000000000000  0.000000000000000  1.000000000000000  0.000000000000000  0.000000000000000  0.000000000000000  0.000000000000000  0.000000000000000  0.000000000000000  0.095259051896236  1.000000000000000  1.000000000000000 
94.0    H  0.000000000000000  0.000000000000000  0.000000000000000  0.000000000000000  0.000000000000000  0.000000000000000  0.129947429396910  0.299992845593304  0.000000000000000  0.377879982079057  0.000000000000000  0.000000000000000  0.000000000000000  0.000000000000000  0.000000000000000  0.092014178885511  0.000000000000000  0.100133734698703  0.000000000000000  0.000000000000000  1.000000000000000  0.000000000000000  0.000000000000000  0.000000000000000  0.000000000000000  0.000000000000000  0.000000000000000  0.125607977552973  1.000000000000000  1.000000000000000 
95.0    R  0.000000000000000  0.000000000000000  0.000000000000000  0.000000000000000  0.000000000000000  0.000000000000000  0.000000000000000  0.000000000000000  0.000000000000000  0.000000000000000  0.000000000000000  0.000000000000000  0.000000000000000  0.000000000000000  0.649769531227720  0.000000000000000  0.350381862270187  0.000000000000000  0.000000000000000  0.000000000000000  1.000000000000000  0.000000000000000  0.000000000000000  0.000000000000000  0.000000000000000  0.000000000000000  0.000000000000000  0.262611136002688  1.000000000000000  1.000000000000000 
96.0    E  0.000000000000000  0.000000000000000  0.000000000000000  1.000000000000000  0.000000000000000  0.000000000000000  0.000000000000000  0.000000000000000  0.000000000000000  0.000000000000000  0.000000000000000  0.000000000000000  0.000000000000000  0.000000000000000  0.000000000000000  0.000000000000000  0.000000000000000  0.000000000000000  0.000000000000000  0.000000000000000  1.000000000000000  0.000000000000000  0.000000000000000  0.000000000000000  0.000000000000000  0.000000000000000  0.000000000000000  0.333787075823977  1.000000000000000  1.000000000000000 
97.0    L  0.000000000000000  0.000000000000000  0.000000000000000  0.000000000000000  0.000000000000000  0.000000000000000  0.000000000000000  0.000000000000000  0.000000000000000  1.000000000000000  0.000000000000000  0.000000000000000  0.000000000000000  0.000000000000000  0.000000000000000  0.000000000000000  0.000000000000000  0.000000000000000  0.000000000000000  0.000000000000000  1.000000000000000  0.000000000000000  0.000000000000000  1.000000000000000  0.000000000000000  0.000000000000000  0.000000000000000  0.500000000000000  1.000000000000000  1.000000000000000 
