No:  residues  hmm_col_1  hmm_col_2  hmm_col_3  hmm_col_4  hmm_col_5  hmm_col_6  hmm_col_7  hmm_col_8  hmm_col_9  hmm_col_10  hmm_col_11  hmm_col_12  hmm_col_13  hmm_col_14  hmm_col_15  hmm_col_16  hmm_col_17  hmm_col_18  hmm_col_19  hmm_col_20  hmm_col_21   hmm_col_22   hmm_col_23   hmm_col_24   hmm_col_25   hmm_col_26   hmm_col_27   hmm_col_28   hmm_col_29   hmm_col_30   
1.0    M  0.015788303851356  0.000000000000000  0.000000000000000  0.000000000000000  0.000000000000000  0.000000000000000  0.000000000000000  0.054183597719668  0.000000000000000  0.057791454882106  0.813379198132126  0.000000000000000  0.000000000000000  0.000000000000000  0.000000000000000  0.000000000000000  0.000000000000000  0.058883204619051  0.000000000000000  0.000000000000000  1.000000000000000  0.000000000000000  0.000000000000000  0.000000000000000  0.000000000000000  0.000000000000000  0.000000000000000  0.065743861200242  1.000000000000000  1.000000000000000 
2.0    L  0.010724097119179  0.000000000000000  0.000000000000000  0.000000000000000  0.039996012932635  0.011148550825921  0.000000000000000  0.115262889739079  0.074894313833714  0.253489869947507  0.032217759962337  0.016198454703433  0.072947381363654  0.153786418093893  0.116871899718932  0.077912574642194  0.000000000000000  0.024620433939042  0.000000000000000  0.000000000000000  1.000000000000000  0.000000000000000  0.000000000000000  0.000000000000000  0.000000000000000  0.000000000000000  0.000000000000000  0.052701944390632  1.000000000000000  1.000000000000000 
3.0    R  0.075258586326963  0.070462525759089  0.000000000000000  0.000000000000000  0.031708204580653  0.416387885440275  0.061086610400675  0.000000000000000  0.009264957026648  0.000000000000000  0.000000000000000  0.000000000000000  0.000000000000000  0.000000000000000  0.141905262768258  0.173138683513866  0.000000000000000  0.000000000000000  0.000000000000000  0.020717590004667  1.000000000000000  0.000000000000000  0.000000000000000  0.500000000000000  0.500000000000000  0.000000000000000  0.000000000000000  0.044656066866909  0.479964630519454  1.000000000000000 
4.0    Q  0.035133716368082  0.000000000000000  0.000000000000000  0.000000000000000  0.067498534989555  0.043525358770907  0.030018589498546  0.000000000000000  0.041291825176821  0.134436798807172  0.084085450532614  0.016356410655853  0.029523345031163  0.251215955105946  0.068440779424598  0.068251284109103  0.076309157041821  0.018110874248507  0.035772630018709  0.000000000000000  1.000000000000000  0.000000000000000  0.000000000000000  0.000000000000000  0.000000000000000  0.000000000000000  0.000000000000000  0.035871950432969  1.000000000000000  1.000000000000000 
5.0    I  0.068869069742288  0.000000000000000  0.000000000000000  0.000000000000000  0.054447137008891  0.055475708579344  0.017627845897758  0.181998693624886  0.000000000000000  0.085023178275372  0.022143084320441  0.000000000000000  0.029238234307231  0.000000000000000  0.131761427911342  0.084260483233566  0.161320311306472  0.107767943127199  0.000000000000000  0.000000000000000  1.000000000000000  0.000000000000000  0.000000000000000  0.000000000000000  0.000000000000000  0.000000000000000  0.000000000000000  0.031380235726218  1.000000000000000  1.000000000000000 
6.0    L  0.051403129294529  0.000000000000000  0.000000000000000  0.013184621814532  0.143985955293670  0.005104551773020  0.000000000000000  0.207473646397496  0.020588749245846  0.348444309671867  0.042955896736626  0.000000000000000  0.005336094752947  0.000000000000000  0.019984149707460  0.023019495090883  0.005687459175778  0.072493728406590  0.031532863557646  0.008753040735892  1.000000000000000  0.000000000000000  0.000000000000000  0.000000000000000  0.000000000000000  0.000000000000000  0.000000000000000  0.033284631356044  1.000000000000000  1.000000000000000 
7.0    G  0.062154385542076  0.012140738574751  0.013294745773540  0.034891030061955  0.000000000000000  0.057471877884479  0.000000000000000  0.007427024228358  0.145995924326640  0.000000000000000  0.000000000000000  0.041206050452886  0.014905617977306  0.199160024071396  0.202500868408011  0.112656307826354  0.090936292727172  0.005197379066721  0.000000000000000  0.000000000000000  0.993092495437036  0.006838994763236  0.000000000000000  1.000000000000000  0.000000000000000  0.000000000000000  0.000000000000000  0.027431931175297  0.500000000000000  1.000000000000000 
8.0    Q  0.046423528770651  0.000000000000000  0.070560275300383  0.026941985781800  0.036549614501623  0.104313660144426  0.036957218757629  0.000000000000000  0.024433426347769  0.070854338298651  0.012940166583352  0.000000000000000  0.012276133072931  0.227194529112130  0.045594385757505  0.147317425976460  0.106063487713237  0.024620433939042  0.000000000000000  0.006920058742987  1.000000000000000  0.000000000000000  0.000000000000000  0.000000000000000  0.000000000000000  0.000000000000000  0.000000000000000  0.027412923397901  1.000000000000000  1.000000000000000 
9.0    A  0.246558176123340  0.000000000000000  0.004268663043363  0.000000000000000  0.023211764385325  0.013139006488339  0.000000000000000  0.045185384204555  0.000000000000000  0.406971592535217  0.083504629899381  0.000000000000000  0.036372704200067  0.000000000000000  0.000000000000000  0.050240686921447  0.020560226953578  0.069975805540890  0.000000000000000  0.000000000000000  1.000000000000000  0.000000000000000  0.000000000000000  0.000000000000000  0.000000000000000  0.000000000000000  0.000000000000000  0.027412923397901  1.000000000000000  1.000000000000000 
10.0    K  0.043254678626609  0.000000000000000  0.000000000000000  0.011573748422034  0.000000000000000  0.000000000000000  0.000000000000000  0.015367219906660  0.668500247702567  0.015124172295215  0.046552420722584  0.000000000000000  0.000000000000000  0.000000000000000  0.168404197108211  0.011461979251307  0.019736363466341  0.000000000000000  0.000000000000000  0.000000000000000  1.000000000000000  0.000000000000000  0.000000000000000  0.000000000000000  0.000000000000000  0.000000000000000  0.000000000000000  0.026024242840017  1.000000000000000  1.000000000000000 
11.0    K  0.032667503131411  0.000000000000000  0.000000000000000  0.007694269085121  0.000000000000000  0.000000000000000  0.015538596385519  0.000000000000000  0.534032704023926  0.000000000000000  0.000000000000000  0.035648866120888  0.000000000000000  0.065199287095616  0.232451235653290  0.065380308737033  0.011272880366106  0.000000000000000  0.000000000000000  0.000000000000000  0.895645670090849  0.104096971360069  0.000000000000000  0.317537745634697  0.682546858942583  0.000000000000000  0.000000000000000  0.025916235806701  0.375529981735232  1.000000000000000 
12.0    H  0.006206518750751  0.000000000000000  0.126832818322610  0.000000000000000  0.007370611335120  0.000000000000000  0.290377182981431  0.025488671666844  0.109956134490304  0.000000000000000  0.000000000000000  0.138792354203580  0.079660039207454  0.009591685030586  0.134157535799182  0.017373111836205  0.006583178355493  0.000000000000000  0.000000000000000  0.047629525948118  0.974004268543241  0.025934205799687  0.000000000000000  0.423666217473059  0.576343173399432  0.000000000000000  0.000000000000000  0.022608357591727  0.475000191437443  1.000000000000000 
13.0    P  0.046973796189549  0.000000000000000  0.000000000000000  0.008875228631146  0.000000000000000  0.000000000000000  0.000000000000000  0.018401918587422  0.126306430810845  0.045279442329840  0.000000000000000  0.000000000000000  0.637722195839272  0.000000000000000  0.010873799936180  0.021990130864459  0.029421202016913  0.036121459579837  0.000000000000000  0.018198962288570  1.000000000000000  0.000000000000000  0.000000000000000  0.000000000000000  0.000000000000000  0.000000000000000  0.000000000000000  0.020789516266886  1.000000000000000  1.000000000000000 
14.0    S  0.147521792917025  0.000000000000000  0.018123432101647  0.505225723243382  0.000000000000000  0.051118878659861  0.007213924302573  0.000000000000000  0.000000000000000  0.020531744174209  0.009624984948795  0.000000000000000  0.004961527275542  0.034031156729253  0.000000000000000  0.186726682139043  0.014998894703733  0.000000000000000  0.000000000000000  0.000000000000000  0.988970916380931  0.000000000000000  0.010753871887427  0.000000000000000  0.000000000000000  0.000000000000000  0.000000000000000  0.021050524638526  1.000000000000000  1.000000000000000 
15.0    L  0.040526236082844  0.000000000000000  0.000000000000000  0.000000000000000  0.015040538173465  0.000000000000000  0.000000000000000  0.054146053525005  0.000000000000000  0.643940814754913  0.020109206989082  0.000000000000000  0.000000000000000  0.000000000000000  0.000000000000000  0.000000000000000  0.019437682082789  0.206612579538553  0.000000000000000  0.000000000000000  1.000000000000000  0.000000000000000  0.000000000000000  0.000000000000000  0.000000000000000  0.000000000000000  1.000000000000000  0.021373989123476  1.000000000000000  0.471719125447680 
16.0    I  0.029523345031163  0.000000000000000  0.000000000000000  0.000000000000000  0.017337023001060  0.000000000000000  0.000000000000000  0.450000964896756  0.000000000000000  0.069060280299994  0.021883692513863  0.000000000000000  0.000000000000000  0.000000000000000  0.000000000000000  0.000000000000000  0.053548872173036  0.030883926609398  0.045122787360078  0.282828615711475  1.000000000000000  0.000000000000000  0.000000000000000  0.000000000000000  0.000000000000000  0.000000000000000  1.000000000000000  0.021373989123476  1.000000000000000  0.471719125447680 
17.0    P  0.000000000000000  0.000000000000000  0.000000000000000  0.000000000000000  0.000000000000000  0.000000000000000  0.000000000000000  0.023260082111977  0.000000000000000  0.018198962288570  0.000000000000000  0.000000000000000  0.889458993537898  0.000000000000000  0.000000000000000  0.026278012976679  0.000000000000000  0.042747978246953  0.000000000000000  0.000000000000000  0.993092495437036  0.000000000000000  0.007060568177743  0.000000000000000  0.000000000000000  0.000000000000000  1.000000000000000  0.021373989123476  1.000000000000000  0.471719125447680 
18.0    L  0.000000000000000  0.010949433195943  0.000000000000000  0.000000000000000  0.013184621814532  0.000000000000000  0.000000000000000  0.097193254485320  0.000000000000000  0.798298386356650  0.019263317585372  0.000000000000000  0.015050967094065  0.022189177477241  0.000000000000000  0.000000000000000  0.000000000000000  0.023864335905636  0.000000000000000  0.000000000000000  1.000000000000000  0.000000000000000  0.000000000000000  0.000000000000000  0.000000000000000  0.000000000000000  1.000000000000000  0.021270533070304  1.000000000000000  0.462973011263662 
19.0    F  0.024046987815013  0.000000000000000  0.000000000000000  0.000000000000000  0.386891248385597  0.060203868376259  0.000000000000000  0.103664943226805  0.000000000000000  0.167240944348264  0.021974893748642  0.000000000000000  0.000000000000000  0.000000000000000  0.000000000000000  0.000000000000000  0.000000000000000  0.125869443757090  0.014457881688091  0.095722374818399  1.000000000000000  0.000000000000000  0.000000000000000  0.000000000000000  0.000000000000000  0.199298119135134  0.800514810656303  0.021270533070304  1.000000000000000  0.462973011263662 
20.0    V  0.212126975426474  0.026114592466308  0.000000000000000  0.012023493907507  0.093947592379098  0.143786486668826  0.000000000000000  0.110644220572443  0.000000000000000  0.062111318332660  0.007134361328219  0.000000000000000  0.000000000000000  0.000000000000000  0.000000000000000  0.000000000000000  0.032803646363221  0.299369676154732  0.000000000000000  0.000000000000000  1.000000000000000  0.000000000000000  0.000000000000000  0.000000000000000  0.000000000000000  0.000000000000000  1.000000000000000  0.021270533070304  1.000000000000000  0.471719125447680 
21.0    F  0.207617506022724  0.128603338486697  0.000000000000000  0.000000000000000  0.275094652341534  0.000000000000000  0.000000000000000  0.140729823267095  0.000000000000000  0.025242524300300  0.011890885787807  0.000000000000000  0.004978752450466  0.000000000000000  0.000000000000000  0.014608987464866  0.016322433794754  0.174827010342308  0.000000000000000  0.000000000000000  0.994470168673214  0.000000000000000  0.005778857458003  0.000000000000000  0.000000000000000  0.000000000000000  1.000000000000000  0.021270533070304  1.000000000000000  0.471719125447680 
22.0    I  0.006232384686008  0.041781265481410  0.000000000000000  0.000000000000000  0.017849160107009  0.000000000000000  0.000000000000000  0.312082637225403  0.000000000000000  0.087171479146900  0.234555299125168  0.000000000000000  0.000000000000000  0.000000000000000  0.000000000000000  0.000000000000000  0.082412100905773  0.217788548035564  0.000000000000000  0.000000000000000  1.000000000000000  0.000000000000000  0.000000000000000  0.142892291926755  0.857376036634172  0.756283998641981  0.243669907722887  0.021211640310625  0.488692883205403  0.460412848602520 
23.0    G  0.117358968414432  0.023997035464095  0.000000000000000  0.000000000000000  0.007104751967193  0.564482202403066  0.000000000000000  0.016447361792335  0.010401965728409  0.009518830184962  0.011033237534256  0.000000000000000  0.000000000000000  0.000000000000000  0.015092755139451  0.117521775313641  0.088327102742671  0.018620040227719  0.000000000000000  0.000000000000000  1.000000000000000  0.000000000000000  0.000000000000000  0.000000000000000  0.000000000000000  0.000000000000000  1.000000000000000  0.020919613390288  1.000000000000000  0.496546247718518 
24.0    A  0.196418129166895  0.015229369232680  0.012015162744299  0.000000000000000  0.119244943818445  0.168988854128516  0.000000000000000  0.028261855548784  0.000000000000000  0.123878695408010  0.004626060983803  0.000000000000000  0.012421644546078  0.000000000000000  0.000000000000000  0.034410674940561  0.060245612983790  0.224377512666815  0.000000000000000  0.000000000000000  0.993092495437036  0.007104751967193  0.000000000000000  0.500000000000000  0.500000000000000  0.000000000000000  1.000000000000000  0.020919613390288  0.499307333050514  0.496546247718518 
25.0    G  0.512633618944297  0.000000000000000  0.020361674208801  0.000000000000000  0.000000000000000  0.349169633116849  0.000000000000000  0.000000000000000  0.000000000000000  0.000000000000000  0.000000000000000  0.000000000000000  0.000000000000000  0.000000000000000  0.011446100582901  0.009565128065627  0.008844522672740  0.087960523457837  0.000000000000000  0.000000000000000  1.000000000000000  0.000000000000000  0.000000000000000  0.000000000000000  0.000000000000000  0.000000000000000  1.000000000000000  0.020919613390288  1.000000000000000  0.496546247718518 
26.0    G  0.155609279422771  0.044780051574159  0.011678509754960  0.000000000000000  0.089064850884299  0.151879598988127  0.000000000000000  0.050625217102003  0.000000000000000  0.096254646779509  0.079164640857701  0.000000000000000  0.000000000000000  0.000000000000000  0.008765183441644  0.028419007868773  0.080828058242968  0.203063099089059  0.000000000000000  0.000000000000000  1.000000000000000  0.000000000000000  0.000000000000000  0.000000000000000  0.000000000000000  1.000000000000000  0.000000000000000  0.020919613390288  1.000000000000000  0.496546247718518 
27.0    T  0.108217070689957  0.055092509869198  0.000000000000000  0.000000000000000  0.032599643547808  0.304180589658517  0.000000000000000  0.033609199701793  0.000000000000000  0.043980261728919  0.004230371271586  0.000000000000000  0.000000000000000  0.000000000000000  0.000000000000000  0.112111019957752  0.222518933313124  0.083620472174132  0.000000000000000  0.000000000000000  1.000000000000000  0.000000000000000  0.000000000000000  0.000000000000000  0.000000000000000  0.000000000000000  0.000000000000000  0.020977695355942  1.000000000000000  1.000000000000000 
28.0    G  0.086990399489444  0.000000000000000  0.000000000000000  0.000000000000000  0.024964122389036  0.355765865308649  0.000000000000000  0.091823039579894  0.000000000000000  0.157562923947873  0.123279088061670  0.005904374719985  0.000000000000000  0.000000000000000  0.036397924577139  0.062543336716411  0.000000000000000  0.011485838565539  0.027204705103004  0.016008700359888  1.000000000000000  0.000000000000000  0.000000000000000  0.000000000000000  0.000000000000000  0.000000000000000  0.000000000000000  0.020977695355942  1.000000000000000  1.000000000000000 
29.0    A  0.589678296130608  0.159430548959818  0.000000000000000  0.000000000000000  0.000000000000000  0.097463105326415  0.000000000000000  0.000000000000000  0.000000000000000  0.042600081477578  0.000000000000000  0.000000000000000  0.000000000000000  0.000000000000000  0.000000000000000  0.065926394816754  0.012301687133894  0.032599643547808  0.000000000000000  0.000000000000000  1.000000000000000  0.000000000000000  0.000000000000000  0.000000000000000  0.000000000000000  0.000000000000000  0.000000000000000  0.020977695355942  1.000000000000000  1.000000000000000 
30.0    A  0.272626933166314  0.024569290379385  0.000000000000000  0.000000000000000  0.022860487823505  0.152512563784028  0.000000000000000  0.100203166174924  0.000000000000000  0.026515871928309  0.020179021098474  0.000000000000000  0.011398596439376  0.000000000000000  0.000000000000000  0.112188756333408  0.125607977552973  0.131214585452883  0.000000000000000  0.000000000000000  1.000000000000000  0.000000000000000  0.000000000000000  0.000000000000000  0.000000000000000  0.000000000000000  0.000000000000000  0.021006796783635  1.000000000000000  1.000000000000000 
31.0    L  0.073965688859536  0.005482311429840  0.000000000000000  0.000000000000000  0.266461684016986  0.064034801439550  0.000000000000000  0.000000000000000  0.000000000000000  0.185951720304313  0.028755864082027  0.000000000000000  0.004697145503509  0.000000000000000  0.010244546986060  0.060162152693859  0.027661055143111  0.010561803383032  0.125956720051313  0.135936048856860  1.000000000000000  0.000000000000000  0.000000000000000  0.000000000000000  0.000000000000000  0.000000000000000  0.000000000000000  0.021006796783635  1.000000000000000  1.000000000000000 
32.0    Y  0.041752314949691  0.011398596439376  0.000000000000000  0.000000000000000  0.174342958293801  0.000000000000000  0.047169561516268  0.000000000000000  0.000000000000000  0.006254021958252  0.007899625631651  0.000000000000000  0.000000000000000  0.106063487713237  0.000000000000000  0.173258735706302  0.015229369232680  0.009156424091207  0.000000000000000  0.407536166201313  1.000000000000000  0.000000000000000  0.000000000000000  0.000000000000000  0.000000000000000  0.000000000000000  0.000000000000000  0.021006796783635  1.000000000000000  1.000000000000000 
33.0    V  0.063284675459406  0.057871626407958  0.000000000000000  0.000000000000000  0.054863862350595  0.024964122389036  0.000000000000000  0.090684512989636  0.000000000000000  0.301660979930191  0.041377778449856  0.007982188146205  0.006202218210404  0.000000000000000  0.000000000000000  0.102379587232478  0.107992273425035  0.140729823267095  0.000000000000000  0.000000000000000  1.000000000000000  0.000000000000000  0.000000000000000  0.000000000000000  0.000000000000000  0.000000000000000  0.000000000000000  0.021006796783635  1.000000000000000  1.000000000000000 
34.0    M  0.095855166229568  0.005388128600887  0.000000000000000  0.000000000000000  0.027737854289672  0.100481373842894  0.000000000000000  0.094929480613408  0.004923841373371  0.230685623163450  0.014619117153616  0.000000000000000  0.000000000000000  0.008698606392412  0.000000000000000  0.053326631132004  0.141512362763834  0.149477474597016  0.009150079540772  0.063197005053207  0.950000382874886  0.000000000000000  0.049859077488065  0.000000000000000  0.000000000000000  0.000000000000000  0.000000000000000  0.021006796783635  1.000000000000000  1.000000000000000 
35.0    R  0.000000000000000  0.068393356328796  0.000000000000000  0.000000000000000  0.006461120065963  0.000000000000000  0.099925728794059  0.000000000000000  0.085555238318240  0.008838394240984  0.000000000000000  0.000000000000000  0.007249011534932  0.000000000000000  0.623732785957023  0.036651092163496  0.000000000000000  0.000000000000000  0.000000000000000  0.063372467486877  0.991716730738293  0.000000000000000  0.008555097428075  0.000000000000000  0.000000000000000  1.000000000000000  0.000000000000000  0.020977695355942  1.000000000000000  0.423959982316574 
36.0    L  0.067311648512066  0.012456132445946  0.000000000000000  0.000000000000000  0.023405639600378  0.000000000000000  0.059498619281096  0.000000000000000  0.133046272806670  0.316219885588484  0.000000000000000  0.124308771084152  0.033725882390763  0.044594203303684  0.008656502717695  0.052483218309009  0.048327896090957  0.004597291942261  0.000000000000000  0.071495685825238  0.995159721820083  0.000000000000000  0.004600479646855  0.000000000000000  0.000000000000000  1.000000000000000  0.000000000000000  0.021050524638526  1.000000000000000  0.486327473706143 
37.0    A  0.367801686463934  0.014457881688091  0.000000000000000  0.007164094087536  0.062716984281844  0.020249077584896  0.000000000000000  0.071594868623735  0.000000000000000  0.222364748384474  0.006275734349664  0.000000000000000  0.071893243334413  0.000000000000000  0.000000000000000  0.079881210200191  0.016921485086343  0.058720171825876  0.000000000000000  0.000000000000000  1.000000000000000  0.000000000000000  0.000000000000000  0.000000000000000  0.000000000000000  1.000000000000000  0.000000000000000  0.021065120808392  1.000000000000000  0.495514781632040 
38.0    L  0.048900736358532  0.021050524638526  0.000000000000000  0.000000000000000  0.111800612722826  0.000000000000000  0.007583081795075  0.023083407243478  0.028242272710971  0.329419987933535  0.069637103176208  0.014437852694482  0.000000000000000  0.017985773301996  0.053511767784154  0.022892201165802  0.187895184758195  0.042600081477578  0.009916178797030  0.011164016716727  0.898132372883934  0.008850655353873  0.093104841445169  1.000000000000000  0.000000000000000  0.000000000000000  0.000000000000000  0.021006796783635  0.496202187342909  1.000000000000000 
39.0    F  0.010547171758771  0.009162773040874  0.000000000000000  0.011048543456040  0.155717176946184  0.048529304687565  0.018879966302968  0.020165038913309  0.079881210200191  0.030713143704539  0.018224208902945  0.016108879981169  0.000000000000000  0.027930786323650  0.121750533567905  0.133508176005981  0.185694115082604  0.049480366616954  0.012174446557195  0.050415109951383  0.924663278113700  0.075154328056136  0.000000000000000  0.333324669272800  0.666649338545599  1.000000000000000  0.000000000000000  0.022189177477241  0.386355274823994  0.340564508660122 
40.0    N  0.036121459579837  0.000000000000000  0.160650792183672  0.071594868623735  0.000000000000000  0.055939066932998  0.020746330599726  0.006367752596896  0.106653262264008  0.000000000000000  0.000000000000000  0.375009747321455  0.000000000000000  0.000000000000000  0.015019702006074  0.137261601723381  0.000000000000000  0.000000000000000  0.000000000000000  0.014437852694482  1.000000000000000  0.000000000000000  0.000000000000000  0.000000000000000  0.000000000000000  0.000000000000000  0.000000000000000  0.021006796783635  1.000000000000000  1.000000000000000 
41.0    P  0.000000000000000  0.000000000000000  0.021373989123476  0.015711884068726  0.000000000000000  0.006528648116577  0.008614602836476  0.005652089397932  0.101672399766516  0.000000000000000  0.000000000000000  0.021196942616370  0.636838737663250  0.019640833976904  0.017775081685508  0.081277509159280  0.063680699788545  0.000000000000000  0.000000000000000  0.000000000000000  1.000000000000000  0.000000000000000  0.000000000000000  0.000000000000000  0.000000000000000  0.000000000000000  0.000000000000000  0.021006796783635  1.000000000000000  1.000000000000000 
42.0    D  0.000000000000000  0.000000000000000  0.535515411595727  0.147726443366796  0.000000000000000  0.035599480538191  0.033492920704259  0.000000000000000  0.017948411796829  0.006159376359815  0.000000000000000  0.064257114166004  0.000000000000000  0.000000000000000  0.000000000000000  0.058842404033825  0.088021514182005  0.012293163208649  0.000000000000000  0.000000000000000  1.000000000000000  0.000000000000000  0.000000000000000  0.000000000000000  0.000000000000000  0.000000000000000  0.000000000000000  0.020992241026895  1.000000000000000  1.000000000000000 
43.0    V  0.024180703024100  0.013611784252223  0.000000000000000  0.000000000000000  0.029441602309525  0.000000000000000  0.000000000000000  0.060959716345478  0.000000000000000  0.144987456813179  0.000000000000000  0.000000000000000  0.000000000000000  0.000000000000000  0.000000000000000  0.000000000000000  0.000000000000000  0.726986258660155  0.000000000000000  0.000000000000000  0.993781093322555  0.000000000000000  0.006197920649931  0.000000000000000  0.000000000000000  0.000000000000000  0.000000000000000  0.021006796783635  1.000000000000000  1.000000000000000 
44.0    S  0.024484287092167  0.032396909406866  0.000000000000000  0.000000000000000  0.000000000000000  0.006891338790603  0.011517728260087  0.077267203807559  0.016527358806538  0.000000000000000  0.000000000000000  0.036121459579837  0.000000000000000  0.016243428674614  0.312949114663499  0.257028456664017  0.090183042928852  0.118421258824908  0.000000000000000  0.000000000000000  1.000000000000000  0.000000000000000  0.000000000000000  0.000000000000000  0.000000000000000  0.000000000000000  1.000000000000000  0.020890632740705  1.000000000000000  0.496546247718518 
45.0    W  0.012753172596108  0.004825854051277  0.000000000000000  0.000000000000000  0.054296386571914  0.000000000000000  0.000000000000000  0.141022767182064  0.008869078923016  0.216884671788017  0.000000000000000  0.000000000000000  0.000000000000000  0.011800567074710  0.000000000000000  0.000000000000000  0.009420373653834  0.124308771084152  0.415811049187453  0.000000000000000  0.967276329613932  0.000000000000000  0.032441852204471  0.000000000000000  0.000000000000000  0.000000000000000  1.000000000000000  0.020890632740705  1.000000000000000  0.496546247718518 
46.0    D  0.053105312446166  0.000000000000000  0.267572174606656  0.000000000000000  0.016019800592009  0.059005776196891  0.010753871887427  0.006438766288697  0.031185084968720  0.025541729015259  0.000000000000000  0.220064753390788  0.000000000000000  0.000000000000000  0.050660319992832  0.123023002754225  0.090558884659680  0.025898278265250  0.015777364024948  0.004431466738031  0.978741650397436  0.000000000000000  0.021270533070304  0.000000000000000  0.000000000000000  0.000000000000000  1.000000000000000  0.021359178936591  1.000000000000000  0.451563255075911 
47.0    R  0.000000000000000  0.000000000000000  0.012931200251222  0.064838746035351  0.000000000000000  0.000000000000000  0.055283777208221  0.000000000000000  0.362989569975974  0.000000000000000  0.000000000000000  0.025190088484155  0.019143520811011  0.000000000000000  0.431669779287206  0.010033717257730  0.000000000000000  0.006350121890502  0.000000000000000  0.011581773514085  0.832198734711525  0.016470178488918  0.151354135493819  1.000000000000000  0.000000000000000  0.847332434946118  0.152512563784028  0.021929245719361  0.489710148793463  0.432568345292494 
48.0    K  0.030948214747907  0.000000000000000  0.032917532373589  0.084553014440642  0.000000000000000  0.015920174947136  0.023930593704600  0.014052786127309  0.381300413314071  0.000000000000000  0.004690638388614  0.039554893561571  0.000000000000000  0.090120554466264  0.104748391833494  0.095391200560035  0.064301669243348  0.017554685984869  0.000000000000000  0.000000000000000  0.995849753094458  0.000000000000000  0.004440691301703  0.000000000000000  0.000000000000000  0.506628450079543  0.493116352246680  0.025541729015259  1.000000000000000  0.294839148065304 
49.0    N  0.052337905469277  0.000000000000000  0.044811101500495  0.023179608341268  0.000000000000000  0.076415017355754  0.037008487870426  0.010387555532670  0.119741902277837  0.000000000000000  0.000000000000000  0.334481888696528  0.009329399899020  0.000000000000000  0.141806935616994  0.108292107050011  0.042276507220321  0.000000000000000  0.000000000000000  0.000000000000000  0.969289816935065  0.000000000000000  0.030969673852002  0.000000000000000  0.000000000000000  0.702222437868999  0.297714212341242  0.024281477149502  1.000000000000000  0.381036207584942 
50.0    N  0.021702423996330  0.000000000000000  0.028027754989438  0.042955896736626  0.010576455305097  0.007489058113226  0.003744529056613  0.013792234317041  0.061511501377113  0.000000000000000  0.000000000000000  0.613442488626902  0.010957025395644  0.007598866776658  0.119493164699218  0.046423528770651  0.012149156810665  0.000000000000000  0.000000000000000  0.000000000000000  0.967947026893737  0.018853811245637  0.012877532577394  1.000000000000000  0.000000000000000  0.656560562712076  0.343171107813728  0.023930593704600  0.447202450891303  0.401646998378517 
51.0    P  0.088449635020416  0.000000000000000  0.000000000000000  0.042541066140609  0.000000000000000  0.013602352551502  0.000000000000000  0.007340021478234  0.014318260073052  0.019846109102169  0.000000000000000  0.009271381231692  0.648419777325505  0.024929538744032  0.015997607819194  0.086749544938474  0.019370432811547  0.000000000000000  0.009143739386520  0.000000000000000  1.000000000000000  0.000000000000000  0.000000000000000  0.000000000000000  0.000000000000000  1.000000000000000  0.000000000000000  0.025862400502444  1.000000000000000  0.448755025333631 
52.0    E  0.026241609154504  0.000000000000000  0.066661611301985  0.524131237758464  0.041035035169505  0.000000000000000  0.068440779424598  0.007238969233519  0.000000000000000  0.000000000000000  0.077481731246187  0.010896434893363  0.000000000000000  0.010510681316577  0.015134659206666  0.018710604759671  0.091823039579894  0.000000000000000  0.009156424091207  0.032441852204471  0.968618189226628  0.000000000000000  0.031206708315657  0.000000000000000  0.000000000000000  0.000000000000000  0.000000000000000  0.024981432198515  1.000000000000000  1.000000000000000 
53.0    P  0.016956708935653  0.000000000000000  0.000000000000000  0.013331657783001  0.007041019239147  0.021522656974737  0.000000000000000  0.000000000000000  0.000000000000000  0.037996227599472  0.007264101114165  0.040893064732969  0.774855930959171  0.036982844429768  0.016886334406865  0.016898043179432  0.009258537272981  0.000000000000000  0.000000000000000  0.000000000000000  0.920825697205040  0.071694189014135  0.007657026682358  1.000000000000000  0.000000000000000  1.000000000000000  0.000000000000000  0.025719385789960  0.397492625474487  0.461371246326899 
54.0    W  0.000000000000000  0.000000000000000  0.000000000000000  0.000000000000000  0.009861344000876  0.000000000000000  0.000000000000000  0.014669871051804  0.000000000000000  0.052738487258126  0.000000000000000  0.023683071351725  0.000000000000000  0.000000000000000  0.005794902085317  0.000000000000000  0.014639397607382  0.000000000000000  0.848507901705896  0.029956232452906  1.000000000000000  0.000000000000000  0.000000000000000  0.000000000000000  0.000000000000000  1.000000000000000  0.000000000000000  0.027450952132449  1.000000000000000  0.500000000000000 
55.0    N  0.000000000000000  0.000000000000000  0.095988141856381  0.266461684016986  0.000000000000000  0.009368280576493  0.007910584432426  0.009834040418007  0.049002528379734  0.043495199744722  0.007971130150379  0.360482217865056  0.000000000000000  0.121413436942704  0.000000000000000  0.000000000000000  0.000000000000000  0.000000000000000  0.000000000000000  0.028066636652623  0.963261894020148  0.000000000000000  0.037059828106592  0.000000000000000  0.000000000000000  0.000000000000000  0.000000000000000  0.027546254934599  1.000000000000000  1.000000000000000 
56.0    K  0.020861692238999  0.000000000000000  0.049859077488065  0.102096123888753  0.000000000000000  0.028301061969307  0.015282241772615  0.000000000000000  0.208338301789805  0.000000000000000  0.013508394239185  0.152301282959399  0.000000000000000  0.091886708524315  0.140925051518178  0.037681494615336  0.104675810938553  0.009631658792686  0.000000000000000  0.024688790995731  0.993092495437036  0.006684336138145  0.000000000000000  0.673616788432845  0.326464946772229  0.000000000000000  1.000000000000000  0.028996046139728  0.458502021602336  0.466193243218416 
57.0    L  0.000000000000000  0.000000000000000  0.039664715188119  0.041177498491692  0.037265902260332  0.000000000000000  0.013555291986751  0.123964591342287  0.008189550589976  0.200406332349848  0.043194756454018  0.009923054551084  0.022219959540426  0.000000000000000  0.000000000000000  0.000000000000000  0.023389421668636  0.239152039522969  0.025033433674676  0.172779025816073  0.990342871933025  0.009505643426829  0.000000000000000  1.000000000000000  0.000000000000000  0.000000000000000  1.000000000000000  0.028419007868773  0.498270131413934  0.466193243218416 
58.0    G  0.057154068093744  0.005132936043552  0.206755842110816  0.042747978246953  0.000000000000000  0.147215348699373  0.000000000000000  0.010452559021767  0.181746564665039  0.022467758325734  0.000000000000000  0.065835064747177  0.023470623858452  0.053068515402927  0.099925728794059  0.061001985048514  0.023067412588794  0.000000000000000  0.000000000000000  0.000000000000000  0.829894585589983  0.026867390195094  0.143487801731875  0.425431864753270  0.574349177498517  1.000000000000000  0.000000000000000  0.028379638053797  0.449066186441967  0.466193243218416 
59.0    P  0.023389421668636  0.000000000000000  0.033008925792246  0.102025380768863  0.011117683290895  0.031206708315657  0.012895397008010  0.000000000000000  0.011638105180646  0.013461658745500  0.000000000000000  0.030479858172739  0.549427108788440  0.060917476930722  0.011751591807724  0.048327896090957  0.007421877991210  0.052994997789572  0.000000000000000  0.000000000000000  0.947370070599268  0.032262454233851  0.020588749245846  0.500000000000000  0.500000000000000  1.000000000000000  0.000000000000000  0.026941985781800  0.476318999021969  0.319968103461077 
60.0    N  0.058557590429527  0.000000000000000  0.134157535799182  0.095391200560035  0.000000000000000  0.072142838594802  0.025880333166705  0.000000000000000  0.029238234307231  0.000000000000000  0.000000000000000  0.304391504665747  0.026941985781800  0.000000000000000  0.000000000000000  0.120240931833097  0.133138525424177  0.000000000000000  0.000000000000000  0.000000000000000  0.988970916380931  0.000000000000000  0.011133106360537  0.000000000000000  0.000000000000000  1.000000000000000  0.000000000000000  0.025826572442319  1.000000000000000  0.485317234884773 
61.0    E  0.000000000000000  0.000000000000000  0.202080217201392  0.204901151909379  0.000000000000000  0.023470623858452  0.012656304275501  0.004985659253238  0.326238736922239  0.000000000000000  0.000000000000000  0.000000000000000  0.000000000000000  0.082412100905773  0.020717590004667  0.013340901787363  0.032217759962337  0.040302132832996  0.000000000000000  0.036701936600427  0.960594863953477  0.000000000000000  0.039308905369876  0.000000000000000  0.000000000000000  1.000000000000000  0.000000000000000  0.026700304402804  1.000000000000000  0.494142825750366 
62.0    Q  0.073200636326176  0.000000000000000  0.009578397344165  0.011265069308283  0.000000000000000  0.069204036530268  0.018814646581741  0.000000000000000  0.020123150461091  0.004346289533535  0.000000000000000  0.096254646779509  0.147011406286371  0.391748593474670  0.046455718263469  0.023568438698228  0.031554728049896  0.056838015737546  0.000000000000000  0.000000000000000  0.960594863953477  0.039281667953807  0.000000000000000  0.780786492607391  0.219303387183206  0.000000000000000  1.000000000000000  0.028636520146105  0.425431864753270  0.466193243218416 
63.0    Y  0.000000000000000  0.007375722024611  0.012395841299862  0.011272880366106  0.037008487870426  0.000000000000000  0.052738487258126  0.013545899429917  0.000000000000000  0.048630323534714  0.000000000000000  0.007134361328219  0.007530701622974  0.164824201811546  0.028537445312875  0.011156281091290  0.079604842207906  0.068821349881123  0.000000000000000  0.449377563305515  1.000000000000000  0.000000000000000  0.000000000000000  1.000000000000000  0.000000000000000  1.000000000000000  0.000000000000000  0.028636520146105  0.499653546495226  0.466193243218416 
64.0    K  0.020193012978711  0.000000000000000  0.017145811524676  0.006801176275751  0.000000000000000  0.000000000000000  0.000000000000000  0.000000000000000  0.874178620410373  0.000000000000000  0.000000000000000  0.000000000000000  0.014782150730087  0.014639397607382  0.041579032533771  0.010843693117309  0.000000000000000  0.000000000000000  0.000000000000000  0.000000000000000  1.000000000000000  0.000000000000000  0.000000000000000  0.000000000000000  0.000000000000000  0.000000000000000  0.000000000000000  0.027016788478371  1.000000000000000  1.000000000000000 
65.0    F  0.000000000000000  0.000000000000000  0.000000000000000  0.000000000000000  0.416965521912482  0.000000000000000  0.000000000000000  0.015788303851356  0.000000000000000  0.316878130508606  0.037603219562484  0.024654588776640  0.000000000000000  0.000000000000000  0.000000000000000  0.022987605403996  0.000000000000000  0.021079727099058  0.000000000000000  0.144285677189605  0.887611337269498  0.112266546610492  0.000000000000000  1.000000000000000  0.000000000000000  0.000000000000000  0.000000000000000  0.027469986278493  0.386355274823994  1.000000000000000 
66.0    Y  0.000000000000000  0.000000000000000  0.000000000000000  0.024586326417299  0.085971363633734  0.000000000000000  0.000000000000000  0.092461719328052  0.000000000000000  0.109727724701190  0.046746429948825  0.011907381487029  0.000000000000000  0.000000000000000  0.029790579540255  0.030883926609398  0.032803646363221  0.055245470691479  0.044532425442150  0.435275281648062  0.984866442895551  0.000000000000000  0.014812921330135  0.000000000000000  0.000000000000000  0.000000000000000  0.000000000000000  0.027603595358796  1.000000000000000  1.000000000000000 
67.0    S  0.162780523696129  0.000000000000000  0.018607138271328  0.008478354467827  0.000000000000000  0.013792234317041  0.113439894414645  0.000000000000000  0.033562639738129  0.009957504900932  0.000000000000000  0.042071877164899  0.011825131195075  0.027489033622576  0.024281477149502  0.340328529124868  0.175433965754884  0.017861536490844  0.000000000000000  0.000000000000000  0.991716730738293  0.000000000000000  0.008309630256978  0.000000000000000  0.000000000000000  0.000000000000000  1.000000000000000  0.028261855548784  1.000000000000000  0.494485458190466 
68.0    V  0.037864770638445  0.000000000000000  0.000000000000000  0.010776257201774  0.038633601903780  0.057471877884479  0.025400487562010  0.181369025979272  0.000000000000000  0.056172195413189  0.013859317268002  0.000000000000000  0.226251615720726  0.000000000000000  0.008912216530222  0.029605314706227  0.049480366616954  0.264254510140345  0.000000000000000  0.000000000000000  0.896266699569405  0.014101573866600  0.089560103148319  1.000000000000000  0.000000000000000  0.577142708758419  0.422786143688758  0.029564301460175  0.485317234884773  0.484309094613314 
69.0    N  0.019654452684938  0.000000000000000  0.027988927190339  0.000000000000000  0.000000000000000  0.043284670878466  0.093817443594648  0.008490116113485  0.061171353149840  0.000000000000000  0.000000000000000  0.497924876547229  0.000000000000000  0.042777619159120  0.040864729641774  0.066939426449466  0.057154068093744  0.028895727441053  0.000000000000000  0.011094588738621  0.963261894020148  0.000000000000000  0.036600318163088  1.000000000000000  0.000000000000000  1.000000000000000  0.000000000000000  0.029666941279704  0.498615625676035  0.379191886343611 
70.0    V  0.000000000000000  0.000000000000000  0.048968574184334  0.000000000000000  0.000000000000000  0.155933196489256  0.000000000000000  0.073965688859536  0.059210629412454  0.004533999665561  0.042423280621250  0.009691932013401  0.031445556984306  0.251390145099617  0.033377044001495  0.034291623049351  0.047104215923699  0.168871760566955  0.000000000000000  0.038794609110191  0.993092495437036  0.006768256690626  0.000000000000000  1.000000000000000  0.000000000000000  1.000000000000000  0.000000000000000  0.028775803037658  0.497579860910041  0.466516495768404 
71.0    D  0.012006837353813  0.000000000000000  0.600401713742604  0.126481650128366  0.000000000000000  0.012806321994336  0.031576607702711  0.014957366534302  0.067078767899591  0.000000000000000  0.000000000000000  0.000000000000000  0.000000000000000  0.069492447344819  0.009732323559137  0.021373989123476  0.021974893748642  0.011990203875007  0.000000000000000  0.000000000000000  1.000000000000000  0.000000000000000  0.000000000000000  0.000000000000000  0.000000000000000  0.000000000000000  0.000000000000000  0.028855697210294  1.000000000000000  1.000000000000000 
72.0    Y  0.000000000000000  0.000000000000000  0.000000000000000  0.035946621667206  0.152724137709188  0.000000000000000  0.005632534654142  0.007041019239147  0.048934643516034  0.006275734349664  0.000000000000000  0.011686607487206  0.025382887386132  0.009888723390393  0.012395841299862  0.021944451183406  0.043555538708983  0.017337023001060  0.120407736752519  0.480963727332387  1.000000000000000  0.000000000000000  0.000000000000000  0.000000000000000  0.000000000000000  0.000000000000000  0.000000000000000  0.028855697210294  1.000000000000000  1.000000000000000 
73.0    S  0.048832992510770  0.007801677078914  0.043525358770907  0.047728671811272  0.000000000000000  0.013443009853304  0.000000000000000  0.000000000000000  0.303969820795774  0.000000000000000  0.000000000000000  0.041897268486885  0.010532560404196  0.005790886757042  0.022390025787080  0.421615555125056  0.009558500321343  0.000000000000000  0.023115429832013  0.000000000000000  0.925304428037852  0.000000000000000  0.074998211398326  0.000000000000000  0.000000000000000  0.000000000000000  0.000000000000000  0.031141883213371  1.000000000000000  1.000000000000000 
74.0    K  0.006944083446614  0.000000000000000  0.022908074331081  0.034674046002120  0.000000000000000  0.000000000000000  0.038821508805764  0.000000000000000  0.575544745663881  0.000000000000000  0.000000000000000  0.107469560780376  0.057432055217441  0.064034801439550  0.019818615614467  0.054674047806614  0.006456643110580  0.011102281587354  0.000000000000000  0.000000000000000  1.000000000000000  0.000000000000000  0.000000000000000  0.603321959860381  0.396666921595571  0.201381072762188  0.798851916449148  0.040134869030920  0.466193243218416  0.448755025333631 
75.0    L  0.018762553554456  0.000000000000000  0.026960667016958  0.034626010870779  0.000000000000000  0.031358492140922  0.000000000000000  0.092782723164316  0.012081974022739  0.503128911748891  0.006389859832483  0.000000000000000  0.149063609041329  0.009999003233159  0.017027376753333  0.008826150113829  0.026332713421973  0.036071419297401  0.010806176789148  0.015810206266046  1.000000000000000  0.000000000000000  0.000000000000000  0.000000000000000  0.000000000000000  1.000000000000000  0.000000000000000  0.043706752585577  1.000000000000000  0.460412848602520 
76.0    K  0.030122806491895  0.000000000000000  0.000000000000000  0.158109942794242  0.012259126529637  0.000000000000000  0.000000000000000  0.000000000000000  0.459138081150462  0.096321388544801  0.024097044146999  0.000000000000000  0.097869287032068  0.000000000000000  0.030585676574920  0.053363607149453  0.015409886007709  0.013129902378645  0.000000000000000  0.009604991150426  1.000000000000000  0.000000000000000  0.000000000000000  0.000000000000000  0.000000000000000  0.000000000000000  0.000000000000000  0.041723384477997  1.000000000000000  1.000000000000000 
77.0    K  0.000000000000000  0.019873640730368  0.024998754010399  0.037864770638445  0.000000000000000  0.000000000000000  0.012318752719629  0.000000000000000  0.533662669019980  0.000000000000000  0.000000000000000  0.021522656974737  0.034554082916258  0.033492920704259  0.060037178997092  0.181494784987987  0.000000000000000  0.040302132832996  0.000000000000000  0.000000000000000  0.869947352708651  0.130127699710514  0.000000000000000  1.000000000000000  0.000000000000000  0.000000000000000  0.000000000000000  0.044966674375338  0.401925495371576  1.000000000000000 
78.0    E  0.105623298051564  0.000000000000000  0.127980862553555  0.332862903309093  0.027757087370075  0.000000000000000  0.000000000000000  0.012174446557195  0.049343367918785  0.000000000000000  0.000000000000000  0.109727724701190  0.141708676597303  0.051438771579919  0.000000000000000  0.012859692894980  0.000000000000000  0.028596849003998  0.000000000000000  0.000000000000000  0.910038824080899  0.050171086794747  0.039719740290802  0.179493063827929  0.820741608810498  0.000000000000000  0.000000000000000  0.050275523183870  0.426022047537433  1.000000000000000 
79.0    G  0.366021423986406  0.000000000000000  0.000000000000000  0.017241152188156  0.000000000000000  0.254017535748425  0.025934205799687  0.000000000000000  0.059005776196891  0.000000000000000  0.000000000000000  0.000000000000000  0.077267203807559  0.000000000000000  0.165167300707283  0.014417851447716  0.000000000000000  0.021065120808392  0.000000000000000  0.000000000000000  1.000000000000000  0.000000000000000  0.000000000000000  0.000000000000000  0.000000000000000  0.662962880149329  0.337041932934264  0.053289680735497  1.000000000000000  0.460093825312437 
80.0    P  0.027988927190339  0.000000000000000  0.000000000000000  0.000000000000000  0.000000000000000  0.000000000000000  0.000000000000000  0.000000000000000  0.027185854772145  0.033842970172685  0.000000000000000  0.018023212579063  0.893165852352760  0.000000000000000  0.000000000000000  0.000000000000000  0.000000000000000  0.000000000000000  0.000000000000000  0.000000000000000  0.978063473447339  0.021974893748642  0.000000000000000  1.000000000000000  0.000000000000000  1.000000000000000  0.000000000000000  0.051438771579919  0.498615625676035  0.492092011016900 
81.0    D  0.000000000000000  0.000000000000000  0.458819941155683  0.215237297084726  0.000000000000000  0.038340155539181  0.000000000000000  0.000000000000000  0.184411432135355  0.000000000000000  0.000000000000000  0.010919116967586  0.000000000000000  0.010738974184156  0.041206050452886  0.019223302261737  0.021167577773209  0.000000000000000  0.000000000000000  0.000000000000000  1.000000000000000  0.000000000000000  0.000000000000000  0.000000000000000  0.000000000000000  0.000000000000000  0.000000000000000  0.077750728331154  1.000000000000000  1.000000000000000 
82.0    F  0.000000000000000  0.000000000000000  0.000000000000000  0.000000000000000  0.529609167341938  0.000000000000000  0.000000000000000  0.029769937438873  0.000000000000000  0.021359178936591  0.000000000000000  0.043344717785356  0.000000000000000  0.000000000000000  0.000000000000000  0.041406469282663  0.000000000000000  0.000000000000000  0.000000000000000  0.334481888696528  1.000000000000000  0.000000000000000  0.000000000000000  1.000000000000000  0.000000000000000  0.000000000000000  0.000000000000000  0.089436032501432  1.000000000000000  1.000000000000000 
