No:  residues  hmm_col_1  hmm_col_2  hmm_col_3  hmm_col_4  hmm_col_5  hmm_col_6  hmm_col_7  hmm_col_8  hmm_col_9  hmm_col_10  hmm_col_11  hmm_col_12  hmm_col_13  hmm_col_14  hmm_col_15  hmm_col_16  hmm_col_17  hmm_col_18  hmm_col_19  hmm_col_20  hmm_col_21   hmm_col_22   hmm_col_23   hmm_col_24   hmm_col_25   hmm_col_26   hmm_col_27   hmm_col_28   hmm_col_29   hmm_col_30   
1.0    W  0.000000000000000  0.000000000000000  0.000000000000000  0.000000000000000  0.087050717541815  0.046520164223954  0.000000000000000  0.000000000000000  0.000000000000000  0.118257205840699  0.010605820155313  0.000000000000000  0.000000000000000  0.000000000000000  0.000000000000000  0.000000000000000  0.000000000000000  0.000000000000000  0.685391402489852  0.052301640167712  1.000000000000000  0.000000000000000  0.000000000000000  0.000000000000000  0.000000000000000  0.000000000000000  0.000000000000000  0.119079749755492  1.000000000000000  1.000000000000000 
2.0    E  0.000000000000000  0.009137403625406  0.032486857349227  0.863339558574412  0.000000000000000  0.022112408755104  0.000000000000000  0.007284269425288  0.011915637916065  0.000000000000000  0.000000000000000  0.000000000000000  0.000000000000000  0.047366142703450  0.000000000000000  0.000000000000000  0.000000000000000  0.000000000000000  0.006519603759027  0.000000000000000  0.994470168673214  0.005802941096331  0.000000000000000  1.000000000000000  0.000000000000000  0.000000000000000  0.000000000000000  0.118997238562191  0.498615625676035  1.000000000000000 
3.0    R  0.000000000000000  0.000000000000000  0.000000000000000  0.017337023001060  0.000000000000000  0.002642281701270  0.014690221914205  0.003365414686375  0.741233504901418  0.000000000000000  0.020746330599726  0.001870967223091  0.000000000000000  0.020588749245846  0.132127255070173  0.041550222130679  0.001863202247163  0.002134331521682  0.000000000000000  0.000000000000000  1.000000000000000  0.000000000000000  0.000000000000000  1.000000000000000  0.000000000000000  0.000000000000000  0.000000000000000  0.116871899718932  0.500000000000000  1.000000000000000 
4.0    I  0.000000000000000  0.000000000000000  0.000000000000000  0.000000000000000  0.000000000000000  0.020731955321831  0.000000000000000  0.721464343430814  0.005999258866024  0.006805892126111  0.030039404012149  0.011319860582460  0.000000000000000  0.000000000000000  0.005459558483793  0.000000000000000  0.000000000000000  0.198058702731242  0.000000000000000  0.000000000000000  0.994470168673214  0.000000000000000  0.005459558483793  0.000000000000000  0.000000000000000  0.000000000000000  0.000000000000000  0.117115180859053  1.000000000000000  1.000000000000000 
5.0    R  0.008832270055661  0.000000000000000  0.000000000000000  0.020617311105826  0.000000000000000  0.018517074545962  0.015854102290326  0.006197920649931  0.045911519789947  0.000000000000000  0.000000000000000  0.000000000000000  0.012682649702770  0.008419790195654  0.820741608810498  0.018723578458428  0.000000000000000  0.000000000000000  0.011597840395539  0.012107123921237  0.997922718999051  0.002271718831148  0.000000000000000  0.166662334636400  0.833353207159218  1.000000000000000  0.000000000000000  0.117034030929312  0.500000000000000  0.498615625676035 
6.0    L  0.002251340521092  0.000000000000000  0.000000000000000  0.000000000000000  0.010806176789148  0.000000000000000  0.000000000000000  0.029584800976147  0.000000000000000  0.895025070927972  0.000000000000000  0.020291228167654  0.000000000000000  0.000000000000000  0.012233660879008  0.000000000000000  0.000000000000000  0.029852591761951  0.000000000000000  0.000000000000000  0.988285651500733  0.011454037165541  0.000000000000000  0.418993567333974  0.581157053759059  0.000000000000000  0.000000000000000  0.117684808067651  0.494828328207603  1.000000000000000 
7.0    R  0.011280696840020  0.000000000000000  0.000000000000000  0.004149059322248  0.000000000000000  0.007385954037115  0.000000000000000  0.000000000000000  0.086869888740146  0.005982648426150  0.000000000000000  0.000000000000000  0.008936960728155  0.002128422094167  0.817335328488283  0.020305297850866  0.006099894473495  0.000000000000000  0.029584800976147  0.000000000000000  1.000000000000000  0.000000000000000  0.000000000000000  0.000000000000000  0.000000000000000  0.000000000000000  0.000000000000000  0.117929781361920  1.000000000000000  1.000000000000000 
8.0    P  0.035378090690959  0.000000000000000  0.000000000000000  0.019887420863687  0.000000000000000  0.000000000000000  0.000000000000000  0.000000000000000  0.044997853703584  0.000000000000000  0.000000000000000  0.000000000000000  0.836246399914063  0.009793226722193  0.014487977288054  0.019037660369925  0.000000000000000  0.020095273178603  0.000000000000000  0.000000000000000  0.993781093322555  0.005974360460480  0.000000000000000  0.557096825409666  0.442883759551180  0.000000000000000  0.000000000000000  0.118093380124651  0.495858365369147  1.000000000000000 
9.0    G  0.000000000000000  0.000000000000000  0.017886315009354  0.016299821773904  0.000000000000000  0.750019494642909  0.000000000000000  0.000000000000000  0.054674047806614  0.000000000000000  0.003426615424738  0.034722147770472  0.000000000000000  0.000000000000000  0.065154110052570  0.012006837353813  0.019915009801863  0.025988190574216  0.000000000000000  0.000000000000000  0.997231251352069  0.003098960324965  0.000000000000000  1.000000000000000  0.000000000000000  0.000000000000000  0.000000000000000  0.118093380124651  0.499307333050514  1.000000000000000 
10.0    G  0.002285934846630  0.005516618767128  0.000000000000000  0.011056204377552  0.000000000000000  0.857970530428691  0.000000000000000  0.002087511701584  0.018517074545962  0.000000000000000  0.000000000000000  0.000000000000000  0.018414678247058  0.000000000000000  0.014854048456716  0.069396177101790  0.000000000000000  0.000000000000000  0.000000000000000  0.000000000000000  0.995849753094458  0.000000000000000  0.004358356727832  0.000000000000000  0.000000000000000  0.000000000000000  0.000000000000000  0.117440343651751  1.000000000000000  1.000000000000000 
11.0    K  0.000000000000000  0.000000000000000  0.000000000000000  0.030122806491895  0.000000000000000  0.020789516266886  0.002843729587889  0.000000000000000  0.831045861593648  0.003090380082756  0.000000000000000  0.014669871051804  0.000000000000000  0.000000000000000  0.084905392784309  0.007193950759414  0.000000000000000  0.000000000000000  0.005229903347572  0.000000000000000  1.000000000000000  0.000000000000000  0.000000000000000  0.000000000000000  0.000000000000000  1.000000000000000  0.000000000000000  0.116952937228925  1.000000000000000  0.499307333050514 
12.0    K  0.000000000000000  0.000000000000000  0.000000000000000  0.008955563951003  0.000000000000000  0.034315400430845  0.023373214974412  0.000000000000000  0.883927531063671  0.000000000000000  0.000000000000000  0.005222658185176  0.000000000000000  0.000000000000000  0.036021448337465  0.005578140545645  0.002808469790717  0.000000000000000  0.000000000000000  0.000000000000000  0.997231251352069  0.003020493505685  0.000000000000000  1.000000000000000  0.000000000000000  0.000000000000000  0.000000000000000  0.110337874536332  0.499307333050514  1.000000000000000 
13.0    K  0.031034140482407  0.042807280623924  0.000000000000000  0.000000000000000  0.000000000000000  0.008350046806336  0.074068298183849  0.000000000000000  0.566834706389211  0.000000000000000  0.000000000000000  0.008813922948879  0.000000000000000  0.130942015887475  0.091568804663209  0.001935604615750  0.040864729641774  0.000000000000000  0.000000000000000  0.002705291929904  0.993092495437036  0.006796463693036  0.000000000000000  0.321747311825318  0.678302163723836  0.000000000000000  0.000000000000000  0.110567554416443  0.494142825750366  1.000000000000000 
14.0    Y  0.000000000000000  0.020905118043533  0.000000000000000  0.000000000000000  0.046520164223954  0.000000000000000  0.000000000000000  0.004385630554975  0.016187230680625  0.000000000000000  0.000000000000000  0.000000000000000  0.000000000000000  0.000000000000000  0.003168465451473  0.001849050061009  0.002153650709119  0.000000000000000  0.000000000000000  0.905006462882905  1.000000000000000  0.000000000000000  0.000000000000000  0.000000000000000  0.000000000000000  0.000000000000000  1.000000000000000  0.107917444821801  1.000000000000000  0.500000000000000 
15.0    R  0.006578616825066  0.003291589177747  0.009400804890621  0.005115177433920  0.000000000000000  0.036046425158126  0.002276447652607  0.028458432299749  0.202220337090435  0.041463910643661  0.209642046110233  0.002644113826274  0.000000000000000  0.079109787123142  0.361483073636437  0.002618579280430  0.000000000000000  0.000000000000000  0.001752949317709  0.008071206153782  0.991716730738293  0.008071206153782  0.000000000000000  0.762600826628142  0.237171078785113  1.000000000000000  0.000000000000000  0.107246316303586  0.493458272942921  0.500000000000000 
16.0    M  0.007274178279924  0.000000000000000  0.003090380082756  0.000000000000000  0.000000000000000  0.004038401313469  0.000000000000000  0.139660892259028  0.021035938582450  0.576742802530011  0.136124626917013  0.000000000000000  0.006910472151028  0.000000000000000  0.025934205799687  0.045531222309313  0.000000000000000  0.022577037467555  0.000000000000000  0.011202775375124  0.993092495437036  0.004038401313469  0.002582528525669  0.500000000000000  0.500000000000000  0.000000000000000  0.000000000000000  0.108743419088581  0.498961359499525  1.000000000000000 
17.0    K  0.013202912256446  0.000000000000000  0.000000000000000  0.003773188784863  0.000000000000000  0.019037660369925  0.000000000000000  0.014437852694482  0.875391329694264  0.000000000000000  0.000000000000000  0.031664278129971  0.000000000000000  0.005516618767128  0.036701936600427  0.000000000000000  0.000000000000000  0.000000000000000  0.000000000000000  0.000000000000000  0.995849753094458  0.003855142757367  0.000000000000000  0.099995016041594  0.900001929793512  0.000000000000000  1.000000000000000  0.107097744346071  0.499307333050514  0.500000000000000 
18.0    H  0.000000000000000  0.000000000000000  0.026589491547079  0.000000000000000  0.000000000000000  0.000000000000000  0.906261938267334  0.004769322315114  0.010202029586632  0.002851625020810  0.000000000000000  0.006180760165511  0.007411596212035  0.025330159996416  0.000000000000000  0.000000000000000  0.005369487092078  0.000000000000000  0.000000000000000  0.004944361695196  1.000000000000000  0.000000000000000  0.000000000000000  0.000000000000000  0.000000000000000  0.000000000000000  1.000000000000000  0.102379587232478  1.000000000000000  0.500000000000000 
19.0    L  0.000000000000000  0.000000000000000  0.000000000000000  0.008906041192918  0.015679246070461  0.000000000000000  0.001850332169139  0.261884031774949  0.003767961658532  0.590905773467183  0.000000000000000  0.000000000000000  0.000000000000000  0.014639397607382  0.000000000000000  0.002875443090172  0.000000000000000  0.099649059567567  0.000000000000000  0.000000000000000  0.987600861445373  0.012140738574751  0.000000000000000  0.374230746698173  0.625898229326997  0.000000000000000  1.000000000000000  0.102806258589058  0.495171435966512  0.500000000000000 
20.0    V  0.011686607487206  0.007002083590386  0.013696964395563  0.006515086279883  0.003705798106017  0.000000000000000  0.000000000000000  0.123964591342287  0.014318260073052  0.008257953441886  0.008584798574819  0.000000000000000  0.000000000000000  0.000000000000000  0.024929538744032  0.009439983151484  0.008899870134548  0.758909626487027  0.000000000000000  0.000000000000000  0.989656656415207  0.003765350811487  0.006707542472170  0.250000000000000  0.750019494642909  0.000000000000000  1.000000000000000  0.103234708116965  0.498961359499525  0.500000000000000 
21.0    W  0.000000000000000  0.000000000000000  0.000000000000000  0.000000000000000  0.007910584432426  0.015986522964601  0.000000000000000  0.002350201222655  0.007380836257791  0.026960667016958  0.009099481144285  0.024416496255385  0.000000000000000  0.000000000000000  0.000000000000000  0.000000000000000  0.000000000000000  0.000000000000000  0.905633983017823  0.000000000000000  0.999307092990453  0.000000000000000  0.000853690058995  0.000000000000000  0.000000000000000  0.346998179753898  0.652929893544459  0.104169150894902  1.000000000000000  0.496202187342909 
22.0    A  0.835666958921854  0.006958538285990  0.016538818669924  0.005920767837931  0.000000000000000  0.021050524638526  0.000000000000000  0.000000000000000  0.000000000000000  0.020389921057640  0.038234001285371  0.000000000000000  0.014328188175073  0.007411596212035  0.007577827424545  0.007223931860263  0.003914381269842  0.014874654820274  0.000000000000000  0.000000000000000  0.994470168673214  0.005640348420010  0.000000000000000  1.000000000000000  0.000000000000000  0.470413053756894  0.529609167341938  0.102379587232478  0.498615625676035  0.496890546661277 
23.0    S  0.067171823303469  0.025033433674676  0.000000000000000  0.000000000000000  0.000000000000000  0.057392260143808  0.000000000000000  0.004559211335228  0.030039404012149  0.000000000000000  0.000000000000000  0.002201953929972  0.004100455795403  0.013868927144836  0.022498926851792  0.697855382061083  0.006461120065963  0.034602018265134  0.034007576302213  0.000000000000000  1.000000000000000  0.000000000000000  0.000000000000000  1.000000000000000  0.000000000000000  0.000000000000000  1.000000000000000  0.103952762296863  0.495514781632040  0.499307333050514 
24.0    R  0.018350968300213  0.003938876776932  0.000000000000000  0.000000000000000  0.000000000000000  0.034101996157967  0.000000000000000  0.000000000000000  0.144686277123765  0.000000000000000  0.015865095326085  0.050836199883258  0.000000000000000  0.048428495684948  0.632001549226403  0.032849153408991  0.013659040943912  0.005108091205222  0.000000000000000  0.000000000000000  0.997922718999051  0.002356726405705  0.000000000000000  0.500000000000000  0.500000000000000  0.000000000000000  1.000000000000000  0.102592701101312  0.500000000000000  0.499307333050514 
25.0    E  0.000000000000000  0.000000000000000  0.001846488509279  0.936272247434492  0.000000000000000  0.016607744911852  0.000000000000000  0.000000000000000  0.022328033433455  0.000000000000000  0.000000000000000  0.000000000000000  0.000000000000000  0.005347202394890  0.000000000000000  0.013021143861863  0.000000000000000  0.004900008611410  0.000000000000000  0.000000000000000  0.985549336939371  0.008361630456458  0.006297522121039  1.000000000000000  0.000000000000000  0.000000000000000  1.000000000000000  0.104241380478121  0.497579860910041  0.499307333050514 
26.0    L  0.006615197752832  0.000000000000000  0.000000000000000  0.004954653903617  0.000000000000000  0.006749517089065  0.000000000000000  0.002636792939693  0.000000000000000  0.860949188338904  0.047234997759882  0.000000000000000  0.000000000000000  0.000000000000000  0.010919116967586  0.000000000000000  0.000000000000000  0.046166814486955  0.014013877494719  0.000000000000000  1.000000000000000  0.000000000000000  0.000000000000000  0.000000000000000  0.000000000000000  0.599154510669709  0.400534938794811  0.102592701101312  1.000000000000000  0.495514781632040 
27.0    E  0.013175486097658  0.000000000000000  0.171585553906864  0.679243142274472  0.000000000000000  0.038902319855693  0.000000000000000  0.000000000000000  0.041723384477997  0.000000000000000  0.000000000000000  0.012886461697033  0.000000000000000  0.021747599872361  0.003690418128895  0.013649576498698  0.000000000000000  0.003325991045894  0.000000000000000  0.000000000000000  0.993781093322555  0.006542238183660  0.000000000000000  0.500000000000000  0.500000000000000  0.000000000000000  1.000000000000000  0.102663837594008  0.492433221447775  0.499307333050514 
28.0    R  0.000000000000000  0.000000000000000  0.008437316873694  0.000000000000000  0.000000000000000  0.000000000000000  0.012841877926482  0.000000000000000  0.107023535568307  0.006049367405103  0.000000000000000  0.007635826300084  0.000000000000000  0.016676958406874  0.829319545814442  0.000000000000000  0.012040173568100  0.000000000000000  0.000000000000000  0.000000000000000  1.000000000000000  0.000000000000000  0.000000000000000  0.000000000000000  0.000000000000000  0.502431910211893  0.497579860910041  0.103020260619155  1.000000000000000  0.499307333050514 
29.0    F  0.022765611154656  0.013706461698950  0.000000000000000  0.000000000000000  0.842062953608416  0.000000000000000  0.004134704667481  0.013564691056266  0.005508976408142  0.051154323849425  0.000000000000000  0.000000000000000  0.000000000000000  0.000000000000000  0.000000000000000  0.011630041055989  0.000000000000000  0.000000000000000  0.006070369287375  0.029096713119695  0.999307092990453  0.000000000000000  0.001011701917539  0.000000000000000  0.000000000000000  0.000000000000000  1.000000000000000  0.100900134313096  1.000000000000000  0.500000000000000 
30.0    A  0.669891801213920  0.030081076346930  0.000000000000000  0.002003863565112  0.000000000000000  0.175312406330300  0.011597840395539  0.000000000000000  0.000000000000000  0.000000000000000  0.022671128247409  0.000000000000000  0.027185854772145  0.000000000000000  0.008361630456458  0.024620433939042  0.000000000000000  0.025648175275328  0.002379707546241  0.000000000000000  0.990342871933025  0.000000000000000  0.009407323290870  0.000000000000000  0.000000000000000  0.340564508660122  0.659753955386447  0.101110168545217  1.000000000000000  0.499653546495226 
31.0    L  0.012149156810665  0.040330077826618  0.000000000000000  0.000000000000000  0.010103507280371  0.005628631831398  0.000000000000000  0.081956375888478  0.000000000000000  0.645281245225889  0.010517969291225  0.000000000000000  0.002855580953906  0.000000000000000  0.000000000000000  0.006716847548773  0.005652089397932  0.151879598988127  0.000000000000000  0.027091798859834  1.000000000000000  0.000000000000000  0.000000000000000  0.000000000000000  0.000000000000000  0.000000000000000  1.000000000000000  0.101813445383777  1.000000000000000  0.495171435966512 
32.0    N  0.086269834587289  0.000000000000000  0.072947381363654  0.000000000000000  0.000000000000000  0.014072280935124  0.029462016747445  0.014121136355486  0.018161157929971  0.000000000000000  0.000000000000000  0.664803554090857  0.000000000000000  0.000000000000000  0.000000000000000  0.084085450532614  0.007726335284226  0.000000000000000  0.000000000000000  0.008379036068890  1.000000000000000  0.000000000000000  0.000000000000000  0.000000000000000  0.000000000000000  0.000000000000000  1.000000000000000  0.101813445383777  1.000000000000000  0.495171435966512 
33.0    P  0.010554485035435  0.000000000000000  0.062891113968611  0.099235491366457  0.014121136355486  0.016379101179952  0.015229369232680  0.000000000000000  0.005656008485858  0.012940166583352  0.000000000000000  0.000000000000000  0.732042847972813  0.000000000000000  0.001578751696886  0.029543816148461  0.000000000000000  0.000000000000000  0.000000000000000  0.000000000000000  1.000000000000000  0.000000000000000  0.000000000000000  0.000000000000000  0.000000000000000  0.000000000000000  1.000000000000000  0.102025380768863  1.000000000000000  0.495171435966512 
34.0    G  0.020731955321831  0.002853602301847  0.053623158151793  0.038287041622021  0.000000000000000  0.555169416814320  0.006777645993376  0.000000000000000  0.037864770638445  0.000000000000000  0.000000000000000  0.015229369232680  0.000000000000000  0.022592692102277  0.020919613390288  0.191179534735346  0.024315161767357  0.000000000000000  0.010315803445430  0.000000000000000  0.995849753094458  0.004106144176124  0.000000000000000  1.000000000000000  0.000000000000000  0.000000000000000  1.000000000000000  0.102025380768863  0.499307333050514  0.495171435966512 
35.0    L  0.033077637339848  0.000000000000000  0.011390698272005  0.000000000000000  0.003629533883793  0.013975076590353  0.001961264732889  0.000000000000000  0.000000000000000  0.915099168127928  0.000000000000000  0.000000000000000  0.009433442120988  0.000000000000000  0.011125392153102  0.000000000000000  0.000000000000000  0.000000000000000  0.000000000000000  0.000000000000000  1.000000000000000  0.000000000000000  0.000000000000000  0.000000000000000  0.000000000000000  0.000000000000000  1.000000000000000  0.101954686667376  1.000000000000000  0.495171435966512 
36.0    L  0.000000000000000  0.000000000000000  0.000000000000000  0.000000000000000  0.012482061194518  0.000000000000000  0.000000000000000  0.038794609110191  0.005986796719562  0.845572287377516  0.048799155787962  0.000000000000000  0.022765611154656  0.000000000000000  0.000000000000000  0.011406500083238  0.000000000000000  0.012107123921237  0.000000000000000  0.002350201222655  1.000000000000000  0.000000000000000  0.000000000000000  0.000000000000000  0.000000000000000  0.000000000000000  1.000000000000000  0.102166916061035  1.000000000000000  0.495171435966512 
37.0    E  0.008466609115975  0.000000000000000  0.030649343874642  0.839731492944140  0.000000000000000  0.014895289770127  0.000000000000000  0.000000000000000  0.072543994648983  0.000000000000000  0.000000000000000  0.000000000000000  0.000000000000000  0.000000000000000  0.010445316370353  0.010613174098039  0.001822330061595  0.011025592526630  0.000000000000000  0.000000000000000  1.000000000000000  0.000000000000000  0.000000000000000  0.000000000000000  0.000000000000000  0.000000000000000  1.000000000000000  0.102166916061035  1.000000000000000  0.495171435966512 
38.0    T  0.002627670329144  0.000000000000000  0.000000000000000  0.000000000000000  0.000000000000000  0.022765611154656  0.000000000000000  0.013975076590353  0.018984949873516  0.000000000000000  0.000000000000000  0.051083458030518  0.000000000000000  0.000000000000000  0.000000000000000  0.158329281715402  0.728499556949005  0.000000000000000  0.000000000000000  0.003765350811487  0.966606097064973  0.033077637339848  0.000000000000000  0.125000000000000  0.874784764905822  0.000000000000000  1.000000000000000  0.102166916061035  0.479964630519454  0.495171435966512 
39.0    A  0.375269774378593  0.000000000000000  0.022765611154656  0.023650262390150  0.000000000000000  0.025862400502444  0.000000000000000  0.013975076590353  0.134250558952516  0.003120515298629  0.001281456303312  0.000000000000000  0.014988501864457  0.032419373017675  0.008425628372613  0.233743799437864  0.073709787016326  0.018697640050480  0.000000000000000  0.017824433060444  1.000000000000000  0.000000000000000  0.000000000000000  0.000000000000000  0.000000000000000  0.000000000000000  1.000000000000000  0.102166916061035  1.000000000000000  0.495171435966512 
40.0    E  0.007667648936355  0.000000000000000  0.051403129294529  0.742776460330414  0.000000000000000  0.029666941279704  0.011265069308283  0.003863167642113  0.062326953209504  0.000000000000000  0.000000000000000  0.001372479199421  0.000000000000000  0.020617311105826  0.032826392000336  0.000000000000000  0.032039601184019  0.004186615088032  0.000000000000000  0.000000000000000  1.000000000000000  0.000000000000000  0.000000000000000  0.000000000000000  0.000000000000000  0.000000000000000  1.000000000000000  0.102166916061035  1.000000000000000  0.495171435966512 
41.0    G  0.000000000000000  0.000000000000000  0.000000000000000  0.020333466491280  0.000000000000000  0.940826107513788  0.000000000000000  0.000000000000000  0.000000000000000  0.000000000000000  0.000000000000000  0.000000000000000  0.000000000000000  0.000000000000000  0.009355302379835  0.029278795214763  0.000000000000000  0.000000000000000  0.000000000000000  0.000000000000000  1.000000000000000  0.000000000000000  0.000000000000000  0.000000000000000  0.000000000000000  0.000000000000000  1.000000000000000  0.102592701101312  1.000000000000000  0.495171435966512 
42.0    C  0.000000000000000  0.901250462610830  0.000000000000000  0.000000000000000  0.000000000000000  0.000000000000000  0.000000000000000  0.003657313466541  0.000000000000000  0.000000000000000  0.009355302379835  0.013387218043259  0.000000000000000  0.000000000000000  0.001551629687688  0.022797192878753  0.011148550825921  0.028047189083352  0.009124745270415  0.000000000000000  1.000000000000000  0.000000000000000  0.000000000000000  0.000000000000000  0.000000000000000  0.000000000000000  1.000000000000000  0.102592701101312  1.000000000000000  0.495171435966512 
43.0    Q  0.016504462896123  0.000000000000000  0.022987605403996  0.071100326742032  0.000000000000000  0.001363943879363  0.010554485035435  0.003448058579260  0.271872097713721  0.031554728049896  0.001942324548190  0.010525262319263  0.000000000000000  0.337041932934264  0.181369025979272  0.009446528717448  0.006040987011370  0.009992074853730  0.011430243911753  0.002835856015437  1.000000000000000  0.000000000000000  0.000000000000000  0.000000000000000  0.000000000000000  0.000000000000000  1.000000000000000  0.101884041550328  1.000000000000000  0.495171435966512 
44.0    Q  0.000000000000000  0.000000000000000  0.003930694623038  0.012174446557195  0.000000000000000  0.000000000000000  0.032217759962337  0.000000000000000  0.233743799437864  0.000000000000000  0.000000000000000  0.008315392050417  0.018262144508769  0.613017430026578  0.070756181381917  0.000000000000000  0.007504647374637  0.000000000000000  0.000000000000000  0.000000000000000  1.000000000000000  0.000000000000000  0.000000000000000  0.000000000000000  0.000000000000000  0.000000000000000  1.000000000000000  0.102025380768863  1.000000000000000  0.495171435966512 
45.0    I  0.013897796774030  0.000000000000000  0.009446528717448  0.000000000000000  0.000000000000000  0.000000000000000  0.000000000000000  0.784584097896751  0.000000000000000  0.147931377719071  0.003374758544532  0.000000000000000  0.000000000000000  0.000000000000000  0.006045175756025  0.000000000000000  0.002366548164903  0.032554482156507  0.000000000000000  0.000000000000000  1.000000000000000  0.000000000000000  0.000000000000000  0.000000000000000  0.000000000000000  0.000000000000000  1.000000000000000  0.102025380768863  1.000000000000000  0.495171435966512 
46.0    I  0.000000000000000  0.010561803383032  0.000000000000000  0.000000000000000  0.010525262319263  0.000000000000000  0.000000000000000  0.362235538638720  0.001682707343188  0.414659772907221  0.176899270040832  0.009446528717448  0.000000000000000  0.000000000000000  0.000000000000000  0.000000000000000  0.000000000000000  0.011202775375124  0.000000000000000  0.002669897367074  1.000000000000000  0.000000000000000  0.000000000000000  0.000000000000000  0.000000000000000  0.000000000000000  1.000000000000000  0.102025380768863  1.000000000000000  0.495171435966512 
47.0    E  0.037421209519342  0.000000000000000  0.017325010056298  0.349896466398799  0.000000000000000  0.182504001331815  0.005505159199774  0.018958649378886  0.097598311575924  0.011662331119507  0.000000000000000  0.017385158134138  0.000000000000000  0.057992092279455  0.065789447169340  0.058072542140682  0.054787857582252  0.025190088484155  0.000000000000000  0.000000000000000  1.000000000000000  0.000000000000000  0.000000000000000  0.000000000000000  0.000000000000000  0.000000000000000  1.000000000000000  0.101884041550328  1.000000000000000  0.495171435966512 
48.0    Q  0.012508043916505  0.000000000000000  0.000000000000000  0.006049367405103  0.000000000000000  0.000000000000000  0.033031813767543  0.004716721060494  0.026718818059124  0.014189819026899  0.000000000000000  0.000000000000000  0.001482245364232  0.683020128377198  0.014457881688091  0.001799734738669  0.021582413252248  0.180616299740441  0.000000000000000  0.000000000000000  1.000000000000000  0.000000000000000  0.000000000000000  0.000000000000000  0.000000000000000  0.000000000000000  1.000000000000000  0.101954686667376  1.000000000000000  0.495171435966512 
49.0    L  0.000000000000000  0.017122058850745  0.000000000000000  0.010627897284422  0.003090380082756  0.014052786127309  0.000000000000000  0.066338950559362  0.000000000000000  0.820741608810498  0.002865494812827  0.000000000000000  0.000000000000000  0.000000000000000  0.000000000000000  0.000000000000000  0.005883947135288  0.059169601952295  0.000000000000000  0.000000000000000  0.995159721820083  0.004985659253238  0.000000000000000  1.000000000000000  0.000000000000000  0.000000000000000  1.000000000000000  0.102096123888753  0.498270131413934  0.495171435966512 
50.0    Q  0.058072542140682  0.004462290026752  0.006116830439504  0.057471877884479  0.019804883156788  0.005727018582770  0.029687511964840  0.003223849252003  0.025808677029241  0.053511767784154  0.000000000000000  0.014013877494719  0.014926295880976  0.625464540056633  0.002419626362859  0.023470623858452  0.031511014215456  0.003567180664109  0.017098339082199  0.003619484616759  0.997922718999051  0.000000000000000  0.002417949786792  0.000000000000000  0.000000000000000  0.000000000000000  1.000000000000000  0.102379587232478  1.000000000000000  0.495171435966512 
51.0    S  0.000000000000000  0.000000000000000  0.000000000000000  0.000000000000000  0.000000000000000  0.023163547028169  0.000000000000000  0.000000000000000  0.000000000000000  0.018173750649185  0.000000000000000  0.001868375308773  0.788946840852465  0.025207554975691  0.017506081471784  0.122852574818156  0.002499750808290  0.000000000000000  0.000000000000000  0.000000000000000  1.000000000000000  0.000000000000000  0.000000000000000  0.000000000000000  0.000000000000000  0.281264621172202  0.718470088272032  0.098618355106558  1.000000000000000  0.492433221447775 
52.0    T  0.432868282759829  0.000000000000000  0.000000000000000  0.000000000000000  0.000000000000000  0.000000000000000  0.000000000000000  0.000000000000000  0.000000000000000  0.238820734095609  0.000000000000000  0.002330733873109  0.011079219028746  0.002750672318188  0.007463147940488  0.223291463088190  0.074790560201920  0.006791754375703  0.000000000000000  0.000000000000000  1.000000000000000  0.000000000000000  0.000000000000000  0.000000000000000  0.000000000000000  0.000000000000000  1.000000000000000  0.098686735837569  1.000000000000000  0.495171435966512 
53.0    L  0.000000000000000  0.000000000000000  0.000000000000000  0.091252000665908  0.008680536942618  0.000000000000000  0.000000000000000  0.074894313833714  0.000000000000000  0.616853584904748  0.015909143746322  0.000000000000000  0.004160578919506  0.011171757705951  0.000000000000000  0.005097480264410  0.002586111153116  0.130127699710514  0.000000000000000  0.039472726932681  0.989656656415207  0.000000000000000  0.010627897284422  0.000000000000000  0.000000000000000  0.000000000000000  1.000000000000000  0.098345305669196  1.000000000000000  0.495171435966512 
54.0    K  0.031489180012828  0.000000000000000  0.033889919026346  0.025347723611783  0.000000000000000  0.007154169425142  0.001640100572157  0.011288518733778  0.254193668322989  0.003488929110753  0.000000000000000  0.017960857000542  0.189202099121197  0.340800651820627  0.056719947207323  0.024315161767357  0.002487651318997  0.000000000000000  0.000000000000000  0.000000000000000  0.976708528962227  0.023051429016919  0.000000000000000  0.071051060827251  0.929160674250913  0.000000000000000  1.000000000000000  0.099166730398893  0.484309094613314  0.489710148793463 
55.0    T  0.006245358049629  0.000000000000000  0.008572905762338  0.013212066990274  0.000000000000000  0.011477879947487  0.003844468836070  0.021792869786725  0.000000000000000  0.005593627895317  0.000000000000000  0.025772923394065  0.000000000000000  0.015733680469636  0.021582413252248  0.014033318326311  0.850274160064196  0.001648077726816  0.000000000000000  0.000000000000000  0.985549336939371  0.000000000000000  0.014367969471120  0.000000000000000  0.000000000000000  0.000000000000000  1.000000000000000  0.099304300012013  1.000000000000000  0.489710148793463 
56.0    G  0.035599480538191  0.000000000000000  0.000000000000000  0.010358795002333  0.000000000000000  0.937571096457110  0.000000000000000  0.000000000000000  0.000000000000000  0.005624731712948  0.000000000000000  0.000000000000000  0.000000000000000  0.000000000000000  0.007385954037115  0.000000000000000  0.000000000000000  0.003402946063056  0.000000000000000  0.000000000000000  1.000000000000000  0.000000000000000  0.000000000000000  0.000000000000000  0.000000000000000  0.000000000000000  1.000000000000000  0.099235491366457  1.000000000000000  0.476649272644080 
57.0    S  0.004052421627209  0.000000000000000  0.000000000000000  0.000000000000000  0.000000000000000  0.000000000000000  0.000000000000000  0.003365414686375  0.005624731712948  0.000000000000000  0.000000000000000  0.014843755982420  0.000000000000000  0.000000000000000  0.000000000000000  0.687770909069872  0.284401306968126  0.000000000000000  0.000000000000000  0.000000000000000  0.991716730738293  0.005624731712948  0.002571810394647  0.333324669272800  0.666649338545599  0.000000000000000  1.000000000000000  0.099235491366457  0.497579860910041  0.476649272644080 
58.0    E  0.000000000000000  0.000000000000000  0.015942260300757  0.828170661334546  0.000000000000000  0.002009427163855  0.000000000000000  0.000000000000000  0.077106698113094  0.000000000000000  0.000000000000000  0.000000000000000  0.016220926102235  0.014111351721122  0.015261070765035  0.025648175275328  0.000000000000000  0.005691402788664  0.000000000000000  0.000000000000000  0.995159721820083  0.005013382412355  0.000000000000000  1.000000000000000  0.000000000000000  0.437089310205187  0.562919293068381  0.100481373842894  0.498615625676035  0.471719125447680 
59.0    E  0.009264957026648  0.000000000000000  0.017849160107009  0.601651512999751  0.000000000000000  0.085023178275372  0.000000000000000  0.000000000000000  0.046359216682535  0.000000000000000  0.000000000000000  0.121161227116883  0.034866853822655  0.000000000000000  0.000000000000000  0.038606832410217  0.012387252134536  0.032849153408991  0.000000000000000  0.000000000000000  0.997231251352069  0.000000000000000  0.003081823597080  0.000000000000000  0.000000000000000  0.293412044570338  0.706616821941365  0.097801472717064  1.000000000000000  0.484644908467533 
60.0    L  0.000000000000000  0.000000000000000  0.000000000000000  0.000000000000000  0.045310838527464  0.000000000000000  0.000000000000000  0.110414381435183  0.003999401954799  0.799405830352472  0.003833824468178  0.000000000000000  0.002664351239999  0.000000000000000  0.000000000000000  0.011257263662796  0.000000000000000  0.020263118041422  0.000000000000000  0.003111875376116  1.000000000000000  0.000000000000000  0.000000000000000  0.000000000000000  0.000000000000000  0.260616440210280  0.739693754624419  0.097733705391074  1.000000000000000  0.480630464194381 
61.0    K  0.000000000000000  0.000000000000000  0.020165038913309  0.001810997161007  0.000000000000000  0.000000000000000  0.000000000000000  0.067032288551121  0.527776858818983  0.000000000000000  0.000000000000000  0.016322433794754  0.000000000000000  0.041234622211653  0.311002913324617  0.000000000000000  0.010987446874321  0.003809982271592  0.000000000000000  0.000000000000000  1.000000000000000  0.000000000000000  0.000000000000000  0.500000000000000  0.500000000000000  0.586011141837257  0.414085330667273  0.097125908598006  0.492433221447775  0.485990493990676 
62.0    S  0.036625696364829  0.005941323254848  0.029666941279704  0.000000000000000  0.000000000000000  0.000000000000000  0.020319377289820  0.000000000000000  0.000000000000000  0.004859420520697  0.000000000000000  0.000000000000000  0.000000000000000  0.000000000000000  0.000000000000000  0.897510050667261  0.000000000000000  0.000000000000000  0.004779250160671  0.000000000000000  1.000000000000000  0.000000000000000  0.000000000000000  0.000000000000000  0.000000000000000  0.000000000000000  1.000000000000000  0.097328086382708  1.000000000000000  0.495171435966512 
63.0    L  0.000000000000000  0.000000000000000  0.000000000000000  0.000000000000000  0.022483337187669  0.000000000000000  0.000000000000000  0.014367969471120  0.000000000000000  0.884540435331541  0.000000000000000  0.000000000000000  0.006219438271709  0.000000000000000  0.000000000000000  0.029441602309525  0.000000000000000  0.008862933476062  0.000000000000000  0.034267862143372  1.000000000000000  0.000000000000000  0.000000000000000  0.000000000000000  0.000000000000000  0.000000000000000  1.000000000000000  0.097328086382708  1.000000000000000  0.495171435966512 
64.0    Y  0.000000000000000  0.004985659253238  0.000000000000000  0.000000000000000  0.451563255075911  0.000000000000000  0.019640833976904  0.015452670568452  0.000000000000000  0.019290040732712  0.000000000000000  0.001754164790789  0.004259795830724  0.000000000000000  0.000000000000000  0.017110194856150  0.005065779510356  0.035280137650192  0.039418044025977  0.386087566545892  1.000000000000000  0.000000000000000  0.000000000000000  0.000000000000000  0.000000000000000  0.192242603908784  0.807760777609608  0.097328086382708  1.000000000000000  0.495171435966512 
65.0    N  0.000000000000000  0.000000000000000  0.023340835267380  0.000000000000000  0.000000000000000  0.115984184558910  0.000000000000000  0.005380664243684  0.000000000000000  0.001507109545956  0.000000000000000  0.797192476540536  0.000000000000000  0.005941323254848  0.012233660879008  0.019984149707460  0.005069292058356  0.000000000000000  0.000000000000000  0.013545899429917  0.967276329613932  0.000000000000000  0.032464346978052  0.000000000000000  0.000000000000000  0.000000000000000  1.000000000000000  0.097328086382708  1.000000000000000  0.496546247718518 
66.0    A  0.092205716067677  0.000000000000000  0.000000000000000  0.000000000000000  0.000000000000000  0.000000000000000  0.000000000000000  0.060371020557803  0.007360400577381  0.092718433365070  0.019249969897590  0.000000000000000  0.013193763865997  0.005295563776563  0.000000000000000  0.008099227351717  0.701735863019538  0.000000000000000  0.000000000000000  0.000000000000000  1.000000000000000  0.000000000000000  0.000000000000000  0.000000000000000  0.000000000000000  0.319968103461077  0.680185426202977  0.103306289769276  1.000000000000000  0.470739232270603 
67.0    V  0.028716027608720  0.067826835742613  0.000000000000000  0.004400856361317  0.000000000000000  0.003342168069073  0.000000000000000  0.175433965754884  0.000000000000000  0.036931610841699  0.011280696840020  0.000000000000000  0.000000000000000  0.000000000000000  0.019451159927846  0.002460214804585  0.023732370153352  0.613867841957530  0.000000000000000  0.012447501504462  1.000000000000000  0.000000000000000  0.000000000000000  0.000000000000000  0.000000000000000  0.000000000000000  1.000000000000000  0.100064351332038  1.000000000000000  0.480297431976738 
68.0    A  0.636397467637971  0.164709993966768  0.000000000000000  0.008734858210671  0.000000000000000  0.002218807157786  0.000000000000000  0.011249463425896  0.000000000000000  0.001340512139897  0.000000000000000  0.012447501504462  0.006857982793824  0.000000000000000  0.006280085865181  0.061128967090459  0.023617498879941  0.064973714698455  0.000000000000000  0.000000000000000  1.000000000000000  0.000000000000000  0.000000000000000  0.000000000000000  0.000000000000000  0.755759964158113  0.244346441602701  0.100133734698703  1.000000000000000  0.480297431976738 
69.0    V  0.025577161924713  0.003852471501927  0.000000000000000  0.007259067767585  0.000000000000000  0.013687473672924  0.000000000000000  0.007715631730042  0.004642121504129  0.000000000000000  0.000000000000000  0.001812252883733  0.004729816734182  0.005916665296394  0.018048215383650  0.000000000000000  0.471392267959120  0.430773079856009  0.000000000000000  0.004590923157890  1.000000000000000  0.000000000000000  0.000000000000000  0.000000000000000  0.000000000000000  0.000000000000000  1.000000000000000  0.096388176587996  1.000000000000000  0.496546247718518 
70.0    L  0.000000000000000  0.013470992890900  0.000000000000000  0.000000000000000  0.020818356642063  0.000000000000000  0.001755381106662  0.103091693576260  0.000000000000000  0.787307976569203  0.001864494168242  0.000000000000000  0.001972170503119  0.000000000000000  0.007259067767585  0.000000000000000  0.013687473672924  0.048562954299003  0.000000000000000  0.000000000000000  1.000000000000000  0.000000000000000  0.000000000000000  0.000000000000000  0.000000000000000  0.000000000000000  1.000000000000000  0.096388176587996  1.000000000000000  0.496546247718518 
71.0    Y  0.031358492140922  0.015356571852270  0.005933092538338  0.000000000000000  0.024946824573645  0.000000000000000  0.000000000000000  0.000000000000000  0.000000000000000  0.018632951130166  0.000000000000000  0.007259067767585  0.011686607487206  0.000000000000000  0.013687473672924  0.005343497280869  0.000000000000000  0.000000000000000  0.245534898815848  0.620283648857694  1.000000000000000  0.000000000000000  0.000000000000000  0.000000000000000  0.000000000000000  0.000000000000000  1.000000000000000  0.096388176587996  1.000000000000000  0.496546247718518 
72.0    C  0.028975954576108  0.827023368443266  0.000000000000000  0.000000000000000  0.005395603313062  0.007861389246076  0.000000000000000  0.000000000000000  0.031730190652170  0.000000000000000  0.002983041988204  0.000000000000000  0.011686607487206  0.000000000000000  0.011694710834318  0.004642121504129  0.000000000000000  0.003464829317001  0.029728696135369  0.034818551588104  0.982139595263391  0.018098325096791  0.000000000000000  1.000000000000000  0.000000000000000  0.000000000000000  1.000000000000000  0.096388176587996  0.485317234884773  0.496546247718518 
73.0    V  0.000000000000000  0.028478165019911  0.000000000000000  0.017373111836205  0.000000000000000  0.013093548979187  0.000000000000000  0.068773663085384  0.004642121504129  0.124567532853483  0.000000000000000  0.000000000000000  0.000000000000000  0.000000000000000  0.013687473672924  0.000000000000000  0.000000000000000  0.723969086189780  0.000000000000000  0.005597506446770  0.999307092990453  0.000832651261492  0.000000000000000  0.500000000000000  0.500000000000000  0.000000000000000  1.000000000000000  0.096388176587996  0.500000000000000  0.496546247718518 
74.0    H  0.000000000000000  0.000000000000000  0.012404436420807  0.004642121504129  0.000000000000000  0.000000000000000  0.855002177891973  0.005593627895317  0.013687473672924  0.018491422214884  0.000000000000000  0.000000000000000  0.002373118734189  0.025934205799687  0.034363004666080  0.003999401954799  0.000000000000000  0.000000000000000  0.000000000000000  0.023535788541153  0.988285651500733  0.011907381487029  0.000000000000000  0.333324669272800  0.666649338545599  0.000000000000000  1.000000000000000  0.096388176587996  0.494828328207603  0.496546247718518 
75.0    Q  0.186985719795299  0.015092755139451  0.000000000000000  0.084787770465479  0.000000000000000  0.020890632740705  0.017421347167620  0.000000000000000  0.063240825064183  0.009902441578394  0.002012214753164  0.036524289017539  0.019750048413325  0.448444079831007  0.066292983835514  0.020389921057640  0.005048253244678  0.003284751622085  0.000000000000000  0.000000000000000  1.000000000000000  0.000000000000000  0.000000000000000  0.000000000000000  0.000000000000000  0.000000000000000  1.000000000000000  0.095988141856381  1.000000000000000  0.496546247718518 
76.0    R  0.005369487092078  0.000000000000000  0.025524030972188  0.106284270008024  0.000000000000000  0.137642699762245  0.001902352086999  0.000000000000000  0.195061370043426  0.014690221914205  0.008172538592129  0.039037378926668  0.021138253610161  0.049859077488065  0.385820043764734  0.004739662344721  0.004835899573584  0.000000000000000  0.000000000000000  0.000000000000000  1.000000000000000  0.000000000000000  0.000000000000000  0.000000000000000  0.000000000000000  0.000000000000000  1.000000000000000  0.097733705391074  1.000000000000000  0.496546247718518 
77.0    I  0.004379554992299  0.000000000000000  0.003788913712272  0.042600081477578  0.006963363249195  0.000000000000000  0.000000000000000  0.715984370600572  0.034339194299277  0.037786114869793  0.021344379011787  0.000000000000000  0.000000000000000  0.015388538170243  0.013830527571555  0.000000000000000  0.000000000000000  0.081956375888478  0.013640118611465  0.007834190905477  1.000000000000000  0.000000000000000  0.000000000000000  0.000000000000000  0.000000000000000  0.000000000000000  1.000000000000000  0.095921631000055  1.000000000000000  0.496546247718518 
78.0    E  0.025068161448515  0.000000000000000  0.210515738402104  0.412652704256329  0.000000000000000  0.012310216969521  0.007045901393611  0.000000000000000  0.194251817196012  0.000000000000000  0.000000000000000  0.018478609378815  0.027930786323650  0.039747281460737  0.013102627881890  0.024484287092167  0.005508976408142  0.002851625020810  0.005982648426150  0.000000000000000  1.000000000000000  0.000000000000000  0.000000000000000  0.000000000000000  0.000000000000000  0.000000000000000  1.000000000000000  0.096121301954392  1.000000000000000  0.496546247718518 
79.0    V  0.005436899968090  0.007801677078914  0.000000000000000  0.000000000000000  0.000000000000000  0.015700997194122  0.000000000000000  0.219759890227947  0.002333967196986  0.003903543331994  0.006777645993376  0.000000000000000  0.000000000000000  0.000000000000000  0.000000000000000  0.013830527571555  0.000000000000000  0.724471077277439  0.000000000000000  0.000000000000000  1.000000000000000  0.000000000000000  0.000000000000000  0.000000000000000  0.000000000000000  0.000000000000000  1.000000000000000  0.095921631000055  1.000000000000000  0.496546247718518 
80.0    K  0.027110583973502  0.000000000000000  0.007099829034754  0.084085450532614  0.000000000000000  0.001674562571551  0.005222658185176  0.000000000000000  0.549808074657276  0.016265962463814  0.000000000000000  0.008680536942618  0.000000000000000  0.058760887656820  0.183137609326417  0.019249969897590  0.038714021805747  0.000000000000000  0.000000000000000  0.000000000000000  1.000000000000000  0.000000000000000  0.000000000000000  0.000000000000000  0.000000000000000  1.000000000000000  0.000000000000000  0.096121301954392  1.000000000000000  0.496546247718518 
81.0    D  0.000000000000000  0.000000000000000  0.851453707748945  0.006506060710004  0.000000000000000  0.002863509291385  0.032128557083002  0.000000000000000  0.013221228071880  0.000000000000000  0.000000000000000  0.077643017611527  0.000000000000000  0.000000000000000  0.008229383093397  0.005343497280869  0.002831927407967  0.000000000000000  0.000000000000000  0.000000000000000  1.000000000000000  0.000000000000000  0.000000000000000  0.000000000000000  0.000000000000000  0.000000000000000  0.000000000000000  0.094863703310878  1.000000000000000  1.000000000000000 
82.0    T  0.034987902770445  0.000000000000000  0.000000000000000  0.000000000000000  0.000000000000000  0.009759344731667  0.008229383093397  0.001951771665997  0.003744529056613  0.004812492474397  0.000000000000000  0.000000000000000  0.012293163208649  0.000000000000000  0.008402299925448  0.000000000000000  0.915733686418126  0.000000000000000  0.000000000000000  0.000000000000000  0.995849753094458  0.004265705256819  0.000000000000000  1.000000000000000  0.000000000000000  0.000000000000000  0.000000000000000  0.094863703310878  0.499307333050514  1.000000000000000 
83.0    K  0.002769804757186  0.000000000000000  0.000000000000000  0.179368691825838  0.000000000000000  0.006189334460351  0.018161157929971  0.011202775375124  0.623300597137549  0.000000000000000  0.000000000000000  0.003039395220920  0.004419197120492  0.102025380768863  0.019236631458514  0.001998315370575  0.028242272710971  0.000000000000000  0.000000000000000  0.000000000000000  0.998614666101029  0.000000000000000  0.001675723692244  0.000000000000000  0.000000000000000  0.000000000000000  0.000000000000000  0.094797971585903  1.000000000000000  1.000000000000000 
84.0    E  0.014189819026899  0.000000000000000  0.010351617320666  0.846745312362527  0.000000000000000  0.013545899429917  0.013611784252223  0.000000000000000  0.023389421668636  0.009759344731667  0.000000000000000  0.000000000000000  0.000000000000000  0.068678388598555  0.000000000000000  0.000000000000000  0.000000000000000  0.000000000000000  0.000000000000000  0.000000000000000  1.000000000000000  0.000000000000000  0.000000000000000  0.125000000000000  0.874784764905822  0.000000000000000  1.000000000000000  0.094863703310878  0.500000000000000  0.492433221447775 
85.0    A  0.958599438492977  0.000000000000000  0.000000000000000  0.004812492474397  0.002060199838024  0.008396477912934  0.000000000000000  0.000000000000000  0.003744529056613  0.000000000000000  0.000000000000000  0.000000000000000  0.006040987011370  0.000000000000000  0.004619652344704  0.011719054603795  0.000000000000000  0.000000000000000  0.000000000000000  0.000000000000000  0.986232704493359  0.000000000000000  0.013859317268002  0.000000000000000  0.000000000000000  0.000000000000000  1.000000000000000  0.094863703310878  1.000000000000000  0.492433221447775 
86.0    L  0.000000000000000  0.000000000000000  0.000000000000000  0.020803931456818  0.016550286479436  0.000000000000000  0.000000000000000  0.040246300922182  0.117521775313641  0.705637921704346  0.000000000000000  0.004690638388614  0.003148761060519  0.004910208494226  0.015810206266046  0.005738939973743  0.000000000000000  0.064793818813733  0.000000000000000  0.000000000000000  1.000000000000000  0.000000000000000  0.000000000000000  0.000000000000000  0.000000000000000  0.429282718218877  0.570777353563387  0.095722374818399  1.000000000000000  0.482299092292069 
87.0    D  0.030101934188130  0.000000000000000  0.458184322337676  0.182630547318209  0.000000000000000  0.015975445790780  0.000000000000000  0.004391714546010  0.135936048856860  0.000000000000000  0.001483273134585  0.041752314949691  0.000000000000000  0.063548417080747  0.020025748815003  0.010488847677971  0.009413846210897  0.020717590004667  0.000000000000000  0.005535771080110  0.990342871933025  0.009820416988452  0.000000000000000  0.250000000000000  0.750019494642909  0.828744904487992  0.171229122495696  0.094929480613408  0.482299092292069  0.490389501994276 
88.0    K  0.015733680469636  0.000000000000000  0.015197733553317  0.061982295671143  0.000000000000000  0.007144258511718  0.007699604194839  0.029299096764285  0.676424115525137  0.020560226953578  0.000000000000000  0.005062269396224  0.004227440017679  0.063769041203029  0.059663813383732  0.000000000000000  0.019370432811547  0.009752582413294  0.000000000000000  0.004169239601719  1.000000000000000  0.000000000000000  0.000000000000000  0.000000000000000  0.000000000000000  1.000000000000000  0.000000000000000  0.094929480613408  1.000000000000000  0.499653546495226 
89.0    I  0.016921485086343  0.000000000000000  0.008384845987449  0.000000000000000  0.003547454756725  0.000000000000000  0.000000000000000  0.516199267741621  0.010896434893363  0.112890813768978  0.019130256131253  0.000000000000000  0.000000000000000  0.000000000000000  0.000000000000000  0.016481598704188  0.000000000000000  0.289974913626359  0.005535771080110  0.000000000000000  0.999307092990453  0.000000000000000  0.000505850958770  0.000000000000000  0.000000000000000  0.000000000000000  0.000000000000000  0.096588818705998  1.000000000000000  1.000000000000000 
90.0    E  0.005204589160516  0.000000000000000  0.001756598265914  0.613017430026578  0.000000000000000  0.011202775375124  0.000000000000000  0.000000000000000  0.207042665333636  0.000000000000000  0.000000000000000  0.000000000000000  0.000000000000000  0.062978360025657  0.064704057740086  0.000000000000000  0.007437327410137  0.019695365493484  0.000000000000000  0.007129417879246  0.965267024871757  0.033031813767543  0.001680376231663  0.176409480426087  0.823591017267573  0.000000000000000  1.000000000000000  0.096924150793376  0.480297431976738  0.500000000000000 
91.0    E  0.012976094126420  0.000000000000000  0.013359409029562  0.646176415318746  0.000000000000000  0.033446521825832  0.000000000000000  0.026042287723726  0.123707082051901  0.013175486097658  0.003316782212683  0.000000000000000  0.000000000000000  0.037786114869793  0.038234001285371  0.008893703352147  0.008513688376667  0.034196678164398  0.000000000000000  0.000000000000000  0.978063473447339  0.000000000000000  0.021898866391887  1.000000000000000  0.000000000000000  0.959264119325264  0.040893064732969  0.095259051896236  0.492433221447775  0.492092011016900 
92.0    I  0.066939426449466  0.024535253708549  0.020067434515460  0.379717922453632  0.002901470548166  0.005574275412960  0.039830019603727  0.140729823267095  0.052958277184132  0.021226348196077  0.034244117701490  0.007075265492327  0.000000000000000  0.016968466505036  0.092718433365070  0.000000000000000  0.014150530984653  0.077804639711386  0.000000000000000  0.002391282016407  0.817335328488283  0.180866860733816  0.001690891729531  0.281654807124320  0.718470088272032  0.538866572521835  0.461371246326899  0.096924150793376  0.381564802240140  0.487677730763821 
93.0    Q  0.004425327676937  0.003831167984330  0.034530140149997  0.098755163982922  0.000000000000000  0.015377875344278  0.016447361792335  0.000000000000000  0.049686578184311  0.013926726498390  0.027054267672489  0.008280881120291  0.012430257558671  0.643048741715302  0.032803646363221  0.008807815719886  0.012395841299862  0.007551610133320  0.010664794670978  0.000000000000000  0.979420297586927  0.008590751166520  0.012174446557195  0.249135065706967  0.751059963470465  0.037085524926767  0.962594443101751  0.095589767367673  0.494828328207603  0.481297221550876 
94.0    N  0.024688790995731  0.000000000000000  0.019370432811547  0.046520164223954  0.000000000000000  0.026241609154504  0.009772883438385  0.016758072137780  0.206755842110816  0.004328251358847  0.005429368046259  0.487002134271620  0.004364402883095  0.027872766231878  0.016401823181610  0.035797434311867  0.067125279476258  0.000000000000000  0.000000000000000  0.001410087105002  0.985549336939371  0.001463866798589  0.013012121420009  0.577943353277399  0.421907898065009  0.283613871233989  0.716480825186550  0.095656048113917  0.500000000000000  0.475000191437443 
95.0    K  0.034339194299277  0.009895580107213  0.000000000000000  0.081503170953660  0.012586317047637  0.040218413978165  0.000000000000000  0.000000000000000  0.624598062826688  0.002386314651706  0.000000000000000  0.053734780390188  0.005624731712948  0.045279442329840  0.023147496844068  0.050977343333688  0.009840859218339  0.005758864130043  0.000000000000000  0.000000000000000  0.889458993537898  0.031315050158739  0.078945453865362  0.465870214652387  0.534402995605504  0.520871714504111  0.478967609111348  0.095855166229568  0.479632059662632  0.474671060475260 
96.0    S  0.024552266145862  0.056445406884489  0.017145811524676  0.072997962163320  0.017493951385222  0.058924033494890  0.010481579881893  0.019064070473003  0.021807980689409  0.000000000000000  0.000000000000000  0.050695447223565  0.006015915423719  0.031034140482407  0.032531924927628  0.515484159397394  0.051367511705928  0.008537326086726  0.000000000000000  0.005497532716115  0.880259013563151  0.111028349480301  0.008680536942618  0.284598507268719  0.715488260011456  0.362989569975974  0.636838737663250  0.112422289018469  0.396666921595571  0.430474594169452 
97.0    Q  0.030734439813320  0.000000000000000  0.013649576498698  0.034244117701490  0.000000000000000  0.000000000000000  0.002638621258859  0.025365299405540  0.449377563305515  0.010438078737423  0.006754197119593  0.011179504062679  0.005388128600887  0.288171586699716  0.063153215405423  0.028895727441053  0.029873291174804  0.000000000000000  0.000000000000000  0.000000000000000  0.949342120950519  0.024163948045479  0.026755883892077  0.534773543942622  0.465224828851508  0.105039219029160  0.895025070927972  0.111568371434122  0.489031736723670  0.431669779287206 
98.0    Q  0.012638771068152  0.000000000000000  0.020489093972119  0.110414381435183  0.000000000000000  0.004782564032813  0.001845209064448  0.000000000000000  0.270556161131429  0.003175060945251  0.006730829372750  0.026405824512891  0.023798261557863  0.472046209575125  0.019290040732712  0.011751591807724  0.016019800592009  0.000000000000000  0.000000000000000  0.000000000000000  0.974679630891549  0.012276133072931  0.013157233650131  0.702222437868999  0.297507924076669  0.306721244313451  0.693515484565693  0.114308136187488  0.487002134271620  0.419284092220466 
99.0    K  0.027834153143959  0.000000000000000  0.001840100144345  0.037864770638445  0.000000000000000  0.030755750688556  0.003088238736734  0.005251699195909  0.639492790638714  0.003971776067547  0.016288527513143  0.020948634243443  0.024298313621330  0.073863221683398  0.053883971563600  0.014608987464866  0.041781265481410  0.004283482767921  0.000000000000000  0.000000000000000  0.891928519420093  0.037473122305972  0.070609200910633  0.453445164466571  0.546388869550476  0.037707622491274  0.962594443101751  0.107842668067832  0.467163673441590  0.433468781757343 
100.0    T  0.273005136436413  0.004477781975501  0.020095273178603  0.036651092163496  0.000000000000000  0.009316475565083  0.012656304275501  0.016619260513956  0.074273944066058  0.008698606392412  0.020095273178603  0.016816251949747  0.032509383328812  0.052701944390632  0.001653799438208  0.038767728053606  0.359235044136016  0.022514527325593  0.000000000000000  0.000000000000000  0.949342120950519  0.034746223672410  0.015657525079369  0.413225159077106  0.586824089140676  0.403320879611063  0.596667871515861  0.111723145294598  0.481297221550876  0.398320048142791 
101.0    Q  0.043254678626609  0.000000000000000  0.027431931175297  0.021990130864459  0.000000000000000  0.033866436463899  0.008088007217511  0.000000000000000  0.068821349881123  0.000000000000000  0.000000000000000  0.035012162943568  0.053400608805608  0.601651512999751  0.021702423996330  0.056798632278033  0.023535788541153  0.000000000000000  0.000000000000000  0.004382591720822  0.988970916380931  0.007075265492327  0.004248001526777  0.802181166352486  0.197510327965844  0.028419007868773  0.971307495541633  0.108367195439336  0.494485458190466  0.428094142273228 
102.0    Q  0.065018766657624  0.000000000000000  0.018568486016515  0.054674047806614  0.000000000000000  0.033749267494778  0.013527133836245  0.000000000000000  0.087231922757635  0.001278794358480  0.010525262319263  0.026774436086518  0.013193763865997  0.605416541975277  0.030122806491895  0.018325546081748  0.018906157644051  0.002467045433293  0.000000000000000  0.000000000000000  0.918912883479050  0.026923317491001  0.054221167947004  0.413798408039103  0.586011141837257  0.152090294829258  0.847919964633148  0.108367195439336  0.467487598875728  0.427501088945986 
103.0    A  0.602068690615708  0.000000000000000  0.014731008373722  0.070170088879601  0.000000000000000  0.022624033943431  0.000000000000000  0.000000000000000  0.039227249727583  0.000000000000000  0.000000000000000  0.012595044242078  0.044997853703584  0.029076551803219  0.000000000000000  0.027035521580781  0.122937759253281  0.014308338850283  0.000000000000000  0.000000000000000  0.717474767303352  0.107469560780376  0.174827010342308  0.848507901705896  0.151669195031087  0.195738574064136  0.804408370941916  0.108217070689957  0.414659772907221  0.403600537252382 
104.0    A  0.628071190571764  0.004687388212395  0.024895003008924  0.052848267961095  0.015788303851356  0.009080578964985  0.003464829317001  0.000000000000000  0.030798416779355  0.006112592044816  0.008519591661447  0.005055256462824  0.014268722656437  0.028537445312875  0.002682883268417  0.066292983835514  0.093298648956060  0.005616939581433  0.000000000000000  0.000000000000000  0.908148417721510  0.074119656213184  0.017787406704295  0.753145233316906  0.246729136471460  0.179368691825838  0.820741608810498  0.131305568001344  0.454074208860755  0.341983825975623 
105.0    A  0.595841287287023  0.016688522000748  0.016653855251062  0.023503183615448  0.015409886007709  0.024080347136200  0.000000000000000  0.002444914958309  0.026867390195094  0.004250947037777  0.023503183615448  0.013888166893228  0.019998006466317  0.035946621667206  0.063636574985289  0.040358042196948  0.056641371141708  0.014619117153616  0.005859527301898  0.000000000000000  0.883315051481465  0.100203166174924  0.016676958406874  0.421615555125056  0.578344091952644  0.126744934973754  0.872967591133763  0.133878852898932  0.438910898804760  0.353798540081664 
106.0    G  0.104603280335424  0.000000000000000  0.414659772907221  0.046391361582158  0.000000000000000  0.101390894447130  0.001591938149224  0.000000000000000  0.049549008538143  0.001533453356784  0.006206518750751  0.100411749594629  0.063372467486877  0.026278012976679  0.012753172596108  0.020876157474845  0.045720975647010  0.004584563196412  0.000000000000000  0.000000000000000  0.857970530428691  0.058924033494890  0.082927821287323  0.444113397921202  0.555939578758553  0.636838737663250  0.362989569975974  0.132494097924660  0.468785548228555  0.353308410970682 
107.0    T  0.119576019761484  0.000000000000000  0.014229216149875  0.101954686667376  0.000000000000000  0.031752191968553  0.004428396143666  0.008021012075937  0.112266546610492  0.000000000000000  0.006642766875502  0.010159688644910  0.050520054300348  0.016607744911852  0.009992074853730  0.034626010870779  0.467811748915700  0.011335564123705  0.000000000000000  0.000000000000000  0.987600861445373  0.004346289533535  0.007921558435860  0.353063601096189  0.647072827241427  0.413511684221633  0.586417474615939  0.105550110927973  0.491751037013124  0.388503634392025 
108.0    G  0.172420115228383  0.006049367405103  0.019559319666469  0.079274462457867  0.000000000000000  0.518350550509860  0.000000000000000  0.000000000000000  0.022051185053261  0.000000000000000  0.000000000000000  0.008943157504677  0.017713584574663  0.030248344590429  0.032871930600121  0.044163551371335  0.025050791543731  0.023438109207591  0.000000000000000  0.000000000000000  0.856781954768570  0.007927051145163  0.135465745855598  0.629378586752429  0.370873733460280  0.261521234948132  0.738157202841417  0.107097744346071  0.492092011016900  0.410655350376033 
109.0    N  0.060371020557803  0.000000000000000  0.042541066140609  0.032963197408377  0.000000000000000  0.045689295262501  0.026904662135591  0.013715965587649  0.085555238318240  0.009624984948795  0.000000000000000  0.303548721098762  0.063240825064183  0.037838533873455  0.028795755818709  0.166546853136503  0.068583246098703  0.014004167180772  0.000000000000000  0.000000000000000  0.928516852306729  0.008986655416802  0.062630100317477  0.429878243121503  0.569986636346731  0.074222479129588  0.925946022527324  0.106653262264008  0.496202187342909  0.345318612035964 
110.0    S  0.113597264556065  0.005058761714275  0.043105028807096  0.010330114102676  0.000000000000000  0.030713143704539  0.004437614315573  0.000000000000000  0.021152910610195  0.000000000000000  0.000000000000000  0.093104841445169  0.091188771515011  0.051760666333409  0.021990130864459  0.428390977384285  0.067171823303469  0.017973310833603  0.000000000000000  0.000000000000000  0.917639882311365  0.018504243935213  0.063680699788545  0.223291463088190  0.776468875001040  0.235696133979560  0.764188260382583  0.103234708116965  0.492774668469685  0.323536413620713 
111.0    S  0.062025273417864  0.009426905622818  0.004437614315573  0.010761328487368  0.000000000000000  0.080940187428402  0.000000000000000  0.001404234895358  0.098686735837569  0.000000000000000  0.000000000000000  0.114387396015991  0.016816251949747  0.030437633391976  0.019668080836013  0.489370825198718  0.054749894691695  0.006867496569623  0.000000000000000  0.000000000000000  0.919550046151658  0.012048522073500  0.068298608693810  0.328052813647990  0.671751712860648  0.453130969133667  0.546767728742316  0.107172004579271  0.492774668469685  0.337041932934264 
112.0    K  0.030164594527242  0.000000000000000  0.002999629433012  0.039885274025905  0.012073602338250  0.167240944348264  0.000000000000000  0.000000000000000  0.259175275254930  0.001580941829194  0.000000000000000  0.035060733766578  0.031950891581560  0.307999518361439  0.016209686508838  0.072293011494080  0.018338252785646  0.004866161779568  0.000000000000000  0.000000000000000  0.973329374158238  0.012700243781005  0.013859317268002  0.033632503899494  0.966606097064973  0.347238783941278  0.652929893544459  0.110567554416443  0.468136123717246  0.370873733460280 
113.0    V  0.041120453907157  0.002962436612059  0.003849802097419  0.022204563174709  0.005558841645448  0.097463105326415  0.008223680896167  0.076203443379769  0.007850498597061  0.013377941946038  0.001175100611328  0.002446610231688  0.008166875782853  0.035353576963934  0.049446081324091  0.063990431276778  0.043284670878466  0.508387336645978  0.003259801879513  0.005831165559754  0.974004268543241  0.021914050791288  0.003966273831521  0.418993567333974  0.581157053759059  0.788946840852465  0.211100221855945  0.109803808529795  0.481297221550876  0.404440674180870 
114.0    S  0.039010329653175  0.000000000000000  0.003142220198992  0.002927733597179  0.000000000000000  0.094273754792911  0.004697145503509  0.000000000000000  0.017948411796829  0.000000000000000  0.001406182928237  0.008704637897026  0.022421086478230  0.016311123865964  0.025347723611783  0.744322627583270  0.007179006902180  0.008572905762338  0.000000000000000  0.003809982271592  0.984866442895551  0.015176679617838  0.000000000000000  0.074686950303549  0.925304428037852  0.791137301185450  0.208771979857092  0.100133734698703  0.489031736723670  0.476979775273779 
115.0    Q  0.018840747307668  0.000000000000000  0.008686555918102  0.021211640310625  0.002640450845758  0.083852639055141  0.012199788946990  0.002826044698966  0.044378354954482  0.017289021142067  0.000000000000000  0.000000000000000  0.022892201165802  0.661585719954060  0.067826835742613  0.014680042956469  0.001572199487541  0.014812921330135  0.000000000000000  0.004886441719192  0.940174202509126  0.051474438579223  0.008408125974873  0.086990399489444  0.913198250011992  0.657015813574686  0.343171107813728  0.098686735837569  0.466193243218416  0.496546247718518 
116.0    N  0.014140725982545  0.000000000000000  0.015197733553317  0.000000000000000  0.000000000000000  0.002976845371757  0.006758880395195  0.036473690681827  0.022112408755104  0.008537326086726  0.000000000000000  0.863339558574412  0.003996630741150  0.004286452881169  0.008753040735892  0.005448217446681  0.001398406973829  0.006592310907266  0.000000000000000  0.000000000000000  0.993092495437036  0.005013382412355  0.001953125000000  0.199990032083188  0.799960128332753  0.802737388715953  0.197236710213116  0.098277161517541  0.495514781632040  0.492774668469685 
117.0    Y  0.002109329218424  0.009779659833234  0.000999157685288  0.002983041988204  0.068345966092790  0.000000000000000  0.005995101937503  0.021567458646822  0.000000000000000  0.017289021142067  0.042836962655616  0.010724097119179  0.000000000000000  0.001842652833780  0.000000000000000  0.008286622979439  0.002023403835078  0.006232384686008  0.010949433195943  0.787853886049346  0.964598184584138  0.030458738465361  0.004622855553721  0.323088207659373  0.676893139526230  0.000000000000000  1.000000000000000  0.097801472717064  0.478635729097649  0.498270131413934 
118.0    P  0.006146581604325  0.000000000000000  0.003644660123191  0.000000000000000  0.000000000000000  0.000000000000000  0.003201580498584  0.007619964543185  0.000000000000000  0.006032618227280  0.000000000000000  0.000000000000000  0.945402116750744  0.013668511951653  0.000000000000000  0.014538275901610  0.000000000000000  0.000000000000000  0.000000000000000  0.000000000000000  0.934975197751455  0.011501772360689  0.053846634982001  0.389042588277709  0.610896550836750  0.438302860658018  0.561749951515823  0.095589767367673  0.494485458190466  0.494142825750366 
119.0    I  0.015766431778823  0.000000000000000  0.000000000000000  0.000000000000000  0.007031265076512  0.000000000000000  0.006461120065963  0.714992493180845  0.002731672036599  0.048194088293998  0.010145614083827  0.006032618227280  0.000000000000000  0.006045175756025  0.002839790072891  0.015953314464175  0.000000000000000  0.120993378361717  0.000000000000000  0.042777619159120  0.990342871933025  0.008443167203432  0.001545190041378  0.148239312426368  0.851453707748945  0.900625979847929  0.099373156368622  0.100272645794061  0.496546247718518  0.465547409915115 
120.0    V  0.008280881120291  0.006236706143411  0.000000000000000  0.002218807157786  0.000000000000000  0.015124172295215  0.000000000000000  0.105989995579143  0.000000000000000  0.049617745683228  0.017676788481967  0.003190503871524  0.000000000000000  0.051118878659861  0.007055675860561  0.055861572647299  0.000000000000000  0.677832163400000  0.000000000000000  0.000000000000000  1.000000000000000  0.000000000000000  0.000000000000000  0.000000000000000  0.000000000000000  0.924022572446823  0.076097876166437  0.095523532547823  1.000000000000000  0.476979775273779 
121.0    Q  0.027035521580781  0.000000000000000  0.000000000000000  0.000000000000000  0.000000000000000  0.014150530984653  0.012779719664965  0.004944361695196  0.015431263460084  0.000000000000000  0.000000000000000  0.004046807670156  0.000000000000000  0.685866644295299  0.135653671485226  0.004687388212395  0.081277509159280  0.014219356626264  0.000000000000000  0.000000000000000  0.997922718999051  0.000000000000000  0.002048807280420  0.000000000000000  0.000000000000000  0.000000000000000  1.000000000000000  0.095457343622544  1.000000000000000  0.499653546495226 
122.0    N  0.003381783459061  0.000000000000000  0.029584800976147  0.037317599596081  0.000000000000000  0.047333322371155  0.002482483768175  0.019156794688331  0.023019495090883  0.006015915423719  0.008850655353873  0.640379930664885  0.003287029227677  0.088510964888409  0.004010506037969  0.001597464958121  0.053437636118248  0.025790794016021  0.000000000000000  0.005695349136002  0.976031760776225  0.015092755139451  0.008662505028149  0.538493188096524  0.461691155364697  0.000000000000000  1.000000000000000  0.098005056759467  0.492092011016900  0.496890546661277 
123.0    A  0.379717922453632  0.021373989123476  0.000000000000000  0.000000000000000  0.000000000000000  0.040526236082844  0.003754925501519  0.061001985048514  0.000000000000000  0.271683715631515  0.033284631356044  0.051012690384431  0.045248067886861  0.009005362084366  0.015335297872711  0.017050998078983  0.009827226342469  0.035378090690959  0.006024261036750  0.000000000000000  0.868140227601043  0.000000000000000  0.132127255070173  0.000000000000000  0.000000000000000  0.616853584904748  0.383154990051946  0.097598311575924  1.000000000000000  0.491410299272626 
124.0    Q  0.020025748815003  0.000000000000000  0.000000000000000  0.002125473518888  0.000000000000000  0.070609200910633  0.009861344000876  0.000000000000000  0.012157580883678  0.003105411136519  0.004562372635207  0.015250496262129  0.016390458243359  0.778624691061662  0.022765611154656  0.000000000000000  0.029584800976147  0.009827226342469  0.000000000000000  0.005055256462824  0.995849753094458  0.003969023996069  0.000000000000000  1.000000000000000  0.000000000000000  0.957935218222696  0.042071877164899  0.112890813768978  0.500000000000000  0.416387885440275 
125.0    G  0.018262144508769  0.000000000000000  0.000000000000000  0.000000000000000  0.000000000000000  0.785128118673572  0.009271381231692  0.000000000000000  0.000000000000000  0.000000000000000  0.000000000000000  0.049514675682811  0.000000000000000  0.097260647069427  0.027641888604111  0.003064781632409  0.004971855215922  0.005118724233822  0.000000000000000  0.000000000000000  0.988970916380931  0.006470083291676  0.004697145503509  1.000000000000000  0.000000000000000  0.000000000000000  1.000000000000000  0.094666644742311  0.496546247718518  0.497924876547229 
126.0    Q  0.042600081477578  0.004982204654994  0.000000000000000  0.006515086279883  0.000000000000000  0.049755506173674  0.007535923317064  0.012673861805891  0.009200959293711  0.001852899053009  0.000000000000000  0.092014178885511  0.009232902710425  0.726482524785685  0.009718841041394  0.007213924302573  0.008875228631146  0.011249463425896  0.000000000000000  0.000000000000000  0.995849753094458  0.003906250000000  0.000000000000000  0.352330188785505  0.647521499427212  0.290377182981431  0.709561678100191  0.094143154164613  0.499653546495226  0.495171435966512 
127.0    M  0.023099412988654  0.000000000000000  0.006271385849343  0.000000000000000  0.040358042196948  0.000000000000000  0.000000000000000  0.027834153143959  0.005418089723169  0.026607928367155  0.588453368609384  0.021477948368313  0.070903467808497  0.005953690743515  0.003088238736734  0.000000000000000  0.001325727519414  0.008974205898414  0.069156084568267  0.100900134313096  0.980779003988551  0.015865095326085  0.003649716198762  0.863938187400277  0.135747732040287  0.433769343576034  0.566049451055337  0.093882495433808  0.488354264481114  0.496890546661277 
128.0    V  0.005006437203751  0.004896613361096  0.003552375983597  0.032061817041786  0.000000000000000  0.015920174947136  0.000000000000000  0.082526427563438  0.000000000000000  0.010701820155981  0.008280881120291  0.000000000000000  0.015766431778823  0.071644511608024  0.021552514403548  0.019303416205108  0.046134825177589  0.647970482716667  0.000000000000000  0.014802657353114  0.996540262827868  0.003273387244797  0.000000000000000  0.500000000000000  0.500000000000000  0.492092011016900  0.507683050434715  0.096254646779509  0.499653546495226  0.496202187342909 
129.0    H  0.011825131195075  0.000000000000000  0.000000000000000  0.000000000000000  0.000000000000000  0.000000000000000  0.832775770880549  0.012132326171891  0.003217152411201  0.014843755982420  0.007593601468604  0.000000000000000  0.013424386796050  0.025295069267107  0.000000000000000  0.007304493732433  0.013687473672924  0.000000000000000  0.020890632740705  0.036778335538086  0.986916545885842  0.008795613954193  0.004169239601719  0.356259403537196  0.643940814754913  0.000000000000000  1.000000000000000  0.095457343622544  0.496890546661277  0.498961359499525 
130.0    Q  0.000000000000000  0.003232800062805  0.010047636589302  0.019478143660548  0.000000000000000  0.013878543685038  0.014884968719437  0.003599469477339  0.000000000000000  0.028935813203979  0.013221228071880  0.022219959540426  0.020660228205353  0.703196599956560  0.013602352551502  0.048462075396688  0.029400815859806  0.055168937268166  0.000000000000000  0.000000000000000  0.998614666101029  0.001586430461633  0.000000000000000  0.500000000000000  0.500000000000000  0.000000000000000  1.000000000000000  0.094863703310878  0.499307333050514  0.495171435966512 
131.0    P  0.348685916587601  0.002561136746515  0.000000000000000  0.000000000000000  0.000000000000000  0.037681494615336  0.001589732783341  0.000000000000000  0.000000000000000  0.002113720008839  0.000000000000000  0.028855697210294  0.381300413314071  0.000000000000000  0.031271668358206  0.126832818322610  0.039145763707004  0.000000000000000  0.000000000000000  0.000000000000000  0.977385766410805  0.019627224705368  0.003144398975083  0.161992620679167  0.837987134667949  0.000000000000000  1.000000000000000  0.095193046231454  0.489710148793463  0.495171435966512 
132.0    V  0.003654779288404  0.000000000000000  0.000000000000000  0.000000000000000  0.021717472185037  0.000000000000000  0.002974782694733  0.347238783941278  0.000000000000000  0.468460723436213  0.067405026980903  0.000000000000000  0.019249969897590  0.000000000000000  0.000000000000000  0.002748766358057  0.015061403245948  0.032128557083002  0.003488929110753  0.015854102290326  0.957935218222696  0.041752314949691  0.000000000000000  0.246729136471460  0.753145233316906  0.000000000000000  1.000000000000000  0.094535499830248  0.479964630519454  0.491410299272626 
133.0    S  0.020631606890859  0.004313276746731  0.002324280656849  0.024484287092167  0.000000000000000  0.000000000000000  0.003927971017182  0.006133813427137  0.000000000000000  0.000000000000000  0.000000000000000  0.028419007868773  0.024912264891892  0.001990021868392  0.003255285965466  0.842062953608416  0.022219959540426  0.001737224596754  0.005493723437161  0.008332701412748  0.994470168673214  0.002099119478233  0.003282475594661  1.000000000000000  0.000000000000000  0.000000000000000  1.000000000000000  0.091441951294020  0.500000000000000  0.491410299272626 
134.0    P  0.016299821773904  0.000000000000000  0.000000000000000  0.000000000000000  0.000000000000000  0.000000000000000  0.000000000000000  0.000000000000000  0.000000000000000  0.000000000000000  0.000000000000000  0.000000000000000  0.897510050667261  0.000000000000000  0.016746460352130  0.015071846634127  0.043585739573450  0.010949433195943  0.000000000000000  0.000000000000000  0.971307495541633  0.028399316139016  0.000000000000000  0.251913440102626  0.747942879181195  0.638164384414476  0.361984543094890  0.091695834010458  0.481297221550876  0.488692883205403 
135.0    R  0.010738974184156  0.000000000000000  0.000000000000000  0.000000000000000  0.000000000000000  0.011109979770213  0.000000000000000  0.003510762213324  0.049343367918785  0.000000000000000  0.000000000000000  0.000000000000000  0.006829520471956  0.005835208816845  0.883927531063671  0.002829965145615  0.025612643988672  0.000000000000000  0.000000000000000  0.000000000000000  0.996540262827868  0.000000000000000  0.003114033111486  0.000000000000000  0.000000000000000  0.000000000000000  1.000000000000000  0.095391200560035  1.000000000000000  0.496890546661277 
136.0    T  0.041926319527571  0.000000000000000  0.000000000000000  0.000000000000000  0.000000000000000  0.000000000000000  0.000000000000000  0.047136877396456  0.000000000000000  0.017409275794052  0.003980043736784  0.005900283537355  0.011171757705951  0.000000000000000  0.000000000000000  0.017325010056298  0.831045861593648  0.024365776331604  0.000000000000000  0.000000000000000  0.988285651500733  0.011646174896867  0.000000000000000  0.337509496280686  0.662503508522604  0.330563651285644  0.669427628489221  0.094995303525095  0.494142825750366  0.495858365369147 
137.0    L  0.002591494415229  0.000000000000000  0.000000000000000  0.000000000000000  0.015788303851356  0.008692579067069  0.000000000000000  0.038393343138927  0.000000000000000  0.874178620410373  0.002879432065022  0.000000000000000  0.022081775685668  0.000000000000000  0.000000000000000  0.003462428512480  0.000000000000000  0.032106294980593  0.000000000000000  0.000000000000000  1.000000000000000  0.000000000000000  0.000000000000000  0.000000000000000  0.000000000000000  1.000000000000000  0.000000000000000  0.096991356784357  1.000000000000000  0.497579860910041 
138.0    N  0.000000000000000  0.000000000000000  0.017193415771346  0.017313005435389  0.000000000000000  0.019998006466317  0.003177262492704  0.017445515030978  0.100551046367739  0.000000000000000  0.000000000000000  0.717474767303352  0.022035905632569  0.061468879626641  0.000000000000000  0.009124745270415  0.003131348942966  0.000000000000000  0.002561136746515  0.008674522137724  0.988285651500733  0.010474317121721  0.000921965253076  0.712518807074392  0.287373712008669  0.000000000000000  0.000000000000000  0.096856991369896  0.497924876547229  1.000000000000000 
139.0    A  0.800514810656303  0.007504647374637  0.012413037501502  0.000000000000000  0.000000000000000  0.012301687133894  0.000000000000000  0.014367969471120  0.000000000000000  0.000000000000000  0.000000000000000  0.000000000000000  0.003314483991039  0.000000000000000  0.003591992367780  0.015854102290326  0.130308220105140  0.000000000000000  0.000000000000000  0.000000000000000  1.000000000000000  0.000000000000000  0.000000000000000  0.000000000000000  0.000000000000000  0.000000000000000  1.000000000000000  0.095127086302460  1.000000000000000  0.500000000000000 
140.0    W  0.023292349793733  0.004508927412175  0.000000000000000  0.000000000000000  0.005699298219688  0.012073602338250  0.000000000000000  0.000000000000000  0.000000000000000  0.000000000000000  0.011202775375124  0.000000000000000  0.000000000000000  0.000000000000000  0.004584563196412  0.000000000000000  0.000000000000000  0.000000000000000  0.929804942613162  0.008881382603406  0.971980987981352  0.028066636652623  0.000000000000000  1.000000000000000  0.000000000000000  0.000000000000000  1.000000000000000  0.094601049560599  0.490389501994276  0.500000000000000 
141.0    V  0.005362048559589  0.000000000000000  0.000000000000000  0.013387218043259  0.000000000000000  0.029076551803219  0.000000000000000  0.057312752700292  0.009413846210897  0.000000000000000  0.015030116479137  0.000000000000000  0.000000000000000  0.000000000000000  0.000000000000000  0.000000000000000  0.000000000000000  0.870550563296124  0.000000000000000  0.000000000000000  1.000000000000000  0.000000000000000  0.000000000000000  0.000000000000000  0.000000000000000  0.000000000000000  1.000000000000000  0.104024841838941  1.000000000000000  0.500000000000000 
142.0    K  0.007304493732433  0.000000000000000  0.000000000000000  0.032419373017675  0.024723040662045  0.000000000000000  0.000000000000000  0.010423618513108  0.846745312362527  0.000000000000000  0.000000000000000  0.016086563803656  0.000000000000000  0.006420938963241  0.019170077769591  0.036982844429768  0.000000000000000  0.000000000000000  0.000000000000000  0.000000000000000  0.976031760776225  0.023897441841918  0.000000000000000  0.157453747493425  0.842646829503152  1.000000000000000  0.000000000000000  0.103880732699206  0.488692883205403  0.500000000000000 
143.0    V  0.119493164699218  0.036146505747040  0.000000000000000  0.019064070473003  0.000000000000000  0.025594896808120  0.027073026762503  0.043919334381460  0.030416542942445  0.074480160910878  0.000000000000000  0.000000000000000  0.000000000000000  0.000000000000000  0.000000000000000  0.008443167203432  0.038956287321097  0.573156092864189  0.000000000000000  0.003208244924813  0.998614666101029  0.001214855130174  0.000000000000000  0.184155960727060  0.815637493339010  1.000000000000000  0.000000000000000  0.103091693576260  0.497235084336607  0.498270131413934 
144.0    V  0.016288527513143  0.000000000000000  0.000000000000000  0.000000000000000  0.014338123161115  0.004218658436847  0.000000000000000  0.397217200048052  0.009645020366356  0.029605314706227  0.025808677029241  0.000000000000000  0.010605820155313  0.000000000000000  0.000000000000000  0.000000000000000  0.000000000000000  0.492092011016900  0.000000000000000  0.000000000000000  1.000000000000000  0.000000000000000  0.000000000000000  0.000000000000000  0.000000000000000  0.000000000000000  0.000000000000000  0.103020260619155  1.000000000000000  1.000000000000000 
145.0    E  0.004968410182592  0.000000000000000  0.009645020366356  0.847332434946118  0.000000000000000  0.025808677029241  0.000000000000000  0.005512796263315  0.052192994964273  0.002444914958309  0.000000000000000  0.017689045345479  0.000000000000000  0.007593601468604  0.016288527513143  0.000000000000000  0.000000000000000  0.010686994561738  0.000000000000000  0.000000000000000  1.000000000000000  0.000000000000000  0.000000000000000  0.000000000000000  0.000000000000000  0.000000000000000  0.000000000000000  0.103020260619155  1.000000000000000  1.000000000000000 
146.0    E  0.000000000000000  0.000000000000000  0.082013203411998  0.844986384412514  0.000000000000000  0.016243428674614  0.000000000000000  0.000000000000000  0.014308338850283  0.000000000000000  0.000000000000000  0.000000000000000  0.005516618767128  0.000000000000000  0.007045901393611  0.017689045345479  0.004971855215922  0.007060568177743  0.000000000000000  0.000000000000000  0.978063473447339  0.000000000000000  0.021777769354492  0.000000000000000  0.000000000000000  0.000000000000000  0.000000000000000  0.102877543159839  1.000000000000000  1.000000000000000 
147.0    K  0.000000000000000  0.000000000000000  0.000000000000000  0.004982204654994  0.000000000000000  0.024130472909118  0.000000000000000  0.000000000000000  0.881480157907170  0.000000000000000  0.005738939973743  0.000000000000000  0.000000000000000  0.000000000000000  0.078400137782562  0.000000000000000  0.005115177433920  0.000000000000000  0.000000000000000  0.000000000000000  1.000000000000000  0.000000000000000  0.000000000000000  0.000000000000000  0.000000000000000  0.793883930931653  0.206183387152520  0.105257869201052  1.000000000000000  0.489031736723670 
148.0    G  0.547146850630370  0.000000000000000  0.006763566918122  0.000000000000000  0.005543450610158  0.141806935616994  0.000000000000000  0.007284269425288  0.234230361718106  0.016561762240583  0.000000000000000  0.022686848123498  0.000000000000000  0.000000000000000  0.009978232493714  0.008037708655419  0.000000000000000  0.000000000000000  0.000000000000000  0.000000000000000  1.000000000000000  0.000000000000000  0.000000000000000  0.000000000000000  0.000000000000000  0.000000000000000  1.000000000000000  0.102450575954690  1.000000000000000  0.498961359499525 
149.0    F  0.000000000000000  0.000000000000000  0.000000000000000  0.000000000000000  0.902500727462430  0.016561762240583  0.000000000000000  0.016333751565706  0.000000000000000  0.013782677581206  0.000000000000000  0.000000000000000  0.000000000000000  0.000000000000000  0.000000000000000  0.017615631439772  0.000000000000000  0.000000000000000  0.029605314706227  0.003852471501927  1.000000000000000  0.000000000000000  0.000000000000000  0.000000000000000  0.000000000000000  0.000000000000000  1.000000000000000  0.102450575954690  1.000000000000000  0.498961359499525 
150.0    N  0.072192861534599  0.000000000000000  0.018085784640471  0.000000000000000  0.000000000000000  0.160762185428825  0.000000000000000  0.006787048321489  0.052337905469277  0.000000000000000  0.000000000000000  0.100551046367739  0.000000000000000  0.010216182410443  0.002625849597954  0.563700206072711  0.012665079998208  0.000000000000000  0.000000000000000  0.000000000000000  1.000000000000000  0.000000000000000  0.000000000000000  0.000000000000000  0.000000000000000  0.000000000000000  1.000000000000000  0.102025380768863  1.000000000000000  0.498961359499525 
151.0    P  0.186985719795299  0.000000000000000  0.000000000000000  0.022390025787080  0.000000000000000  0.000000000000000  0.000000000000000  0.000000000000000  0.000000000000000  0.000000000000000  0.000000000000000  0.000000000000000  0.762600826628142  0.003210469481621  0.000000000000000  0.017738157846032  0.007213924302573  0.000000000000000  0.000000000000000  0.000000000000000  1.000000000000000  0.000000000000000  0.000000000000000  0.000000000000000  0.000000000000000  1.000000000000000  0.000000000000000  0.102166916061035  1.000000000000000  0.498961359499525 
152.0    E  0.000000000000000  0.000000000000000  0.000000000000000  0.915099168127928  0.000000000000000  0.009505643426829  0.000000000000000  0.000000000000000  0.019170077769591  0.000000000000000  0.000000000000000  0.005659930291230  0.000000000000000  0.006560402288626  0.009739071830274  0.034339194299277  0.000000000000000  0.000000000000000  0.000000000000000  0.000000000000000  1.000000000000000  0.000000000000000  0.000000000000000  0.000000000000000  0.000000000000000  0.000000000000000  0.000000000000000  0.102166916061035  1.000000000000000  1.000000000000000 
153.0    V  0.005578140545645  0.027374947345848  0.000000000000000  0.000000000000000  0.000000000000000  0.009439983151484  0.000000000000000  0.136786712657592  0.006569503244170  0.034842694335241  0.000000000000000  0.000000000000000  0.000000000000000  0.000000000000000  0.000000000000000  0.009739071830274  0.040190546357206  0.729510172120088  0.000000000000000  0.000000000000000  0.994470168673214  0.005632534654142  0.000000000000000  1.000000000000000  0.000000000000000  0.000000000000000  0.000000000000000  0.102166916061035  0.498961359499525  1.000000000000000 
154.0    I  0.025630403474898  0.000000000000000  0.000000000000000  0.000000000000000  0.000000000000000  0.000000000000000  0.000000000000000  0.624598062826688  0.000000000000000  0.007494250932229  0.000000000000000  0.009881871424640  0.000000000000000  0.016804599850897  0.000000000000000  0.005593627895317  0.006596881932998  0.303548721098762  0.000000000000000  0.000000000000000  1.000000000000000  0.000000000000000  0.000000000000000  0.000000000000000  0.000000000000000  0.000000000000000  0.000000000000000  0.101954686667376  1.000000000000000  1.000000000000000 
155.0    P  0.069540632536552  0.000000000000000  0.000000000000000  0.000000000000000  0.000000000000000  0.000000000000000  0.000000000000000  0.000000000000000  0.000000000000000  0.016909760070714  0.000000000000000  0.000000000000000  0.885767519102361  0.000000000000000  0.000000000000000  0.005467132287481  0.022608357591727  0.000000000000000  0.000000000000000  0.000000000000000  1.000000000000000  0.000000000000000  0.000000000000000  0.000000000000000  0.000000000000000  0.000000000000000  0.000000000000000  0.101742898133804  1.000000000000000  1.000000000000000 
156.0    M  0.000000000000000  0.000000000000000  0.000000000000000  0.005601387687562  0.027641888604111  0.070756181381917  0.016299821773904  0.000000000000000  0.004886441719192  0.124740339874881  0.733058378594605  0.000000000000000  0.000000000000000  0.000000000000000  0.000000000000000  0.000000000000000  0.000000000000000  0.000000000000000  0.016909760070714  0.000000000000000  1.000000000000000  0.000000000000000  0.000000000000000  0.000000000000000  0.000000000000000  0.000000000000000  0.000000000000000  0.101742898133804  1.000000000000000  1.000000000000000 
157.0    F  0.000000000000000  0.000000000000000  0.000000000000000  0.000000000000000  0.951977908497532  0.000000000000000  0.000000000000000  0.000000000000000  0.000000000000000  0.012726680672972  0.000000000000000  0.000000000000000  0.000000000000000  0.000000000000000  0.000000000000000  0.006497047643554  0.000000000000000  0.028557232819669  0.000000000000000  0.000000000000000  1.000000000000000  0.000000000000000  0.000000000000000  1.000000000000000  0.000000000000000  0.000000000000000  0.000000000000000  0.101531549544529  1.000000000000000  1.000000000000000 
