No:  residues  hmm_col_1  hmm_col_2  hmm_col_3  hmm_col_4  hmm_col_5  hmm_col_6  hmm_col_7  hmm_col_8  hmm_col_9  hmm_col_10  hmm_col_11  hmm_col_12  hmm_col_13  hmm_col_14  hmm_col_15  hmm_col_16  hmm_col_17  hmm_col_18  hmm_col_19  hmm_col_20  hmm_col_21   hmm_col_22   hmm_col_23   hmm_col_24   hmm_col_25   hmm_col_26   hmm_col_27   hmm_col_28   hmm_col_29   hmm_col_30   
1.0    A  1.000000000000000  0.000000000000000  0.000000000000000  0.000000000000000  0.000000000000000  0.000000000000000  0.000000000000000  0.000000000000000  0.000000000000000  0.000000000000000  0.000000000000000  0.000000000000000  0.000000000000000  0.000000000000000  0.000000000000000  0.000000000000000  0.000000000000000  0.000000000000000  0.000000000000000  0.000000000000000  1.000000000000000  0.000000000000000  0.000000000000000  0.000000000000000  0.000000000000000  0.000000000000000  0.000000000000000  0.500000000000000  1.000000000000000  1.000000000000000 
2.0    L  0.000000000000000  0.000000000000000  0.000000000000000  0.000000000000000  0.000000000000000  0.000000000000000  0.000000000000000  0.000000000000000  0.000000000000000  1.000000000000000  0.000000000000000  0.000000000000000  0.000000000000000  0.000000000000000  0.000000000000000  0.000000000000000  0.000000000000000  0.000000000000000  0.000000000000000  0.000000000000000  1.000000000000000  0.000000000000000  0.000000000000000  0.000000000000000  0.000000000000000  0.000000000000000  0.000000000000000  0.500000000000000  1.000000000000000  1.000000000000000 
3.0    T  0.000000000000000  0.000000000000000  0.000000000000000  0.000000000000000  0.000000000000000  0.000000000000000  0.000000000000000  0.000000000000000  0.000000000000000  0.000000000000000  0.000000000000000  0.000000000000000  0.000000000000000  0.000000000000000  0.000000000000000  0.000000000000000  1.000000000000000  0.000000000000000  0.000000000000000  0.000000000000000  1.000000000000000  0.000000000000000  0.000000000000000  0.000000000000000  0.000000000000000  0.000000000000000  0.000000000000000  0.500000000000000  1.000000000000000  1.000000000000000 
4.0    F  0.000000000000000  0.000000000000000  0.000000000000000  0.000000000000000  1.000000000000000  0.000000000000000  0.000000000000000  0.000000000000000  0.000000000000000  0.000000000000000  0.000000000000000  0.000000000000000  0.000000000000000  0.000000000000000  0.000000000000000  0.000000000000000  0.000000000000000  0.000000000000000  0.000000000000000  0.000000000000000  1.000000000000000  0.000000000000000  0.000000000000000  0.000000000000000  0.000000000000000  0.000000000000000  0.000000000000000  0.500000000000000  1.000000000000000  1.000000000000000 
5.0    S  0.000000000000000  0.000000000000000  0.000000000000000  0.000000000000000  0.000000000000000  0.500000000000000  0.000000000000000  0.000000000000000  0.000000000000000  0.000000000000000  0.000000000000000  0.000000000000000  0.000000000000000  0.000000000000000  0.000000000000000  0.500000000000000  0.000000000000000  0.000000000000000  0.000000000000000  0.000000000000000  1.000000000000000  0.000000000000000  0.000000000000000  0.000000000000000  0.000000000000000  0.000000000000000  0.000000000000000  0.387696603173502  1.000000000000000  1.000000000000000 
6.0    L  0.000000000000000  0.000000000000000  0.000000000000000  0.000000000000000  0.000000000000000  0.000000000000000  0.000000000000000  0.000000000000000  0.000000000000000  0.250000000000000  0.000000000000000  0.000000000000000  0.750019494642909  0.000000000000000  0.000000000000000  0.000000000000000  0.000000000000000  0.000000000000000  0.000000000000000  0.000000000000000  1.000000000000000  0.000000000000000  0.000000000000000  0.000000000000000  0.000000000000000  0.000000000000000  0.000000000000000  0.384218795322003  1.000000000000000  1.000000000000000 
7.0    R  0.000000000000000  0.000000000000000  0.000000000000000  0.000000000000000  0.000000000000000  0.000000000000000  0.666187412546011  0.000000000000000  0.000000000000000  0.000000000000000  0.000000000000000  0.000000000000000  0.000000000000000  0.000000000000000  0.333787075823977  0.000000000000000  0.000000000000000  0.000000000000000  0.000000000000000  0.000000000000000  1.000000000000000  0.000000000000000  0.000000000000000  0.000000000000000  0.000000000000000  0.000000000000000  0.000000000000000  0.331022227598849  1.000000000000000  1.000000000000000 
8.0    A  0.091950421615984  0.000000000000000  0.000000000000000  0.000000000000000  0.000000000000000  0.908148417721510  0.000000000000000  0.000000000000000  0.000000000000000  0.000000000000000  0.000000000000000  0.000000000000000  0.000000000000000  0.000000000000000  0.000000000000000  0.000000000000000  0.000000000000000  0.000000000000000  0.000000000000000  0.000000000000000  1.000000000000000  0.000000000000000  0.000000000000000  0.000000000000000  0.000000000000000  0.000000000000000  0.000000000000000  0.331022227598849  1.000000000000000  1.000000000000000 
9.0    G  0.000000000000000  0.000000000000000  0.202080217201392  0.000000000000000  0.000000000000000  0.674083865868528  0.000000000000000  0.000000000000000  0.000000000000000  0.000000000000000  0.000000000000000  0.000000000000000  0.000000000000000  0.000000000000000  0.000000000000000  0.123707082051901  0.000000000000000  0.000000000000000  0.000000000000000  0.000000000000000  1.000000000000000  0.000000000000000  0.000000000000000  0.199990032083188  0.799960128332753  0.000000000000000  0.000000000000000  0.331022227598849  0.485317234884773  1.000000000000000 
10.0    A  0.882091365197176  0.000000000000000  0.000000000000000  0.000000000000000  0.000000000000000  0.000000000000000  0.000000000000000  0.000000000000000  0.000000000000000  0.000000000000000  0.000000000000000  0.000000000000000  0.118093380124651  0.000000000000000  0.000000000000000  0.000000000000000  0.000000000000000  0.000000000000000  0.000000000000000  0.000000000000000  1.000000000000000  0.000000000000000  0.000000000000000  0.000000000000000  0.000000000000000  0.000000000000000  0.000000000000000  0.331022227598849  1.000000000000000  1.000000000000000 
11.0    A  0.797745239809033  0.000000000000000  0.000000000000000  0.000000000000000  0.000000000000000  0.000000000000000  0.000000000000000  0.000000000000000  0.000000000000000  0.000000000000000  0.000000000000000  0.000000000000000  0.000000000000000  0.000000000000000  0.000000000000000  0.000000000000000  0.202080217201392  0.000000000000000  0.000000000000000  0.000000000000000  1.000000000000000  0.000000000000000  0.000000000000000  0.000000000000000  0.000000000000000  0.000000000000000  0.000000000000000  0.331022227598849  1.000000000000000  1.000000000000000 
12.0    S  0.000000000000000  0.148239312426368  0.000000000000000  0.000000000000000  0.000000000000000  0.000000000000000  0.000000000000000  0.000000000000000  0.000000000000000  0.000000000000000  0.000000000000000  0.000000000000000  0.000000000000000  0.000000000000000  0.000000000000000  0.852044095074866  0.000000000000000  0.000000000000000  0.000000000000000  0.000000000000000  1.000000000000000  0.000000000000000  0.000000000000000  0.000000000000000  0.000000000000000  0.000000000000000  0.000000000000000  0.331022227598849  1.000000000000000  1.000000000000000 
13.0    A  0.399702915176236  0.000000000000000  0.000000000000000  0.000000000000000  0.000000000000000  0.144686277123765  0.000000000000000  0.000000000000000  0.000000000000000  0.000000000000000  0.000000000000000  0.000000000000000  0.000000000000000  0.000000000000000  0.071843428002167  0.383952567425525  0.000000000000000  0.000000000000000  0.000000000000000  0.000000000000000  1.000000000000000  0.000000000000000  0.000000000000000  0.000000000000000  0.000000000000000  0.000000000000000  0.000000000000000  0.174584816558425  1.000000000000000  1.000000000000000 
14.0    Q  0.000000000000000  0.000000000000000  0.000000000000000  0.000000000000000  0.000000000000000  0.000000000000000  0.000000000000000  0.000000000000000  0.000000000000000  0.216584214100022  0.000000000000000  0.000000000000000  0.000000000000000  0.399702915176236  0.000000000000000  0.383952567425525  0.000000000000000  0.000000000000000  0.000000000000000  0.000000000000000  1.000000000000000  0.000000000000000  0.000000000000000  0.000000000000000  0.000000000000000  0.000000000000000  0.000000000000000  0.174584816558425  1.000000000000000  1.000000000000000 
15.0    D  0.000000000000000  0.000000000000000  0.585605090609405  0.123792858991628  0.000000000000000  0.000000000000000  0.000000000000000  0.000000000000000  0.000000000000000  0.000000000000000  0.000000000000000  0.290578526879529  0.000000000000000  0.000000000000000  0.000000000000000  0.000000000000000  0.000000000000000  0.000000000000000  0.000000000000000  0.000000000000000  1.000000000000000  0.000000000000000  0.000000000000000  0.000000000000000  0.000000000000000  0.000000000000000  0.000000000000000  0.174584816558425  1.000000000000000  1.000000000000000 
16.0    G  0.000000000000000  0.000000000000000  0.090873282332519  0.199022024694695  0.000000000000000  0.636838737663250  0.000000000000000  0.000000000000000  0.000000000000000  0.000000000000000  0.000000000000000  0.073200636326176  0.000000000000000  0.000000000000000  0.000000000000000  0.000000000000000  0.000000000000000  0.000000000000000  0.000000000000000  0.000000000000000  1.000000000000000  0.000000000000000  0.000000000000000  0.000000000000000  0.000000000000000  0.000000000000000  0.000000000000000  0.125347054487635  1.000000000000000  1.000000000000000 
17.0    R  0.000000000000000  0.133786087303328  0.161544103829687  0.314253343630457  0.000000000000000  0.000000000000000  0.000000000000000  0.000000000000000  0.000000000000000  0.000000000000000  0.000000000000000  0.000000000000000  0.000000000000000  0.000000000000000  0.213454428597811  0.176899270040832  0.000000000000000  0.000000000000000  0.000000000000000  0.000000000000000  1.000000000000000  0.000000000000000  0.000000000000000  0.000000000000000  0.000000000000000  0.000000000000000  0.000000000000000  0.100342173589494  1.000000000000000  1.000000000000000 
18.0    C  0.000000000000000  0.750539548757186  0.000000000000000  0.000000000000000  0.088021514182005  0.000000000000000  0.000000000000000  0.000000000000000  0.000000000000000  0.000000000000000  0.000000000000000  0.000000000000000  0.082698214994258  0.000000000000000  0.000000000000000  0.000000000000000  0.078781461973937  0.000000000000000  0.000000000000000  0.000000000000000  1.000000000000000  0.000000000000000  0.000000000000000  0.000000000000000  0.000000000000000  0.000000000000000  0.000000000000000  0.100342173589494  1.000000000000000  1.000000000000000 
19.0    P  0.130308220105140  0.000000000000000  0.078345813777543  0.171347850622463  0.000000000000000  0.000000000000000  0.000000000000000  0.000000000000000  0.000000000000000  0.000000000000000  0.000000000000000  0.000000000000000  0.292194312140311  0.046649324478030  0.133786087303328  0.064614421015498  0.000000000000000  0.000000000000000  0.082698214994258  0.000000000000000  1.000000000000000  0.000000000000000  0.000000000000000  0.000000000000000  0.000000000000000  0.000000000000000  0.000000000000000  0.100342173589494  1.000000000000000  1.000000000000000 
20.0    C  0.000000000000000  0.573156092864189  0.000000000000000  0.000000000000000  0.000000000000000  0.000000000000000  0.000000000000000  0.000000000000000  0.000000000000000  0.000000000000000  0.000000000000000  0.000000000000000  0.178872065002864  0.000000000000000  0.000000000000000  0.199574596589162  0.000000000000000  0.048394939240826  0.000000000000000  0.000000000000000  1.000000000000000  0.000000000000000  0.000000000000000  0.000000000000000  0.000000000000000  0.000000000000000  0.000000000000000  0.066707833627497  1.000000000000000  1.000000000000000 
21.0    G  0.143985955293670  0.000000000000000  0.000000000000000  0.048697786228781  0.000000000000000  0.319968103461077  0.000000000000000  0.000000000000000  0.000000000000000  0.000000000000000  0.000000000000000  0.000000000000000  0.067545337627459  0.048529304687565  0.000000000000000  0.206183387152520  0.088818252698835  0.076256281892014  0.000000000000000  0.000000000000000  1.000000000000000  0.000000000000000  0.000000000000000  0.000000000000000  0.000000000000000  0.000000000000000  0.000000000000000  0.044811101500495  1.000000000000000  1.000000000000000 
22.0    A  0.329648403623092  0.000000000000000  0.000000000000000  0.000000000000000  0.000000000000000  0.040134869030920  0.000000000000000  0.000000000000000  0.000000000000000  0.000000000000000  0.000000000000000  0.000000000000000  0.041349107497129  0.038313589376661  0.075050214217826  0.221595424798717  0.210224103813429  0.043737058299850  0.000000000000000  0.000000000000000  0.975355461527642  0.024484287092167  0.000000000000000  0.333324669272800  0.666649338545599  0.000000000000000  0.000000000000000  0.040808118346529  0.487002134271620  1.000000000000000 
23.0    R  0.185308376225354  0.000000000000000  0.000000000000000  0.041521431690516  0.000000000000000  0.000000000000000  0.086389512908036  0.000000000000000  0.104675810938553  0.038340155539181  0.013048248741068  0.000000000000000  0.033960464453939  0.079494562921473  0.297920643643512  0.044811101500495  0.074531804520664  0.000000000000000  0.000000000000000  0.000000000000000  0.886381699194867  0.000000000000000  0.113518552215189  0.000000000000000  0.000000000000000  0.000000000000000  0.000000000000000  0.038022573707315  1.000000000000000  1.000000000000000 
24.0    R  0.000000000000000  0.000000000000000  0.025277542136304  0.000000000000000  0.000000000000000  0.113361291116643  0.000000000000000  0.000000000000000  0.047530586038782  0.051976381148432  0.000000000000000  0.000000000000000  0.061767853218796  0.000000000000000  0.278162530146209  0.269994139958221  0.121919432690955  0.030018589498546  0.000000000000000  0.000000000000000  0.889458993537898  0.021657341963288  0.088818252698835  1.000000000000000  0.000000000000000  1.000000000000000  0.000000000000000  0.043134917293645  0.500000000000000  0.438606774366411 
25.0    P  0.095855166229568  0.000000000000000  0.088143622530274  0.027450952132449  0.000000000000000  0.000000000000000  0.000000000000000  0.010709240663904  0.036549614501623  0.020418207092081  0.000000000000000  0.036778335538086  0.329191730514811  0.016097718025314  0.000000000000000  0.183137609326417  0.121750533567905  0.000000000000000  0.000000000000000  0.033842970172685  0.995159721820083  0.000000000000000  0.005027301747271  0.000000000000000  0.000000000000000  0.000000000000000  1.000000000000000  0.031120304784202  1.000000000000000  0.485317234884773 
26.0    D  0.068535724286743  0.000000000000000  0.229887511537915  0.058638824781292  0.000000000000000  0.160428237195363  0.000000000000000  0.013754047086924  0.021211640310625  0.011981895778696  0.035304600455316  0.044966674375338  0.039281667953807  0.085614561247848  0.037603219562484  0.077804639711386  0.114784520287615  0.000000000000000  0.000000000000000  0.000000000000000  0.976708528962227  0.023486898094774  0.000000000000000  0.500000000000000  0.500000000000000  0.777546035882558  0.222673225151670  0.026314467300263  0.500000000000000  0.478635729097649 
27.0    S  0.071992977646835  0.000000000000000  0.094143154164613  0.118503370641081  0.000000000000000  0.085082132281217  0.024998754010399  0.019156794688331  0.000000000000000  0.021182255106250  0.035971546603993  0.066384949155961  0.016493026838093  0.077589218220382  0.020389921057640  0.311866392978511  0.022250784306204  0.013984766733250  0.000000000000000  0.000000000000000  0.987600861445373  0.000000000000000  0.012233660879008  1.000000000000000  0.000000000000000  0.000000000000000  1.000000000000000  0.016596237288990  0.499307333050514  0.500000000000000 
28.0    R  0.038128140946007  0.000000000000000  0.037008487870426  0.027129382112533  0.188547509585822  0.049002528379734  0.015625000000000  0.000000000000000  0.105769824575036  0.134810053961806  0.036397924577139  0.044904380517002  0.014833470639852  0.000000000000000  0.181998693624886  0.016142412307565  0.000000000000000  0.000000000000000  0.075519865211871  0.034291623049351  1.000000000000000  0.000000000000000  0.000000000000000  0.000000000000000  0.000000000000000  0.000000000000000  1.000000000000000  0.013763583970734  1.000000000000000  0.480297431976738 
29.0    L  0.044409126349417  0.012516716837338  0.093234001668217  0.022655419263732  0.017385158134138  0.031950891581560  0.033679160782615  0.027718634536005  0.045154074935110  0.116871899718932  0.017385158134138  0.033749267494778  0.309926924984747  0.014268722656437  0.042985681816867  0.089684345912919  0.009099481144285  0.010926688146394  0.026424133980547  0.000000000000000  0.977385766410805  0.022483337187669  0.000000000000000  0.811127155577043  0.188678246065070  0.236350529187686  0.763658748980350  0.012473412286823  0.450937689191125  0.480297431976738 
30.0    L  0.000000000000000  0.064257114166004  0.000000000000000  0.000000000000000  0.098892162648181  0.000000000000000  0.241986756723434  0.161208531331986  0.000000000000000  0.144385723069198  0.021196942616370  0.020876157474845  0.030060232958274  0.000000000000000  0.000000000000000  0.005715121955876  0.017253106986923  0.032554482156507  0.009645020366356  0.151984910397887  1.000000000000000  0.000000000000000  0.000000000000000  0.000000000000000  0.000000000000000  0.000000000000000  1.000000000000000  0.010380357922629  1.000000000000000  0.487002134271620 
31.0    E  0.016665402825496  0.020432364820887  0.039940605100095  0.178376813214735  0.014905617977306  0.000000000000000  0.014318260073052  0.016254691664406  0.132585967671027  0.000000000000000  0.000000000000000  0.032849153408991  0.000000000000000  0.096054698830501  0.042718357873182  0.210224103813429  0.140048651774272  0.036021448337465  0.000000000000000  0.008519591661447  0.993092495437036  0.000000000000000  0.006939271842519  0.000000000000000  0.000000000000000  0.000000000000000  1.000000000000000  0.010452559021767  1.000000000000000  0.487002134271620 
32.0    L  0.143686856004335  0.090245574720156  0.000000000000000  0.000000000000000  0.174584816558425  0.102948877158447  0.000000000000000  0.034602018265134  0.000000000000000  0.253665636645220  0.005723050291451  0.000000000000000  0.005062269396224  0.000000000000000  0.004680894614607  0.042955896736626  0.056759276107594  0.066661611301985  0.000000000000000  0.018453010334836  0.996540262827868  0.003438511771731  0.000000000000000  0.252088113723649  0.747942879181195  0.000000000000000  1.000000000000000  0.010287241578588  0.489370825198718  0.477641468191219 
33.0    H  0.037786114869793  0.014629253866164  0.081052472165688  0.092269650355177  0.009049162548396  0.008280881120291  0.034987902770445  0.023373214974412  0.067218399403586  0.007949060094552  0.012516716837338  0.043194756454018  0.000000000000000  0.007124477855623  0.037733768483953  0.150621539374348  0.260977981855430  0.079439480581604  0.000000000000000  0.031818287492644  1.000000000000000  0.000000000000000  0.000000000000000  0.000000000000000  0.000000000000000  1.000000000000000  0.000000000000000  0.010251650426500  1.000000000000000  0.477641468191219 
34.0    I  0.009239304689407  0.000000000000000  0.000000000000000  0.000000000000000  0.018060729789919  0.005384395128811  0.000000000000000  0.237335530237630  0.000000000000000  0.573156092864189  0.008807815719886  0.000000000000000  0.011033237534256  0.000000000000000  0.000000000000000  0.000000000000000  0.011171757705951  0.125869443757090  0.000000000000000  0.000000000000000  1.000000000000000  0.000000000000000  0.000000000000000  0.000000000000000  0.000000000000000  0.000000000000000  0.000000000000000  0.010216182410443  1.000000000000000  1.000000000000000 
35.0    T  0.019505164826588  0.016886334406865  0.077643017611527  0.217788548035564  0.018801609781242  0.000000000000000  0.023051429016919  0.023617498879941  0.071396640428034  0.003374758544532  0.000000000000000  0.032486857349227  0.000000000000000  0.026681803574726  0.100830219902766  0.124913386623807  0.166777896209721  0.059046690062325  0.008572905762338  0.008561029425373  1.000000000000000  0.000000000000000  0.000000000000000  0.000000000000000  0.000000000000000  0.000000000000000  0.000000000000000  0.009678505451437  1.000000000000000  1.000000000000000 
36.0    M  0.012276133072931  0.000000000000000  0.000000000000000  0.000000000000000  0.167356907122305  0.000000000000000  0.000000000000000  0.250000000000000  0.000000000000000  0.200267469397406  0.051154323849425  0.000000000000000  0.000000000000000  0.000000000000000  0.000000000000000  0.009118422670457  0.015166163590149  0.286379474494939  0.008361630456458  0.000000000000000  0.993092495437036  0.000000000000000  0.006982696580912  0.000000000000000  0.000000000000000  0.000000000000000  0.000000000000000  0.009665097489744  1.000000000000000  1.000000000000000 
37.0    P  0.015975445790780  0.000000000000000  0.089064850884299  0.138408073060536  0.000000000000000  0.003760134543366  0.000000000000000  0.025970183174801  0.031315050158739  0.004856053394156  0.000000000000000  0.003464829317001  0.466839972457657  0.004163463812765  0.040023745666555  0.051048061944376  0.087231922757635  0.033400187225344  0.000000000000000  0.004440691301703  0.983502074026248  0.010635266535152  0.005920767837931  0.250000000000000  0.750019494642909  1.000000000000000  0.000000000000000  0.009691932013401  0.474671060475260  0.493458272942921 
38.0    F  0.000000000000000  0.007457976672967  0.000000000000000  0.000000000000000  0.592135805926816  0.000000000000000  0.000000000000000  0.025016087833009  0.000000000000000  0.164253953393671  0.000000000000000  0.000000000000000  0.000000000000000  0.000000000000000  0.000000000000000  0.000000000000000  0.006824788249349  0.026132699997314  0.000000000000000  0.178129701768598  1.000000000000000  0.000000000000000  0.000000000000000  0.000000000000000  0.000000000000000  1.000000000000000  0.000000000000000  0.009685216405773  1.000000000000000  0.500000000000000 
39.0    S  0.065244495463857  0.007683609953330  0.067826835742613  0.203626890767554  0.000000000000000  0.063197005053207  0.005020337255740  0.009277809891199  0.070413701781080  0.019249969897590  0.000000000000000  0.032735503971869  0.280485870132621  0.005280901691516  0.025898278265250  0.092333628973910  0.028735938942239  0.012395841299862  0.000000000000000  0.010547171758771  1.000000000000000  0.000000000000000  0.000000000000000  0.000000000000000  0.000000000000000  0.000000000000000  0.000000000000000  0.009551877169469  1.000000000000000  1.000000000000000 
40.0    S  0.012868609644806  0.012166010797838  0.137547326170767  0.000000000000000  0.006555856539895  0.009624984948795  0.000000000000000  0.008704637897026  0.007294374569651  0.017775081685508  0.000000000000000  0.116548310804604  0.000000000000000  0.005354620331952  0.000000000000000  0.358986127655859  0.306721244313451  0.000000000000000  0.000000000000000  0.000000000000000  0.982820598545251  0.000000000000000  0.017062821027276  0.000000000000000  0.000000000000000  0.000000000000000  0.000000000000000  0.009571760405505  1.000000000000000  1.000000000000000 
41.0    P  0.113047422195136  0.000000000000000  0.042130241616783  0.235043550627282  0.000000000000000  0.011048543456040  0.039336161672027  0.006003418676906  0.030564483545229  0.010194960528820  0.000000000000000  0.047398985792951  0.201381072762188  0.026223426159579  0.033749267494778  0.141512362763834  0.023099412988654  0.018517074545962  0.000000000000000  0.020731955321831  0.900625979847929  0.007406460665068  0.092077980363530  1.000000000000000  0.000000000000000  0.000000000000000  1.000000000000000  0.009759344731667  0.500000000000000  0.484980955170867 
42.0    M  0.028222703442244  0.000000000000000  0.069733707645310  0.237171078785113  0.000000000000000  0.000000000000000  0.015931213796847  0.011171757705951  0.124481219136807  0.036701936600427  0.044224817510208  0.027718634536005  0.008856792287331  0.058842404033825  0.230366046549676  0.041665583659100  0.017787406704295  0.043828101582575  0.003153129197284  0.000000000000000  1.000000000000000  0.000000000000000  0.000000000000000  0.000000000000000  0.000000000000000  0.928516852306729  0.071396640428034  0.010416395914775  1.000000000000000  0.375790369516391 
43.0    E  0.029076551803219  0.009571760405505  0.119824929811622  0.212715932376635  0.017960857000542  0.000000000000000  0.057392260143808  0.040442051702589  0.034196678164398  0.114070686067931  0.021990130864459  0.038580081465423  0.006735496445450  0.067498534989555  0.050450067156548  0.037733768483953  0.052301640167712  0.049411819787746  0.000000000000000  0.040051497630006  1.000000000000000  0.000000000000000  0.000000000000000  0.000000000000000  0.000000000000000  1.000000000000000  0.000000000000000  0.009150079540772  1.000000000000000  0.498615625676035 
44.0    A  0.917004043204671  0.000000000000000  0.000000000000000  0.000000000000000  0.000000000000000  0.000000000000000  0.000000000000000  0.009426905622818  0.000000000000000  0.000000000000000  0.000000000000000  0.000000000000000  0.000000000000000  0.000000000000000  0.000000000000000  0.027299152997397  0.008918396149428  0.037499105699163  0.000000000000000  0.000000000000000  1.000000000000000  0.000000000000000  0.000000000000000  0.000000000000000  0.000000000000000  0.000000000000000  0.000000000000000  0.009067999331123  1.000000000000000  1.000000000000000 
45.0    E  0.024998754010399  0.000000000000000  0.048260945818237  0.292396916012987  0.000000000000000  0.046487930076078  0.000000000000000  0.000000000000000  0.066615421004246  0.042130241616783  0.000000000000000  0.040751585476830  0.026387527731993  0.065926394816754  0.114387396015991  0.157017797642941  0.056680645558321  0.017923547253534  0.000000000000000  0.000000000000000  0.993092495437036  0.007094909513449  0.000000000000000  0.500000000000000  0.500000000000000  0.000000000000000  0.000000000000000  0.008949358577967  0.497924876547229  1.000000000000000 
46.0    L  0.055207190717592  0.003367748222725  0.009264957026648  0.012542771698687  0.013443009853304  0.000000000000000  0.005079844322455  0.388503634392025  0.022545760732213  0.098413497071150  0.035525530413625  0.008869078923016  0.000000000000000  0.004802495575213  0.031489180012828  0.043045313949473  0.091188771515011  0.161992620679167  0.000000000000000  0.014700407929903  1.000000000000000  0.000000000000000  0.000000000000000  1.000000000000000  0.000000000000000  1.000000000000000  0.000000000000000  0.008999122205854  0.497924876547229  0.497924876547229 
47.0    V  0.405282559942655  0.015176679617838  0.000000000000000  0.000000000000000  0.000000000000000  0.000000000000000  0.000000000000000  0.225312615652708  0.000000000000000  0.077481731246187  0.011702819800189  0.000000000000000  0.000000000000000  0.000000000000000  0.000000000000000  0.000000000000000  0.000000000000000  0.264988195849320  0.000000000000000  0.000000000000000  1.000000000000000  0.000000000000000  0.000000000000000  0.000000000000000  0.000000000000000  0.000000000000000  0.000000000000000  0.008943157504677  1.000000000000000  1.000000000000000 
48.0    R  0.083736475151740  0.066661611301985  0.000000000000000  0.022828818414776  0.037707622491274  0.004769322315114  0.035822255804012  0.030311309698179  0.035673584597712  0.128514228332008  0.046843737554861  0.000000000000000  0.000000000000000  0.030670595745421  0.108592773143828  0.000000000000000  0.004920429609170  0.033796086358863  0.006011746953753  0.323088207659373  1.000000000000000  0.000000000000000  0.000000000000000  0.000000000000000  0.000000000000000  0.000000000000000  0.000000000000000  0.008943157504677  1.000000000000000  1.000000000000000 
49.0    R  0.020688889224928  0.000000000000000  0.037369368649254  0.120240931833097  0.000000000000000  0.047530586038782  0.016758072137780  0.000000000000000  0.117034030929312  0.031598502526603  0.000000000000000  0.141316320890574  0.000000000000000  0.127892183716804  0.302288918958340  0.016153605253874  0.021211640310625  0.000000000000000  0.000000000000000  0.000000000000000  1.000000000000000  0.000000000000000  0.000000000000000  0.000000000000000  0.000000000000000  0.000000000000000  0.000000000000000  0.008943157504677  1.000000000000000  1.000000000000000 
50.0    I  0.256316809472148  0.006824788249349  0.000000000000000  0.000000000000000  0.014219356626264  0.000000000000000  0.000000000000000  0.023552107961850  0.000000000000000  0.000000000000000  0.000000000000000  0.000000000000000  0.000000000000000  0.009745824780578  0.000000000000000  0.431669779287206  0.104675810938553  0.144786600774330  0.000000000000000  0.008071206153782  1.000000000000000  0.000000000000000  0.000000000000000  0.000000000000000  0.000000000000000  0.000000000000000  0.000000000000000  0.009024107691825  1.000000000000000  1.000000000000000 
51.0    L  0.000000000000000  0.000000000000000  0.000000000000000  0.000000000000000  0.000000000000000  0.000000000000000  0.000000000000000  0.170873431492726  0.000000000000000  0.664342907048256  0.000000000000000  0.000000000000000  0.000000000000000  0.000000000000000  0.000000000000000  0.000000000000000  0.000000000000000  0.164824201811546  0.000000000000000  0.000000000000000  1.000000000000000  0.000000000000000  0.000000000000000  0.000000000000000  0.000000000000000  0.000000000000000  0.000000000000000  0.008943157504677  1.000000000000000  1.000000000000000 
52.0    S  0.170282254330061  0.028537445312875  0.023243965038039  0.088756709908964  0.017836792298856  0.003767961658532  0.009042892320235  0.019518689463334  0.130851285246822  0.121919432690955  0.000000000000000  0.005200982864205  0.000000000000000  0.072644631719882  0.095921631000055  0.115262889739079  0.032780916486717  0.045436641166260  0.000000000000000  0.019024469041609  1.000000000000000  0.000000000000000  0.000000000000000  0.000000000000000  0.000000000000000  0.000000000000000  0.000000000000000  0.008943157504677  1.000000000000000  1.000000000000000 
53.0    R  0.041006601705999  0.000000000000000  0.000000000000000  0.007050786933300  0.006555856539895  0.022189177477241  0.000000000000000  0.033585911651734  0.000000000000000  0.033008925792246  0.000000000000000  0.000000000000000  0.368056715542045  0.041897268486885  0.041177498491692  0.006328152137750  0.006336930902946  0.366275218652834  0.000000000000000  0.026644840367749  1.000000000000000  0.000000000000000  0.000000000000000  0.000000000000000  0.000000000000000  0.000000000000000  0.000000000000000  0.008943157504677  1.000000000000000  1.000000000000000 
54.0    D  0.000000000000000  0.000000000000000  0.546388869550476  0.348685916587601  0.000000000000000  0.030164594527242  0.000000000000000  0.000000000000000  0.000000000000000  0.000000000000000  0.000000000000000  0.020109206989082  0.000000000000000  0.000000000000000  0.014062530153024  0.019383864026803  0.000000000000000  0.009739071830274  0.000000000000000  0.011446100582901  0.853817714391245  0.146198458006493  0.000000000000000  0.739693754624419  0.260075066630496  0.000000000000000  0.000000000000000  0.008943157504677  0.329648403623092  1.000000000000000 
55.0    A  0.173258735706302  0.005871724523694  0.026024242840017  0.025365299405540  0.004581386520437  0.059995578814932  0.052012420919470  0.020333466491280  0.138792354203580  0.071001829049168  0.006638164055771  0.073353011142585  0.141905262768258  0.012233660879008  0.031950891581560  0.036046425158126  0.052156830072213  0.068488235402981  0.000000000000000  0.000000000000000  0.989656656415207  0.007050786933300  0.003312187361848  1.000000000000000  0.000000000000000  0.000000000000000  0.000000000000000  0.008943157504677  0.497924876547229  1.000000000000000 
56.0    A  0.045911519789947  0.000000000000000  0.072795849154279  0.458819941155683  0.000000000000000  0.018971795068673  0.004446851676074  0.087292408279212  0.028379638053797  0.029319412390646  0.005695349136002  0.024826075003003  0.049002528379734  0.032554482156507  0.008753040735892  0.058557590429527  0.011841535675862  0.048832992510770  0.000000000000000  0.014043048853297  0.862143545017596  0.000000000000000  0.137929217505245  0.000000000000000  0.000000000000000  0.685866644295299  0.314253343630457  0.008967987608242  1.000000000000000  0.492433221447775 
57.0    P  0.000000000000000  0.000000000000000  0.071644511608024  0.027337023903307  0.000000000000000  0.046617000834108  0.000000000000000  0.099511012347347  0.000000000000000  0.265355802237449  0.000000000000000  0.013536513381251  0.295452886733591  0.020617311105826  0.033516144275561  0.067078767899591  0.050136322897030  0.009446528717448  0.000000000000000  0.000000000000000  0.520510798842056  0.000000000000000  0.479632059662632  0.000000000000000  0.000000000000000  0.023067412588794  0.976708528962227  0.009698652277548  1.000000000000000  0.324659650682471 
58.0    L  0.052701944390632  0.000000000000000  0.183264594648651  0.083968964107581  0.000000000000000  0.010642640895629  0.019077289260455  0.000000000000000  0.036221748497014  0.101180277068426  0.011998517732048  0.039445376003504  0.000000000000000  0.257563488405019  0.000000000000000  0.131214585452883  0.000000000000000  0.040079268836320  0.000000000000000  0.032577055026285  0.182124889237251  0.000000000000000  0.817902058557781  0.000000000000000  0.000000000000000  0.223446290589197  0.776468875001040  0.015711884068726  1.000000000000000  0.081616236693057 
59.0    P  0.000000000000000  0.000000000000000  0.000000000000000  0.000000000000000  0.000000000000000  0.000000000000000  0.000000000000000  0.042482132559586  0.000000000000000  0.400812664699697  0.053068515402927  0.000000000000000  0.344123900397674  0.000000000000000  0.000000000000000  0.029811235954611  0.046327094056339  0.083273426568251  0.000000000000000  0.000000000000000  0.905006462882905  0.094797971585903  0.000000000000000  0.096588818705998  0.903126510151822  0.421031476804208  0.579146403097322  0.029096713119695  0.456599125005996  0.048697786228781 
60.0    R  0.029708096913432  0.000000000000000  0.038393343138927  0.013057296233154  0.023035456520173  0.018186352100033  0.060538636826664  0.000000000000000  0.208482760956241  0.000000000000000  0.007289320246381  0.027073026762503  0.162555018318560  0.012132326171891  0.161208531331986  0.124826833262629  0.000000000000000  0.113439894414645  0.000000000000000  0.000000000000000  0.964598184584138  0.015679246070461  0.019451159927846  0.199990032083188  0.799960128332753  0.721464343430814  0.278548412704833  0.013368672276291  0.489370825198718  0.113754853010112 
61.0    P  0.047861187409199  0.000000000000000  0.048428495684948  0.024247839196089  0.009806812431896  0.070072879876782  0.010068551800664  0.024929538744032  0.028144561870248  0.017664540111322  0.006159376359815  0.031098741306878  0.248962438273615  0.085436715746363  0.155286035223055  0.148342099707066  0.014957366534302  0.000000000000000  0.000000000000000  0.028458432299749  0.995159721820083  0.004658237782542  0.000000000000000  1.000000000000000  0.000000000000000  0.589678296130608  0.410370804405249  0.010791206626124  0.500000000000000  0.314253343630457 
62.0    G  0.044194173824159  0.000000000000000  0.151564102382717  0.108668070011253  0.000000000000000  0.155825149284387  0.033539383949795  0.043045313949473  0.024895003008924  0.020775111065339  0.007662335968661  0.043495199744722  0.067545337627459  0.058153103606438  0.062370169937441  0.124308771084152  0.018906157644051  0.021211640310625  0.000000000000000  0.013744516811288  0.979420297586927  0.020588749245846  0.000000000000000  1.000000000000000  0.000000000000000  0.175921046915675  0.824162084953241  0.010180837104401  0.478304079045937  0.416099367355762 
63.0    A  0.080214118597682  0.006284440397984  0.045310838527464  0.089312133733818  0.047596523115727  0.045720975647010  0.006754197119593  0.014669871051804  0.082297932628703  0.077106698113094  0.032329611922466  0.015324671937321  0.015345931175990  0.018465805420849  0.331022227598849  0.030777076340486  0.032509383328812  0.028835702895431  0.000000000000000  0.000000000000000  0.995849753094458  0.003977285936581  0.000000000000000  0.500000000000000  0.500000000000000  0.075154328056136  0.924663278113700  0.010145614083827  0.500000000000000  0.425137080032098 
64.0    V  0.046166814486955  0.017664540111322  0.022639721164920  0.000000000000000  0.028203147733201  0.006125316047467  0.000000000000000  0.089126607335259  0.004189518034445  0.066338950559362  0.004927255503247  0.000000000000000  0.008166875782853  0.009847682746742  0.017973310833603  0.308213081365952  0.061639544030835  0.308854659281732  0.000000000000000  0.000000000000000  0.990342871933025  0.000000000000000  0.009638337264137  0.000000000000000  0.000000000000000  1.000000000000000  0.000000000000000  0.010166733245640  1.000000000000000  0.431071772508798 
65.0    L  0.016816251949747  0.007894151925678  0.009923054551084  0.068062313458507  0.069878865685366  0.025934205799687  0.004603669561764  0.017701310707747  0.185436866730140  0.039172906888772  0.000000000000000  0.018542762463383  0.009820416988452  0.109499789383391  0.176409480426087  0.094208431847399  0.097665985021540  0.020011872833278  0.019170077769591  0.009226505167418  1.000000000000000  0.000000000000000  0.000000000000000  0.000000000000000  0.000000000000000  0.000000000000000  1.000000000000000  0.009024107691825  1.000000000000000  0.495858365369147 
66.0    K  0.100970097201201  0.021627339313304  0.000000000000000  0.024113752735296  0.000000000000000  0.012318752719629  0.004253894591157  0.095127086302460  0.190518103792471  0.030164594527242  0.017457611532378  0.000000000000000  0.004819168632068  0.020277168233425  0.218241897783441  0.023584780758134  0.030841142058933  0.205755086319677  0.000000000000000  0.000000000000000  1.000000000000000  0.000000000000000  0.000000000000000  0.000000000000000  0.000000000000000  0.000000000000000  1.000000000000000  0.009024107691825  1.000000000000000  0.495858365369147 
67.0    D  0.011351289449776  0.006698250286204  0.144886993988057  0.262975444800968  0.000000000000000  0.008783429092020  0.006619784648017  0.026296233821418  0.037629293163482  0.010591127553125  0.013129902378645  0.052229184932616  0.000000000000000  0.055168937268166  0.044625124365158  0.120240931833097  0.169106028881284  0.021211640310625  0.000000000000000  0.008543245761599  0.991029563264079  0.003402946063056  0.005362048559589  0.486327473706143  0.513700719689482  1.000000000000000  0.000000000000000  0.009036626436760  0.490729531926740  0.495858365369147 
68.0    F  0.004700402445311  0.018620040227719  0.000000000000000  0.000000000000000  0.206755842110816  0.000000000000000  0.000000000000000  0.127892183716804  0.000000000000000  0.319968103461077  0.102948877158447  0.000000000000000  0.004785880202753  0.000000000000000  0.005079844322455  0.045216715183454  0.000000000000000  0.083736475151740  0.000000000000000  0.080214118597682  0.991716730738293  0.008015454260446  0.000000000000000  0.158000387306601  0.842062953608416  0.653382626946587  0.346757742282846  0.008955563951003  0.497924876547229  0.495171435966512 
69.0    T  0.056956330039821  0.008425628372613  0.095855166229568  0.089436032501432  0.014367969471120  0.000000000000000  0.008801712722635  0.010061575230546  0.118503370641081  0.024757337841405  0.000000000000000  0.013166356710987  0.004835899573584  0.018814646581741  0.052519609514580  0.217637640824031  0.175921046915675  0.016898043179432  0.032531924927628  0.040386025957422  0.980099415341871  0.014864348067684  0.005373210227108  0.212568540016049  0.787307976569203  0.000000000000000  1.000000000000000  0.008943157504677  0.476979775273779  0.500000000000000 
70.0    V  0.058760887656820  0.012753172596108  0.000000000000000  0.015964376292411  0.006024261036750  0.000000000000000  0.000000000000000  0.038393343138927  0.019424213576624  0.232129213076682  0.005474716597972  0.007861389246076  0.012421644546078  0.030458738465361  0.099787298294581  0.049206748535575  0.058435949859466  0.352818960852173  0.000000000000000  0.000000000000000  0.978741650397436  0.021182255106250  0.000000000000000  0.074894313833714  0.925304428037852  0.291789525454617  0.708087719107272  0.008912216530222  0.464580337125457  0.494828328207603 
71.0    S  0.020890632740705  0.007932547663042  0.237829569082950  0.210661707375788  0.005244423838985  0.012586317047637  0.015314053364717  0.024484287092167  0.087716982877442  0.006206518750751  0.000000000000000  0.092397651954615  0.000000000000000  0.042247213532129  0.038687196588670  0.130398574191232  0.038956287321097  0.028497911422493  0.000000000000000  0.000000000000000  0.959264119325264  0.040921419471361  0.000000000000000  0.103163176064082  0.896888159662015  0.000000000000000  1.000000000000000  0.008930768245422  0.437089310205187  0.499307333050514 
72.0    G  0.034386831542692  0.000000000000000  0.251738887514180  0.047728671811272  0.000000000000000  0.412938832467860  0.000000000000000  0.000000000000000  0.054334035005626  0.000000000000000  0.000000000000000  0.115023456328109  0.009665097489744  0.022702578899553  0.006754197119593  0.023584780758134  0.017713584574663  0.003210469481621  0.000000000000000  0.000000000000000  0.911301280637141  0.088572337281764  0.000000000000000  0.183518829504263  0.816203046150902  0.476649272644080  0.523405140987288  0.008930768245422  0.377879982079057  0.499307333050514 
73.0    N  0.047761766273911  0.016198454703433  0.050695447223565  0.051724801004888  0.000000000000000  0.064793818813733  0.025453361345944  0.005624731712948  0.028775803037658  0.000000000000000  0.000000000000000  0.286776756056541  0.004072131878286  0.028656376350146  0.077160162930846  0.152936005141483  0.146604368653985  0.006180760165511  0.000000000000000  0.006647372886770  1.000000000000000  0.000000000000000  0.000000000000000  0.000000000000000  0.000000000000000  1.000000000000000  0.000000000000000  0.008943157504677  1.000000000000000  0.500000000000000 
74.0    L  0.013715965587649  0.011694710834318  0.025790794016021  0.018491422214884  0.028222703442244  0.014608987464866  0.018788582014034  0.095656048113917  0.115984184558910  0.053031743856619  0.023421868777430  0.039830019603727  0.000000000000000  0.027872766231878  0.079439480581604  0.087716982877442  0.159209684415812  0.156908998910330  0.000000000000000  0.029584800976147  0.986916545885842  0.007780076196050  0.005459558483793  0.066661611301985  0.933032991536807  0.000000000000000  0.000000000000000  0.008943157504677  0.497924876547229  1.000000000000000 
75.0    L  0.000000000000000  0.000000000000000  0.000000000000000  0.000000000000000  0.026314467300263  0.000000000000000  0.000000000000000  0.139854637629464  0.000000000000000  0.668037039195050  0.026941985781800  0.000000000000000  0.000000000000000  0.000000000000000  0.000000000000000  0.004018854327709  0.000000000000000  0.134997069979110  0.000000000000000  0.000000000000000  0.993781093322555  0.000000000000000  0.005883947135288  0.000000000000000  0.000000000000000  0.000000000000000  1.000000000000000  0.008955563951003  1.000000000000000  0.500000000000000 
76.0    F  0.055977854380678  0.004606861688520  0.003116192343004  0.100411749594629  0.028915763376183  0.022452190258501  0.023963791557392  0.153042049050026  0.056562903930182  0.083968964107581  0.004154815128489  0.007845058931554  0.000000000000000  0.052301640167712  0.047464740306704  0.066846692992828  0.114704985288921  0.167009259798762  0.000000000000000  0.006619784648017  1.000000000000000  0.000000000000000  0.000000000000000  0.000000000000000  0.000000000000000  1.000000000000000  0.000000000000000  0.008943157504677  1.000000000000000  0.491069797631696 
77.0    I  0.018148573936339  0.062630100317477  0.000000000000000  0.000000000000000  0.026350972195316  0.000000000000000  0.000000000000000  0.260977981855430  0.000000000000000  0.142694338390847  0.043224707156593  0.005742919282770  0.000000000000000  0.000000000000000  0.002086065250093  0.000000000000000  0.050871449066902  0.375269774378593  0.000000000000000  0.012056876367648  1.000000000000000  0.000000000000000  0.000000000000000  0.000000000000000  0.000000000000000  0.000000000000000  0.000000000000000  0.008936960728155  1.000000000000000  1.000000000000000 
78.0    R  0.022514527325593  0.028696130071904  0.028895727441053  0.145289263439765  0.015657525079369  0.000000000000000  0.090120554466264  0.008384845987449  0.097530685021713  0.028975954576108  0.000000000000000  0.096054698830501  0.000000000000000  0.038983299122314  0.172181255797892  0.046134825177589  0.145995924326640  0.018945512797840  0.000000000000000  0.015700997194122  1.000000000000000  0.000000000000000  0.000000000000000  0.000000000000000  0.000000000000000  0.000000000000000  0.000000000000000  0.008930768245422  1.000000000000000  1.000000000000000 
79.0    L  0.013048248741068  0.010351617320666  0.000000000000000  0.000000000000000  0.215984546850069  0.005831165559754  0.000000000000000  0.278934830581241  0.000000000000000  0.100900134313096  0.023486898094774  0.000000000000000  0.000000000000000  0.000000000000000  0.000000000000000  0.005273585879386  0.012949139132625  0.125433968563688  0.076045147414629  0.131852789633508  1.000000000000000  0.000000000000000  0.000000000000000  0.000000000000000  0.000000000000000  0.000000000000000  0.000000000000000  0.008918396149428  1.000000000000000  1.000000000000000 
80.0    T  0.097125908598006  0.031206708315657  0.040610595701733  0.212126975426474  0.015766431778823  0.005240789940946  0.016086563803656  0.038075320739850  0.103952762296863  0.017289021142067  0.007949060094552  0.019984149707460  0.000000000000000  0.039363436873356  0.124826833262629  0.069204036530268  0.123450107680672  0.037733768483953  0.000000000000000  0.000000000000000  1.000000000000000  0.000000000000000  0.000000000000000  0.000000000000000  0.000000000000000  0.000000000000000  0.000000000000000  0.008918396149428  1.000000000000000  1.000000000000000 
81.0    A  0.664803554090857  0.015218816695988  0.011438169499575  0.000000000000000  0.000000000000000  0.109727724701190  0.000000000000000  0.000000000000000  0.000000000000000  0.000000000000000  0.000000000000000  0.027603595358796  0.000000000000000  0.000000000000000  0.000000000000000  0.122682382981685  0.048529304687565  0.000000000000000  0.000000000000000  0.000000000000000  0.991716730738293  0.008104843254419  0.000000000000000  0.125000000000000  0.874784764905822  0.000000000000000  0.000000000000000  0.008918396149428  0.495171435966512  1.000000000000000 
82.0    A  0.086569341756933  0.008662505028149  0.110490941382959  0.241316756217939  0.000000000000000  0.005609158244623  0.000000000000000  0.035231262879544  0.028855697210294  0.035012162943568  0.002792939426488  0.042985681816867  0.028537445312875  0.040470093714201  0.037473122305972  0.066569262712089  0.175312406330300  0.054146053525005  0.000000000000000  0.000000000000000  1.000000000000000  0.000000000000000  0.000000000000000  0.000000000000000  0.000000000000000  0.000000000000000  0.000000000000000  0.008918396149428  1.000000000000000  1.000000000000000 
83.0    D  0.000000000000000  0.000000000000000  0.503128911748891  0.118503370641081  0.000000000000000  0.013048248741068  0.000000000000000  0.000000000000000  0.022421086478230  0.000000000000000  0.000000000000000  0.013754047086924  0.000000000000000  0.051653144884638  0.000000000000000  0.117929781361920  0.154106540682976  0.005470923128466  0.000000000000000  0.000000000000000  1.000000000000000  0.000000000000000  0.000000000000000  0.000000000000000  0.000000000000000  0.000000000000000  0.000000000000000  0.008918396149428  1.000000000000000  1.000000000000000 
84.0    H  0.165052855126875  0.007987722895390  0.055245470691479  0.023601134149419  0.000000000000000  0.006293158523818  0.027776333786455  0.053400608805608  0.012447501504462  0.194251817196012  0.003515632538256  0.115663053504732  0.092205716067677  0.000000000000000  0.011438169499575  0.084085450532614  0.008065613558463  0.138888591081887  0.000000000000000  0.000000000000000  1.000000000000000  0.000000000000000  0.000000000000000  0.000000000000000  0.000000000000000  0.000000000000000  0.000000000000000  0.008918396149428  1.000000000000000  1.000000000000000 
85.0    R  0.036600318163088  0.005470923128466  0.021050524638526  0.019064070473003  0.000000000000000  0.039010329653175  0.011998517732048  0.047366142703450  0.099856489556144  0.013687473672924  0.000000000000000  0.000000000000000  0.006638164055771  0.006020086784050  0.412366774305041  0.126306430810845  0.036524289017539  0.118011552393781  0.000000000000000  0.000000000000000  1.000000000000000  0.000000000000000  0.000000000000000  0.000000000000000  0.000000000000000  0.000000000000000  0.000000000000000  0.008918396149428  1.000000000000000  1.000000000000000 
86.0    Q  0.188286308329227  0.000000000000000  0.027776333786455  0.016746460352130  0.054560474445860  0.006569503244170  0.007401328676557  0.065652784000672  0.029852591761951  0.114387396015991  0.114149781251499  0.017098339082199  0.000000000000000  0.074583483939483  0.015975445790780  0.162329825341235  0.038983299122314  0.057154068093744  0.000000000000000  0.008454880035357  1.000000000000000  0.000000000000000  0.000000000000000  0.000000000000000  0.000000000000000  0.000000000000000  0.000000000000000  0.008924580053504  1.000000000000000  1.000000000000000 
87.0    L  0.037681494615336  0.000000000000000  0.000000000000000  0.000000000000000  0.066985841408518  0.000000000000000  0.000000000000000  0.024281477149502  0.000000000000000  0.766841329836546  0.044625124365158  0.000000000000000  0.000000000000000  0.000000000000000  0.000000000000000  0.000000000000000  0.015909143746322  0.036600318163088  0.000000000000000  0.006829520471956  0.994470168673214  0.005810991259510  0.000000000000000  0.333324669272800  0.666649338545599  0.000000000000000  0.000000000000000  0.008961773626767  0.499653546495226  1.000000000000000 
88.0    Q  0.000000000000000  0.000000000000000  0.000000000000000  0.000000000000000  0.000000000000000  0.000000000000000  0.000000000000000  0.000000000000000  0.058598193528569  0.052884912287518  0.000000000000000  0.000000000000000  0.000000000000000  0.064079202368037  0.807201074504765  0.017469716421342  0.000000000000000  0.000000000000000  0.000000000000000  0.000000000000000  1.000000000000000  0.000000000000000  0.000000000000000  0.000000000000000  0.000000000000000  0.000000000000000  0.000000000000000  0.008961773626767  1.000000000000000  1.000000000000000 
89.0    L  0.362486708219713  0.000000000000000  0.000000000000000  0.000000000000000  0.000000000000000  0.036701936600427  0.007329853097661  0.066615421004246  0.070024325887136  0.061939347704005  0.000000000000000  0.023211764385325  0.000000000000000  0.000000000000000  0.013536513381251  0.077267203807559  0.024147204676500  0.256672386430000  0.000000000000000  0.000000000000000  1.000000000000000  0.000000000000000  0.000000000000000  0.000000000000000  0.000000000000000  0.000000000000000  0.000000000000000  0.008961773626767  1.000000000000000  1.000000000000000 
90.0    S  0.351842093831349  0.000000000000000  0.000000000000000  0.000000000000000  0.000000000000000  0.101531549544529  0.000000000000000  0.000000000000000  0.000000000000000  0.013066349998657  0.026644840367749  0.000000000000000  0.000000000000000  0.000000000000000  0.000000000000000  0.365008002663630  0.135278080565714  0.006587743048829  0.000000000000000  0.000000000000000  1.000000000000000  0.000000000000000  0.000000000000000  0.000000000000000  0.000000000000000  0.000000000000000  0.000000000000000  0.008961773626767  1.000000000000000  1.000000000000000 
91.0    I  0.076893209046947  0.006624374723696  0.000000000000000  0.000000000000000  0.039747281460737  0.000000000000000  0.000000000000000  0.241484082231211  0.000000000000000  0.245364765963370  0.021537580515244  0.000000000000000  0.000000000000000  0.006167920989848  0.000000000000000  0.018440224114628  0.026278012976679  0.295043585834050  0.000000000000000  0.022281651833815  1.000000000000000  0.000000000000000  0.000000000000000  0.000000000000000  0.000000000000000  0.000000000000000  0.000000000000000  0.008961773626767  1.000000000000000  1.000000000000000 
92.0    S  0.024757337841405  0.000000000000000  0.060245612983790  0.009118422670457  0.000000000000000  0.070609200910633  0.000000000000000  0.022081775685668  0.000000000000000  0.000000000000000  0.003377098559796  0.553248676546136  0.000000000000000  0.010244546986060  0.000000000000000  0.144285677189605  0.038526635170744  0.019695365493484  0.000000000000000  0.043858491438721  1.000000000000000  0.000000000000000  0.000000000000000  0.000000000000000  0.000000000000000  0.000000000000000  0.000000000000000  0.008961773626767  1.000000000000000  1.000000000000000 
93.0    S  0.113518552215189  0.000000000000000  0.052921582022658  0.000000000000000  0.014111351721122  0.078237278665875  0.007883215889412  0.000000000000000  0.000000000000000  0.000000000000000  0.021522656974737  0.093622558401511  0.000000000000000  0.000000000000000  0.000000000000000  0.407536166201313  0.204901151909379  0.000000000000000  0.005547294369310  0.000000000000000  1.000000000000000  0.000000000000000  0.000000000000000  0.000000000000000  0.000000000000000  0.000000000000000  0.000000000000000  0.008961773626767  1.000000000000000  1.000000000000000 
94.0    C  0.029056404456661  0.044224817510208  0.000000000000000  0.000000000000000  0.350139080221801  0.000000000000000  0.000000000000000  0.015367219906660  0.000000000000000  0.132402291835485  0.023260082111977  0.000000000000000  0.000000000000000  0.000000000000000  0.000000000000000  0.011509747545441  0.013066349998657  0.044935516651467  0.204901151909379  0.131032809439616  1.000000000000000  0.000000000000000  0.000000000000000  0.000000000000000  0.000000000000000  0.000000000000000  0.000000000000000  0.008961773626767  1.000000000000000  1.000000000000000 
95.0    L  0.006624374723696  0.025916235806701  0.000000000000000  0.000000000000000  0.102379587232478  0.000000000000000  0.000000000000000  0.148547888132117  0.000000000000000  0.468785548228555  0.111645731544095  0.000000000000000  0.000000000000000  0.006236706143411  0.000000000000000  0.015854102290326  0.024013674707625  0.050275523183870  0.000000000000000  0.039912929974856  1.000000000000000  0.000000000000000  0.000000000000000  0.000000000000000  0.000000000000000  0.000000000000000  0.000000000000000  0.008961773626767  1.000000000000000  1.000000000000000 
96.0    Q  0.026737344552581  0.000000000000000  0.293615492803413  0.221288441144886  0.017074652173452  0.000000000000000  0.000000000000000  0.000000000000000  0.007447644885064  0.000000000000000  0.000000000000000  0.010561803383032  0.013066349998657  0.043075161030488  0.284993318173365  0.029687511964840  0.046908721797324  0.000000000000000  0.000000000000000  0.005497532716115  1.000000000000000  0.000000000000000  0.000000000000000  0.000000000000000  0.000000000000000  0.000000000000000  0.000000000000000  0.008961773626767  1.000000000000000  1.000000000000000 
97.0    Q  0.035427169149326  0.040638754579640  0.021687386234619  0.000000000000000  0.021359178936591  0.002820174210005  0.029076551803219  0.013555291986751  0.000000000000000  0.215834889643603  0.075519865211871  0.075519865211871  0.000000000000000  0.136502568218206  0.008021012075937  0.164026406823995  0.006606033495137  0.020517517584752  0.129587637627465  0.003395877187852  1.000000000000000  0.000000000000000  0.000000000000000  0.000000000000000  0.000000000000000  0.000000000000000  0.000000000000000  0.008961773626767  1.000000000000000  1.000000000000000 
98.0    L  0.056759276107594  0.008537326086726  0.000000000000000  0.045594385757505  0.000000000000000  0.000000000000000  0.000000000000000  0.237335530237630  0.000000000000000  0.425431864753270  0.004180815228229  0.000000000000000  0.000000000000000  0.000000000000000  0.006564951189323  0.000000000000000  0.016232173489026  0.199298119135134  0.000000000000000  0.000000000000000  1.000000000000000  0.000000000000000  0.000000000000000  0.000000000000000  0.000000000000000  0.000000000000000  0.000000000000000  0.008961773626767  1.000000000000000  1.000000000000000 
99.0    S  0.054146053525005  0.000000000000000  0.065244495463857  0.060371020557803  0.000000000000000  0.091568804663209  0.008856792287331  0.087716982877442  0.264988195849320  0.035871950432969  0.008132981231907  0.037291741969741  0.000000000000000  0.041984482053791  0.012387252134536  0.155609279422771  0.044966674375338  0.009705377201441  0.000000000000000  0.021123606766064  1.000000000000000  0.000000000000000  0.000000000000000  0.000000000000000  0.000000000000000  0.000000000000000  0.000000000000000  0.008961773626767  1.000000000000000  1.000000000000000 
100.0    L  0.023814762974059  0.000000000000000  0.000000000000000  0.000000000000000  0.000000000000000  0.000000000000000  0.000000000000000  0.108142086323124  0.000000000000000  0.478967609111348  0.039802421103953  0.000000000000000  0.000000000000000  0.000000000000000  0.000000000000000  0.000000000000000  0.081672828368323  0.267572174606656  0.000000000000000  0.000000000000000  1.000000000000000  0.000000000000000  0.000000000000000  0.000000000000000  0.000000000000000  0.000000000000000  0.000000000000000  0.008961773626767  1.000000000000000  1.000000000000000 
101.0    L  0.331481440074665  0.047761766273911  0.000000000000000  0.000000000000000  0.000000000000000  0.000000000000000  0.000000000000000  0.110720939887795  0.000000000000000  0.042305821220389  0.006665828891501  0.000000000000000  0.000000000000000  0.000000000000000  0.000000000000000  0.091759414752131  0.015700997194122  0.353798540081664  0.000000000000000  0.000000000000000  1.000000000000000  0.000000000000000  0.000000000000000  0.000000000000000  0.000000000000000  0.000000000000000  0.000000000000000  0.008961773626767  1.000000000000000  1.000000000000000 
102.0    M  0.020818356642063  0.030798416779355  0.016886334406865  0.198608600024026  0.000000000000000  0.006546774489593  0.012301687133894  0.098618355106558  0.008286622979439  0.135936048856860  0.114625505400584  0.000000000000000  0.006665828891501  0.027374947345848  0.008537326086726  0.026774436086518  0.091950421615984  0.173018714506435  0.000000000000000  0.022328033433455  1.000000000000000  0.000000000000000  0.000000000000000  0.000000000000000  0.000000000000000  0.000000000000000  0.000000000000000  0.008961773626767  1.000000000000000  1.000000000000000 
103.0    W  0.007031265076512  0.000000000000000  0.098892162648181  0.347720492927497  0.000000000000000  0.066707833627497  0.003726404494326  0.000000000000000  0.095259051896236  0.003360752463326  0.000000000000000  0.040695130924032  0.000000000000000  0.059292769696278  0.217788548035564  0.014004167180772  0.006236706143411  0.009118422670457  0.030101934188130  0.000000000000000  1.000000000000000  0.000000000000000  0.000000000000000  0.000000000000000  0.000000000000000  0.000000000000000  0.000000000000000  0.008961773626767  1.000000000000000  1.000000000000000 
104.0    I  0.048900736358532  0.033936933010072  0.000000000000000  0.000000000000000  0.000000000000000  0.000000000000000  0.006675076100701  0.156474557331749  0.000000000000000  0.015560152392101  0.068821349881123  0.027584468634083  0.000000000000000  0.000000000000000  0.000000000000000  0.037525107108913  0.393926943024673  0.210515738402104  0.000000000000000  0.000000000000000  1.000000000000000  0.000000000000000  0.000000000000000  0.000000000000000  0.000000000000000  0.000000000000000  0.000000000000000  0.008999122205854  1.000000000000000  1.000000000000000 
105.0    T  0.066430979647410  0.014802657353114  0.000000000000000  0.009284243008257  0.029666941279704  0.022908074331081  0.000000000000000  0.260797148382465  0.000000000000000  0.196554323035083  0.253314225039771  0.012788580962356  0.000000000000000  0.020919613390288  0.006881791985367  0.009413846210897  0.033077637339848  0.036931610841699  0.000000000000000  0.026296233821418  1.000000000000000  0.000000000000000  0.000000000000000  0.000000000000000  0.000000000000000  0.000000000000000  0.000000000000000  0.009118422670457  1.000000000000000  1.000000000000000 
106.0    Q  0.046520164223954  0.000000000000000  0.141414307855738  0.343171107813728  0.000000000000000  0.034530140149997  0.014669871051804  0.000000000000000  0.065199287095616  0.017985773301996  0.004340268471309  0.077696854306496  0.006777645993376  0.144485838319350  0.026042287723726  0.061383724703962  0.005754873772721  0.007060568177743  0.003018400584562  0.000000000000000  0.961260928388761  0.020674553748564  0.017799740269096  0.333324669272800  0.666649338545599  0.000000000000000  0.000000000000000  0.009143739386520  0.438606774366411  1.000000000000000 
107.0    C  0.063857505169644  0.033446521825832  0.014741222670240  0.258099633870810  0.009698652277548  0.019491649561157  0.048664043191354  0.058112808913323  0.010627897284422  0.086869888740146  0.009578397344165  0.007694269085121  0.007801677078914  0.070170088879601  0.070072879876782  0.063372467486877  0.067125279476258  0.100551046367739  0.000000000000000  0.000000000000000  1.000000000000000  0.000000000000000  0.000000000000000  0.000000000000000  0.000000000000000  0.416387885440275  0.583579050909234  0.009446528717448  1.000000000000000  0.483303048532487 
108.0    F  0.011800567074710  0.012166010797838  0.000000000000000  0.000000000000000  0.438910898804760  0.013840117485974  0.000000000000000  0.021433332634228  0.000000000000000  0.291183396617114  0.003868526843488  0.000000000000000  0.009162773040874  0.000000000000000  0.000000000000000  0.015303442149796  0.077320779917948  0.067032288551121  0.000000000000000  0.038048938083218  1.000000000000000  0.000000000000000  0.000000000000000  0.412652704256329  0.587230985606827  1.000000000000000  0.000000000000000  0.011374918351555  0.482968164462423  0.494142825750366 
109.0    L  0.047300524780299  0.000000000000000  0.195738574064136  0.088449635020416  0.000000000000000  0.425137080032098  0.000000000000000  0.000000000000000  0.057951909152216  0.050730598811080  0.000000000000000  0.000000000000000  0.050450067156548  0.014358013804360  0.019263317585372  0.013897796774030  0.012886461697033  0.023847800140009  0.000000000000000  0.000000000000000  0.992404374685819  0.007894151925678  0.000000000000000  0.090936292727172  0.908778116448520  0.000000000000000  0.000000000000000  0.016481598704188  0.500000000000000  1.000000000000000 
110.0    P  0.042364510212500  0.000000000000000  0.036625696364829  0.038340155539181  0.047861187409199  0.041263213781719  0.000000000000000  0.022219959540426  0.176654205485341  0.000000000000000  0.000000000000000  0.008229383093397  0.344362511595784  0.023798261557863  0.026663315566002  0.016921485086343  0.048462075396688  0.126306430810845  0.000000000000000  0.000000000000000  1.000000000000000  0.000000000000000  0.000000000000000  0.000000000000000  0.000000000000000  0.000000000000000  0.000000000000000  0.019791160214425  1.000000000000000  1.000000000000000 
111.0    V  0.044563303667629  0.000000000000000  0.138696184008481  0.078890752007007  0.000000000000000  0.021108970070869  0.000000000000000  0.012630013575087  0.000000000000000  0.018427446754082  0.016676958406874  0.051688960527704  0.275476278969153  0.028795755818709  0.030948214747907  0.058964890680960  0.112188756333408  0.110874538144019  0.000000000000000  0.000000000000000  1.000000000000000  0.000000000000000  0.000000000000000  0.000000000000000  0.000000000000000  0.000000000000000  0.000000000000000  0.020803931456818  1.000000000000000  1.000000000000000 
112.0    F  0.136786712657592  0.000000000000000  0.000000000000000  0.050415109951383  0.180491149440312  0.000000000000000  0.000000000000000  0.011493802701998  0.024113752735296  0.049824529783784  0.040638754579640  0.000000000000000  0.047794883683837  0.000000000000000  0.000000000000000  0.026241609154504  0.049172652834598  0.383154990051946  0.000000000000000  0.000000000000000  1.000000000000000  0.000000000000000  0.000000000000000  0.000000000000000  0.000000000000000  0.000000000000000  0.000000000000000  0.047202268298838  1.000000000000000  1.000000000000000 
113.0    L  0.053697547184199  0.000000000000000  0.017421347167620  0.114864110434881  0.073965688859536  0.000000000000000  0.000000000000000  0.000000000000000  0.000000000000000  0.212863426937236  0.027776333786455  0.000000000000000  0.116790918360398  0.018866884241977  0.000000000000000  0.331251754261302  0.032509383328812  0.000000000000000  0.000000000000000  0.000000000000000  0.917639882311365  0.000000000000000  0.082183922512817  0.000000000000000  0.000000000000000  0.000000000000000  0.000000000000000  0.060748811748835  1.000000000000000  1.000000000000000 
114.0    A  0.303759197976254  0.000000000000000  0.095788747512986  0.097801472717064  0.000000000000000  0.000000000000000  0.000000000000000  0.000000000000000  0.040864729641774  0.000000000000000  0.000000000000000  0.083042863381032  0.000000000000000  0.068203992315933  0.164026406823995  0.000000000000000  0.065335006262823  0.081108672933699  0.000000000000000  0.000000000000000  1.000000000000000  0.000000000000000  0.000000000000000  0.000000000000000  0.000000000000000  0.301034345307854  0.698823485925533  0.061511501377113  1.000000000000000  0.483638164806966 
115.0    Q  0.080716084393896  0.000000000000000  0.000000000000000  0.000000000000000  0.000000000000000  0.000000000000000  0.000000000000000  0.000000000000000  0.161656116485936  0.061511501377113  0.000000000000000  0.000000000000000  0.000000000000000  0.319082192207238  0.191179534735346  0.069878865685366  0.115984184558910  0.000000000000000  0.000000000000000  0.000000000000000  1.000000000000000  0.000000000000000  0.000000000000000  0.000000000000000  0.000000000000000  1.000000000000000  0.000000000000000  0.068678388598555  1.000000000000000  0.491410299272626 
116.0    A  0.283220971323950  0.000000000000000  0.000000000000000  0.000000000000000  0.000000000000000  0.000000000000000  0.000000000000000  0.117358968414432  0.000000000000000  0.211393071844379  0.000000000000000  0.000000000000000  0.260616440210280  0.127449710374774  0.000000000000000  0.000000000000000  0.000000000000000  0.000000000000000  0.000000000000000  0.000000000000000  0.892546971472977  0.107320679554719  0.000000000000000  0.166662334636400  0.833353207159218  0.000000000000000  0.000000000000000  0.105330853687894  0.491410299272626  1.000000000000000 
117.0    P  0.114625505400584  0.000000000000000  0.000000000000000  0.000000000000000  0.000000000000000  0.133323222603971  0.248101093671455  0.000000000000000  0.000000000000000  0.000000000000000  0.000000000000000  0.000000000000000  0.356012548899268  0.000000000000000  0.000000000000000  0.000000000000000  0.000000000000000  0.147931377719071  0.000000000000000  0.000000000000000  1.000000000000000  0.000000000000000  0.000000000000000  0.000000000000000  0.000000000000000  0.000000000000000  0.000000000000000  0.117521775313641  1.000000000000000  1.000000000000000 
118.0    S  0.000000000000000  0.000000000000000  0.200684347178988  0.000000000000000  0.000000000000000  0.000000000000000  0.000000000000000  0.000000000000000  0.000000000000000  0.000000000000000  0.000000000000000  0.000000000000000  0.000000000000000  0.000000000000000  0.172898828626371  0.626332219312064  0.000000000000000  0.000000000000000  0.000000000000000  0.000000000000000  1.000000000000000  0.000000000000000  0.000000000000000  0.000000000000000  0.000000000000000  0.000000000000000  0.000000000000000  0.162442382806930  1.000000000000000  1.000000000000000 
119.0    G  0.000000000000000  0.000000000000000  0.000000000000000  0.000000000000000  0.000000000000000  1.000000000000000  0.000000000000000  0.000000000000000  0.000000000000000  0.000000000000000  0.000000000000000  0.000000000000000  0.000000000000000  0.000000000000000  0.000000000000000  0.000000000000000  0.000000000000000  0.000000000000000  0.000000000000000  0.000000000000000  1.000000000000000  0.000000000000000  0.000000000000000  0.000000000000000  0.000000000000000  0.000000000000000  0.000000000000000  0.213602435222433  1.000000000000000  1.000000000000000 
120.0    Q  0.000000000000000  0.000000000000000  0.000000000000000  0.000000000000000  0.000000000000000  0.000000000000000  0.000000000000000  0.000000000000000  0.214492632607173  0.000000000000000  0.000000000000000  0.000000000000000  0.000000000000000  0.785672516667580  0.000000000000000  0.000000000000000  0.000000000000000  0.000000000000000  0.000000000000000  0.000000000000000  1.000000000000000  0.000000000000000  0.000000000000000  0.000000000000000  0.000000000000000  0.000000000000000  0.000000000000000  0.213602435222433  1.000000000000000  1.000000000000000 
121.0    R  0.000000000000000  0.000000000000000  0.000000000000000  0.000000000000000  0.000000000000000  0.000000000000000  0.000000000000000  0.000000000000000  0.000000000000000  0.000000000000000  0.000000000000000  0.000000000000000  0.000000000000000  0.000000000000000  1.000000000000000  0.000000000000000  0.000000000000000  0.000000000000000  0.000000000000000  0.000000000000000  1.000000000000000  0.000000000000000  0.000000000000000  0.000000000000000  0.000000000000000  0.000000000000000  0.000000000000000  0.305025127568056  1.000000000000000  1.000000000000000 
122.0    R  0.000000000000000  0.000000000000000  0.000000000000000  0.000000000000000  0.000000000000000  0.000000000000000  0.000000000000000  0.000000000000000  0.000000000000000  0.000000000000000  0.000000000000000  0.000000000000000  0.000000000000000  0.000000000000000  1.000000000000000  0.000000000000000  0.000000000000000  0.000000000000000  0.000000000000000  0.000000000000000  1.000000000000000  0.000000000000000  0.000000000000000  1.000000000000000  0.000000000000000  0.000000000000000  0.000000000000000  0.383952567425525  1.000000000000000  1.000000000000000 
