No:  residues  hmm_col_1  hmm_col_2  hmm_col_3  hmm_col_4  hmm_col_5  hmm_col_6  hmm_col_7  hmm_col_8  hmm_col_9  hmm_col_10  hmm_col_11  hmm_col_12  hmm_col_13  hmm_col_14  hmm_col_15  hmm_col_16  hmm_col_17  hmm_col_18  hmm_col_19  hmm_col_20  hmm_col_21   hmm_col_22   hmm_col_23   hmm_col_24   hmm_col_25   hmm_col_26   hmm_col_27   hmm_col_28   hmm_col_29   hmm_col_30   
1.0    M  0.013139006488339  0.002964490728465  0.000000000000000  0.000000000000000  0.037655384843587  0.011589804170634  0.005459558483793  0.019397304555096  0.024046987815013  0.085852264589351  0.713012858682070  0.002699672278376  0.005815020527994  0.005406834828326  0.009485897534336  0.008257953441886  0.008875228631146  0.033702513490452  0.000000000000000  0.012630013575087  0.865136690584988  0.006929658634001  0.128158404736074  1.000000000000000  0.000000000000000  0.000000000000000  0.000000000000000  0.011923900070004  0.495858365369147  1.000000000000000 
2.0    K  0.048866852695537  0.007259067767585  0.021838233935173  0.006078790441839  0.044102370106522  0.045594385757505  0.026350972195316  0.025594896808120  0.435275281648062  0.053289680735497  0.021672358892678  0.033562639738129  0.010026764824710  0.045752677998301  0.094929480613408  0.040023745666555  0.031185084968720  0.003372420150681  0.005339794734148  0.000000000000000  0.794985250948974  0.167705278110283  0.037136972033029  0.502780290199234  0.497235084336607  0.914465089499901  0.085614561247848  0.012726680672972  0.332862903309093  0.389312345530831 
3.0    W  0.033423346496414  0.040051497630006  0.000000000000000  0.000000000000000  0.073607674349686  0.052628934600526  0.014947002470186  0.060245612983790  0.053586002289636  0.167937928215162  0.046487930076078  0.008967987608242  0.039637231228933  0.016792955825867  0.044501568612408  0.064973714698455  0.065835064747177  0.032173127607312  0.166893537911988  0.017337023001060  0.857970530428691  0.082698214994258  0.059005776196891  0.399425958224574  0.600818024763425  0.870550563296124  0.129767408817882  0.011549706494327  0.400534938794811  0.466516495768404 
4.0    M  0.061341191490842  0.004143311489720  0.000000000000000  0.003917095452739  0.079936598829839  0.014160342785427  0.011509747545441  0.062197482613755  0.025862400502444  0.412652704256329  0.041234622211653  0.009834040418007  0.019998006466317  0.011117683290895  0.030883926609398  0.064569649230258  0.059128602920350  0.045879707376066  0.021687386234619  0.019887420863687  0.766309980103892  0.024671683959392  0.209061599978516  0.654289035727505  0.345797657252741  0.757858283255199  0.241986756723434  0.010216182410443  0.460093825312437  0.444113397921202 
5.0    V  0.043224707156593  0.009472756398920  0.000000000000000  0.000000000000000  0.057511728164055  0.017337023001060  0.006138066536465  0.107023535568307  0.005908468739390  0.450937689191125  0.012040173568100  0.000000000000000  0.008686555918102  0.003335225446841  0.010866265403984  0.011257263662796  0.026571067502006  0.219151430329009  0.008710673583810  0.001870967223091  0.940174202509126  0.033192474577980  0.026941985781800  0.630251695791493  0.369590607818461  0.940174202509126  0.059912464905811  0.011140825916907  0.455334916795989  0.325110036637120 
6.0    V  0.096856991369896  0.000000000000000  0.003346804510815  0.002729779241897  0.059539874877746  0.016769691974898  0.000000000000000  0.087231922757635  0.010474317121721  0.354535008919865  0.022592692102277  0.002102031493718  0.015282241772615  0.009786440926751  0.009916178797030  0.039719740290802  0.042985681816867  0.207186226121998  0.009943710431843  0.008930768245422  0.933679944915313  0.007499447351866  0.058883204619051  0.493116352246680  0.506979739895015  0.579146403097322  0.420739741142690  0.009759344731667  0.491410299272626  0.464902471306581 
7.0    V  0.103736823198748  0.013782677581206  0.000000000000000  0.000000000000000  0.066523136403335  0.032084048303750  0.000000000000000  0.094012734461793  0.000000000000000  0.448444079831007  0.008026573745148  0.002595089480657  0.010481579881893  0.005248060256724  0.003963525572582  0.030862526920168  0.041091961256408  0.130488990927715  0.006934463572418  0.001805982965066  0.911301280637141  0.058598193528569  0.030248344590429  0.523405140987288  0.476318999021969  0.868140227601043  0.131761427911342  0.010103507280371  0.437999157533563  0.433468781757343 
8.0    L  0.101180277068426  0.030670595745421  0.000000000000000  0.000000000000000  0.069060280299994  0.007910584432426  0.001873562733057  0.068156733291579  0.000000000000000  0.511923450214221  0.004638904945599  0.000000000000000  0.011187255790634  0.012735505193791  0.000000000000000  0.030018589498546  0.019024469041609  0.104169150894902  0.014700407929903  0.012700243781005  0.943438250895360  0.001781119463906  0.055092509869198  0.500000000000000  0.500000000000000  0.513700719689482  0.485990493990676  0.009861344000876  0.500000000000000  0.458184322337676 
9.0    V  0.209642046110233  0.034674046002120  0.000000000000000  0.010753871887427  0.025524030972188  0.133878852898932  0.006528648116577  0.055745532463756  0.000000000000000  0.248101093671455  0.011605882192663  0.009631658792686  0.010054603494541  0.005111633091621  0.002168630534431  0.054183597719668  0.042101049277053  0.121329308721193  0.015409886007709  0.003634568975402  0.898755126611030  0.003654779288404  0.097530685021713  0.482299092292069  0.517632461920689  0.170873431492726  0.829319545814442  0.009909307807233  0.497235084336607  0.414372452243996 
10.0    C  0.113439894414645  0.070903467808497  0.000000000000000  0.000000000000000  0.044811101500495  0.017615631439772  0.000000000000000  0.053178983094159  0.000000000000000  0.463936738235641  0.017062821027276  0.009847682746742  0.038473262917029  0.000000000000000  0.003103259375375  0.042836962655616  0.043888902366812  0.080884103405178  0.000000000000000  0.000000000000000  0.918912883479050  0.052994997789572  0.027969533466499  0.590496330714765  0.409802303818759  0.073149915092162  0.926588061890371  0.010117523428550  0.440434687063490  0.343647173893007 
11.0    L  0.088449635020416  0.012577595900330  0.000000000000000  0.000000000000000  0.078563335907614  0.008076802626937  0.000000000000000  0.059251685320540  0.000000000000000  0.385552706351985  0.009485897534336  0.003457631892889  0.011102281587354  0.008217982650030  0.000000000000000  0.048934643516034  0.013868927144836  0.238324636322040  0.016862941195382  0.017433426911328  0.885153764579545  0.091315273659105  0.023864335905636  0.233419986228828  0.766841329836546  0.350381862270187  0.649769531227720  0.010244546986060  0.398044049389390  0.325335463860483 
12.0    Q  0.346517471412604  0.020688889224928  0.009118422670457  0.011923900070004  0.029564301460175  0.099649059567567  0.020517517584752  0.027035521580781  0.006040987011370  0.129318447689864  0.004559211335228  0.010445316370353  0.022005378545501  0.028478165019911  0.005867655964613  0.077160162930846  0.067451764781527  0.080436827956329  0.000000000000000  0.003370083377120  0.903126510151822  0.068630800861691  0.028125060306047  0.387965427137428  0.612168196200102  0.826450318154212  0.173499089876949  0.010159688644910  0.417543959714185  0.355026839635857 
13.0    L  0.131578894338680  0.032106294980593  0.001559176535853  0.011171757705951  0.096588818705998  0.044718016250716  0.014639397607382  0.053996136712517  0.003407666819417  0.315344352207812  0.006172197748933  0.000000000000000  0.013489680602725  0.012499377005199  0.000000000000000  0.077750728331154  0.048529304687565  0.111878133865997  0.004100455795403  0.020531744174209  0.867538687152068  0.105696535922190  0.027016788478371  0.439824537961218  0.560194607097088  0.576343173399432  0.423959982316574  0.009985151275024  0.365767805176082  0.446892581178393 
14.0    L  0.197236710213116  0.052921582022658  0.002611329092588  0.016596237288990  0.021777769354492  0.034866853822655  0.009685216405773  0.032849153408991  0.007304493732433  0.153042049050026  0.001597464958121  0.011430243911753  0.017923547253534  0.020818356642063  0.010005936416639  0.254369923025672  0.043949787497285  0.103163176064082  0.000000000000000  0.007796271242180  0.847332434946118  0.119908014915658  0.032577055026285  0.344123900397674  0.656105627295980  0.563309614248640  0.436483795566881  0.009888723390393  0.348685916587601  0.435879119768531 
15.0    E  0.167705278110283  0.022005378545501  0.050555084272609  0.185051662250006  0.005892109674557  0.030185510278901  0.013984766733250  0.013773127467300  0.016142412307565  0.056484545421943  0.003469635921259  0.058801631719612  0.007149212250999  0.057751410777926  0.005321320447814  0.197510327965844  0.045975210807992  0.060496689180859  0.000000000000000  0.001702652811596  0.770571108358408  0.087474116599700  0.141905262768258  0.323088207659373  0.676893139526230  0.596254436165316  0.403880388804804  0.009950605275988  0.369590607818461  0.406971592535217 
16.0    A  0.388503634392025  0.051796556530500  0.047761766273911  0.060875266783953  0.010474317121721  0.072142838594802  0.025790794016021  0.008668511500530  0.010851211998165  0.019263317585372  0.006479058951675  0.040978187944239  0.038929294236546  0.025719385789960  0.010351617320666  0.071248329543341  0.048194088293998  0.051760666333409  0.003469635921259  0.006651982091789  0.732042847972813  0.211100221855945  0.056680645558321  0.367546834097260  0.632439771176968  0.721964597761248  0.277969789379277  0.009226505167418  0.298333935757930  0.314471242959004 
17.0    A  0.236350529187686  0.093687475109722  0.023260082111977  0.109879945113973  0.000000000000000  0.197373471675139  0.010315803445430  0.032084048303750  0.074842419038683  0.020963159763785  0.006108356586942  0.016561762240583  0.004334255750265  0.040386025957422  0.022328033433455  0.054296386571914  0.018697640050480  0.028835702895431  0.000000000000000  0.009772883438385  0.890692900606681  0.074686950303549  0.034818551588104  0.606256409530869  0.393926943024673  0.936272247434492  0.063592480756418  0.010635266535152  0.391477148128271  0.322193657621254 
18.0    V  0.026241609154504  0.005079844322455  0.001872264528307  0.005233529696984  0.032419373017675  0.028815722434770  0.008037708655419  0.157562923947873  0.013907433332070  0.306508715013289  0.046681670534761  0.001755381106662  0.017493951385222  0.013536513381251  0.025418099941629  0.034172983046395  0.033539383949795  0.237664775307455  0.000000000000000  0.003993861447695  0.980099415341871  0.009162773040874  0.010934264574962  0.524858341811534  0.475000191437443  0.360232437209480  0.639936206922154  0.009916178797030  0.488692883205403  0.457232544749951 
19.0    V  0.013470992890900  0.006749517089065  0.004578212045604  0.014864348067684  0.078945453865362  0.008466609115975  0.181746564665039  0.134810053961806  0.024895003008924  0.095788747512986  0.014782150730087  0.011833330592789  0.015909143746322  0.039940605100095  0.056484545421943  0.019183370061173  0.045279442329840  0.167125061925642  0.001605234740810  0.063724855187387  0.993092495437036  0.002348572751754  0.004742948767168  1.000000000000000  0.000000000000000  0.388773017941279  0.611320138846034  0.009881871424640  0.498615625676035  0.460412848602520 
20.0    K  0.007473501235093  0.000000000000000  0.010783729323411  0.032106294980593  0.000000000000000  0.003906250000000  0.028458432299749  0.019928818619977  0.218393223979174  0.021211640310625  0.002220345650852  0.005193777766335  0.001770042848178  0.062673527243817  0.470413053756894  0.063680699788545  0.039912929974856  0.006665828891501  0.000000000000000  0.005140056738395  0.989656656415207  0.006284440397984  0.004027219995292  0.119824929811622  0.880259013563151  0.232451235653290  0.767373048000443  0.009698652277548  0.490389501994276  0.470413053756894 
21.0    V  0.036829356494115  0.000000000000000  0.008212288352248  0.000000000000000  0.009220112057314  0.004456108265111  0.034987902770445  0.407818746669505  0.002515393807636  0.067920928907879  0.041521431690516  0.007385954037115  0.002962436612059  0.005786874211017  0.019750048413325  0.011990203875007  0.031293351740979  0.288571354379210  0.009929935072701  0.008912216530222  0.974004268543241  0.016746460352130  0.009277809891199  0.529609167341938  0.470087101254563  0.702709350103360  0.297301778750680  0.009492474936758  0.480297431976738  0.472046209575125 
22.0    P  0.026132699997314  0.000000000000000  0.014437852694482  0.022173802440631  0.006939271842519  0.053548872173036  0.003455236075514  0.009175484150107  0.151669195031087  0.011800567074710  0.000000000000000  0.013715965587649  0.526315577354719  0.035996488823417  0.030164594527242  0.060203868376259  0.024688790995731  0.009505643426829  0.000000000000000  0.000000000000000  0.981459063853479  0.001656093680924  0.016584737639841  1.000000000000000  0.000000000000000  0.000000000000000  1.000000000000000  0.009387781636929  0.499307333050514  0.481297221550876 
23.0    L  0.000000000000000  0.000000000000000  0.000000000000000  0.006896117158521  0.015931213796847  0.004985659253238  0.003241775724961  0.132127255070173  0.008986655416802  0.701735863019538  0.015229369232680  0.003003790686075  0.003346804510815  0.002697801656531  0.006036801169125  0.013387218043259  0.021853376292788  0.052301640167712  0.003879267560301  0.004346289533535  0.988970916380931  0.009188212892898  0.001519697610460  0.287373712008669  0.712518807074392  0.563309614248640  0.436786447958347  0.009545258606824  0.480297431976738  0.460093825312437 
24.0    K  0.013120804577252  0.000000000000000  0.004483993804121  0.053326631132004  0.008918396149428  0.009766111738947  0.160205990520024  0.055322110286222  0.216134307826966  0.011735311929226  0.009978232493714  0.032441852204471  0.004400856361317  0.059292769696278  0.120909541201742  0.041148966314351  0.067405026980903  0.074583483939483  0.002332349974755  0.054560474445860  0.988285651500733  0.004667934393972  0.007355300504228  0.131305568001344  0.868742185150623  0.351354675051680  0.648869383469592  0.009413846210897  0.496890546661277  0.472373520498603 
25.0    K  0.005589752031340  0.002036065939143  0.000000000000000  0.034602018265134  0.013340901787363  0.003908958544776  0.027280237222930  0.004385630554975  0.498961359499525  0.005175808660333  0.000000000000000  0.010110512925647  0.022828818414776  0.040751585476830  0.244007940194056  0.030734439813320  0.007269137950805  0.019209982300853  0.014741222670240  0.014988501864457  0.924022572446823  0.035624164771671  0.040107059298841  0.223911417522712  0.775930854274856  0.342933322147649  0.657015813574686  0.009453078822026  0.450937689191125  0.473356815618357 
26.0    F  0.013499034178129  0.000000000000000  0.002330733873109  0.017445515030978  0.100970097201201  0.061383724703962  0.042866665268456  0.069588851139293  0.077966598244628  0.059128602920350  0.094863703310878  0.011866185076676  0.003917095452739  0.055861572647299  0.132677901118724  0.058153103606438  0.055398856199679  0.133600748901376  0.001544119368367  0.006953716666035  0.923382310729395  0.030332327180298  0.046327094056339  0.160873655912659  0.839149637106542  0.291789525454617  0.708087719107272  0.009854511006494  0.458819941155683  0.414372452243996 
27.0    K  0.027527167941468  0.000000000000000  0.035599480538191  0.109348095613228  0.001510246752842  0.076839929203411  0.021777769354492  0.017738157846032  0.273194434775238  0.005044755274618  0.000000000000000  0.056680645558321  0.122852574818156  0.052958277184132  0.052120690239060  0.078672323344054  0.031906628928350  0.029502888098445  0.000000000000000  0.006810611246383  0.931094819830229  0.030905341136904  0.037759932605936  0.503477775028359  0.496546247718518  0.519069635271529  0.480963727332387  0.009964409309989  0.461691155364697  0.374490233606046 
28.0    S  0.026259804757290  0.003131348942966  0.018932385319223  0.019873640730368  0.014619117153616  0.007916069532493  0.001777419578283  0.011965296852300  0.019370432811547  0.097665985021540  0.014528202228331  0.072042896674929  0.054636163775648  0.007965606898423  0.030777076340486  0.459138081150462  0.115422788841174  0.016367751985934  0.000000000000000  0.007662335968661  0.901875378382250  0.014761672515581  0.083562530962821  0.168754748140343  0.831045861593648  0.221595424798717  0.778624691061662  0.010387555532670  0.470739232270603  0.401090583176243 
29.0    I  0.075467536967906  0.000000000000000  0.012182888165802  0.007572576694805  0.037447156916857  0.025102937398657  0.028875705388963  0.155393708612992  0.028497911422493  0.224844578036938  0.077213664820433  0.022797192878753  0.024912264891892  0.023389421668636  0.035648866120888  0.040079268836320  0.081503170953660  0.074686950303549  0.004027219995292  0.020404059173264  0.959929261038908  0.032712821311705  0.007619964543185  0.150517172653927  0.849684999138650  0.301034345307854  0.698823485925533  0.010547171758771  0.468136123717246  0.331941289595609 
30.0    R  0.017640068825096  0.000000000000000  0.020235046857100  0.042629619839980  0.009950605275988  0.007823337935245  0.018958649378886  0.003879267560301  0.077912574642194  0.018788582014034  0.020039634418160  0.021627339313304  0.008212288352248  0.050485048600601  0.575943821174679  0.036957218757629  0.040190546357206  0.025330159996416  0.000000000000000  0.003632050557083  0.974004268543241  0.001743255803658  0.024484287092167  0.500000000000000  0.500000000000000  0.081277509159280  0.918912883479050  0.010223266183242  0.499653546495226  0.360482217865056 
31.0    E  0.081277509159280  0.000000000000000  0.034506213973847  0.213750544472993  0.007442484359718  0.013322420183874  0.038499939795180  0.016874633747389  0.114943755768957  0.010709240663904  0.017591227908387  0.061383724703962  0.003823209571865  0.089498046325071  0.183137609326417  0.050450067156548  0.021537580515244  0.027622735345740  0.000000000000000  0.013621222492767  0.986232704493359  0.009407323290870  0.004160578919506  1.000000000000000  0.000000000000000  0.051260806949795  0.948684315140454  0.010075533208249  0.491069797631696  0.352818960852173 
32.0    T  0.069348092004240  0.003277928269947  0.016243428674614  0.072393300387165  0.007254037908646  0.007998803909597  0.044102370106522  0.032374461361251  0.093104841445169  0.034842694335241  0.024723040662045  0.053252755942179  0.023067412588794  0.070267432736164  0.065972107352373  0.110337874536332  0.233258247884202  0.015377875344278  0.002232692061356  0.020560226953578  0.981459063853479  0.001006804998823  0.017229205672952  0.500000000000000  0.500000000000000  0.166893537911988  0.833353207159218  0.010026764824710  0.500000000000000  0.355026839635857 
33.0    M  0.019901210551977  0.000000000000000  0.029197729590099  0.020179021098474  0.045279442329840  0.011017952816284  0.039968299414920  0.042836962655616  0.005794902085317  0.448755025333631  0.132585967671027  0.030691862351981  0.007509851003037  0.008004350179944  0.037188490509584  0.027776333786455  0.016053147490296  0.048194088293998  0.002843729587889  0.026314467300263  0.925946022527324  0.049104532291724  0.024808872841614  0.371903440608626  0.628071190571764  0.698823485925533  0.301451956922690  0.009685216405773  0.421615555125056  0.363241262392842 
34.0    K  0.047431851655439  0.000000000000000  0.090496135773722  0.070267432736164  0.002611329092588  0.037059828106592  0.038154578520910  0.093622558401511  0.139564120247822  0.057035343033966  0.022374511581268  0.033749267494778  0.006997231797585  0.053623158151793  0.129139298460517  0.101531549544529  0.041810236087066  0.023019495090883  0.009150079540772  0.002417949786792  0.942784535918240  0.028281451965091  0.028716027608720  0.163458918567095  0.836246399914063  0.018249490540830  0.981459063853479  0.010061575230546  0.469761374607006  0.421615555125056 
35.0    E  0.084787770465479  0.000000000000000  0.066338950559362  0.271307342970452  0.010124538792448  0.035012162943568  0.041006601705999  0.022624033943431  0.063109456099793  0.024757337841405  0.006412043818832  0.048664043191354  0.018879966302968  0.042807280623924  0.102450575954690  0.068488235402981  0.044563303667629  0.039996012932635  0.000000000000000  0.008644510571033  0.931094819830229  0.031995215638389  0.036625696364829  0.349169633116849  0.650670927720967  0.186338798349865  0.813943185070435  0.010605820155313  0.453130969133667  0.392020227037869 
36.0    K  0.058314561971050  0.002477326951808  0.025880333166705  0.075154328056136  0.012404436420807  0.026589491547079  0.059954007457829  0.030862526920168  0.158219574246285  0.061341191490842  0.012958117903351  0.076415017355754  0.014043048853297  0.057511728164055  0.093752436830364  0.056289123740496  0.036829356494115  0.105257869201052  0.017701310707747  0.018110874248507  0.926588061890371  0.001252477151135  0.072242919159675  0.061682284117865  0.938221196500671  0.068298608693810  0.931740429304773  0.011033237534256  0.496546247718518  0.387427965479586 
37.0    G  0.053586002289636  0.000000000000000  0.036021448337465  0.027374947345848  0.003762741773516  0.474342157570227  0.021108970070869  0.017445515030978  0.038473262917029  0.009957504900932  0.003075421783473  0.090873282332519  0.021762679385454  0.042777619159120  0.045154074935110  0.071396640428034  0.026681803574726  0.008807815719886  0.000000000000000  0.007334935525902  0.903126510151822  0.029116888415774  0.068015152604425  0.554784736033923  0.445037866626248  0.265723918589638  0.734075318017052  0.012015162744299  0.466839972457657  0.340328529124868 
38.0    L  0.049962864397030  0.001417928007719  0.011735311929226  0.048664043191354  0.025155191800660  0.015690117863109  0.007345110957103  0.076946525834057  0.100481373842894  0.189858961226816  0.036625696364829  0.012877532577394  0.013424386796050  0.057711394420587  0.099580012035698  0.059954007457829  0.091886708524315  0.087111077417967  0.005136495157051  0.008425628372613  0.847332434946118  0.127892183716804  0.024774504269071  0.307572836187786  0.692554734055462  0.624598062826688  0.375269774378593  0.011485838565539  0.343647173893007  0.323760749713606 
39.0    L  0.053105312446166  0.002221885210688  0.062934721878545  0.045784402331604  0.006768256690626  0.024264652343782  0.019196671569463  0.044041273598188  0.071743900865938  0.266092545613340  0.027223568504446  0.032667503131411  0.028261855548784  0.042896388476716  0.027129382112533  0.048900736358532  0.029935475569459  0.038740865623093  0.063328556259943  0.064793818813733  0.974004268543241  0.017181502333040  0.008899870134548  0.098755163982922  0.901250462610830  0.290981633600534  0.709070017839729  0.010547171758771  0.465224828851508  0.397492625474487 
40.0    G  0.100900134313096  0.000000000000000  0.024501264189867  0.109956134490304  0.028596849003998  0.034386831542692  0.024163948045479  0.045091521464426  0.105184935285673  0.151564102382717  0.021552514403548  0.057074890625749  0.033192474577980  0.061682284117865  0.039857637239955  0.062025273417864  0.039637231228933  0.033261568201667  0.009745824780578  0.017603425445270  0.991716730738293  0.003985565075189  0.004091937996484  0.145894762727308  0.853817714391245  0.146706022285169  0.853226098112067  0.010373165299863  0.493800430722686  0.400257405328151 
41.0    E  0.102521613899591  0.000000000000000  0.142793280856068  0.162893393670412  0.006049367405103  0.021373989123476  0.020446532366485  0.019750048413325  0.101742898133804  0.014278616409834  0.013715965587649  0.089436032501432  0.039254449410735  0.084377374070172  0.068062313458507  0.052374195916747  0.027988927190339  0.019143520811011  0.001624261910888  0.012191335627714  0.917004043204671  0.045657636829552  0.037447156916857  0.405844790488639  0.594191552528466  0.266646445207941  0.733566672083662  0.009310020113860  0.416676603579609  0.407536166201313 
42.0    F  0.091505355996602  0.000000000000000  0.039363436873356  0.041463910643661  0.188678246065070  0.018607138271328  0.056523711097568  0.028537445312875  0.045499673406221  0.111878133865997  0.019410754402882  0.027988927190339  0.009200959293711  0.029076551803219  0.067358321565229  0.046876218415182  0.028379638053797  0.027223568504446  0.011272880366106  0.111182374192237  0.866937563514687  0.047596523115727  0.085318357367823  0.323536413620713  0.676424115525137  0.074946244611945  0.925304428037852  0.009407323290870  0.408667664244142  0.373971439590597 
43.0    L  0.065380308737033  0.000000000000000  0.003809982271592  0.025365299405540  0.055475708579344  0.011735311929226  0.021418481327808  0.044194173824159  0.028596849003998  0.413511684221633  0.024046987815013  0.017518219969195  0.022127741222102  0.024535253708549  0.020503300852999  0.052265399994629  0.018048215383650  0.093492859897649  0.029790579540255  0.028047189083352  0.909408251800733  0.020876157474845  0.069975805540890  0.123450107680672  0.876605721316035  0.491069797631696  0.509092599882310  0.009030364894959  0.473685035299634  0.267757705797864 
44.0    R  0.079936598829839  0.002224967533637  0.029894004940371  0.063548417080747  0.016839580391307  0.058638824781292  0.021762679385454  0.020319377289820  0.181746564665039  0.123878695408010  0.006730829372750  0.024348893114391  0.018879966302968  0.065289735179014  0.163345656736647  0.054409410206008  0.024688790995731  0.032106294980593  0.006412043818832  0.004985659253238  0.848507901705896  0.097260647069427  0.054183597719668  0.347479554960584  0.652477473844479  0.565657231422950  0.434371092575312  0.009011606289531  0.396117405462485  0.303759197976254 
45.0    T  0.126832818322610  0.002241996902061  0.032039601184019  0.084846561242500  0.016401823181610  0.030991147835572  0.025242524300300  0.011743449047387  0.130942015887475  0.046262915562502  0.008734858210671  0.044224817510208  0.024843289092155  0.066430979647410  0.140048651774272  0.101954686667376  0.058964890680960  0.014710601008456  0.005258984645612  0.027355979052946  0.898132372883934  0.065380308737033  0.036676505571292  0.580754365962861  0.418993567333974  0.181620631196421  0.818469181590804  0.009505643426829  0.406689599066063  0.349169633116849 
46.0    H  0.052156830072213  0.000000000000000  0.071149626817180  0.051940366349603  0.006987538295177  0.015788303851356  0.168988854128516  0.029177498278604  0.100900134313096  0.050485048600601  0.007218926347241  0.050800975124020  0.025330159996416  0.123707082051901  0.091950421615984  0.083852639055141  0.029997789407466  0.006896117158521  0.001353583872705  0.031380235726218  0.859160754947185  0.018801609781242  0.122257934180917  0.296889916518353  0.703196599956560  0.144085793349858  0.856188284546457  0.009551877169469  0.465547409915115  0.337977708257031 
47.0    K  0.119162318161020  0.002983041988204  0.036397924577139  0.031315050158739  0.002143226440584  0.055475708579344  0.043254678626609  0.038419964601706  0.200545291588122  0.018853811245637  0.019804883156788  0.074171049853533  0.070072879876782  0.066800374450688  0.069108165832517  0.052921582022658  0.041607862913637  0.032106294980593  0.006801176275751  0.017985773301996  0.894404901782606  0.023195680791079  0.082183922512817  0.362486708219713  0.637722195839272  0.447822835045425  0.552482242399956  0.009571760405505  0.457549584063964  0.249307812838017 
48.0    Y  0.079604842207906  0.001985888033773  0.023099412988654  0.042629619839980  0.033936933010072  0.025737219289612  0.090433430366908  0.012404436420807  0.052738487258126  0.079109787123142  0.013139006488339  0.059087632296921  0.044594203303684  0.026830169888680  0.055514174740150  0.049480366616954  0.025541729015259  0.019276674528273  0.009691932013401  0.255076164812114  0.878430468238362  0.069830446129514  0.051904376505681  0.256139205758200  0.743806881217253  0.344362511595784  0.655651007107824  0.009638337264137  0.391477148128271  0.265355802237449 
49.0    D  0.089374061647606  0.001626515177501  0.077267203807559  0.037473122305972  0.010033717257730  0.066063627535086  0.028242272710971  0.025400487562010  0.062978360025657  0.058314561971050  0.035182455816774  0.138792354203580  0.023421868777430  0.040978187944239  0.136219014026666  0.115743252815915  0.020165038913309  0.020109206989082  0.000000000000000  0.012551468699329  0.877213548732822  0.063548417080747  0.059333882559407  0.406689599066063  0.593368398828266  0.151144459479170  0.849096246446840  0.008856792287331  0.425431864753270  0.278741554681924 
50.0    P  0.051510130309578  0.001943671331680  0.025260027150174  0.011792390379067  0.024552266145862  0.031120304784202  0.039747281460737  0.049343367918785  0.028935813203979  0.302918165107561  0.054560474445860  0.032871930600121  0.145289263439765  0.030039404012149  0.032712821311705  0.044041273598188  0.043224707156593  0.035896823593657  0.002416274372436  0.011907381487029  0.944092419150250  0.014782150730087  0.040836414184162  0.124826833262629  0.875391329694264  0.230206424301260  0.769503610080431  0.008777342992435  0.451876363375543  0.255784367433608 
51.0    A  0.156908998910330  0.005920767837931  0.033913417871306  0.053031743856619  0.019410754402882  0.059292769696278  0.015239929086369  0.053958722410901  0.077320779917948  0.038181034427297  0.025488671666844  0.050625217102003  0.016390458243359  0.053846634982001  0.138984894689638  0.115743252815915  0.026241609154504  0.049755506173674  0.001881370886758  0.007927051145163  0.791685865871272  0.144485838319350  0.064079202368037  0.202781788894261  0.797192476540536  0.213158722941989  0.786762445353566  0.008740914851841  0.327598350964591  0.269807059126107 
52.0    W  0.115502821555853  0.000000000000000  0.026241609154504  0.024603374267788  0.093428078039684  0.033772668813730  0.019196671569463  0.029997789407466  0.057035343033966  0.065289735179014  0.010258758792376  0.038687196588670  0.018236845340914  0.051260806949795  0.096455010941183  0.132127255070173  0.054560474445860  0.019600034445641  0.029956232452906  0.083794536973771  0.908778116448520  0.021329589341956  0.069637103176208  0.235043550627282  0.765248384911334  0.195602945434128  0.804408370941916  0.009374776424791  0.484980955170867  0.248617542168304 
53.0    K  0.037759932605936  0.004496443325499  0.027757087370075  0.025085543397374  0.041868237575870  0.064390872101255  0.018958649378886  0.044378354954482  0.228616272374975  0.088818252698835  0.003672555478551  0.107544078826430  0.037838533873455  0.035574813408590  0.054071043161562  0.086869888740146  0.060790934213268  0.017265070074999  0.002602294580258  0.011549706494327  0.803850990743151  0.084027187134539  0.112266546610492  0.328963631257252  0.670821112441131  0.024552266145862  0.975355461527642  0.008716713455664  0.401646998378517  0.246558176123340 
54.0    Y  0.039968299414920  0.000000000000000  0.072443496994028  0.031293351740979  0.093882495433808  0.021898866391887  0.015690117863109  0.020890632740705  0.035182455816774  0.074222479129588  0.002015006209573  0.045720975647010  0.021672358892678  0.033539383949795  0.058193426239389  0.153999759180720  0.067032288551121  0.029076551803219  0.003379440197598  0.179866697501352  0.603740295743248  0.296889916518353  0.099373156368622  0.280874975757911  0.718968266423479  0.373453364278086  0.626332219312064  0.010365977660915  0.247242729095233  0.188155843426383 
55.0    R  0.061086610400675  0.001822330061595  0.068393356328796  0.036931610841699  0.020919613390288  0.126657112519886  0.031511014215456  0.025630403474898  0.039390730986968  0.032128557083002  0.016356410655853  0.062760471452436  0.057035343033966  0.056133273305246  0.111645731544095  0.153042049050026  0.050590138534213  0.030081076346930  0.000000000000000  0.017923547253534  0.867538687152068  0.116225617826645  0.016220926102235  0.440740078953585  0.559418550517856  0.149477474597016  0.850274160064196  0.009881871424640  0.364502344704145  0.202922395244320 
56.0    F  0.057831526752366  0.000000000000000  0.070511383591032  0.045436641166260  0.099511012347347  0.069830446129514  0.013725476066224  0.024843289092155  0.043676467870346  0.079000193653300  0.019037660369925  0.085971363633734  0.026774436086518  0.060287386536509  0.062630100317477  0.109423916211783  0.048462075396688  0.041349107497129  0.005388128600887  0.036347501298370  0.799405830352472  0.176899270040832  0.023470623858452  0.103593113060999  0.896266699569405  0.335410556220565  0.664342907048256  0.009957504900932  0.321970407377456  0.220217343531745 
57.0    G  0.094077921713192  0.004578212045604  0.062978360025657  0.038393343138927  0.011882646509695  0.246558176123340  0.019873640730368  0.003552375983597  0.051296350550656  0.085733330536912  0.011272880366106  0.049138580758771  0.018478609378815  0.044811101500495  0.022312562182579  0.151039730423743  0.043555538708983  0.025577161924713  0.005125825213250  0.009631658792686  0.852634891767957  0.079992025865269  0.067498534989555  0.172539669174579  0.827596816078205  0.490049707670935  0.509798841499095  0.012744335833422  0.406407800992160  0.269807059126107 
58.0    D  0.104821023055116  0.006193626067268  0.087716982877442  0.077966598244628  0.017253106986923  0.093622558401511  0.013517760790390  0.022005378545501  0.033936933010072  0.024332021595677  0.003172860923267  0.059333882559407  0.113439894414645  0.022143084320441  0.020760715845258  0.150100428435651  0.082412100905773  0.063022028430912  0.000000000000000  0.004212814186306  0.911933165519769  0.064079202368037  0.023980407750014  0.532554101696709  0.467487598875728  0.325335463860483  0.674551267169849  0.012922240131926  0.412366774305041  0.309068815230238 
59.0    L  0.129677492070701  0.000000000000000  0.050310383601320  0.029076551803219  0.029997789407466  0.071297732241776  0.081277509159280  0.059375023929680  0.012132326171891  0.059169601952295  0.012318752719629  0.025400487562010  0.039912929974856  0.028261855548784  0.029852591761951  0.111028349480301  0.110414381435183  0.102663837594008  0.002102031493718  0.015570941606685  0.734075318017052  0.204333832122071  0.061682284117865  0.370873733460280  0.629378586752429  0.362235538638720  0.637722195839272  0.012638771068152  0.306721244313451  0.343885454534936 
60.0    S  0.027073026762503  0.017027376753333  0.060917476930722  0.046070913040347  0.007556846325109  0.059210629412454  0.009565128065627  0.050032175666019  0.021777769354492  0.014998894703733  0.009335868787944  0.057432055217441  0.188547509585822  0.017898717155934  0.021108970070869  0.240648610775438  0.082354996983384  0.049721030234682  0.000000000000000  0.018645870984871  0.892546971472977  0.085971363633734  0.021418481327808  0.154748786354681  0.845572287377516  0.575943821174679  0.424253950852948  0.016711673248207  0.396941965465826  0.307999518361439 
61.0    V  0.061426287409078  0.000000000000000  0.011335564123705  0.167240944348264  0.006574058455355  0.015377875344278  0.037059828106592  0.081672828368323  0.008402299925448  0.066292983835514  0.018211581220852  0.011589804170634  0.013754047086924  0.092589987376270  0.006997231797585  0.031163476604752  0.048160694272400  0.304813773519076  0.000000000000000  0.017313005435389  0.938871747315452  0.020803931456818  0.040051497630006  0.143886186415970  0.856188284546457  0.334945900606960  0.664803554090857  0.022671128247409  0.465870214652387  0.374490233606046 
62.0    T  0.080325396091836  0.000000000000000  0.067545337627459  0.034963659407366  0.012233660879008  0.046778843337272  0.018491422214884  0.028935813203979  0.039418044025977  0.025277542136304  0.004829200237972  0.047234997759882  0.267572174606656  0.027337023903307  0.038660389958974  0.110032376695394  0.085259239679960  0.054749894691695  0.000000000000000  0.010258758792376  0.980099415341871  0.007269137950805  0.012717862266726  0.208627320288852  0.791137301185450  0.828744904487992  0.171347850622463  0.022405550750247  0.481630947010074  0.366529189297302 
63.0    Y  0.050345268190547  0.012638771068152  0.005746901350999  0.042276507220321  0.033679160782615  0.004060857168653  0.004126115724031  0.081446696835206  0.007284269425288  0.504875648798343  0.028320685570854  0.016064278541501  0.004934090866585  0.020347565462016  0.010344444612464  0.046584699587466  0.023617498879941  0.077804639711386  0.004295375583260  0.021065120808392  0.973329374158238  0.009303569135664  0.017086491523197  0.170164264562434  0.829894585589983  0.085971363633734  0.913831450229400  0.022051185053261  0.481630947010074  0.449689156073876 
64.0    E  0.069396177101790  0.001721640933412  0.063724855187387  0.072947381363654  0.031796240378209  0.019103754338939  0.018504243935213  0.062760471452436  0.082583650353642  0.027930786323650  0.013313188985545  0.046584699587466  0.022483337187669  0.067125279476258  0.065335006262823  0.092333628973910  0.144185700632503  0.031489180012828  0.008525499039492  0.058233776831548  0.319082192207238  0.002911543724217  0.677832163400000  0.794985250948974  0.205327675188016  0.659753955386447  0.340328529124868  0.022066475068512  0.498615625676035  0.423372656181264 
65.0    P  0.036096430767300  0.000000000000000  0.028935813203979  0.020934118787935  0.004192422993724  0.018945512797840  0.000000000000000  0.022971677131079  0.034602018265134  0.158219574246285  0.005966083976409  0.024097044146999  0.437089310205187  0.039719740290802  0.044842172956459  0.092333628973910  0.020588749245846  0.010438078737423  0.000000000000000  0.000000000000000  0.875998315067126  0.118257205840699  0.005928981456930  0.306721244313451  0.693034942825207  0.005949565389466  0.993781093322555  0.018919266936727  0.454074208860755  0.049790006017849 
66.0    M  0.036096430767300  0.008986655416802  0.013193763865997  0.076999879590360  0.023454360898662  0.036982844429768  0.020375792738415  0.149684838077366  0.006619784648017  0.146299830184324  0.051367511705928  0.043015487549709  0.010394758133443  0.006163647194160  0.013917076571979  0.101601950248040  0.056641371141708  0.178748123295211  0.000000000000000  0.019478143660548  0.863938187400277  0.086869888740146  0.049172652834598  0.348202870167259  0.651573574681647  0.942784535918240  0.056916864599499  0.019143520811011  0.459775023075829  0.049997508020797 
67.0    A  0.033539383949795  0.011541703621739  0.161320311306472  0.008789519411631  0.020039634418160  0.019722688001752  0.027546254934599  0.036297147872679  0.013021143861863  0.009264957026648  0.004622855553721  0.421907898065009  0.032894723584670  0.026607928367155  0.028676246322230  0.058153103606438  0.053142135004012  0.021123606766064  0.000000000000000  0.011981895778696  0.927873476471283  0.060078808024298  0.012301687133894  0.496202187342909  0.503826880205252  0.926588061890371  0.073302184326992  0.020460709735681  0.416676603579609  0.412938832467860 
68.0    Y  0.041926319527571  0.004540289482493  0.035402621415494  0.022112408755104  0.105989995579143  0.017689045345479  0.021359178936591  0.056133273305246  0.011686607487206  0.040358042196948  0.012140738574751  0.098550021757035  0.052192994964273  0.048194088293998  0.021373989123476  0.060706718471352  0.024467321758017  0.049721030234682  0.014639397607382  0.260797148382465  0.982139595263391  0.011477879947487  0.006497047643554  0.336108748538157  0.663882579191219  0.286181040149671  0.714001989842532  0.021035938582450  0.487002134271620  0.478635729097649 
69.0    M  0.060496689180859  0.002473895026803  0.066338950559362  0.074531804520664  0.029339742103608  0.136313466583157  0.032240099353167  0.015854102290326  0.055398856199679  0.143289023216047  0.064123634083571  0.064257114166004  0.018198962288570  0.046778843337272  0.037499105699163  0.055207190717592  0.016561762240583  0.024808872841614  0.004779250160671  0.051653144884638  0.969289816935065  0.028955876934074  0.001889211581277  1.000000000000000  0.000000000000000  0.903752726751086  0.096254646779509  0.019064070473003  0.421615555125056  0.476318999021969 
70.0    D  0.034650020112596  0.000000000000000  0.312949114663499  0.055900306361413  0.023083407243478  0.087899574994570  0.013801797679398  0.017433426911328  0.009200959293711  0.007619964543185  0.006146581604325  0.192375902520108  0.007041019239147  0.042718357873182  0.007478683267151  0.112111019957752  0.039037378926668  0.017457611532378  0.000000000000000  0.013129902378645  0.984866442895551  0.010547171758771  0.004250947037777  0.237500095718722  0.762600826628142  0.000000000000000  1.000000000000000  0.015229369232680  0.489370825198718  0.497235084336607 
71.0    A  0.105989995579143  0.006403160997168  0.030841142058933  0.021853376292788  0.046007089442756  0.158219574246285  0.010430846119499  0.046166814486955  0.006601456128223  0.071694189014135  0.052301640167712  0.024791682599723  0.021627339313304  0.030164594527242  0.021974893748642  0.096254646779509  0.097598311575924  0.128158404736074  0.005154327776457  0.017640068825096  0.993092495437036  0.005528102188776  0.001607461611872  0.345797657252741  0.654289035727505  0.764718138941384  0.235532818476202  0.016447361792335  0.486664687079119  0.491410299272626 
72.0    A  0.092269650355177  0.003817913150042  0.032849153408991  0.203344799533031  0.042511589137686  0.035896823593657  0.009303569135664  0.024569290379385  0.005819052590323  0.099304300012013  0.009806812431896  0.050032175666019  0.018098325096791  0.144185700632503  0.033679160782615  0.054674047806614  0.028047189083352  0.025225033578274  0.002978909479016  0.083446768955994  0.976708528962227  0.020832791829550  0.002406246237199  0.204050761537725  0.796088098778780  0.635956503371787  0.363745170908689  0.016424576704495  0.455334916795989  0.495171435966512 
73.0    Y  0.004004950148002  0.003657313466541  0.000000000000000  0.007011797270838  0.099856489556144  0.004809157864629  0.021522656974737  0.006647372886770  0.008507789182313  0.012859692894980  0.000000000000000  0.005543450610158  0.005859527301898  0.000000000000000  0.004480886813383  0.013859317268002  0.002885425905435  0.003863167642113  0.062760471452436  0.732042847972813  0.975355461527642  0.022281651833815  0.002557588716960  0.085141127165031  0.915099168127928  0.608361179317034  0.391748593474670  0.016515906883772  0.487002134271620  0.495514781632040 
74.0    F  0.021300040738789  0.000000000000000  0.007041019239147  0.005291894443302  0.144987456813179  0.005920767837931  0.015821168864851  0.087050717541815  0.000000000000000  0.188416863694798  0.015124172295215  0.007139308204917  0.006867496569623  0.003421868418231  0.008223680896167  0.051796556530500  0.073403873200853  0.110108671765872  0.004465384122711  0.243501067135810  0.991029563264079  0.004648561313698  0.004316267518750  0.165052855126875  0.835087919428369  0.394200087028139  0.605836330215122  0.018671737575887  0.492774668469685  0.493458272942921 
75.0    G  0.146198458006493  0.007949060094552  0.016413196000168  0.005291894443302  0.003452841918217  0.319082192207238  0.000000000000000  0.066800374450688  0.000000000000000  0.032262454233851  0.070170088879601  0.003142220198992  0.006867496569623  0.000000000000000  0.012868609644806  0.053068515402927  0.090370768409109  0.165970644797805  0.000000000000000  0.000000000000000  1.000000000000000  0.000000000000000  0.000000000000000  0.000000000000000  0.000000000000000  0.094273754792911  0.905633983017823  0.018620040227719  1.000000000000000  0.474013482564323 
76.0    E  0.034891030061955  0.015463385256488  0.063901783163120  0.157672176103906  0.007036140467562  0.008206598000084  0.009499056899868  0.021507743774855  0.076999879590360  0.017713584574663  0.007551610133320  0.153679858406823  0.096856991369896  0.046198825977308  0.050625217102003  0.067451764781527  0.106137030805855  0.039637231228933  0.009099481144285  0.009902441578394  1.000000000000000  0.000000000000000  0.000000000000000  0.000000000000000  0.000000000000000  0.000000000000000  1.000000000000000  0.018607138271328  1.000000000000000  0.476318999021969 
77.0    I  0.055054335882936  0.004856053394156  0.014598864795050  0.000000000000000  0.043858491438721  0.007345110957103  0.019424213576624  0.454704125900367  0.000000000000000  0.133971682817037  0.026369243629063  0.000000000000000  0.000000000000000  0.000000000000000  0.000000000000000  0.008832270055661  0.005746901350999  0.214790188736796  0.000000000000000  0.010561803383032  1.000000000000000  0.000000000000000  0.000000000000000  0.000000000000000  0.000000000000000  0.000000000000000  1.000000000000000  0.018607138271328  1.000000000000000  0.476318999021969 
78.0    S  0.038526635170744  0.003398231846518  0.017973310833603  0.058435949859466  0.016042024151875  0.155070912214424  0.007982188146205  0.013021143861863  0.072343138561883  0.026923317491001  0.004496443325499  0.039418044025977  0.007264101114165  0.069685388670481  0.027661055143111  0.210515738402104  0.155286035223055  0.017799740269096  0.003109719135855  0.055207190717592  0.983502074026248  0.000000000000000  0.016573245958878  0.250000000000000  0.750019494642909  0.902500727462430  0.097193254485320  0.018607138271328  0.478967609111348  0.476318999021969 
79.0    I  0.007556846325109  0.000000000000000  0.018060729789919  0.000000000000000  0.056798632278033  0.000000000000000  0.000000000000000  0.469435873657726  0.000000000000000  0.170046356550744  0.014649548382142  0.000000000000000  0.004239177233913  0.000000000000000  0.000000000000000  0.000000000000000  0.006777645993376  0.236842517649817  0.000000000000000  0.015538596385519  0.984184022033800  0.000000000000000  0.015495573917786  0.000000000000000  0.000000000000000  0.000000000000000  1.000000000000000  0.019491649561157  1.000000000000000  0.479299719246488 
80.0    G  0.022097086912080  0.000000000000000  0.007960087473568  0.005291894443302  0.000000000000000  0.918276162300924  0.000000000000000  0.000000000000000  0.000000000000000  0.000000000000000  0.000000000000000  0.010679589468295  0.014978116226453  0.000000000000000  0.007567329603333  0.005966083976409  0.000000000000000  0.007468322793701  0.000000000000000  0.000000000000000  0.950000382874886  0.006284440397984  0.043949787497285  0.226251615720726  0.773782496771195  0.202500868408011  0.797745239809033  0.019763742849280  0.485653747770817  0.458184322337676 
81.0    T  0.011257263662796  0.002306626291855  0.035329080222643  0.006665828891501  0.005204589160516  0.026979361205450  0.004274584770550  0.006232384686008  0.033679160782615  0.023324662239015  0.000000000000000  0.038234001285371  0.010569126805080  0.009156424091207  0.006407600868724  0.154427329640866  0.604158921694971  0.010467059393968  0.000000000000000  0.011226095129250  0.958599438492977  0.002065919850817  0.039582320428851  0.377356492130140  0.622437117691085  0.023211764385325  0.976708528962227  0.019763742849280  0.491069797631696  0.398044049389390 
82.0    P  0.004134704667481  0.000000000000000  0.012508043916505  0.005410583859808  0.000000000000000  0.005118724233822  0.025365299405540  0.000000000000000  0.008189550589976  0.006679704514781  0.000000000000000  0.033123524481165  0.825877664935720  0.016447361792335  0.005362048559589  0.028855697210294  0.003391172764067  0.016299821773904  0.000000000000000  0.003250776307467  0.972654947412286  0.020803931456818  0.006267040362129  0.331711285149290  0.668500247702567  0.531447837179277  0.468460723436213  0.018414678247058  0.446273485736488  0.346037429012870 
83.0    P  0.155825149284387  0.020517517584752  0.016053147490296  0.039472726932681  0.002656974321105  0.091188771515011  0.003003790686075  0.002391282016407  0.044966674375338  0.009124745270415  0.001882675405743  0.016277241078253  0.462973011263662  0.035599480538191  0.005384395128811  0.047530586038782  0.011367036590897  0.026830169888680  0.000000000000000  0.006801176275751  0.989656656415207  0.005255340658288  0.005093948184604  1.000000000000000  0.000000000000000  0.662962880149329  0.337275633584925  0.020319377289820  0.494142825750366  0.411510172639354 
84.0    Q  0.005512796263315  0.000000000000000  0.010145614083827  0.040864729641774  0.012056876367648  0.002974782694733  0.003467231786209  0.006628967982077  0.067685940345370  0.012140738574751  0.005455775517451  0.019090517213648  0.004049613675858  0.641712948781452  0.044501568612408  0.034674046002120  0.032039601184019  0.054674047806614  0.000000000000000  0.002333967196986  0.985549336939371  0.009433442120988  0.004815829396343  0.489710148793463  0.510506062853597  0.430474594169452  0.569591688611057  0.019804883156788  0.478967609111348  0.452503231441453 
85.0    N  0.025155191800660  0.004697145503509  0.041120453907157  0.132769898311922  0.010605820155313  0.003644660123191  0.015527829583165  0.013936383115939  0.148033951481704  0.027450952132449  0.029749309640548  0.074273944066058  0.086990399489444  0.074428553085311  0.033539383949795  0.099925728794059  0.141708676597303  0.016333751565706  0.005321320447814  0.014884968719437  0.995849753094458  0.004268663043363  0.000000000000000  1.000000000000000  0.000000000000000  0.537374586427751  0.462652214018926  0.019722688001752  0.495171435966512  0.466839972457657 
86.0    F  0.033960464453939  0.005770851810869  0.000000000000000  0.000000000000000  0.476979775273779  0.000000000000000  0.015810206266046  0.046746429948825  0.000000000000000  0.154320325861692  0.024332021595677  0.007861389246076  0.000000000000000  0.053734780390188  0.005030787615273  0.005244423838985  0.005150756306611  0.083852639055141  0.014710601008456  0.066477042055824  0.995159721820083  0.004869535915137  0.000000000000000  0.333324669272800  0.666649338545599  0.000000000000000  1.000000000000000  0.018801609781242  0.495858365369147  0.485317234884773 
87.0    L  0.045531222309313  0.003662387095536  0.019777446780786  0.027412923397901  0.027988927190339  0.004349303196206  0.014669871051804  0.022359008125358  0.133415667254995  0.099166730398893  0.011694710834318  0.088082547196376  0.034698088550895  0.050871449066902  0.069396177101790  0.089684345912919  0.165740720037332  0.019263317585372  0.018236845340914  0.054108535344979  0.971307495541633  0.028399316139016  0.000000000000000  0.093882495433808  0.906261938267334  0.000000000000000  1.000000000000000  0.018814646581741  0.480963727332387  0.485317234884773 
88.0    V  0.082985322398902  0.004524581274198  0.000000000000000  0.000000000000000  0.029380443828410  0.011998517732048  0.000000000000000  0.033008925792246  0.000000000000000  0.207617506022724  0.076839929203411  0.000000000000000  0.006241030597259  0.000000000000000  0.000000000000000  0.000000000000000  0.015625000000000  0.519069635271529  0.012868609644806  0.000000000000000  0.997231251352069  0.001880067271683  0.000846618714370  0.500000000000000  0.500000000000000  0.000000000000000  1.000000000000000  0.018840747307668  0.499653546495226  0.485317234884773 
89.0    L  0.085259239679960  0.006744840301363  0.040051497630006  0.027565355162412  0.019103754338939  0.007104751967193  0.019209982300853  0.265908168223296  0.003734161396851  0.167356907122305  0.014437852694482  0.019276674528273  0.000000000000000  0.069588851139293  0.000000000000000  0.018262144508769  0.025068161448515  0.193982713568714  0.000000000000000  0.017313005435389  1.000000000000000  0.000000000000000  0.000000000000000  0.166662334636400  0.833353207159218  0.491751037013124  0.508387336645978  0.018853811245637  0.494828328207603  0.482299092292069 
90.0    F  0.032084048303750  0.000000000000000  0.000000000000000  0.000000000000000  0.347479554960584  0.000000000000000  0.000000000000000  0.162104944331376  0.000000000000000  0.243163736853071  0.034482304376311  0.000000000000000  0.026479138592066  0.000000000000000  0.000000000000000  0.019117000642685  0.003426615424738  0.117440343651751  0.003654779288404  0.010642640895629  1.000000000000000  0.000000000000000  0.000000000000000  0.000000000000000  0.000000000000000  0.323985241358333  0.675955416514063  0.018893057434896  1.000000000000000  0.491751037013124 
91.0    D  0.006219438271709  0.000000000000000  0.893165852352760  0.000000000000000  0.000000000000000  0.032173127607312  0.020249077584896  0.000000000000000  0.000000000000000  0.000000000000000  0.000000000000000  0.007535923317064  0.000000000000000  0.006651982091789  0.000000000000000  0.029116888415774  0.005208197957387  0.000000000000000  0.000000000000000  0.000000000000000  0.995159721820083  0.004805825565434  0.000000000000000  1.000000000000000  0.000000000000000  0.000000000000000  1.000000000000000  0.018893057434896  0.495858365369147  0.495171435966512 
92.0    T  0.004379554992299  0.005505159199774  0.000000000000000  0.000000000000000  0.000000000000000  0.019451159927846  0.000000000000000  0.008223680896167  0.000000000000000  0.021021362633154  0.003718663705068  0.008015454260446  0.000000000000000  0.000000000000000  0.004619652344704  0.059622471909222  0.843231110250112  0.009143739386520  0.000000000000000  0.012868609644806  1.000000000000000  0.000000000000000  0.000000000000000  0.000000000000000  0.000000000000000  1.000000000000000  0.000000000000000  0.018893057434896  1.000000000000000  0.495171435966512 
93.0    G  0.045847917005229  0.000000000000000  0.004271622880799  0.000000000000000  0.003705798106017  0.779704842611323  0.000000000000000  0.019424213576624  0.000000000000000  0.005062269396224  0.000000000000000  0.034506213973847  0.000000000000000  0.000000000000000  0.005558841645448  0.037421209519342  0.055668306287918  0.002927733597179  0.005933092538338  0.000000000000000  0.997231251352069  0.000000000000000  0.002901470548166  0.000000000000000  0.000000000000000  0.000000000000000  0.000000000000000  0.018645870984871  1.000000000000000  1.000000000000000 
94.0    S  0.014649548382142  0.000000000000000  0.024484287092167  0.000000000000000  0.019410754402882  0.031098741306878  0.005859527301898  0.000000000000000  0.000000000000000  0.009813612352684  0.000000000000000  0.006219438271709  0.007370611335120  0.003120515298629  0.005132936043552  0.818469181590804  0.022467758325734  0.019915009801863  0.005924873224119  0.006167920989848  1.000000000000000  0.000000000000000  0.000000000000000  0.000000000000000  0.000000000000000  1.000000000000000  0.000000000000000  0.018710604759671  1.000000000000000  0.498270131413934 
95.0    S  0.137833645383614  0.004007727130223  0.228774792031982  0.023997035464095  0.007720981652349  0.049309177553279  0.009361789229214  0.003358423774387  0.004799167892366  0.005806964782934  0.000000000000000  0.037943590137345  0.033400187225344  0.007635826300084  0.000000000000000  0.386623168727659  0.046166814486955  0.004358356727832  0.002699672278376  0.006095667813857  1.000000000000000  0.000000000000000  0.000000000000000  0.000000000000000  0.000000000000000  0.000000000000000  0.000000000000000  0.018607138271328  1.000000000000000  1.000000000000000 
96.0    P  0.022702578899553  0.000000000000000  0.232773704957557  0.040554336466849  0.017518219969195  0.013536513381251  0.020746330599726  0.034007576302213  0.007567329603333  0.179368691825838  0.009143739386520  0.238986329398436  0.004195329967266  0.014248955711246  0.000000000000000  0.053772039413215  0.031928752584822  0.063901783163120  0.000000000000000  0.015009294749273  1.000000000000000  0.000000000000000  0.000000000000000  0.000000000000000  0.000000000000000  0.000000000000000  0.000000000000000  0.018542762463383  1.000000000000000  1.000000000000000 
97.0    L  0.023421868777430  0.012421644546078  0.000000000000000  0.000000000000000  0.094143154164613  0.000000000000000  0.000000000000000  0.052592467642836  0.000000000000000  0.448755025333631  0.022467758325734  0.012577595900330  0.021687386234619  0.000000000000000  0.000000000000000  0.059663813383732  0.153254357506645  0.078508898821470  0.000000000000000  0.020460709735681  0.986916545885842  0.000000000000000  0.013193763865997  0.000000000000000  0.000000000000000  0.000000000000000  0.000000000000000  0.019397304555096  1.000000000000000  1.000000000000000 
98.0    P  0.016851256745226  0.000000000000000  0.000000000000000  0.003395877187852  0.038740865623093  0.003481681624598  0.005165057051338  0.010351617320666  0.000000000000000  0.016874633747389  0.010539863549529  0.000000000000000  0.004206978032004  0.005806964782934  0.003781043073804  0.003680200288691  0.010061575230546  0.014160342785427  0.824162084953241  0.028835702895431  1.000000000000000  0.000000000000000  0.000000000000000  1.000000000000000  0.000000000000000  1.000000000000000  0.000000000000000  0.019736363466341  0.487677730763821  0.487677730763821 
99.0    L  0.026387527731993  0.012499377005199  0.000000000000000  0.000000000000000  0.045310838527464  0.000000000000000  0.000000000000000  0.196554323035083  0.000000000000000  0.136691932185579  0.038526635170744  0.000000000000000  0.000000000000000  0.000000000000000  0.004726539411013  0.000000000000000  0.066846692992828  0.468785548228555  0.000000000000000  0.003685305667560  1.000000000000000  0.000000000000000  0.000000000000000  0.000000000000000  0.000000000000000  0.000000000000000  0.000000000000000  0.020847237026215  1.000000000000000  1.000000000000000 
100.0    D  0.036423162441705  0.010068551800664  0.032329611922466  0.004140440560146  0.051012690384431  0.061939347704005  0.007334935525902  0.014023594541676  0.034410674940561  0.025577161924713  0.017181502333040  0.109956134490304  0.196963471512337  0.234392774114277  0.036625696364829  0.028105572254617  0.032690154368517  0.033632503899494  0.004298353942836  0.028875705388963  1.000000000000000  0.000000000000000  0.000000000000000  0.000000000000000  0.000000000000000  0.000000000000000  0.000000000000000  0.016030908520893  1.000000000000000  1.000000000000000 
101.0    P  0.084318908396231  0.378929141627600  0.023699492896476  0.009355302379835  0.004016069635375  0.036423162441705  0.000000000000000  0.003657313466541  0.017689045345479  0.004186615088032  0.000000000000000  0.014427848605147  0.051296350550656  0.011857962913860  0.010082519456655  0.291183396617114  0.045154074935110  0.013792234317041  0.000000000000000  0.000000000000000  0.991716730738293  0.000000000000000  0.007949060094552  0.000000000000000  0.000000000000000  0.000000000000000  0.000000000000000  0.015744590006414  1.000000000000000  1.000000000000000 
102.0    A  0.162667731930242  0.000000000000000  0.064569649230258  0.033146491917757  0.000000000000000  0.032419373017675  0.007525483547032  0.029056404456661  0.130398574191232  0.018998113799736  0.023997035464095  0.074222479129588  0.021627339313304  0.052156830072213  0.025934205799687  0.181494784987987  0.097395572457562  0.044316876114983  0.000000000000000  0.000000000000000  0.992404374685819  0.007927051145163  0.000000000000000  0.285190928967106  0.714992493180845  1.000000000000000  0.000000000000000  0.016322433794754  0.492092011016900  0.494828328207603 
103.0    P  0.037395280100960  0.059663813383732  0.089622203000989  0.019130256131253  0.015176679617838  0.016607744911852  0.000000000000000  0.000000000000000  0.000000000000000  0.000000000000000  0.000000000000000  0.039172906888772  0.638164384414476  0.030841142058933  0.000000000000000  0.047794883683837  0.006275734349664  0.000000000000000  0.000000000000000  0.000000000000000  1.000000000000000  0.000000000000000  0.000000000000000  0.000000000000000  0.000000000000000  0.000000000000000  0.000000000000000  0.033539383949795  1.000000000000000  1.000000000000000 
104.0    S  0.000000000000000  0.000000000000000  0.000000000000000  0.000000000000000  0.000000000000000  0.000000000000000  0.214344009158543  0.000000000000000  0.000000000000000  0.000000000000000  0.000000000000000  0.153893051668115  0.000000000000000  0.000000000000000  0.000000000000000  0.631563630922900  0.000000000000000  0.000000000000000  0.000000000000000  0.000000000000000  1.000000000000000  0.000000000000000  0.000000000000000  1.000000000000000  0.000000000000000  0.000000000000000  0.000000000000000  0.241149546146035  1.000000000000000  1.000000000000000 
