No:  residues  hmm_col_1  hmm_col_2  hmm_col_3  hmm_col_4  hmm_col_5  hmm_col_6  hmm_col_7  hmm_col_8  hmm_col_9  hmm_col_10  hmm_col_11  hmm_col_12  hmm_col_13  hmm_col_14  hmm_col_15  hmm_col_16  hmm_col_17  hmm_col_18  hmm_col_19  hmm_col_20  hmm_col_21   hmm_col_22   hmm_col_23   hmm_col_24   hmm_col_25   hmm_col_26   hmm_col_27   hmm_col_28   hmm_col_29   hmm_col_30   
1.0    M  0.000000000000000  0.000000000000000  0.000000000000000  0.000000000000000  0.000000000000000  0.000000000000000  0.000000000000000  0.000000000000000  0.000000000000000  0.000000000000000  0.943438250895360  0.000000000000000  0.000000000000000  0.000000000000000  0.000000000000000  0.000000000000000  0.000000000000000  0.056328153913177  0.000000000000000  0.000000000000000  1.000000000000000  0.000000000000000  0.000000000000000  0.000000000000000  0.000000000000000  0.000000000000000  0.000000000000000  0.147624082678691  1.000000000000000  1.000000000000000 
2.0    T  0.000000000000000  0.000000000000000  0.000000000000000  0.063946091858402  0.000000000000000  0.000000000000000  0.000000000000000  0.000000000000000  0.000000000000000  0.000000000000000  0.426022047537433  0.000000000000000  0.000000000000000  0.000000000000000  0.000000000000000  0.000000000000000  0.510152329624229  0.000000000000000  0.000000000000000  0.000000000000000  1.000000000000000  0.000000000000000  0.000000000000000  0.000000000000000  0.000000000000000  0.000000000000000  0.000000000000000  0.138888591081887  1.000000000000000  1.000000000000000 
3.0    D  0.000000000000000  0.000000000000000  0.637722195839272  0.206183387152520  0.000000000000000  0.092205716067677  0.000000000000000  0.000000000000000  0.000000000000000  0.000000000000000  0.000000000000000  0.000000000000000  0.000000000000000  0.000000000000000  0.000000000000000  0.000000000000000  0.000000000000000  0.063946091858402  0.000000000000000  0.000000000000000  1.000000000000000  0.000000000000000  0.000000000000000  0.000000000000000  0.000000000000000  0.000000000000000  0.000000000000000  0.138888591081887  1.000000000000000  1.000000000000000 
4.0    V  0.000000000000000  0.000000000000000  0.000000000000000  0.063946091858402  0.000000000000000  0.000000000000000  0.000000000000000  0.000000000000000  0.000000000000000  0.000000000000000  0.000000000000000  0.000000000000000  0.000000000000000  0.000000000000000  0.000000000000000  0.054636163775648  0.000000000000000  0.881480157907170  0.000000000000000  0.000000000000000  1.000000000000000  0.000000000000000  0.000000000000000  0.000000000000000  0.000000000000000  0.000000000000000  0.000000000000000  0.138888591081887  1.000000000000000  1.000000000000000 
5.0    E  0.000000000000000  0.000000000000000  0.000000000000000  0.843815796130018  0.000000000000000  0.000000000000000  0.000000000000000  0.000000000000000  0.092205716067677  0.000000000000000  0.000000000000000  0.000000000000000  0.000000000000000  0.000000000000000  0.000000000000000  0.063946091858402  0.000000000000000  0.000000000000000  0.000000000000000  0.000000000000000  1.000000000000000  0.000000000000000  0.000000000000000  0.000000000000000  0.000000000000000  0.000000000000000  0.000000000000000  0.138888591081887  1.000000000000000  1.000000000000000 
6.0    T  0.141806935616994  0.000000000000000  0.000000000000000  0.000000000000000  0.000000000000000  0.000000000000000  0.000000000000000  0.000000000000000  0.000000000000000  0.000000000000000  0.000000000000000  0.000000000000000  0.181117769319360  0.000000000000000  0.000000000000000  0.445655247948486  0.192109397661002  0.039472726932681  0.000000000000000  0.000000000000000  0.971980987981352  0.027892092858531  0.000000000000000  0.500000000000000  0.500000000000000  0.000000000000000  0.000000000000000  0.138888591081887  0.500000000000000  1.000000000000000 
7.0    T  0.090936292727172  0.000000000000000  0.049790006017849  0.000000000000000  0.000000000000000  0.054334035005626  0.000000000000000  0.000000000000000  0.000000000000000  0.000000000000000  0.020432364820887  0.000000000000000  0.000000000000000  0.042541066140609  0.000000000000000  0.290175978595930  0.285982743300952  0.165740720037332  0.000000000000000  0.000000000000000  0.963261894020148  0.036574957546081  0.000000000000000  1.000000000000000  0.000000000000000  0.000000000000000  0.000000000000000  0.113676031475092  0.481630947010074  1.000000000000000 
8.0    Y  0.000000000000000  0.000000000000000  0.000000000000000  0.000000000000000  0.048529304687565  0.000000000000000  0.000000000000000  0.020291228167654  0.000000000000000  0.136597217387619  0.062586703481958  0.000000000000000  0.039747281460737  0.000000000000000  0.000000000000000  0.000000000000000  0.000000000000000  0.220522841299294  0.000000000000000  0.471719125447680  0.965267024871757  0.000000000000000  0.034674046002120  0.000000000000000  0.000000000000000  0.000000000000000  0.000000000000000  0.080940187428402  1.000000000000000  1.000000000000000 
9.0    A  0.095788747512986  0.000000000000000  0.033100572958871  0.152195752332873  0.000000000000000  0.043706752585577  0.000000000000000  0.000000000000000  0.146198458006493  0.000000000000000  0.000000000000000  0.038419964601706  0.018840747307668  0.024416496255385  0.000000000000000  0.307999518361439  0.139370777340962  0.000000000000000  0.000000000000000  0.000000000000000  1.000000000000000  0.000000000000000  0.000000000000000  0.000000000000000  0.000000000000000  1.000000000000000  0.000000000000000  0.077643017611527  1.000000000000000  0.480630464194381 
10.0    D  0.031906628928350  0.000000000000000  0.460412848602520  0.225468844595562  0.000000000000000  0.000000000000000  0.000000000000000  0.076521024525013  0.000000000000000  0.000000000000000  0.000000000000000  0.122342706299679  0.000000000000000  0.021211640310625  0.000000000000000  0.015103220266640  0.000000000000000  0.000000000000000  0.000000000000000  0.046941247716904  1.000000000000000  0.000000000000000  0.000000000000000  0.000000000000000  0.000000000000000  0.000000000000000  0.000000000000000  0.077267203807559  1.000000000000000  1.000000000000000 
11.0    F  0.000000000000000  0.000000000000000  0.000000000000000  0.000000000000000  0.923382310729395  0.000000000000000  0.000000000000000  0.000000000000000  0.000000000000000  0.000000000000000  0.000000000000000  0.000000000000000  0.000000000000000  0.000000000000000  0.000000000000000  0.076521024525013  0.000000000000000  0.000000000000000  0.000000000000000  0.000000000000000  1.000000000000000  0.000000000000000  0.000000000000000  0.000000000000000  0.000000000000000  0.000000000000000  0.000000000000000  0.077267203807559  1.000000000000000  1.000000000000000 
12.0    I  0.198884120938730  0.000000000000000  0.000000000000000  0.000000000000000  0.000000000000000  0.000000000000000  0.000000000000000  0.413798408039103  0.000000000000000  0.198884120938730  0.000000000000000  0.000000000000000  0.000000000000000  0.018110874248507  0.000000000000000  0.082755556899712  0.000000000000000  0.049686578184311  0.000000000000000  0.037759932605936  1.000000000000000  0.000000000000000  0.000000000000000  0.000000000000000  0.000000000000000  0.000000000000000  0.000000000000000  0.077267203807559  1.000000000000000  1.000000000000000 
13.0    A  0.176165094392752  0.000000000000000  0.000000000000000  0.000000000000000  0.000000000000000  0.035797434311867  0.000000000000000  0.000000000000000  0.040051497630006  0.000000000000000  0.000000000000000  0.160650792183672  0.000000000000000  0.055016188347697  0.000000000000000  0.428390977384285  0.076150641479699  0.027757087370075  0.000000000000000  0.000000000000000  1.000000000000000  0.000000000000000  0.000000000000000  0.000000000000000  0.000000000000000  0.000000000000000  0.000000000000000  0.077267203807559  1.000000000000000  1.000000000000000 
14.0    S  0.000000000000000  0.311218558845543  0.000000000000000  0.000000000000000  0.000000000000000  0.076521024525013  0.000000000000000  0.000000000000000  0.000000000000000  0.000000000000000  0.000000000000000  0.000000000000000  0.000000000000000  0.000000000000000  0.000000000000000  0.426022047537433  0.186209682890338  0.000000000000000  0.000000000000000  0.000000000000000  1.000000000000000  0.000000000000000  0.000000000000000  0.000000000000000  0.000000000000000  0.000000000000000  0.000000000000000  0.077267203807559  1.000000000000000  1.000000000000000 
15.0    G  0.134716643130459  0.000000000000000  0.345079338349157  0.000000000000000  0.000000000000000  0.506979739895015  0.000000000000000  0.000000000000000  0.000000000000000  0.000000000000000  0.000000000000000  0.000000000000000  0.000000000000000  0.013184621814532  0.000000000000000  0.000000000000000  0.000000000000000  0.000000000000000  0.000000000000000  0.000000000000000  1.000000000000000  0.000000000000000  0.000000000000000  0.000000000000000  0.000000000000000  0.000000000000000  0.000000000000000  0.077267203807559  1.000000000000000  1.000000000000000 
16.0    R  0.000000000000000  0.000000000000000  0.000000000000000  0.000000000000000  0.000000000000000  0.000000000000000  0.000000000000000  0.000000000000000  0.000000000000000  0.000000000000000  0.000000000000000  0.000000000000000  0.000000000000000  0.000000000000000  1.000000000000000  0.000000000000000  0.000000000000000  0.000000000000000  0.000000000000000  0.000000000000000  1.000000000000000  0.000000000000000  0.000000000000000  0.000000000000000  0.000000000000000  0.000000000000000  0.000000000000000  0.077267203807559  1.000000000000000  1.000000000000000 
17.0    T  0.211246596103128  0.000000000000000  0.000000000000000  0.000000000000000  0.000000000000000  0.000000000000000  0.000000000000000  0.037759932605936  0.042688758023575  0.000000000000000  0.000000000000000  0.000000000000000  0.000000000000000  0.000000000000000  0.000000000000000  0.124653906419009  0.583579050909234  0.000000000000000  0.000000000000000  0.000000000000000  1.000000000000000  0.000000000000000  0.000000000000000  0.000000000000000  0.000000000000000  0.000000000000000  0.000000000000000  0.077267203807559  1.000000000000000  1.000000000000000 
18.0    G  0.000000000000000  0.000000000000000  0.000000000000000  0.000000000000000  0.000000000000000  1.000000000000000  0.000000000000000  0.000000000000000  0.000000000000000  0.000000000000000  0.000000000000000  0.000000000000000  0.000000000000000  0.000000000000000  0.000000000000000  0.000000000000000  0.000000000000000  0.000000000000000  0.000000000000000  0.000000000000000  1.000000000000000  0.000000000000000  0.000000000000000  0.000000000000000  0.000000000000000  0.000000000000000  0.000000000000000  0.077267203807559  1.000000000000000  1.000000000000000 
19.0    R  0.000000000000000  0.076521024525013  0.000000000000000  0.000000000000000  0.000000000000000  0.000000000000000  0.000000000000000  0.000000000000000  0.000000000000000  0.000000000000000  0.000000000000000  0.000000000000000  0.000000000000000  0.000000000000000  0.923382310729395  0.000000000000000  0.000000000000000  0.000000000000000  0.000000000000000  0.000000000000000  1.000000000000000  0.000000000000000  0.000000000000000  0.000000000000000  0.000000000000000  0.000000000000000  0.000000000000000  0.077267203807559  1.000000000000000  1.000000000000000 
20.0    R  0.000000000000000  0.000000000000000  0.000000000000000  0.000000000000000  0.000000000000000  0.000000000000000  0.000000000000000  0.000000000000000  0.000000000000000  0.000000000000000  0.000000000000000  0.000000000000000  0.000000000000000  0.076468002570742  0.923382310729395  0.000000000000000  0.000000000000000  0.000000000000000  0.000000000000000  0.000000000000000  1.000000000000000  0.000000000000000  0.000000000000000  0.000000000000000  0.000000000000000  0.000000000000000  0.000000000000000  0.077535456107212  1.000000000000000  1.000000000000000 
21.0    N  0.000000000000000  0.000000000000000  0.000000000000000  0.000000000000000  0.000000000000000  0.000000000000000  0.000000000000000  0.000000000000000  0.000000000000000  0.000000000000000  0.000000000000000  1.000000000000000  0.000000000000000  0.000000000000000  0.000000000000000  0.000000000000000  0.000000000000000  0.000000000000000  0.000000000000000  0.000000000000000  1.000000000000000  0.000000000000000  0.000000000000000  0.000000000000000  0.000000000000000  0.000000000000000  0.000000000000000  0.077535456107212  1.000000000000000  1.000000000000000 
22.0    A  0.923382310729395  0.000000000000000  0.000000000000000  0.000000000000000  0.000000000000000  0.000000000000000  0.000000000000000  0.000000000000000  0.000000000000000  0.000000000000000  0.000000000000000  0.000000000000000  0.000000000000000  0.000000000000000  0.000000000000000  0.000000000000000  0.076468002570742  0.000000000000000  0.000000000000000  0.000000000000000  1.000000000000000  0.000000000000000  0.000000000000000  0.000000000000000  0.000000000000000  0.000000000000000  0.000000000000000  0.077535456107212  1.000000000000000  1.000000000000000 
23.0    I  0.000000000000000  0.000000000000000  0.000000000000000  0.000000000000000  0.000000000000000  0.000000000000000  0.000000000000000  0.136881558849197  0.000000000000000  0.446273485736488  0.027565355162412  0.000000000000000  0.000000000000000  0.000000000000000  0.000000000000000  0.000000000000000  0.000000000000000  0.389312345530831  0.000000000000000  0.000000000000000  1.000000000000000  0.000000000000000  0.000000000000000  0.000000000000000  0.000000000000000  0.000000000000000  0.000000000000000  0.077535456107212  1.000000000000000  1.000000000000000 
24.0    H  0.062803988776487  0.000000000000000  0.000000000000000  0.000000000000000  0.000000000000000  0.000000000000000  0.163232473386115  0.000000000000000  0.000000000000000  0.076468002570742  0.000000000000000  0.000000000000000  0.657471380102535  0.000000000000000  0.000000000000000  0.000000000000000  0.040190546357206  0.000000000000000  0.000000000000000  0.000000000000000  1.000000000000000  0.000000000000000  0.000000000000000  0.000000000000000  0.000000000000000  0.000000000000000  0.000000000000000  0.077535456107212  1.000000000000000  1.000000000000000 
25.0    D  0.000000000000000  0.000000000000000  0.797745239809033  0.148857106170621  0.000000000000000  0.000000000000000  0.000000000000000  0.000000000000000  0.000000000000000  0.000000000000000  0.000000000000000  0.053586002289636  0.000000000000000  0.000000000000000  0.000000000000000  0.000000000000000  0.000000000000000  0.000000000000000  0.000000000000000  0.000000000000000  1.000000000000000  0.000000000000000  0.000000000000000  0.000000000000000  0.000000000000000  0.000000000000000  0.000000000000000  0.077535456107212  1.000000000000000  1.000000000000000 
26.0    I  0.000000000000000  0.000000000000000  0.000000000000000  0.000000000000000  0.000000000000000  0.000000000000000  0.000000000000000  0.799405830352472  0.000000000000000  0.035747842912619  0.000000000000000  0.000000000000000  0.000000000000000  0.000000000000000  0.000000000000000  0.000000000000000  0.116386852478779  0.048630323534714  0.000000000000000  0.000000000000000  1.000000000000000  0.000000000000000  0.000000000000000  0.000000000000000  0.000000000000000  0.000000000000000  0.000000000000000  0.077535456107212  1.000000000000000  1.000000000000000 
27.0    L  0.000000000000000  0.000000000000000  0.048596627242660  0.047464740306704  0.000000000000000  0.000000000000000  0.000000000000000  0.022828818414776  0.080158537672641  0.377879982079057  0.000000000000000  0.000000000000000  0.000000000000000  0.337509496280686  0.000000000000000  0.000000000000000  0.058435949859466  0.000000000000000  0.000000000000000  0.027242444985533  1.000000000000000  0.000000000000000  0.000000000000000  0.000000000000000  0.000000000000000  0.000000000000000  0.000000000000000  0.075415244982548  1.000000000000000  1.000000000000000 
28.0    V  0.098277161517541  0.027242444985533  0.074376981019167  0.074635199192162  0.000000000000000  0.420448207626857  0.000000000000000  0.000000000000000  0.000000000000000  0.000000000000000  0.000000000000000  0.000000000000000  0.000000000000000  0.000000000000000  0.070952631384129  0.083446768955994  0.025347723611783  0.125260200634954  0.000000000000000  0.000000000000000  1.000000000000000  0.000000000000000  0.000000000000000  0.000000000000000  0.000000000000000  0.000000000000000  0.000000000000000  0.075415244982548  1.000000000000000  1.000000000000000 
29.0    S  0.000000000000000  0.000000000000000  0.196282029668393  0.217637640824031  0.000000000000000  0.012456132445946  0.019559319666469  0.000000000000000  0.023880883136956  0.037969899747032  0.000000000000000  0.000000000000000  0.054711958105891  0.037812315288103  0.069782060123911  0.242154547306657  0.044842172956459  0.043015487549709  0.000000000000000  0.000000000000000  1.000000000000000  0.000000000000000  0.000000000000000  0.000000000000000  0.000000000000000  0.000000000000000  0.000000000000000  0.075415244982548  1.000000000000000  1.000000000000000 
30.0    S  0.116467553663097  0.000000000000000  0.023880883136956  0.000000000000000  0.000000000000000  0.129228842030996  0.169340622185671  0.047464740306704  0.000000000000000  0.014926295880976  0.043015487549709  0.027469986278493  0.111028349480301  0.027242444985533  0.000000000000000  0.251738887514180  0.025737219289612  0.012630013575087  0.000000000000000  0.000000000000000  1.000000000000000  0.000000000000000  0.000000000000000  0.000000000000000  0.000000000000000  0.000000000000000  0.000000000000000  0.075415244982548  1.000000000000000  1.000000000000000 
31.0    A  0.414372452243996  0.039418044025977  0.000000000000000  0.170046356550744  0.000000000000000  0.050485048600601  0.000000000000000  0.048596627242660  0.018060729789919  0.039418044025977  0.000000000000000  0.078836088051953  0.013313188985545  0.000000000000000  0.000000000000000  0.078128893911576  0.035255691795516  0.014013877494719  0.000000000000000  0.000000000000000  0.910038824080899  0.090058109302370  0.000000000000000  0.611320138846034  0.388503634392025  0.000000000000000  0.000000000000000  0.075415244982548  0.456599125005996  1.000000000000000 
32.0    S  0.132310549359392  0.000000000000000  0.096054698830501  0.075992455198944  0.000000000000000  0.107767943127199  0.000000000000000  0.022467758325734  0.073251392729657  0.057471877884479  0.000000000000000  0.031642337729703  0.015441963304699  0.000000000000000  0.027242444985533  0.041636713284126  0.318640156829816  0.000000000000000  0.000000000000000  0.000000000000000  0.960594863953477  0.000000000000000  0.039418044025977  0.000000000000000  0.000000000000000  0.000000000000000  0.000000000000000  0.075415244982548  1.000000000000000  1.000000000000000 
33.0    G  0.069348092004240  0.045784402331604  0.012638771068152  0.000000000000000  0.000000000000000  0.136786712657592  0.000000000000000  0.057352492644460  0.000000000000000  0.058598193528569  0.000000000000000  0.000000000000000  0.132585967671027  0.000000000000000  0.000000000000000  0.040386025957422  0.156691627555086  0.289773987976114  0.000000000000000  0.000000000000000  0.985549336939371  0.000000000000000  0.014548356559847  0.000000000000000  0.000000000000000  0.000000000000000  1.000000000000000  0.079164640857701  1.000000000000000  0.487677730763821 
34.0    N  0.022235366581791  0.000000000000000  0.097463105326415  0.012551468699329  0.000000000000000  0.244007940194056  0.000000000000000  0.000000000000000  0.037034149091924  0.000000000000000  0.000000000000000  0.085555238318240  0.000000000000000  0.025488671666844  0.000000000000000  0.323760749713606  0.151774360549381  0.000000000000000  0.000000000000000  0.000000000000000  1.000000000000000  0.000000000000000  0.000000000000000  0.000000000000000  0.000000000000000  1.000000000000000  0.000000000000000  0.079109787123142  1.000000000000000  0.471065636952404 
35.0    S  0.129947429396910  0.000000000000000  0.000000000000000  0.000000000000000  0.000000000000000  0.000000000000000  0.000000000000000  0.000000000000000  0.000000000000000  0.048160694272400  0.218393223979174  0.039418044025977  0.049617745683228  0.000000000000000  0.000000000000000  0.118832387653727  0.273005136436413  0.122597375498569  0.000000000000000  0.000000000000000  0.986916545885842  0.013303964183577  0.000000000000000  1.000000000000000  0.000000000000000  0.000000000000000  0.000000000000000  0.075415244982548  0.500000000000000  1.000000000000000 
36.0    N  0.217788548035564  0.000000000000000  0.000000000000000  0.048934643516034  0.000000000000000  0.033725882390763  0.000000000000000  0.000000000000000  0.000000000000000  0.041177498491692  0.000000000000000  0.017110194856150  0.014013877494719  0.000000000000000  0.197236710213116  0.325561047392257  0.104385989928546  0.000000000000000  0.000000000000000  0.000000000000000  1.000000000000000  0.000000000000000  0.000000000000000  0.000000000000000  0.000000000000000  0.000000000000000  0.000000000000000  0.075415244982548  1.000000000000000  1.000000000000000 
37.0    E  0.000000000000000  0.000000000000000  0.384485207817567  0.233419986228828  0.000000000000000  0.021492840908433  0.000000000000000  0.000000000000000  0.328963631257252  0.000000000000000  0.000000000000000  0.000000000000000  0.000000000000000  0.000000000000000  0.000000000000000  0.031642337729703  0.000000000000000  0.000000000000000  0.000000000000000  0.000000000000000  1.000000000000000  0.000000000000000  0.000000000000000  0.000000000000000  0.000000000000000  0.000000000000000  0.000000000000000  0.075415244982548  1.000000000000000  1.000000000000000 
38.0    L  0.043015487549709  0.000000000000000  0.000000000000000  0.000000000000000  0.000000000000000  0.000000000000000  0.000000000000000  0.000000000000000  0.000000000000000  0.895025070927972  0.000000000000000  0.000000000000000  0.000000000000000  0.000000000000000  0.000000000000000  0.000000000000000  0.000000000000000  0.062240609568404  0.000000000000000  0.000000000000000  1.000000000000000  0.000000000000000  0.000000000000000  0.000000000000000  0.000000000000000  0.000000000000000  0.000000000000000  0.075415244982548  1.000000000000000  1.000000000000000 
39.0    A  0.320189965332443  0.000000000000000  0.000000000000000  0.039418044025977  0.000000000000000  0.000000000000000  0.000000000000000  0.000000000000000  0.043015487549709  0.000000000000000  0.000000000000000  0.000000000000000  0.360482217865056  0.000000000000000  0.000000000000000  0.136691932185579  0.100064351332038  0.000000000000000  0.000000000000000  0.000000000000000  1.000000000000000  0.000000000000000  0.000000000000000  0.000000000000000  0.000000000000000  0.000000000000000  0.000000000000000  0.075415244982548  1.000000000000000  1.000000000000000 
40.0    L  0.022467758325734  0.031642337729703  0.119410367047805  0.122937759253281  0.000000000000000  0.066754088002991  0.011597840395539  0.000000000000000  0.167125061925642  0.209642046110233  0.000000000000000  0.021612353578296  0.000000000000000  0.048968574184334  0.000000000000000  0.057631444869539  0.084085450532614  0.036146505747040  0.000000000000000  0.000000000000000  1.000000000000000  0.000000000000000  0.000000000000000  0.000000000000000  0.000000000000000  0.000000000000000  0.000000000000000  0.075415244982548  1.000000000000000  1.000000000000000 
41.0    K  0.013322420183874  0.000000000000000  0.232935107326193  0.000000000000000  0.000000000000000  0.000000000000000  0.000000000000000  0.000000000000000  0.254017535748425  0.000000000000000  0.000000000000000  0.051118878659861  0.000000000000000  0.061896429495814  0.258636895379727  0.071051060827251  0.057114465639338  0.000000000000000  0.000000000000000  0.000000000000000  1.000000000000000  0.000000000000000  0.000000000000000  0.000000000000000  0.000000000000000  0.000000000000000  0.000000000000000  0.075415244982548  1.000000000000000  1.000000000000000 
42.0    L  0.000000000000000  0.000000000000000  0.000000000000000  0.000000000000000  0.148239312426368  0.000000000000000  0.000000000000000  0.031358492140922  0.000000000000000  0.493800430722686  0.326691313473293  0.000000000000000  0.000000000000000  0.000000000000000  0.000000000000000  0.000000000000000  0.000000000000000  0.000000000000000  0.000000000000000  0.000000000000000  1.000000000000000  0.000000000000000  0.000000000000000  0.000000000000000  0.000000000000000  0.000000000000000  0.000000000000000  0.075415244982548  1.000000000000000  1.000000000000000 
43.0    A  0.173619391970639  0.000000000000000  0.110567554416443  0.261158940716058  0.000000000000000  0.184028357771022  0.000000000000000  0.000000000000000  0.039418044025977  0.000000000000000  0.000000000000000  0.000000000000000  0.000000000000000  0.049721030234682  0.000000000000000  0.181494784987987  0.000000000000000  0.000000000000000  0.000000000000000  0.000000000000000  1.000000000000000  0.000000000000000  0.000000000000000  0.000000000000000  0.000000000000000  0.000000000000000  0.000000000000000  0.075415244982548  1.000000000000000  1.000000000000000 
44.0    G  0.148650889375340  0.000000000000000  0.152618314083642  0.451876363375543  0.000000000000000  0.033725882390763  0.000000000000000  0.000000000000000  0.000000000000000  0.000000000000000  0.027469986278493  0.071051060827251  0.000000000000000  0.016886334406865  0.027242444985533  0.070609200910633  0.000000000000000  0.000000000000000  0.000000000000000  0.000000000000000  1.000000000000000  0.000000000000000  0.000000000000000  0.000000000000000  0.000000000000000  0.000000000000000  0.000000000000000  0.075415244982548  1.000000000000000  1.000000000000000 
45.0    L  0.000000000000000  0.000000000000000  0.000000000000000  0.000000000000000  0.000000000000000  0.000000000000000  0.000000000000000  0.035624164771671  0.000000000000000  0.790041311863377  0.174222154835934  0.000000000000000  0.000000000000000  0.000000000000000  0.000000000000000  0.000000000000000  0.000000000000000  0.000000000000000  0.000000000000000  0.000000000000000  1.000000000000000  0.000000000000000  0.000000000000000  0.000000000000000  0.000000000000000  0.000000000000000  0.000000000000000  0.075415244982548  1.000000000000000  1.000000000000000 
46.0    D  0.240315232097190  0.000000000000000  0.126744934973754  0.000000000000000  0.000000000000000  0.031358492140922  0.000000000000000  0.000000000000000  0.026278012976679  0.000000000000000  0.000000000000000  0.058476468614463  0.000000000000000  0.000000000000000  0.043015487549709  0.373712312158735  0.099995016041594  0.000000000000000  0.000000000000000  0.000000000000000  1.000000000000000  0.000000000000000  0.000000000000000  0.000000000000000  0.000000000000000  0.000000000000000  0.000000000000000  0.075415244982548  1.000000000000000  1.000000000000000 
47.0    I  0.026278012976679  0.058883204619051  0.000000000000000  0.000000000000000  0.000000000000000  0.000000000000000  0.000000000000000  0.166200888522714  0.000000000000000  0.275285399524491  0.053289680735497  0.000000000000000  0.000000000000000  0.000000000000000  0.000000000000000  0.000000000000000  0.225312615652708  0.194791144915125  0.000000000000000  0.000000000000000  0.932386486436833  0.000000000000000  0.067873866020143  0.000000000000000  0.000000000000000  0.000000000000000  0.000000000000000  0.075415244982548  1.000000000000000  1.000000000000000 
48.0    N  0.000000000000000  0.000000000000000  0.019750048413325  0.294022812572741  0.000000000000000  0.040023745666555  0.090621677054928  0.000000000000000  0.177882932654324  0.000000000000000  0.000000000000000  0.095325103328518  0.000000000000000  0.027016788478371  0.000000000000000  0.226094844390272  0.000000000000000  0.029217974929733  0.000000000000000  0.000000000000000  1.000000000000000  0.000000000000000  0.000000000000000  0.000000000000000  0.000000000000000  0.212568540016049  0.787307976569203  0.082526427563438  1.000000000000000  0.439215234119181 
49.0    K  0.055475708579344  0.057352492644460  0.193445624192799  0.161656116485936  0.000000000000000  0.286776756056541  0.000000000000000  0.000000000000000  0.111491064927512  0.000000000000000  0.000000000000000  0.000000000000000  0.000000000000000  0.000000000000000  0.000000000000000  0.015166163590149  0.118667765118815  0.000000000000000  0.000000000000000  0.000000000000000  0.974004268543241  0.025701564647265  0.000000000000000  0.500000000000000  0.500000000000000  0.686818116714811  0.312949114663499  0.082183922512817  0.500000000000000  0.454704125900367 
50.0    T  0.284007316196672  0.047071577082307  0.257563488405019  0.059498619281096  0.000000000000000  0.085377516047150  0.000000000000000  0.000000000000000  0.000000000000000  0.000000000000000  0.000000000000000  0.000000000000000  0.048529304687565  0.000000000000000  0.000000000000000  0.148136596367698  0.051617354058483  0.018300159081544  0.000000000000000  0.000000000000000  0.973329374158238  0.000000000000000  0.026405824512891  0.000000000000000  0.000000000000000  0.000000000000000  1.000000000000000  0.080492601844364  1.000000000000000  0.497235084336607 
51.0    E  0.157890907730725  0.000000000000000  0.039037378926668  0.447822835045425  0.000000000000000  0.103449602009776  0.000000000000000  0.000000000000000  0.064390872101255  0.019451159927846  0.000000000000000  0.000000000000000  0.000000000000000  0.000000000000000  0.024130472909118  0.033169475279681  0.000000000000000  0.110567554416443  0.000000000000000  0.000000000000000  0.956608158091874  0.022035905632569  0.021477948368313  1.000000000000000  0.000000000000000  1.000000000000000  0.000000000000000  0.110261420649647  0.500000000000000  0.479964630519454 
52.0    G  0.027757087370075  0.000000000000000  0.000000000000000  0.081729459283547  0.000000000000000  0.424842499569325  0.000000000000000  0.000000000000000  0.065561832973434  0.000000000000000  0.024013674707625  0.114387396015991  0.028875705388963  0.000000000000000  0.078617810739751  0.089126607335259  0.065108964313014  0.000000000000000  0.000000000000000  0.000000000000000  1.000000000000000  0.000000000000000  0.000000000000000  0.000000000000000  0.000000000000000  0.000000000000000  1.000000000000000  0.090308149870220  1.000000000000000  0.500000000000000 
53.0    E  0.000000000000000  0.000000000000000  0.126920762608679  0.283220971323950  0.000000000000000  0.050555084272609  0.000000000000000  0.000000000000000  0.119162318161020  0.000000000000000  0.000000000000000  0.000000000000000  0.000000000000000  0.338212057762569  0.000000000000000  0.000000000000000  0.081729459283547  0.000000000000000  0.000000000000000  0.000000000000000  1.000000000000000  0.000000000000000  0.000000000000000  0.000000000000000  0.000000000000000  1.000000000000000  0.000000000000000  0.088879838161705  1.000000000000000  0.500000000000000 
54.0    E  0.241986756723434  0.000000000000000  0.068821349881123  0.201800268626191  0.000000000000000  0.255076164812114  0.000000000000000  0.000000000000000  0.032329611922466  0.000000000000000  0.000000000000000  0.000000000000000  0.037085524926767  0.060078808024298  0.027546254934599  0.055668306287918  0.000000000000000  0.019572881853502  0.000000000000000  0.000000000000000  1.000000000000000  0.000000000000000  0.000000000000000  0.000000000000000  0.000000000000000  0.000000000000000  0.000000000000000  0.098960733233909  1.000000000000000  1.000000000000000 
55.0    D  0.101954686667376  0.000000000000000  0.173258735706302  0.227825320159285  0.000000000000000  0.185051662250006  0.000000000000000  0.000000000000000  0.000000000000000  0.000000000000000  0.032849153408991  0.027930786323650  0.000000000000000  0.000000000000000  0.000000000000000  0.094404536597677  0.059622471909222  0.097193254485320  0.000000000000000  0.000000000000000  1.000000000000000  0.000000000000000  0.000000000000000  0.000000000000000  0.000000000000000  0.000000000000000  0.000000000000000  0.098960733233909  1.000000000000000  1.000000000000000 
56.0    A  0.273005136436413  0.000000000000000  0.042955896736626  0.122427537198366  0.000000000000000  0.091568804663209  0.000000000000000  0.000000000000000  0.087595465567547  0.000000000000000  0.000000000000000  0.042629619839980  0.000000000000000  0.066985841408518  0.020934118787935  0.102166916061035  0.083446768955994  0.066430979647410  0.000000000000000  0.000000000000000  1.000000000000000  0.000000000000000  0.000000000000000  0.000000000000000  0.000000000000000  0.000000000000000  0.000000000000000  0.090433430366908  1.000000000000000  1.000000000000000 
57.0    Q  0.069733707645310  0.000000000000000  0.094339123032535  0.027757087370075  0.000000000000000  0.136597217387619  0.000000000000000  0.000000000000000  0.029137077701151  0.000000000000000  0.000000000000000  0.000000000000000  0.000000000000000  0.117358968414432  0.000000000000000  0.309926924984747  0.185051662250006  0.030101934188130  0.000000000000000  0.000000000000000  0.932386486436833  0.067405026980903  0.000000000000000  1.000000000000000  0.000000000000000  0.000000000000000  0.000000000000000  0.090433430366908  0.482633512435878  1.000000000000000 
58.0    R  0.110185019738396  0.000000000000000  0.061939347704005  0.029977003728915  0.000000000000000  0.000000000000000  0.000000000000000  0.000000000000000  0.090684512989636  0.000000000000000  0.000000000000000  0.000000000000000  0.132494097924660  0.046552420722584  0.080604265665993  0.261702570493644  0.185822873053877  0.000000000000000  0.000000000000000  0.000000000000000  1.000000000000000  0.000000000000000  0.000000000000000  0.000000000000000  0.000000000000000  0.000000000000000  0.000000000000000  0.103880732699206  1.000000000000000  1.000000000000000 
59.0    S  0.114784520287615  0.000000000000000  0.000000000000000  0.000000000000000  0.030311309698179  0.000000000000000  0.000000000000000  0.000000000000000  0.000000000000000  0.000000000000000  0.000000000000000  0.126832818322610  0.176531800548094  0.000000000000000  0.046552420722584  0.476318999021969  0.028795755818709  0.000000000000000  0.000000000000000  0.000000000000000  1.000000000000000  0.000000000000000  0.000000000000000  0.000000000000000  0.000000000000000  0.000000000000000  0.000000000000000  0.103880732699206  1.000000000000000  1.000000000000000 
60.0    S  0.107395094368398  0.000000000000000  0.269620107923613  0.210953949032504  0.000000000000000  0.000000000000000  0.000000000000000  0.000000000000000  0.000000000000000  0.000000000000000  0.000000000000000  0.000000000000000  0.186468003336433  0.000000000000000  0.000000000000000  0.187634887189296  0.037943590137345  0.000000000000000  0.000000000000000  0.000000000000000  1.000000000000000  0.000000000000000  0.000000000000000  0.000000000000000  0.000000000000000  0.000000000000000  0.000000000000000  0.103880732699206  1.000000000000000  1.000000000000000 
61.0    T  0.075206439124969  0.091188771515011  0.000000000000000  0.160428237195363  0.000000000000000  0.038393343138927  0.000000000000000  0.000000000000000  0.217035056900261  0.000000000000000  0.000000000000000  0.000000000000000  0.048093975630027  0.000000000000000  0.083100444261357  0.140048651774272  0.146604368653985  0.000000000000000  0.000000000000000  0.000000000000000  1.000000000000000  0.000000000000000  0.000000000000000  0.000000000000000  0.000000000000000  0.000000000000000  0.000000000000000  0.090370768409109  1.000000000000000  1.000000000000000 
62.0    E  0.069108165832517  0.000000000000000  0.194117218750260  0.450937689191125  0.000000000000000  0.044873265956982  0.000000000000000  0.053511767784154  0.147113342152346  0.000000000000000  0.000000000000000  0.000000000000000  0.000000000000000  0.000000000000000  0.000000000000000  0.000000000000000  0.000000000000000  0.040218413978165  0.000000000000000  0.000000000000000  1.000000000000000  0.000000000000000  0.000000000000000  0.000000000000000  0.000000000000000  0.000000000000000  0.000000000000000  0.090370768409109  1.000000000000000  1.000000000000000 
63.0    Q  0.264254510140345  0.000000000000000  0.052265399994629  0.000000000000000  0.000000000000000  0.040302132832996  0.000000000000000  0.000000000000000  0.037369368649254  0.038366740122346  0.000000000000000  0.000000000000000  0.294634851952921  0.160539476123678  0.000000000000000  0.086569341756933  0.025719385789960  0.000000000000000  0.000000000000000  0.000000000000000  1.000000000000000  0.000000000000000  0.000000000000000  0.000000000000000  0.000000000000000  0.000000000000000  0.000000000000000  0.094797971585903  1.000000000000000  1.000000000000000 
64.0    S  0.071198961076382  0.000000000000000  0.000000000000000  0.052192994964273  0.000000000000000  0.175312406330300  0.000000000000000  0.000000000000000  0.000000000000000  0.120742041115606  0.000000000000000  0.000000000000000  0.120742041115606  0.052265399994629  0.000000000000000  0.293208737307970  0.066063627535086  0.048260945818237  0.000000000000000  0.000000000000000  1.000000000000000  0.000000000000000  0.000000000000000  0.000000000000000  0.000000000000000  0.000000000000000  0.000000000000000  0.094797971585903  1.000000000000000  1.000000000000000 
65.0    G  0.098686735837569  0.000000000000000  0.000000000000000  0.073863221683398  0.000000000000000  0.240148715988369  0.000000000000000  0.000000000000000  0.129497845445002  0.000000000000000  0.066800374450688  0.023980407750014  0.089560103148319  0.090370768409109  0.000000000000000  0.047366142703450  0.139757731370733  0.000000000000000  0.000000000000000  0.000000000000000  1.000000000000000  0.000000000000000  0.000000000000000  0.000000000000000  0.000000000000000  0.000000000000000  0.000000000000000  0.094797971585903  1.000000000000000  1.000000000000000 
66.0    E  0.042101049277053  0.000000000000000  0.051940366349603  0.174827010342308  0.000000000000000  0.040302132832996  0.034386831542692  0.000000000000000  0.052192994964273  0.000000000000000  0.000000000000000  0.035500914524584  0.039363436873356  0.207186226121998  0.098755163982922  0.108292107050011  0.115103212150630  0.000000000000000  0.000000000000000  0.000000000000000  1.000000000000000  0.000000000000000  0.000000000000000  0.000000000000000  0.000000000000000  0.000000000000000  0.000000000000000  0.094797971585903  1.000000000000000  1.000000000000000 
67.0    A  0.060329189054485  0.000000000000000  0.000000000000000  0.037369368649254  0.000000000000000  0.000000000000000  0.000000000000000  0.000000000000000  0.000000000000000  0.000000000000000  0.000000000000000  0.051940366349603  0.362989569975974  0.210661707375788  0.000000000000000  0.206040521238310  0.070658160445287  0.000000000000000  0.000000000000000  0.000000000000000  1.000000000000000  0.000000000000000  0.000000000000000  0.000000000000000  0.000000000000000  0.000000000000000  0.000000000000000  0.094797971585903  1.000000000000000  1.000000000000000 
68.0    Q  0.000000000000000  0.000000000000000  0.044347604881262  0.436181352885379  0.000000000000000  0.000000000000000  0.000000000000000  0.000000000000000  0.229569040575231  0.000000000000000  0.000000000000000  0.000000000000000  0.000000000000000  0.209642046110233  0.000000000000000  0.000000000000000  0.080269738061839  0.000000000000000  0.000000000000000  0.000000000000000  1.000000000000000  0.000000000000000  0.000000000000000  0.000000000000000  0.000000000000000  0.000000000000000  0.000000000000000  0.094797971585903  1.000000000000000  1.000000000000000 
69.0    G  0.135747732040287  0.000000000000000  0.000000000000000  0.143786486668826  0.000000000000000  0.269620107923613  0.000000000000000  0.068156733291579  0.045342256494818  0.000000000000000  0.000000000000000  0.038902319855693  0.000000000000000  0.000000000000000  0.000000000000000  0.244346441602701  0.054221167947004  0.000000000000000  0.000000000000000  0.000000000000000  1.000000000000000  0.000000000000000  0.000000000000000  0.000000000000000  0.000000000000000  0.000000000000000  0.000000000000000  0.095589767367673  1.000000000000000  1.000000000000000 
70.0    E  0.056838015737546  0.000000000000000  0.000000000000000  0.115903818304433  0.000000000000000  0.109651693591603  0.000000000000000  0.000000000000000  0.035427169149326  0.000000000000000  0.000000000000000  0.000000000000000  0.151669195031087  0.346757742282846  0.000000000000000  0.183773417048630  0.000000000000000  0.000000000000000  0.000000000000000  0.000000000000000  1.000000000000000  0.000000000000000  0.000000000000000  0.000000000000000  0.000000000000000  0.000000000000000  0.000000000000000  0.101742898133804  1.000000000000000  1.000000000000000 
71.0    A  0.263522855822684  0.000000000000000  0.372419365780676  0.363997387249772  0.000000000000000  0.000000000000000  0.000000000000000  0.000000000000000  0.000000000000000  0.000000000000000  0.000000000000000  0.000000000000000  0.000000000000000  0.000000000000000  0.000000000000000  0.000000000000000  0.000000000000000  0.000000000000000  0.000000000000000  0.000000000000000  1.000000000000000  0.000000000000000  0.000000000000000  0.000000000000000  0.000000000000000  0.000000000000000  0.000000000000000  0.217788548035564  1.000000000000000  1.000000000000000 
72.0    A  0.353063601096189  0.000000000000000  0.000000000000000  0.000000000000000  0.000000000000000  0.000000000000000  0.000000000000000  0.000000000000000  0.000000000000000  0.000000000000000  0.000000000000000  0.000000000000000  0.000000000000000  0.000000000000000  0.321747311825318  0.325335463860483  0.000000000000000  0.000000000000000  0.000000000000000  0.000000000000000  1.000000000000000  0.000000000000000  0.000000000000000  0.000000000000000  0.000000000000000  0.000000000000000  0.000000000000000  0.245024853835468  1.000000000000000  1.000000000000000 
73.0    K  0.000000000000000  0.000000000000000  0.000000000000000  0.000000000000000  0.000000000000000  0.000000000000000  0.000000000000000  0.000000000000000  0.678302163723836  0.000000000000000  0.000000000000000  0.000000000000000  0.000000000000000  0.000000000000000  0.000000000000000  0.321747311825318  0.000000000000000  0.000000000000000  0.000000000000000  0.000000000000000  1.000000000000000  0.000000000000000  0.000000000000000  0.000000000000000  0.000000000000000  0.000000000000000  0.000000000000000  0.245024853835468  1.000000000000000  1.000000000000000 
74.0    S  0.000000000000000  0.000000000000000  0.000000000000000  0.000000000000000  0.000000000000000  0.000000000000000  0.000000000000000  0.000000000000000  0.000000000000000  0.000000000000000  0.000000000000000  0.000000000000000  0.000000000000000  0.000000000000000  0.000000000000000  1.000000000000000  0.000000000000000  0.000000000000000  0.000000000000000  0.000000000000000  1.000000000000000  0.000000000000000  0.000000000000000  0.000000000000000  0.000000000000000  0.000000000000000  0.000000000000000  0.500000000000000  1.000000000000000  1.000000000000000 
75.0    E  0.000000000000000  0.000000000000000  0.000000000000000  1.000000000000000  0.000000000000000  0.000000000000000  0.000000000000000  0.000000000000000  0.000000000000000  0.000000000000000  0.000000000000000  0.000000000000000  0.000000000000000  0.000000000000000  0.000000000000000  0.000000000000000  0.000000000000000  0.000000000000000  0.000000000000000  0.000000000000000  1.000000000000000  0.000000000000000  0.000000000000000  0.000000000000000  0.000000000000000  0.000000000000000  0.000000000000000  0.500000000000000  1.000000000000000  1.000000000000000 
76.0    S  0.000000000000000  0.000000000000000  0.000000000000000  0.000000000000000  0.000000000000000  0.000000000000000  0.000000000000000  0.000000000000000  0.000000000000000  0.000000000000000  0.000000000000000  0.000000000000000  0.000000000000000  0.000000000000000  0.000000000000000  1.000000000000000  0.000000000000000  0.000000000000000  0.000000000000000  0.000000000000000  1.000000000000000  0.000000000000000  0.000000000000000  1.000000000000000  0.000000000000000  0.000000000000000  0.000000000000000  0.500000000000000  1.000000000000000  1.000000000000000 
