No:  residues  hmm_col_1  hmm_col_2  hmm_col_3  hmm_col_4  hmm_col_5  hmm_col_6  hmm_col_7  hmm_col_8  hmm_col_9  hmm_col_10  hmm_col_11  hmm_col_12  hmm_col_13  hmm_col_14  hmm_col_15  hmm_col_16  hmm_col_17  hmm_col_18  hmm_col_19  hmm_col_20  hmm_col_21   hmm_col_22   hmm_col_23   hmm_col_24   hmm_col_25   hmm_col_26   hmm_col_27   hmm_col_28   hmm_col_29   hmm_col_30   
1.0    M  0.000000000000000  0.000000000000000  0.000000000000000  0.000000000000000  0.000000000000000  0.000000000000000  0.000000000000000  0.000000000000000  0.000000000000000  0.000000000000000  0.943438250895360  0.000000000000000  0.000000000000000  0.000000000000000  0.000000000000000  0.000000000000000  0.000000000000000  0.056328153913177  0.000000000000000  0.000000000000000  1.000000000000000  0.000000000000000  0.000000000000000  0.000000000000000  0.000000000000000  0.000000000000000  0.000000000000000  0.147624082678691  1.000000000000000  1.000000000000000 
2.0    T  0.000000000000000  0.000000000000000  0.000000000000000  0.063946091858402  0.000000000000000  0.000000000000000  0.000000000000000  0.000000000000000  0.000000000000000  0.000000000000000  0.426022047537433  0.000000000000000  0.000000000000000  0.000000000000000  0.000000000000000  0.000000000000000  0.510152329624229  0.000000000000000  0.000000000000000  0.000000000000000  1.000000000000000  0.000000000000000  0.000000000000000  0.000000000000000  0.000000000000000  0.000000000000000  0.000000000000000  0.138888591081887  1.000000000000000  1.000000000000000 
3.0    D  0.000000000000000  0.000000000000000  0.637722195839272  0.206183387152520  0.000000000000000  0.092205716067677  0.000000000000000  0.000000000000000  0.000000000000000  0.000000000000000  0.000000000000000  0.000000000000000  0.000000000000000  0.000000000000000  0.000000000000000  0.000000000000000  0.000000000000000  0.063946091858402  0.000000000000000  0.000000000000000  1.000000000000000  0.000000000000000  0.000000000000000  0.000000000000000  0.000000000000000  0.000000000000000  0.000000000000000  0.138888591081887  1.000000000000000  1.000000000000000 
4.0    V  0.000000000000000  0.000000000000000  0.000000000000000  0.063946091858402  0.000000000000000  0.000000000000000  0.000000000000000  0.000000000000000  0.000000000000000  0.000000000000000  0.000000000000000  0.000000000000000  0.000000000000000  0.000000000000000  0.000000000000000  0.054636163775648  0.000000000000000  0.881480157907170  0.000000000000000  0.000000000000000  1.000000000000000  0.000000000000000  0.000000000000000  0.000000000000000  0.000000000000000  0.000000000000000  0.000000000000000  0.138888591081887  1.000000000000000  1.000000000000000 
5.0    E  0.000000000000000  0.000000000000000  0.000000000000000  0.843815796130018  0.000000000000000  0.000000000000000  0.000000000000000  0.000000000000000  0.092205716067677  0.000000000000000  0.000000000000000  0.000000000000000  0.000000000000000  0.000000000000000  0.000000000000000  0.063946091858402  0.000000000000000  0.000000000000000  0.000000000000000  0.000000000000000  1.000000000000000  0.000000000000000  0.000000000000000  0.000000000000000  0.000000000000000  0.000000000000000  0.000000000000000  0.138888591081887  1.000000000000000  1.000000000000000 
6.0    T  0.141806935616994  0.000000000000000  0.000000000000000  0.000000000000000  0.000000000000000  0.000000000000000  0.000000000000000  0.000000000000000  0.000000000000000  0.000000000000000  0.000000000000000  0.000000000000000  0.181117769319360  0.000000000000000  0.000000000000000  0.445655247948486  0.192109397661002  0.039472726932681  0.000000000000000  0.000000000000000  0.971980987981352  0.027892092858531  0.000000000000000  0.500000000000000  0.500000000000000  0.000000000000000  0.000000000000000  0.138888591081887  0.500000000000000  1.000000000000000 
7.0    T  0.090936292727172  0.000000000000000  0.049790006017849  0.000000000000000  0.000000000000000  0.054334035005626  0.000000000000000  0.000000000000000  0.000000000000000  0.000000000000000  0.020432364820887  0.000000000000000  0.000000000000000  0.042541066140609  0.000000000000000  0.290175978595930  0.285982743300952  0.165740720037332  0.000000000000000  0.000000000000000  0.963261894020148  0.036574957546081  0.000000000000000  1.000000000000000  0.000000000000000  0.000000000000000  0.000000000000000  0.113676031475092  0.481630947010074  1.000000000000000 
8.0    Y  0.035847094507068  0.000000000000000  0.000000000000000  0.000000000000000  0.044501568612408  0.000000000000000  0.000000000000000  0.019984149707460  0.000000000000000  0.134250558952516  0.061554152680972  0.000000000000000  0.037759932605936  0.000000000000000  0.000000000000000  0.000000000000000  0.000000000000000  0.211686328090632  0.000000000000000  0.454389058224260  0.966606097064973  0.000000000000000  0.033446521825832  0.000000000000000  0.000000000000000  0.000000000000000  0.000000000000000  0.079881210200191  1.000000000000000  1.000000000000000 
9.0    A  0.095788747512986  0.000000000000000  0.033100572958871  0.152195752332873  0.000000000000000  0.043706752585577  0.000000000000000  0.000000000000000  0.146198458006493  0.000000000000000  0.000000000000000  0.038419964601706  0.018840747307668  0.024416496255385  0.000000000000000  0.307999518361439  0.139370777340962  0.000000000000000  0.000000000000000  0.000000000000000  1.000000000000000  0.000000000000000  0.000000000000000  0.000000000000000  0.000000000000000  1.000000000000000  0.000000000000000  0.077643017611527  1.000000000000000  0.479632059662632 
10.0    D  0.031906628928350  0.000000000000000  0.460412848602520  0.225468844595562  0.000000000000000  0.000000000000000  0.000000000000000  0.076521024525013  0.000000000000000  0.000000000000000  0.000000000000000  0.122342706299679  0.000000000000000  0.021211640310625  0.000000000000000  0.015103220266640  0.000000000000000  0.000000000000000  0.000000000000000  0.046941247716904  1.000000000000000  0.000000000000000  0.000000000000000  0.000000000000000  0.000000000000000  0.000000000000000  0.000000000000000  0.077267203807559  1.000000000000000  1.000000000000000 
11.0    F  0.000000000000000  0.000000000000000  0.000000000000000  0.000000000000000  0.923382310729395  0.000000000000000  0.000000000000000  0.000000000000000  0.000000000000000  0.000000000000000  0.000000000000000  0.000000000000000  0.000000000000000  0.000000000000000  0.000000000000000  0.076521024525013  0.000000000000000  0.000000000000000  0.000000000000000  0.000000000000000  1.000000000000000  0.000000000000000  0.000000000000000  0.000000000000000  0.000000000000000  0.000000000000000  0.000000000000000  0.077267203807559  1.000000000000000  1.000000000000000 
12.0    I  0.198884120938730  0.000000000000000  0.000000000000000  0.000000000000000  0.000000000000000  0.000000000000000  0.000000000000000  0.413798408039103  0.000000000000000  0.198884120938730  0.000000000000000  0.000000000000000  0.000000000000000  0.018110874248507  0.000000000000000  0.082755556899712  0.000000000000000  0.049686578184311  0.000000000000000  0.037759932605936  1.000000000000000  0.000000000000000  0.000000000000000  0.000000000000000  0.000000000000000  0.000000000000000  0.000000000000000  0.077267203807559  1.000000000000000  1.000000000000000 
13.0    A  0.176165094392752  0.000000000000000  0.000000000000000  0.000000000000000  0.000000000000000  0.035797434311867  0.000000000000000  0.000000000000000  0.040051497630006  0.000000000000000  0.000000000000000  0.160650792183672  0.000000000000000  0.055016188347697  0.000000000000000  0.428390977384285  0.076150641479699  0.027757087370075  0.000000000000000  0.000000000000000  1.000000000000000  0.000000000000000  0.000000000000000  0.000000000000000  0.000000000000000  0.000000000000000  0.000000000000000  0.077267203807559  1.000000000000000  1.000000000000000 
14.0    S  0.000000000000000  0.311218558845543  0.000000000000000  0.000000000000000  0.000000000000000  0.076521024525013  0.000000000000000  0.000000000000000  0.000000000000000  0.000000000000000  0.000000000000000  0.000000000000000  0.000000000000000  0.000000000000000  0.000000000000000  0.426022047537433  0.186209682890338  0.000000000000000  0.000000000000000  0.000000000000000  1.000000000000000  0.000000000000000  0.000000000000000  0.000000000000000  0.000000000000000  0.000000000000000  0.000000000000000  0.077267203807559  1.000000000000000  1.000000000000000 
15.0    G  0.134716643130459  0.000000000000000  0.345079338349157  0.000000000000000  0.000000000000000  0.506979739895015  0.000000000000000  0.000000000000000  0.000000000000000  0.000000000000000  0.000000000000000  0.000000000000000  0.000000000000000  0.013184621814532  0.000000000000000  0.000000000000000  0.000000000000000  0.000000000000000  0.000000000000000  0.000000000000000  1.000000000000000  0.000000000000000  0.000000000000000  0.000000000000000  0.000000000000000  0.000000000000000  0.000000000000000  0.077267203807559  1.000000000000000  1.000000000000000 
16.0    R  0.000000000000000  0.000000000000000  0.000000000000000  0.000000000000000  0.000000000000000  0.000000000000000  0.000000000000000  0.000000000000000  0.000000000000000  0.000000000000000  0.000000000000000  0.000000000000000  0.000000000000000  0.000000000000000  1.000000000000000  0.000000000000000  0.000000000000000  0.000000000000000  0.000000000000000  0.000000000000000  1.000000000000000  0.000000000000000  0.000000000000000  0.000000000000000  0.000000000000000  0.000000000000000  0.000000000000000  0.077267203807559  1.000000000000000  1.000000000000000 
17.0    T  0.211246596103128  0.000000000000000  0.000000000000000  0.000000000000000  0.000000000000000  0.000000000000000  0.000000000000000  0.037759932605936  0.042688758023575  0.000000000000000  0.000000000000000  0.000000000000000  0.000000000000000  0.000000000000000  0.000000000000000  0.124653906419009  0.583579050909234  0.000000000000000  0.000000000000000  0.000000000000000  1.000000000000000  0.000000000000000  0.000000000000000  0.000000000000000  0.000000000000000  0.000000000000000  0.000000000000000  0.077267203807559  1.000000000000000  1.000000000000000 
18.0    G  0.000000000000000  0.000000000000000  0.000000000000000  0.000000000000000  0.000000000000000  1.000000000000000  0.000000000000000  0.000000000000000  0.000000000000000  0.000000000000000  0.000000000000000  0.000000000000000  0.000000000000000  0.000000000000000  0.000000000000000  0.000000000000000  0.000000000000000  0.000000000000000  0.000000000000000  0.000000000000000  1.000000000000000  0.000000000000000  0.000000000000000  0.000000000000000  0.000000000000000  0.000000000000000  0.000000000000000  0.077267203807559  1.000000000000000  1.000000000000000 
19.0    R  0.000000000000000  0.076521024525013  0.000000000000000  0.000000000000000  0.000000000000000  0.000000000000000  0.000000000000000  0.000000000000000  0.000000000000000  0.000000000000000  0.000000000000000  0.000000000000000  0.000000000000000  0.000000000000000  0.923382310729395  0.000000000000000  0.000000000000000  0.000000000000000  0.000000000000000  0.000000000000000  1.000000000000000  0.000000000000000  0.000000000000000  0.000000000000000  0.000000000000000  0.000000000000000  0.000000000000000  0.077267203807559  1.000000000000000  1.000000000000000 
20.0    R  0.000000000000000  0.000000000000000  0.000000000000000  0.000000000000000  0.000000000000000  0.000000000000000  0.000000000000000  0.000000000000000  0.000000000000000  0.000000000000000  0.000000000000000  0.000000000000000  0.000000000000000  0.076468002570742  0.923382310729395  0.000000000000000  0.000000000000000  0.000000000000000  0.000000000000000  0.000000000000000  1.000000000000000  0.000000000000000  0.000000000000000  0.000000000000000  0.000000000000000  0.000000000000000  0.000000000000000  0.077535456107212  1.000000000000000  1.000000000000000 
21.0    N  0.000000000000000  0.000000000000000  0.000000000000000  0.000000000000000  0.000000000000000  0.000000000000000  0.000000000000000  0.000000000000000  0.000000000000000  0.000000000000000  0.000000000000000  1.000000000000000  0.000000000000000  0.000000000000000  0.000000000000000  0.000000000000000  0.000000000000000  0.000000000000000  0.000000000000000  0.000000000000000  1.000000000000000  0.000000000000000  0.000000000000000  0.000000000000000  0.000000000000000  0.000000000000000  0.000000000000000  0.077535456107212  1.000000000000000  1.000000000000000 
22.0    A  0.923382310729395  0.000000000000000  0.000000000000000  0.000000000000000  0.000000000000000  0.000000000000000  0.000000000000000  0.000000000000000  0.000000000000000  0.000000000000000  0.000000000000000  0.000000000000000  0.000000000000000  0.000000000000000  0.000000000000000  0.000000000000000  0.076468002570742  0.000000000000000  0.000000000000000  0.000000000000000  1.000000000000000  0.000000000000000  0.000000000000000  0.000000000000000  0.000000000000000  0.000000000000000  0.000000000000000  0.077535456107212  1.000000000000000  1.000000000000000 
23.0    I  0.000000000000000  0.000000000000000  0.000000000000000  0.000000000000000  0.000000000000000  0.000000000000000  0.000000000000000  0.136881558849197  0.000000000000000  0.446273485736488  0.027565355162412  0.000000000000000  0.000000000000000  0.000000000000000  0.000000000000000  0.000000000000000  0.000000000000000  0.389312345530831  0.000000000000000  0.000000000000000  1.000000000000000  0.000000000000000  0.000000000000000  0.000000000000000  0.000000000000000  0.000000000000000  0.000000000000000  0.077535456107212  1.000000000000000  1.000000000000000 
24.0    H  0.062803988776487  0.000000000000000  0.000000000000000  0.000000000000000  0.000000000000000  0.000000000000000  0.163232473386115  0.000000000000000  0.000000000000000  0.076468002570742  0.000000000000000  0.000000000000000  0.657471380102535  0.000000000000000  0.000000000000000  0.000000000000000  0.040190546357206  0.000000000000000  0.000000000000000  0.000000000000000  1.000000000000000  0.000000000000000  0.000000000000000  0.000000000000000  0.000000000000000  0.000000000000000  0.000000000000000  0.077535456107212  1.000000000000000  1.000000000000000 
25.0    D  0.000000000000000  0.000000000000000  0.797745239809033  0.148857106170621  0.000000000000000  0.000000000000000  0.000000000000000  0.000000000000000  0.000000000000000  0.000000000000000  0.000000000000000  0.053586002289636  0.000000000000000  0.000000000000000  0.000000000000000  0.000000000000000  0.000000000000000  0.000000000000000  0.000000000000000  0.000000000000000  1.000000000000000  0.000000000000000  0.000000000000000  0.000000000000000  0.000000000000000  0.000000000000000  0.000000000000000  0.077535456107212  1.000000000000000  1.000000000000000 
26.0    I  0.000000000000000  0.000000000000000  0.000000000000000  0.000000000000000  0.000000000000000  0.000000000000000  0.000000000000000  0.799405830352472  0.000000000000000  0.035747842912619  0.000000000000000  0.000000000000000  0.000000000000000  0.000000000000000  0.000000000000000  0.000000000000000  0.116386852478779  0.048630323534714  0.000000000000000  0.000000000000000  1.000000000000000  0.000000000000000  0.000000000000000  0.000000000000000  0.000000000000000  0.000000000000000  0.000000000000000  0.077535456107212  1.000000000000000  1.000000000000000 
27.0    L  0.000000000000000  0.000000000000000  0.049790006017849  0.047960815500028  0.000000000000000  0.000000000000000  0.000000000000000  0.022035905632569  0.080828058242968  0.375269774378593  0.000000000000000  0.000000000000000  0.000000000000000  0.338446569763115  0.000000000000000  0.000000000000000  0.058314561971050  0.000000000000000  0.000000000000000  0.027450952132449  1.000000000000000  0.000000000000000  0.000000000000000  0.000000000000000  0.000000000000000  0.000000000000000  0.000000000000000  0.077912574642194  1.000000000000000  1.000000000000000 
28.0    V  0.100411749594629  0.027450952132449  0.075572229739585  0.074686950303549  0.000000000000000  0.416099367355762  0.000000000000000  0.000000000000000  0.000000000000000  0.000000000000000  0.000000000000000  0.000000000000000  0.000000000000000  0.000000000000000  0.071644511608024  0.084027187134539  0.025952188252840  0.124050546835727  0.000000000000000  0.000000000000000  1.000000000000000  0.000000000000000  0.000000000000000  0.000000000000000  0.000000000000000  0.000000000000000  0.000000000000000  0.077912574642194  1.000000000000000  1.000000000000000 
29.0    S  0.000000000000000  0.000000000000000  0.198196034152571  0.219912268980609  0.000000000000000  0.012551468699329  0.019357010902874  0.000000000000000  0.024264652343782  0.038714021805747  0.000000000000000  0.000000000000000  0.055130710324824  0.035574813408590  0.070609200910633  0.239816029831316  0.043224707156593  0.042718357873182  0.000000000000000  0.000000000000000  1.000000000000000  0.000000000000000  0.000000000000000  0.000000000000000  0.000000000000000  0.000000000000000  0.000000000000000  0.077912574642194  1.000000000000000  1.000000000000000 
30.0    S  0.117034030929312  0.000000000000000  0.024264652343782  0.000000000000000  0.000000000000000  0.128069602879100  0.168520966467132  0.047960815500028  0.000000000000000  0.015282241772615  0.042718357873182  0.027680234971949  0.111182374192237  0.027450952132449  0.000000000000000  0.251215955105946  0.025970183174801  0.012744335833422  0.000000000000000  0.000000000000000  1.000000000000000  0.000000000000000  0.000000000000000  0.000000000000000  0.000000000000000  0.000000000000000  0.000000000000000  0.077912574642194  1.000000000000000  1.000000000000000 
31.0    A  0.413225159077106  0.037655384843587  0.000000000000000  0.171585553906864  0.000000000000000  0.049240867878084  0.000000000000000  0.049790006017849  0.017824433060444  0.040190546357206  0.000000000000000  0.079660039207454  0.013424386796050  0.000000000000000  0.000000000000000  0.077750728331154  0.035500914524584  0.014170161389580  0.000000000000000  0.000000000000000  0.910038824080899  0.090245574720156  0.000000000000000  0.610473256334567  0.389582289830250  0.000000000000000  0.000000000000000  0.077912574642194  0.457232544749951  1.000000000000000 
32.0    S  0.130217928626028  0.000000000000000  0.097801472717064  0.075362989230673  0.000000000000000  0.106505511884358  0.000000000000000  0.023019495090883  0.073709787016326  0.058032303269171  0.000000000000000  0.031950891581560  0.015603354157829  0.000000000000000  0.027450952132449  0.040638754579640  0.319746395319357  0.000000000000000  0.000000000000000  0.000000000000000  0.959929261038908  0.000000000000000  0.040190546357206  0.000000000000000  0.000000000000000  0.000000000000000  0.000000000000000  0.077912574642194  1.000000000000000  1.000000000000000 
33.0    G  0.067498534989555  0.045531222309313  0.012735505193791  0.000000000000000  0.000000000000000  0.135936048856860  0.000000000000000  0.057911753868148  0.000000000000000  0.058476468614463  0.000000000000000  0.000000000000000  0.134343646606938  0.000000000000000  0.000000000000000  0.041177498491692  0.154856087222989  0.291587342447117  0.000000000000000  0.000000000000000  0.985549336939371  0.000000000000000  0.014690221914205  0.000000000000000  0.000000000000000  0.000000000000000  1.000000000000000  0.081956375888478  1.000000000000000  0.488015880388112 
34.0    N  0.022097086912080  0.000000000000000  0.097801472717064  0.012630013575087  0.000000000000000  0.246216610723888  0.000000000000000  0.000000000000000  0.037733768483953  0.000000000000000  0.000000000000000  0.084027187134539  0.000000000000000  0.025898278265250  0.000000000000000  0.323985241358333  0.149581120403839  0.000000000000000  0.000000000000000  0.000000000000000  1.000000000000000  0.000000000000000  0.000000000000000  0.000000000000000  0.000000000000000  1.000000000000000  0.000000000000000  0.081956375888478  1.000000000000000  0.470413053756894 
35.0    S  0.130942015887475  0.000000000000000  0.000000000000000  0.000000000000000  0.000000000000000  0.000000000000000  0.000000000000000  0.000000000000000  0.000000000000000  0.049172652834598  0.220828762870366  0.040190546357206  0.048394939240826  0.000000000000000  0.000000000000000  0.119824929811622  0.268501117905031  0.122088566120278  0.000000000000000  0.000000000000000  0.986232704493359  0.013433695097547  0.000000000000000  1.000000000000000  0.000000000000000  0.000000000000000  0.000000000000000  0.077912574642194  0.500000000000000  1.000000000000000 
36.0    N  0.218241897783441  0.000000000000000  0.000000000000000  0.049721030234682  0.000000000000000  0.032986053676186  0.000000000000000  0.000000000000000  0.000000000000000  0.040836414184162  0.000000000000000  0.016619260513956  0.014170161389580  0.000000000000000  0.198884120938730  0.324659650682471  0.104024841838941  0.000000000000000  0.000000000000000  0.000000000000000  1.000000000000000  0.000000000000000  0.000000000000000  0.000000000000000  0.000000000000000  0.000000000000000  0.000000000000000  0.077912574642194  1.000000000000000  1.000000000000000 
37.0    E  0.000000000000000  0.000000000000000  0.383420664918273  0.231005643111706  0.000000000000000  0.020660228205353  0.000000000000000  0.000000000000000  0.332862903309093  0.000000000000000  0.000000000000000  0.000000000000000  0.000000000000000  0.000000000000000  0.000000000000000  0.031950891581560  0.000000000000000  0.000000000000000  0.000000000000000  0.000000000000000  1.000000000000000  0.000000000000000  0.000000000000000  0.000000000000000  0.000000000000000  0.000000000000000  0.000000000000000  0.077912574642194  1.000000000000000  1.000000000000000 
38.0    L  0.042718357873182  0.000000000000000  0.000000000000000  0.000000000000000  0.000000000000000  0.000000000000000  0.000000000000000  0.000000000000000  0.000000000000000  0.895025070927972  0.000000000000000  0.000000000000000  0.000000000000000  0.000000000000000  0.000000000000000  0.000000000000000  0.000000000000000  0.062240609568404  0.000000000000000  0.000000000000000  1.000000000000000  0.000000000000000  0.000000000000000  0.000000000000000  0.000000000000000  0.000000000000000  0.000000000000000  0.077912574642194  1.000000000000000  1.000000000000000 
39.0    A  0.323312232971872  0.000000000000000  0.000000000000000  0.040190546357206  0.000000000000000  0.000000000000000  0.000000000000000  0.000000000000000  0.042718357873182  0.000000000000000  0.000000000000000  0.000000000000000  0.361232599480881  0.000000000000000  0.000000000000000  0.134903529563053  0.097869287032068  0.000000000000000  0.000000000000000  0.000000000000000  1.000000000000000  0.000000000000000  0.000000000000000  0.000000000000000  0.000000000000000  0.000000000000000  0.000000000000000  0.077912574642194  1.000000000000000  1.000000000000000 
40.0    L  0.023019495090883  0.031950891581560  0.120157616048595  0.125086673432823  0.000000000000000  0.066201145917742  0.011686607487206  0.000000000000000  0.166546853136503  0.208482760956241  0.000000000000000  0.021463066147338  0.000000000000000  0.048361406048200  0.000000000000000  0.057471877884479  0.084143754329799  0.035476315692065  0.000000000000000  0.000000000000000  1.000000000000000  0.000000000000000  0.000000000000000  0.000000000000000  0.000000000000000  0.000000000000000  0.000000000000000  0.077912574642194  1.000000000000000  1.000000000000000 
41.0    K  0.012744335833422  0.000000000000000  0.232451235653290  0.000000000000000  0.000000000000000  0.000000000000000  0.000000000000000  0.000000000000000  0.252963300256732  0.000000000000000  0.000000000000000  0.051724801004888  0.000000000000000  0.060664654360597  0.260435857252055  0.072142838594802  0.056956330039821  0.000000000000000  0.000000000000000  0.000000000000000  1.000000000000000  0.000000000000000  0.000000000000000  0.000000000000000  0.000000000000000  0.000000000000000  0.000000000000000  0.077912574642194  1.000000000000000  1.000000000000000 
42.0    L  0.000000000000000  0.000000000000000  0.000000000000000  0.000000000000000  0.149373900607098  0.000000000000000  0.000000000000000  0.031708204580653  0.000000000000000  0.493116352246680  0.326012683814640  0.000000000000000  0.000000000000000  0.000000000000000  0.000000000000000  0.000000000000000  0.000000000000000  0.000000000000000  0.000000000000000  0.000000000000000  1.000000000000000  0.000000000000000  0.000000000000000  0.000000000000000  0.000000000000000  0.000000000000000  0.000000000000000  0.077912574642194  1.000000000000000  1.000000000000000 
43.0    A  0.172181255797892  0.000000000000000  0.112890813768978  0.260435857252055  0.000000000000000  0.182883902588041  0.000000000000000  0.000000000000000  0.040190546357206  0.000000000000000  0.000000000000000  0.000000000000000  0.000000000000000  0.049790006017849  0.000000000000000  0.181620631196421  0.000000000000000  0.000000000000000  0.000000000000000  0.000000000000000  1.000000000000000  0.000000000000000  0.000000000000000  0.000000000000000  0.000000000000000  0.000000000000000  0.000000000000000  0.077912574642194  1.000000000000000  1.000000000000000 
44.0    G  0.149270398384324  0.000000000000000  0.153360622156726  0.451876363375543  0.000000000000000  0.030948214747907  0.000000000000000  0.000000000000000  0.000000000000000  0.000000000000000  0.027680234971949  0.072142838594802  0.000000000000000  0.016390458243359  0.027450952132449  0.070952631384129  0.000000000000000  0.000000000000000  0.000000000000000  0.000000000000000  1.000000000000000  0.000000000000000  0.000000000000000  0.000000000000000  0.000000000000000  0.000000000000000  0.000000000000000  0.077912574642194  1.000000000000000  1.000000000000000 
45.0    L  0.000000000000000  0.000000000000000  0.000000000000000  0.000000000000000  0.000000000000000  0.000000000000000  0.000000000000000  0.036297147872679  0.000000000000000  0.790041311863377  0.173860246463749  0.000000000000000  0.000000000000000  0.000000000000000  0.000000000000000  0.000000000000000  0.000000000000000  0.000000000000000  0.000000000000000  0.000000000000000  1.000000000000000  0.000000000000000  0.000000000000000  0.000000000000000  0.000000000000000  0.000000000000000  0.000000000000000  0.077912574642194  1.000000000000000  1.000000000000000 
46.0    D  0.242995246995338  0.000000000000000  0.122427537198366  0.000000000000000  0.000000000000000  0.031708204580653  0.000000000000000  0.000000000000000  0.026718818059124  0.000000000000000  0.000000000000000  0.058517015464656  0.000000000000000  0.000000000000000  0.042718357873182  0.374490233606046  0.100411749594629  0.000000000000000  0.000000000000000  0.000000000000000  1.000000000000000  0.000000000000000  0.000000000000000  0.000000000000000  0.000000000000000  0.000000000000000  0.000000000000000  0.077912574642194  1.000000000000000  1.000000000000000 
47.0    I  0.026718818059124  0.059416193826864  0.000000000000000  0.000000000000000  0.000000000000000  0.000000000000000  0.000000000000000  0.163685677885446  0.000000000000000  0.273573425315185  0.053031743856619  0.000000000000000  0.000000000000000  0.000000000000000  0.000000000000000  0.000000000000000  0.226408495754456  0.197100043514070  0.000000000000000  0.000000000000000  0.931094819830229  0.000000000000000  0.069204036530268  0.000000000000000  0.000000000000000  0.000000000000000  0.000000000000000  0.077912574642194  1.000000000000000  1.000000000000000 
48.0    N  0.000000000000000  0.000000000000000  0.019750048413325  0.293615492803413  0.000000000000000  0.040023745666555  0.090621677054928  0.000000000000000  0.177882932654324  0.000000000000000  0.000000000000000  0.095589767367673  0.000000000000000  0.027016788478371  0.000000000000000  0.226251615720726  0.000000000000000  0.029217974929733  0.000000000000000  0.000000000000000  1.000000000000000  0.000000000000000  0.000000000000000  0.000000000000000  0.000000000000000  0.220217343531745  0.779704842611323  0.082640912821411  1.000000000000000  0.439215234119181 
49.0    K  0.055475708579344  0.057352492644460  0.193445624192799  0.161880374856803  0.000000000000000  0.286776756056541  0.000000000000000  0.000000000000000  0.111723145294598  0.000000000000000  0.000000000000000  0.000000000000000  0.000000000000000  0.000000000000000  0.000000000000000  0.015166163590149  0.118257205840699  0.000000000000000  0.000000000000000  0.000000000000000  0.973329374158238  0.026534257701464  0.000000000000000  0.500000000000000  0.500000000000000  0.690637224071928  0.309283119671793  0.082297932628703  0.500000000000000  0.455334916795989 
50.0    T  0.286379474494939  0.047960815500028  0.264254510140345  0.059954007457829  0.000000000000000  0.069927318814732  0.000000000000000  0.000000000000000  0.000000000000000  0.000000000000000  0.000000000000000  0.000000000000000  0.048934643516034  0.000000000000000  0.000000000000000  0.151774360549381  0.052192994964273  0.018542762463383  0.000000000000000  0.000000000000000  0.973329374158238  0.000000000000000  0.026387527731993  0.000000000000000  0.000000000000000  0.000000000000000  1.000000000000000  0.081052472165688  1.000000000000000  0.497579860910041 
51.0    E  0.157890907730725  0.000000000000000  0.039037378926668  0.447822835045425  0.000000000000000  0.103449602009776  0.000000000000000  0.000000000000000  0.064390872101255  0.019451159927846  0.000000000000000  0.000000000000000  0.000000000000000  0.000000000000000  0.024130472909118  0.033169475279681  0.000000000000000  0.110567554416443  0.000000000000000  0.000000000000000  0.954621014139717  0.023083407243478  0.022498926851792  1.000000000000000  0.000000000000000  1.000000000000000  0.000000000000000  0.110261420649647  0.500000000000000  0.480630464194381 
52.0    G  0.029894004940371  0.000000000000000  0.000000000000000  0.086629367853151  0.000000000000000  0.394473420426233  0.000000000000000  0.000000000000000  0.071793647187315  0.000000000000000  0.026663315566002  0.120240931833097  0.032712821311705  0.000000000000000  0.074998211398326  0.095921631000055  0.066615421004246  0.000000000000000  0.000000000000000  0.000000000000000  1.000000000000000  0.000000000000000  0.000000000000000  0.000000000000000  0.000000000000000  0.000000000000000  1.000000000000000  0.088818252698835  1.000000000000000  0.500000000000000 
53.0    E  0.000000000000000  0.000000000000000  0.129318447689864  0.288571354379210  0.000000000000000  0.033749267494778  0.000000000000000  0.000000000000000  0.122767449407924  0.000000000000000  0.000000000000000  0.000000000000000  0.000000000000000  0.343171107813728  0.000000000000000  0.000000000000000  0.082469244423306  0.000000000000000  0.000000000000000  0.000000000000000  1.000000000000000  0.000000000000000  0.000000000000000  0.000000000000000  0.000000000000000  1.000000000000000  0.000000000000000  0.088879838161705  1.000000000000000  0.500000000000000 
54.0    D  0.241986756723434  0.000000000000000  0.096054698830501  0.174827010342308  0.000000000000000  0.254899420749548  0.000000000000000  0.000000000000000  0.032329611922466  0.000000000000000  0.000000000000000  0.000000000000000  0.037085524926767  0.060078808024298  0.027584468634083  0.055668306287918  0.000000000000000  0.019437682082789  0.000000000000000  0.000000000000000  1.000000000000000  0.000000000000000  0.000000000000000  0.000000000000000  0.000000000000000  0.000000000000000  0.000000000000000  0.098823639575493  1.000000000000000  1.000000000000000 
55.0    D  0.101461197622160  0.000000000000000  0.173739777480292  0.227825320159285  0.000000000000000  0.185179974752540  0.000000000000000  0.000000000000000  0.000000000000000  0.000000000000000  0.032894723584670  0.027988927190339  0.000000000000000  0.000000000000000  0.000000000000000  0.094273754792911  0.059622471909222  0.097193254485320  0.000000000000000  0.000000000000000  1.000000000000000  0.000000000000000  0.000000000000000  0.000000000000000  0.000000000000000  0.000000000000000  0.000000000000000  0.098823639575493  1.000000000000000  1.000000000000000 
56.0    G  0.245364765963370  0.000000000000000  0.042955896736626  0.122512426917734  0.000000000000000  0.119493164699218  0.000000000000000  0.000000000000000  0.087292408279212  0.000000000000000  0.000000000000000  0.042629619839980  0.000000000000000  0.066707833627497  0.020934118787935  0.102237757319723  0.083446768955994  0.066430979647410  0.000000000000000  0.000000000000000  1.000000000000000  0.000000000000000  0.000000000000000  0.000000000000000  0.000000000000000  0.000000000000000  0.000000000000000  0.090245574720156  1.000000000000000  1.000000000000000 
57.0    Q  0.069733707645310  0.000000000000000  0.094404536597677  0.027757087370075  0.000000000000000  0.136597217387619  0.000000000000000  0.000000000000000  0.029217974929733  0.000000000000000  0.000000000000000  0.000000000000000  0.000000000000000  0.117848066989780  0.000000000000000  0.309497572709361  0.184923438656105  0.030101934188130  0.000000000000000  0.000000000000000  0.933032991536807  0.067265007798987  0.000000000000000  1.000000000000000  0.000000000000000  0.000000000000000  0.000000000000000  0.090245574720156  0.482633512435878  1.000000000000000 
58.0    R  0.110108671765872  0.000000000000000  0.062154385542076  0.030081076346930  0.000000000000000  0.000000000000000  0.000000000000000  0.000000000000000  0.090747392493993  0.000000000000000  0.000000000000000  0.000000000000000  0.131123665946868  0.046908721797324  0.081956375888478  0.258995690890005  0.188025468923586  0.000000000000000  0.000000000000000  0.000000000000000  1.000000000000000  0.000000000000000  0.000000000000000  0.000000000000000  0.000000000000000  0.000000000000000  0.000000000000000  0.105257869201052  1.000000000000000  1.000000000000000 
59.0    S  0.114070686067931  0.000000000000000  0.000000000000000  0.000000000000000  0.030353359235676  0.000000000000000  0.000000000000000  0.000000000000000  0.000000000000000  0.000000000000000  0.000000000000000  0.127096834161495  0.178500497460633  0.000000000000000  0.046908721797324  0.474671060475260  0.028497911422493  0.000000000000000  0.000000000000000  0.000000000000000  1.000000000000000  0.000000000000000  0.000000000000000  0.000000000000000  0.000000000000000  0.000000000000000  0.000000000000000  0.105257869201052  1.000000000000000  1.000000000000000 
60.0    S  0.107469560780376  0.000000000000000  0.270181350509838  0.211686328090632  0.000000000000000  0.000000000000000  0.000000000000000  0.000000000000000  0.000000000000000  0.000000000000000  0.000000000000000  0.000000000000000  0.187764990867616  0.000000000000000  0.000000000000000  0.186597297912119  0.036271997324491  0.000000000000000  0.000000000000000  0.000000000000000  1.000000000000000  0.000000000000000  0.000000000000000  0.000000000000000  0.000000000000000  0.000000000000000  0.000000000000000  0.105257869201052  1.000000000000000  1.000000000000000 
61.0    T  0.075206439124969  0.089250248730317  0.000000000000000  0.160539476123678  0.000000000000000  0.038419964601706  0.000000000000000  0.000000000000000  0.217336140022505  0.000000000000000  0.000000000000000  0.000000000000000  0.047994070928191  0.000000000000000  0.083158065067543  0.140729823267095  0.147419574032652  0.000000000000000  0.000000000000000  0.000000000000000  1.000000000000000  0.000000000000000  0.000000000000000  0.000000000000000  0.000000000000000  0.000000000000000  0.000000000000000  0.090810315598211  1.000000000000000  1.000000000000000 
62.0    E  0.073863221683398  0.000000000000000  0.208627320288852  0.473685035299634  0.000000000000000  0.048361406048200  0.000000000000000  0.000000000000000  0.153148166488085  0.000000000000000  0.000000000000000  0.000000000000000  0.000000000000000  0.000000000000000  0.000000000000000  0.000000000000000  0.000000000000000  0.042159454198116  0.000000000000000  0.000000000000000  1.000000000000000  0.000000000000000  0.000000000000000  0.000000000000000  0.000000000000000  0.000000000000000  0.000000000000000  0.094666644742311  1.000000000000000  1.000000000000000 
63.0    Q  0.263705579267015  0.000000000000000  0.051940366349603  0.000000000000000  0.000000000000000  0.040302132832996  0.000000000000000  0.000000000000000  0.037421209519342  0.038366740122346  0.000000000000000  0.000000000000000  0.294839148065304  0.160985203688728  0.000000000000000  0.086629367853151  0.025719385789960  0.000000000000000  0.000000000000000  0.000000000000000  1.000000000000000  0.000000000000000  0.000000000000000  0.000000000000000  0.000000000000000  0.000000000000000  0.000000000000000  0.094666644742311  1.000000000000000  1.000000000000000 
64.0    S  0.071297732241776  0.000000000000000  0.000000000000000  0.052229184932616  0.000000000000000  0.175190931135093  0.000000000000000  0.000000000000000  0.000000000000000  0.120825762133122  0.000000000000000  0.000000000000000  0.120407736752519  0.051940366349603  0.000000000000000  0.293412044570338  0.066201145917742  0.048361406048200  0.000000000000000  0.000000000000000  1.000000000000000  0.000000000000000  0.000000000000000  0.000000000000000  0.000000000000000  0.000000000000000  0.000000000000000  0.094666644742311  1.000000000000000  1.000000000000000 
65.0    G  0.098823639575493  0.000000000000000  0.000000000000000  0.073863221683398  0.000000000000000  0.240148715988369  0.000000000000000  0.000000000000000  0.129587637627465  0.000000000000000  0.066800374450688  0.023847800140009  0.089684345912919  0.090558884659680  0.000000000000000  0.047366142703450  0.139467415290621  0.000000000000000  0.000000000000000  0.000000000000000  1.000000000000000  0.000000000000000  0.000000000000000  0.000000000000000  0.000000000000000  0.000000000000000  0.000000000000000  0.094666644742311  1.000000000000000  1.000000000000000 
66.0    E  0.042159454198116  0.000000000000000  0.051796556530500  0.175433965754884  0.000000000000000  0.040302132832996  0.034386831542692  0.000000000000000  0.052229184932616  0.000000000000000  0.000000000000000  0.035500914524584  0.039064446955788  0.206899204019551  0.098892162648181  0.108217070689957  0.115183023274838  0.000000000000000  0.000000000000000  0.000000000000000  1.000000000000000  0.000000000000000  0.000000000000000  0.000000000000000  0.000000000000000  0.000000000000000  0.000000000000000  0.094666644742311  1.000000000000000  1.000000000000000 
67.0    A  0.060833085884890  0.000000000000000  0.000000000000000  0.037421209519342  0.000000000000000  0.000000000000000  0.000000000000000  0.000000000000000  0.000000000000000  0.000000000000000  0.000000000000000  0.051796556530500  0.362989569975974  0.210661707375788  0.000000000000000  0.206040521238310  0.070364911633548  0.000000000000000  0.000000000000000  0.000000000000000  1.000000000000000  0.000000000000000  0.000000000000000  0.000000000000000  0.000000000000000  0.000000000000000  0.000000000000000  0.094666644742311  1.000000000000000  1.000000000000000 
68.0    Q  0.000000000000000  0.000000000000000  0.044224817510208  0.436181352885379  0.000000000000000  0.000000000000000  0.000000000000000  0.000000000000000  0.229409970577841  0.000000000000000  0.000000000000000  0.000000000000000  0.000000000000000  0.209932873236035  0.000000000000000  0.000000000000000  0.080269738061839  0.000000000000000  0.000000000000000  0.000000000000000  1.000000000000000  0.000000000000000  0.000000000000000  0.000000000000000  0.000000000000000  0.000000000000000  0.000000000000000  0.094666644742311  1.000000000000000  1.000000000000000 
69.0    G  0.135841857815757  0.000000000000000  0.000000000000000  0.143886186415970  0.000000000000000  0.269994139958221  0.000000000000000  0.068156733291579  0.045216715183454  0.000000000000000  0.000000000000000  0.038956287321097  0.000000000000000  0.000000000000000  0.000000000000000  0.244007940194056  0.053921334033916  0.000000000000000  0.000000000000000  0.000000000000000  1.000000000000000  0.000000000000000  0.000000000000000  0.000000000000000  0.000000000000000  0.000000000000000  0.000000000000000  0.095457343622544  1.000000000000000  1.000000000000000 
70.0    E  0.056877426505056  0.000000000000000  0.000000000000000  0.116386852478779  0.000000000000000  0.109499789383391  0.000000000000000  0.000000000000000  0.035476315692065  0.000000000000000  0.000000000000000  0.000000000000000  0.151144459479170  0.346998179753898  0.000000000000000  0.183773417048630  0.000000000000000  0.000000000000000  0.000000000000000  0.000000000000000  1.000000000000000  0.000000000000000  0.000000000000000  0.000000000000000  0.000000000000000  0.000000000000000  0.000000000000000  0.101672399766516  1.000000000000000  1.000000000000000 
71.0    A  0.264621098718783  0.000000000000000  0.369334515895640  0.366275218652834  0.000000000000000  0.000000000000000  0.000000000000000  0.000000000000000  0.000000000000000  0.000000000000000  0.000000000000000  0.000000000000000  0.000000000000000  0.000000000000000  0.000000000000000  0.000000000000000  0.000000000000000  0.000000000000000  0.000000000000000  0.000000000000000  1.000000000000000  0.000000000000000  0.000000000000000  0.000000000000000  0.000000000000000  0.000000000000000  0.000000000000000  0.216284172646247  1.000000000000000  1.000000000000000 
72.0    A  0.354289349127054  0.000000000000000  0.000000000000000  0.000000000000000  0.000000000000000  0.000000000000000  0.000000000000000  0.000000000000000  0.000000000000000  0.000000000000000  0.000000000000000  0.000000000000000  0.000000000000000  0.000000000000000  0.319524840800763  0.326464946772229  0.000000000000000  0.000000000000000  0.000000000000000  0.000000000000000  1.000000000000000  0.000000000000000  0.000000000000000  0.000000000000000  0.000000000000000  0.000000000000000  0.000000000000000  0.242826873885408  1.000000000000000  1.000000000000000 
73.0    K  0.000000000000000  0.000000000000000  0.000000000000000  0.000000000000000  0.000000000000000  0.000000000000000  0.000000000000000  0.000000000000000  0.680657058249737  0.000000000000000  0.000000000000000  0.000000000000000  0.000000000000000  0.000000000000000  0.000000000000000  0.319524840800763  0.000000000000000  0.000000000000000  0.000000000000000  0.000000000000000  1.000000000000000  0.000000000000000  0.000000000000000  0.000000000000000  0.000000000000000  0.000000000000000  0.000000000000000  0.242826873885408  1.000000000000000  1.000000000000000 
74.0    S  0.000000000000000  0.000000000000000  0.000000000000000  0.000000000000000  0.000000000000000  0.000000000000000  0.000000000000000  0.000000000000000  0.000000000000000  0.000000000000000  0.000000000000000  0.000000000000000  0.000000000000000  0.000000000000000  0.000000000000000  1.000000000000000  0.000000000000000  0.000000000000000  0.000000000000000  0.000000000000000  1.000000000000000  0.000000000000000  0.000000000000000  0.000000000000000  0.000000000000000  0.000000000000000  0.000000000000000  0.500000000000000  1.000000000000000  1.000000000000000 
75.0    E  0.000000000000000  0.000000000000000  0.000000000000000  1.000000000000000  0.000000000000000  0.000000000000000  0.000000000000000  0.000000000000000  0.000000000000000  0.000000000000000  0.000000000000000  0.000000000000000  0.000000000000000  0.000000000000000  0.000000000000000  0.000000000000000  0.000000000000000  0.000000000000000  0.000000000000000  0.000000000000000  1.000000000000000  0.000000000000000  0.000000000000000  0.000000000000000  0.000000000000000  0.000000000000000  0.000000000000000  0.500000000000000  1.000000000000000  1.000000000000000 
76.0    S  0.000000000000000  0.000000000000000  0.000000000000000  0.000000000000000  0.000000000000000  0.000000000000000  0.000000000000000  0.000000000000000  0.000000000000000  0.000000000000000  0.000000000000000  0.000000000000000  0.000000000000000  0.000000000000000  0.000000000000000  1.000000000000000  0.000000000000000  0.000000000000000  0.000000000000000  0.000000000000000  1.000000000000000  0.000000000000000  0.000000000000000  1.000000000000000  0.000000000000000  0.000000000000000  0.000000000000000  0.500000000000000  1.000000000000000  1.000000000000000 
