No:  residues  hmm_col_1  hmm_col_2  hmm_col_3  hmm_col_4  hmm_col_5  hmm_col_6  hmm_col_7  hmm_col_8  hmm_col_9  hmm_col_10  hmm_col_11  hmm_col_12  hmm_col_13  hmm_col_14  hmm_col_15  hmm_col_16  hmm_col_17  hmm_col_18  hmm_col_19  hmm_col_20  hmm_col_21   hmm_col_22   hmm_col_23   hmm_col_24   hmm_col_25   hmm_col_26   hmm_col_27   hmm_col_28   hmm_col_29   hmm_col_30   
1.0    M  0.039527485698561  0.000000000000000  0.000000000000000  0.000000000000000  0.046584699587466  0.008638520729065  0.000000000000000  0.029852591761951  0.010554485035435  0.066017851584491  0.546010272872826  0.000000000000000  0.000000000000000  0.057551606075315  0.138888591081887  0.007114608074937  0.020934118787935  0.009316475565083  0.000000000000000  0.018893057434896  0.724973416439426  0.054560474445860  0.220370039476793  0.432268615653933  0.567621051073032  0.000000000000000  0.000000000000000  0.050415109951383  0.481297221550876  1.000000000000000 
2.0    A  0.065199287095616  0.002284350906351  0.022235366581791  0.038101721689884  0.024586326417299  0.034482304376311  0.003642134712644  0.093104841445169  0.004968410182592  0.407818746669505  0.135653671485226  0.019859870145401  0.009571760405505  0.015635834179103  0.015474107373954  0.051976381148432  0.021182255106250  0.030416542942445  0.000000000000000  0.003796800734302  0.982820598545251  0.016921485086343  0.000000000000000  0.496202187342909  0.503826880205252  1.000000000000000  0.000000000000000  0.012318752719629  0.468460723436213  0.441351498145327 
3.0    Y  0.014288517023436  0.000000000000000  0.004635690615846  0.002980975017501  0.052628934600526  0.000000000000000  0.014043048853297  0.000000000000000  0.000000000000000  0.015832139064986  0.000000000000000  0.002268571742042  0.000000000000000  0.001590835084122  0.001962624649265  0.003438511771731  0.003255285965466  0.007982188146205  0.004829200237972  0.870550563296124  0.992404374685819  0.006112592044816  0.001794751725545  0.342458244991391  0.657471380102535  0.000000000000000  1.000000000000000  0.012242143546083  0.483638164806966  0.493116352246680 
4.0    S  0.013021143861863  0.002325892283916  0.016596237288990  0.007188966020507  0.003584530790279  0.037085524926767  0.061086610400675  0.009929935072701  0.013936383115939  0.002195857273005  0.003438511771731  0.107395094368398  0.015942260300757  0.189333289484622  0.139177702278586  0.282828615711475  0.092461719328052  0.002314634318245  0.000000000000000  0.000000000000000  0.992404374685819  0.007525483547032  0.000000000000000  0.224533093220984  0.775393206347005  1.000000000000000  0.000000000000000  0.010605820155313  0.476979775273779  0.489710148793463 
5.0    E  0.077160162930846  0.001299344766680  0.173499089876949  0.322417062663971  0.008332701412748  0.016804599850897  0.001924901048710  0.003963525572582  0.070364911633548  0.010598471308185  0.002718449984045  0.023292349793733  0.047596523115727  0.137166492197405  0.034101996157967  0.039281667953807  0.022624033943431  0.005179397501167  0.000000000000000  0.001809742308380  0.989656656415207  0.005810991259510  0.004785880202753  1.000000000000000  0.000000000000000  0.000000000000000  0.000000000000000  0.010019817209080  0.490049707670935  1.000000000000000 
6.0    K  0.031271668358206  0.000000000000000  0.015592542484360  0.075572229739585  0.006796463693036  0.002944013495231  0.004496443325499  0.152512563784028  0.235859562723840  0.070609200910633  0.009834040418007  0.013744516811288  0.000000000000000  0.037343475151774  0.120574773073017  0.006533174999329  0.059416193826864  0.146299830184324  0.002115185635793  0.008644510571033  0.993092495437036  0.002758309383564  0.004126115724031  0.561749951515823  0.438302860658018  0.875998315067126  0.124222636665319  0.009665097489744  0.488015880388112  0.483638164806966 
7.0    V  0.031730190652170  0.000000000000000  0.001757816269128  0.000000000000000  0.027565355162412  0.011719054603795  0.000000000000000  0.506979739895015  0.003166269999552  0.121413436942704  0.005051753640185  0.000000000000000  0.000000000000000  0.000000000000000  0.000000000000000  0.006948898387015  0.010605820155313  0.267386771971311  0.000000000000000  0.005644259366889  1.000000000000000  0.000000000000000  0.000000000000000  0.000000000000000  0.000000000000000  0.000000000000000  1.000000000000000  0.009611651130868  1.000000000000000  0.488692883205403 
8.0    I  0.011288518733778  0.005953690743515  0.003713512114179  0.006707542472170  0.031664278129971  0.006619784648017  0.004434539461508  0.119244943818445  0.049962864397030  0.471065636952404  0.144686277123765  0.006601456128223  0.000000000000000  0.018919266936727  0.026515871928309  0.004992575637512  0.022421086478230  0.047104215923699  0.003217152411201  0.014864348067684  0.997922718999051  0.000000000000000  0.001756598265914  0.500000000000000  0.500000000000000  1.000000000000000  0.000000000000000  0.009512234520805  0.497924876547229  0.488692883205403 
9.0    D  0.070854338298651  0.000000000000000  0.444421340583285  0.280485870132621  0.000000000000000  0.010272990314102  0.007588339808919  0.000000000000000  0.051367511705928  0.006506060710004  0.007483868892365  0.014477938467037  0.000000000000000  0.026241609154504  0.035624164771671  0.025190088484155  0.012895397008010  0.001163752514232  0.000000000000000  0.005325010184697  1.000000000000000  0.000000000000000  0.000000000000000  0.000000000000000  0.000000000000000  0.000000000000000  1.000000000000000  0.009420373653834  1.000000000000000  0.497924876547229 
10.0    H  0.037786114869793  0.000000000000000  0.000000000000000  0.008795613954193  0.022971677131079  0.000000000000000  0.557869661162482  0.019077289260455  0.016619260513956  0.153999759180720  0.007279222103944  0.020277168233425  0.002746861718580  0.004626060983803  0.041550222130679  0.008361630456458  0.006336930902946  0.008620576094078  0.007688937672139  0.075310769687174  0.990342871933025  0.001541980247462  0.008361630456458  1.000000000000000  0.000000000000000  0.000000000000000  1.000000000000000  0.009420373653834  0.498961359499525  0.497924876547229 
11.0    Y  0.250173346865645  0.008496003053554  0.002137292385275  0.000000000000000  0.195874296737335  0.017506081471784  0.002841759147724  0.015377875344278  0.003685305667560  0.026096497482137  0.028478165019911  0.052192994964273  0.000000000000000  0.000000000000000  0.001353583872705  0.089064850884299  0.003527837930281  0.020474896935287  0.021463066147338  0.261340025051291  0.999307092990453  0.000000000000000  0.000976562500000  0.000000000000000  0.000000000000000  0.177390419525048  0.822450068712464  0.009611651130868  1.000000000000000  0.475988954248766 
12.0    E  0.107544078826430  0.004277548714037  0.021507743774855  0.107246316303586  0.043465061615937  0.026479138592066  0.019998006466317  0.013111713079790  0.154106540682976  0.067451764781527  0.064435519924674  0.044656066866909  0.000000000000000  0.054033576956742  0.152406886759538  0.044163551371335  0.035231262879544  0.027565355162412  0.000860820466706  0.011509747545441  0.999307092990453  0.001009600328367  0.000000000000000  0.166662334636400  0.833353207159218  0.819036697859828  0.180866860733816  0.009651708102554  0.500000000000000  0.475659138165900 
13.0    N  0.031884520601514  0.006323767316777  0.085141127165031  0.042955896736626  0.006702894768974  0.005974360460480  0.118175264593843  0.002785206479227  0.069108165832517  0.005953690743515  0.001323890944141  0.420156876116641  0.000000000000000  0.043949787497285  0.066800374450688  0.051724801004888  0.018401918587422  0.000000000000000  0.000000000000000  0.022765611154656  1.000000000000000  0.000000000000000  0.000000000000000  0.000000000000000  0.000000000000000  0.000000000000000  1.000000000000000  0.009453078822026  1.000000000000000  0.497924876547229 
14.0    P  0.018312848182414  0.000000000000000  0.005578140545645  0.004364402883095  0.008662505028149  0.006881791985367  0.000000000000000  0.077804639711386  0.027795593548059  0.034794425569646  0.010103507280371  0.017787406704295  0.688725023191569  0.014023594541676  0.032803646363221  0.011816937478781  0.024030325488598  0.011040887842834  0.000000000000000  0.005332397335489  0.997231251352069  0.000000000000000  0.002506691206178  0.000000000000000  0.000000000000000  0.000000000000000  1.000000000000000  0.009453078822026  1.000000000000000  0.497924876547229 
15.0    R  0.040751585476830  0.004195329967266  0.023980407750014  0.045091521464426  0.000000000000000  0.002656974321105  0.108668070011253  0.012015162744299  0.112969090843886  0.029339742103608  0.002970661627424  0.012473412286823  0.093234001668217  0.054071043161562  0.385018587118036  0.026830169888680  0.016470178488918  0.016458766186794  0.000000000000000  0.012940166583352  1.000000000000000  0.000000000000000  0.000000000000000  0.000000000000000  0.000000000000000  0.323985241358333  0.675955416514063  0.009459633468364  1.000000000000000  0.490729531926740 
16.0    N  0.009712106788312  0.014248955711246  0.009030364894959  0.000000000000000  0.042217940141739  0.069492447344819  0.199436309952258  0.000000000000000  0.015920174947136  0.013687473672924  0.003346804510815  0.488692883205403  0.006172197748933  0.004671171081157  0.056602123938614  0.012352954946937  0.000000000000000  0.001787303062750  0.000000000000000  0.052738487258126  0.989656656415207  0.005986796719562  0.004626060983803  0.303128204765434  0.696888619343735  0.404160434402784  0.595841287287023  0.009446528717448  0.483973513446869  0.494485458190466 
17.0    V  0.086269834587289  0.012542771698687  0.014978116226453  0.013715965587649  0.068488235402981  0.023035456520173  0.037864770638445  0.046166814486955  0.127184961512836  0.053809324271181  0.021388809579560  0.031620412532092  0.001750520897596  0.026497498894786  0.110567554416443  0.031884520601514  0.026755883892077  0.191710332459137  0.002140257356343  0.071644511608024  0.994470168673214  0.002767885540055  0.003030979899511  0.500000000000000  0.500000000000000  0.000000000000000  1.000000000000000  0.009479324689443  0.496202187342909  0.484980955170867 
18.0    G  0.016700093612672  0.002162626141571  0.014447863720527  0.038101721689884  0.000000000000000  0.690637224071928  0.037812315288103  0.005154327776457  0.025701564647265  0.011117683290895  0.001484301617580  0.018350968300213  0.029687511964840  0.012199788946990  0.044997853703584  0.008974205898414  0.018085784640471  0.014843755982420  0.000000000000000  0.009645020366356  0.948026965128645  0.031401994388243  0.020375792738415  0.147828875030518  0.852044095074866  0.493458272942921  0.506628450079543  0.009492474936758  0.414659772907221  0.476979775273779 
19.0    S  0.055591187096119  0.004316267518750  0.048361406048200  0.151249261152412  0.008367428306183  0.008195229121679  0.018879966302968  0.025844480263852  0.096121301954392  0.085200162955157  0.007188966020507  0.012709049970814  0.055475708579344  0.030143693268254  0.142397922152764  0.101110168545217  0.059128602920350  0.076680311078363  0.006381007743047  0.006688970973019  0.969961910341735  0.004316267518750  0.025934205799687  1.000000000000000  0.000000000000000  0.678772489940003  0.321301584367343  0.009571760405505  0.493116352246680  0.432568345292494 
20.0    F  0.010851211998165  0.007807086663988  0.013801797679398  0.006730829372750  0.056759276107594  0.010583788886604  0.001858043508461  0.145188591490715  0.007731692628244  0.496202187342909  0.071594868623735  0.003812624065532  0.035921714001084  0.004903406215948  0.046230859664026  0.005240789940946  0.019627224705368  0.054033576956742  0.000000000000000  0.000906754738581  0.981459063853479  0.009834040418007  0.008425628372613  1.000000000000000  0.000000000000000  0.493116352246680  0.506979739895015  0.009936820365184  0.476649272644080  0.420448207626857 
21.0    D  0.086090627898946  0.004349303196206  0.206899204019551  0.300617312224544  0.003064781632409  0.024046987815013  0.001744464555376  0.004446851676074  0.045405157799105  0.009950605275988  0.000000000000000  0.049104532291724  0.100064351332038  0.017217267435572  0.004080608448688  0.065018766657624  0.067358321565229  0.010430846119499  0.000000000000000  0.000000000000000  0.942784535918240  0.033192474577980  0.024113752735296  0.257385020858499  0.742776460330414  0.248962438273615  0.751059963470465  0.009611651130868  0.418703243754213  0.439824537961218 
22.0    N  0.062456693311903  0.002591494415229  0.218696191226455  0.111800612722826  0.000000000000000  0.059005776196891  0.043797732783773  0.005347202394890  0.104675810938553  0.021021362633154  0.002301834780882  0.158878961163208  0.056289123740496  0.032644867589507  0.022971677131079  0.050625217102003  0.034434534871144  0.003890038098025  0.000000000000000  0.008543245761599  0.899378312147752  0.000000000000000  0.100411749594629  0.000000000000000  0.000000000000000  0.592957249705474  0.406971592535217  0.009929935072701  1.000000000000000  0.398596238270268 
23.0    N  0.282632641781148  0.013175486097658  0.043525358770907  0.055283777208221  0.056798632278033  0.015986522964601  0.011296346051139  0.008620576094078  0.051438771579919  0.007055675860561  0.003094667230176  0.051796556530500  0.266461684016986  0.007340021478234  0.004063672916102  0.033077637339848  0.041521431690516  0.013470992890900  0.003540085696357  0.029852591761951  0.988285651500733  0.001359224992023  0.010635266535152  1.000000000000000  0.000000000000000  0.813379198132126  0.186597297912119  0.009591685030586  0.500000000000000  0.278548412704833 
24.0    D  0.055591187096119  0.010821167719617  0.365008002663630  0.049036506118547  0.019984149707460  0.015733680469636  0.033215489823705  0.008807815719886  0.020025748815003  0.010510681316577  0.005501344636375  0.111413811987121  0.029482445340480  0.036397924577139  0.006319385534076  0.079660039207454  0.117684808067651  0.013499034178129  0.001377244102036  0.009943710431843  0.550952557938305  0.051118878659861  0.398044049389390  0.139467415290621  0.860352630611440  0.148136596367698  0.852044095074866  0.009645020366356  0.380508345209840  0.426022047537433 
25.0    E  0.146909541052471  0.026607928367155  0.034149304346905  0.061939347704005  0.037240080455439  0.056211144509235  0.088082547196376  0.039830019603727  0.049549008538143  0.063284675459406  0.017530366883289  0.038740865623093  0.094143154164613  0.008537326086726  0.032599643547808  0.037085524926767  0.048127323389754  0.078400137782562  0.002841759147724  0.038207508677877  0.555939578758553  0.007478683267151  0.436483795566881  0.276241121199978  0.723969086189780  0.059663813383732  0.940174202509126  0.012709049970814  0.484309094613314  0.071100326742032 
26.0    N  0.086990399489444  0.035500914524584  0.050800975124020  0.076839929203411  0.041349107497129  0.075834597515543  0.055207190717592  0.021138253610161  0.058760887656820  0.020876157474845  0.001508154556820  0.081333865965121  0.006958538285990  0.042718357873182  0.049446081324091  0.124826833262629  0.060120465916548  0.035847094507068  0.000000000000000  0.073863221683398  0.973329374158238  0.022608357591727  0.003993861447695  0.394746943350277  0.605416541975277  0.227983291379942  0.772175133091785  0.014843755982420  0.475329550614909  0.032531924927628 
27.0    V  0.039968299414920  0.017145811524676  0.028008334361544  0.038848427153248  0.007188966020507  0.003749723675933  0.049172652834598  0.067358321565229  0.028144561870248  0.133786087303328  0.028144561870248  0.009691932013401  0.005794902085317  0.047794883683837  0.027603595358796  0.056719947207323  0.033632503899494  0.342695701244926  0.004822510183178  0.029666941279704  0.802181166352486  0.058638824781292  0.139467415290621  0.853226098112067  0.146502785459314  0.693034942825207  0.306721244313451  0.012123919598045  0.431669779287206  0.053142135004012 
28.0    G  0.220064753390788  0.012744335833422  0.006542238183660  0.049480366616954  0.018440224114628  0.325561047392257  0.038207508677877  0.043646204139606  0.019984149707460  0.033960464453939  0.001445716111328  0.008149910886952  0.012806321994336  0.017062821027276  0.019804883156788  0.030522141530070  0.039527485698561  0.085911793473252  0.000000000000000  0.015986522964601  0.952637998043937  0.000000000000000  0.047530586038782  0.000000000000000  0.000000000000000  0.636838737663250  0.363241262392842  0.010394758133443  1.000000000000000  0.165511113799425 
29.0    S  0.028419007868773  0.014680042956469  0.017313005435389  0.080325396091836  0.010423618513108  0.028359973603661  0.062283766426742  0.070121467533155  0.051225287977345  0.013659040943912  0.008949358577967  0.004575039770386  0.010694404789780  0.034149304346905  0.048529304687565  0.098550021757035  0.227983291379942  0.169106028881284  0.000000000000000  0.020746330599726  0.908148417721510  0.000000000000000  0.092014178885511  0.000000000000000  0.000000000000000  0.150517172653927  0.849684999138650  0.009691932013401  1.000000000000000  0.270181350509838 
30.0    G  0.209061599978516  0.005211809256554  0.009512234520805  0.023503183615448  0.009840859218339  0.463615273217731  0.032150834621674  0.024688790995731  0.009156424091207  0.047366142703450  0.017518219969195  0.009604991150426  0.000000000000000  0.008826150113829  0.005328702479997  0.047333322371155  0.009381276777228  0.060959716345478  0.000000000000000  0.006900898839699  0.830470024090894  0.003996630741150  0.165625877130651  0.166662334636400  0.833353207159218  0.358737383651676  0.641268301381124  0.010387555532670  0.495514781632040  0.205327675188016 
31.0    M  0.021006796783635  0.008728805766189  0.044811101500495  0.223291463088190  0.030227385300435  0.000000000000000  0.091441951294020  0.027757087370075  0.092525831125003  0.088082547196376  0.051438771579919  0.016816251949747  0.005226279510883  0.054258764225065  0.057951909152216  0.068726009332159  0.080158537672641  0.035255691795516  0.000000000000000  0.002319452472800  0.997231251352069  0.000502356790964  0.002146199643705  0.105769824575036  0.894404901782606  0.130851285246822  0.869344560090022  0.010272990314102  0.477310507069858  0.150204506190856 
32.0    V  0.126218912199586  0.012949139132625  0.015668381810954  0.023568438698228  0.022281651833815  0.120825762133122  0.025862400502444  0.042247213532129  0.074171049853533  0.054033576956742  0.023292349793733  0.012259126529637  0.002300239823428  0.057631444869539  0.038313589376661  0.046843737554861  0.022608357591727  0.258099633870810  0.002767885540055  0.018098325096791  0.975355461527642  0.001458802204211  0.023340835267380  0.250000000000000  0.750019494642909  0.896266699569405  0.103880732699206  0.009840859218339  0.500000000000000  0.172300644121954 
33.0    G  0.019478143660548  0.000000000000000  0.027035521580781  0.046520164223954  0.026515871928309  0.326917837134190  0.123279088061670  0.020207014560742  0.055706905993561  0.023683071351725  0.001566760090532  0.037265902260332  0.000000000000000  0.013221228071880  0.083620472174132  0.021300040738789  0.034101996157967  0.090245574720156  0.000000000000000  0.049343367918785  0.961927454664775  0.030883926609398  0.007011797270838  0.500000000000000  0.500000000000000  0.875391329694264  0.124653906419009  0.008801712722635  0.419865746472070  0.404160434402784 
34.0    A  0.135371880690741  0.008967987608242  0.047202268298838  0.012107123921237  0.004845966006701  0.033725882390763  0.015019702006074  0.001473027418639  0.029258507732328  0.003190503871524  0.002785206479227  0.444113397921202  0.000000000000000  0.009049162548396  0.007598866776658  0.206755842110816  0.025365299405540  0.007036140467562  0.000000000000000  0.006176477473468  0.988285651500733  0.005974360460480  0.005758864130043  0.500000000000000  0.500000000000000  0.179120206296638  0.820741608810498  0.008734858210671  0.488015880388112  0.471719125447680 
35.0    P  0.041492661199451  0.000000000000000  0.022005378545501  0.054258764225065  0.000000000000000  0.024620433939042  0.007657026682358  0.030883926609398  0.038660389958974  0.043676467870346  0.003941607944706  0.020347565462016  0.566441942647899  0.019791160214425  0.042042725266307  0.052048485680034  0.018338252785646  0.013840117485974  0.000000000000000  0.000000000000000  0.976031760776225  0.000000000000000  0.023633874957562  0.000000000000000  0.000000000000000  1.000000000000000  0.000000000000000  0.008734858210671  1.000000000000000  0.462331639056850 
36.0    A  0.133786087303328  0.000000000000000  0.019290040732712  0.061725053840336  0.009565128065627  0.026442456143759  0.007294374569651  0.028696130071904  0.053586002289636  0.161992620679167  0.021732530807969  0.028242272710971  0.009705377201441  0.020717590004667  0.007710285514733  0.205470046823713  0.148444958259176  0.047169561516268  0.000000000000000  0.008413956064008  0.995159721820083  0.004322255285517  0.000689577345891  0.333324669272800  0.666649338545599  1.000000000000000  0.000000000000000  0.008662505028149  0.490729531926740  0.443498152576075 
37.0    C  0.004951220789197  0.879039560911787  0.004069310269563  0.012284645189693  0.000000000000000  0.007188966020507  0.014649548382142  0.002463627751624  0.004250947037777  0.000000000000000  0.008496003053554  0.011638105180646  0.002789070272822  0.000000000000000  0.014843755982420  0.004106144176124  0.017409275794052  0.004328251358847  0.004642121504129  0.002727887758725  1.000000000000000  0.000000000000000  0.000000000000000  0.000000000000000  0.000000000000000  1.000000000000000  0.000000000000000  0.008543245761599  1.000000000000000  0.500000000000000 
38.0    G  0.017518219969195  0.000000000000000  0.010488847677971  0.007817917089551  0.000000000000000  0.896266699569405  0.000000000000000  0.017421347167620  0.012149156810665  0.000000000000000  0.000000000000000  0.004013286872574  0.000000000000000  0.014298424501999  0.003744529056613  0.010202029586632  0.000000000000000  0.006363340336486  0.000000000000000  0.000000000000000  0.993092495437036  0.006684336138145  0.000000000000000  0.683493725970905  0.316658563430804  0.000000000000000  0.000000000000000  0.008555097428075  0.483638164806966  1.000000000000000 
39.0    D  0.002789070272822  0.000000000000000  0.763129604480280  0.029831906691866  0.000000000000000  0.014741222670240  0.006306258394568  0.000000000000000  0.000820618898665  0.000000000000000  0.005974360460480  0.028419007868773  0.000000000000000  0.002329118891271  0.012310216969521  0.118421258824908  0.010110512925647  0.004896613361096  0.000000000000000  0.000000000000000  0.995849753094458  0.003849802097419  0.000000000000000  1.000000000000000  0.000000000000000  0.000000000000000  0.000000000000000  0.008555097428075  0.492774668469685  1.000000000000000 
40.0    V  0.082583650353642  0.006206518750751  0.066707833627497  0.154427329640866  0.012534080724258  0.006939271842519  0.016688522000748  0.042747978246953  0.040921419471361  0.013830527571555  0.018971795068673  0.014639397607382  0.000000000000000  0.058964890680960  0.086569341756933  0.040836414184162  0.155070912214424  0.145188591490715  0.005730989625654  0.030416542942445  0.980099415341871  0.020067434515460  0.000000000000000  0.780245480173703  0.219759890227947  0.000000000000000  0.000000000000000  0.008543245761599  0.451563255075911  1.000000000000000 
41.0    M  0.021403640311962  0.017205337470281  0.000000000000000  0.000000000000000  0.018529914053296  0.003135692924672  0.000000000000000  0.293819082104943  0.000000000000000  0.184411432135355  0.159099366909493  0.000000000000000  0.000000000000000  0.000000000000000  0.000000000000000  0.000000000000000  0.009505643426829  0.287971910587339  0.000000000000000  0.004759415092481  0.995159721820083  0.002379707546241  0.002605904628277  1.000000000000000  0.000000000000000  0.000000000000000  0.000000000000000  0.008531410513638  0.496546247718518  1.000000000000000 
42.0    K  0.029400815859806  0.000806521157164  0.029831906691866  0.106801217611217  0.003654779288404  0.000000000000000  0.034482304376311  0.042511589137686  0.168170901065228  0.027469986278493  0.005543450610158  0.024013674707625  0.000000000000000  0.043284670878466  0.133323222603971  0.032396909406866  0.275285399524491  0.032039601184019  0.005325010184697  0.005558841645448  1.000000000000000  0.000000000000000  0.000000000000000  0.000000000000000  0.000000000000000  0.000000000000000  1.000000000000000  0.008525499039492  1.000000000000000  0.494828328207603 
43.0    L  0.014367969471120  0.004886441719192  0.000000000000000  0.000000000000000  0.083852639055141  0.000000000000000  0.000000000000000  0.197100043514070  0.000000000000000  0.424253950852948  0.054371709544291  0.000000000000000  0.000000000000000  0.000000000000000  0.000000000000000  0.000000000000000  0.000000000000000  0.208338301789805  0.006032618227280  0.006787048321489  1.000000000000000  0.000000000000000  0.000000000000000  0.000000000000000  0.000000000000000  0.000000000000000  1.000000000000000  0.008525499039492  1.000000000000000  0.494828328207603 
44.0    Q  0.032486857349227  0.001492555196060  0.122173220801351  0.057631444869539  0.091188771515011  0.028996046139728  0.027641888604111  0.004325252283142  0.011549706494327  0.008303872455926  0.025683755852964  0.014101573866600  0.000000000000000  0.165511113799425  0.064973714698455  0.049928244778072  0.047104215923699  0.004543437662296  0.016198454703433  0.226094844390272  0.996540262827868  0.000000000000000  0.003146579261909  0.000000000000000  0.000000000000000  0.000000000000000  1.000000000000000  0.008525499039492  1.000000000000000  0.494828328207603 
45.0    I  0.044163551371335  0.002143226440584  0.000000000000000  0.000000000000000  0.024180703024100  0.002058772311115  0.000000000000000  0.197510327965844  0.000000000000000  0.413798408039103  0.038207508677877  0.000000000000000  0.000000000000000  0.003124844251300  0.000000000000000  0.005369487092078  0.011549706494327  0.206183387152520  0.039885274025905  0.011743449047387  0.994470168673214  0.003109719135855  0.002627670329144  0.370616752450709  0.629378586752429  0.571569167707018  0.428390977384285  0.008555097428075  0.494142825750366  0.484309094613314 
46.0    K  0.049997508020797  0.009578397344165  0.047333322371155  0.060496689180859  0.004667934393972  0.010315803445430  0.021388809579560  0.024399577893981  0.354780839050096  0.070854338298651  0.011179504062679  0.050066867349351  0.000000000000000  0.055016188347697  0.108217070689957  0.036701936600427  0.031906628928350  0.046617000834108  0.000000000000000  0.006574058455355  0.980099415341871  0.011973593439123  0.007965606898423  0.499307333050514  0.500693627855667  0.630251695791493  0.369590607818461  0.008537326086726  0.447202450891303  0.486664687079119 
47.0    V  0.015942260300757  0.025577161924713  0.002649617827046  0.007572576694805  0.043374772469237  0.004954653903617  0.001219918091458  0.247242729095233  0.002548740132205  0.201800268626191  0.040949793870574  0.001690891729531  0.003503469373680  0.000000000000000  0.009685216405773  0.003316782212683  0.020760715845258  0.358737383651676  0.005175808660333  0.003214923223745  0.889458993537898  0.032758202359904  0.077750728331154  0.668037039195050  0.332171453524128  0.714001989842532  0.286181040149671  0.008632535037499  0.417833479460927  0.445037866626248 
48.0    N  0.039037378926668  0.000000000000000  0.335643125695066  0.213454428597811  0.004951220789197  0.039527485698561  0.004419197120492  0.003474449193507  0.092654188112677  0.001285905197323  0.003026780980309  0.096521891636473  0.002645947221651  0.031862427593693  0.036121459579837  0.049446081324091  0.033054717613076  0.012824087637664  0.000000000000000  0.000000000000000  0.887611337269498  0.043858491438721  0.068488235402981  0.775393206347005  0.224688781652757  0.940826107513788  0.059457392270737  0.008472479756586  0.376311686852767  0.306721244313451 
49.0    D  0.039472726932681  0.000000000000000  0.302918165107561  0.159984051730538  0.001594146574513  0.131670129494355  0.013084476367319  0.000000000000000  0.047596523115727  0.000000000000000  0.001915583992165  0.131123665946868  0.069878865685366  0.019209982300853  0.023357019509921  0.029873291174804  0.021868529149925  0.003692977018558  0.000000000000000  0.002855580953906  0.472701058375372  0.006452169257310  0.520871714504111  0.631563630922900  0.368311921454120  0.771640087529467  0.228457862557350  0.008844522672740  0.473356815618357  0.342695701244926 
50.0    E  0.083910781423766  0.000000000000000  0.299577255334855  0.089188406607367  0.005425605999082  0.089003137224817  0.014487977288054  0.011398596439376  0.059912464905811  0.004446851676074  0.000000000000000  0.151564102382717  0.010187896369208  0.035036439938391  0.016921485086343  0.063592480756418  0.054183597719668  0.011079219028746  0.000000000000000  0.000000000000000  0.554784736033923  0.303128204765434  0.142102121654502  0.583174684894234  0.416676603579609  0.961260928388761  0.038419964601706  0.012904338514621  0.189464570813800  0.047333322371155 
51.0    G  0.022749836703111  0.000000000000000  0.189070999660495  0.106727214298906  0.000000000000000  0.401090583176243  0.023930593704600  0.001605234740810  0.047960815500028  0.007619964543185  0.000000000000000  0.099098017076286  0.010089510549237  0.030227385300435  0.019316800951890  0.022908074331081  0.011533706294397  0.001739634571497  0.000000000000000  0.004397806977097  0.944747040997206  0.043980261728919  0.011148550825921  0.711038705293637  0.288771446138396  0.937571096457110  0.062630100317477  0.008832270055661  0.395020655931689  0.299162240807679 
52.0    I  0.014936645587402  0.007016659163156  0.001859331852534  0.016481598704188  0.003101109105202  0.019818615614467  0.028261855548784  0.160428237195363  0.173619391970639  0.039968299414920  0.007026393063654  0.007427024228358  0.001519697610460  0.027355979052946  0.199436309952258  0.005365766536834  0.107842668067832  0.175677337525840  0.000000000000000  0.002785206479227  0.973329374158238  0.026774436086518  0.000000000000000  0.534773543942622  0.465224828851508  0.909408251800733  0.090496135773722  0.008608633717786  0.432868282759829  0.455334916795989 
53.0    I  0.003496191683312  0.000000000000000  0.000000000000000  0.000000000000000  0.015113692650218  0.000000000000000  0.002649617827046  0.678772489940003  0.003012130518375  0.066201145917742  0.000000000000000  0.002511909147325  0.002714684023130  0.000000000000000  0.000000000000000  0.003118353071706  0.002496287818756  0.217185546287656  0.000000000000000  0.002960383918966  0.992404374685819  0.000656917582286  0.006684336138145  1.000000000000000  0.000000000000000  0.000000000000000  1.000000000000000  0.008549169541100  0.500000000000000  0.494485458190466 
54.0    E  0.105476974516252  0.001267323014589  0.033307710502123  0.215685336135664  0.006633564425366  0.007360400577381  0.002802635809779  0.058638824781292  0.114625505400584  0.037034149091924  0.001763918965140  0.013340901787363  0.000000000000000  0.046811279200756  0.037447156916857  0.060959716345478  0.146604368653985  0.110261420649647  0.000000000000000  0.000000000000000  0.997922718999051  0.002180689378872  0.000000000000000  0.141316320890574  0.858565436437754  0.747424624317469  0.252612861621691  0.008620576094078  0.495171435966512  0.469761374607006 
55.0    D  0.074635199192162  0.000000000000000  0.517632461920689  0.151564102382717  0.001142967423315  0.022204563174709  0.001100976964986  0.003584530790279  0.047006367230897  0.002629492322806  0.001425812510405  0.044966674375338  0.000000000000000  0.037421209519342  0.044718016250716  0.033866436463899  0.012726680672972  0.001707380117989  0.000000000000000  0.001713307712369  1.000000000000000  0.000000000000000  0.000000000000000  0.000000000000000  0.000000000000000  0.476649272644080  0.523405140987288  0.008549169541100  1.000000000000000  0.494485458190466 
56.0    A  0.297095776264233  0.015239929086369  0.000000000000000  0.000949200183576  0.069156084568267  0.018338252785646  0.000000000000000  0.200684347178988  0.003584530790279  0.092333628973910  0.018414678247058  0.000000000000000  0.000000000000000  0.000000000000000  0.001344233985928  0.014082038478294  0.015124172295215  0.238489887636890  0.000000000000000  0.015134659206666  1.000000000000000  0.000000000000000  0.000000000000000  0.000000000000000  0.000000000000000  1.000000000000000  0.000000000000000  0.008549169541100  1.000000000000000  0.498615625676035 
57.0    R  0.161544103829687  0.025737219289612  0.007715631730042  0.003914381269842  0.003828513341179  0.120909541201742  0.014437852694482  0.008048859012657  0.242826873885408  0.008183875992967  0.003262062185267  0.012327294388320  0.000000000000000  0.017003788151106  0.152936005141483  0.167009259798762  0.029605314706227  0.014082038478294  0.005574275412960  0.001006804998823  0.998614666101029  0.000000000000000  0.001344233985928  0.000000000000000  0.000000000000000  0.000000000000000  0.000000000000000  0.008531410513638  1.000000000000000  1.000000000000000 
58.0    F  0.005742919282770  0.007385954037115  0.000000000000000  0.000000000000000  0.608783009331493  0.013331657783001  0.052921582022658  0.007812500000000  0.000000000000000  0.021050524638526  0.005240789940946  0.000000000000000  0.000000000000000  0.046038990181765  0.000000000000000  0.000000000000000  0.006963363249195  0.023131457781251  0.066477042055824  0.135090675254919  1.000000000000000  0.000000000000000  0.000000000000000  0.000000000000000  0.000000000000000  0.000000000000000  1.000000000000000  0.008460742543171  1.000000000000000  0.498961359499525 
59.0    K  0.030332327180298  0.015092755139451  0.154963462492373  0.153360622156726  0.004693890818464  0.008309630256978  0.019343598294335  0.012967102899843  0.165281825642822  0.037369368649254  0.011808749439971  0.027148193285957  0.000000000000000  0.135653671485226  0.059251685320540  0.041406469282663  0.082126976696836  0.022219959540426  0.008026573745148  0.010738974184156  1.000000000000000  0.000000000000000  0.000000000000000  0.000000000000000  0.000000000000000  1.000000000000000  0.000000000000000  0.008460742543171  1.000000000000000  0.498961359499525 
60.0    T  0.113439894414645  0.006474569566312  0.002538162231358  0.001637828485236  0.002513650873635  0.350139080221801  0.003927971017182  0.032644867589507  0.000000000000000  0.006796463693036  0.000000000000000  0.002379707546241  0.008015454260446  0.000000000000000  0.000000000000000  0.059210629412454  0.257385020858499  0.144686277123765  0.000000000000000  0.008275143239718  0.993781093322555  0.006078790441839  0.000000000000000  0.500000000000000  0.500000000000000  0.000000000000000  0.000000000000000  0.008472479756586  0.486327473706143  1.000000000000000 
61.0    Y  0.010387555532670  0.002695932330853  0.090558884659680  0.089684345912919  0.201102092735479  0.000000000000000  0.051832471613403  0.019928818619977  0.096187951260054  0.008596707885673  0.008501894075553  0.068726009332159  0.000000000000000  0.075154328056136  0.071051060827251  0.065789447169340  0.032986053676186  0.027699428099840  0.005154327776457  0.074016975740852  0.996540262827868  0.003305307017970  0.000000000000000  1.000000000000000  0.000000000000000  0.000000000000000  0.000000000000000  0.008466609115975  0.493800430722686  1.000000000000000 
62.0    G  0.150725978461345  0.000000000000000  0.000000000000000  0.000000000000000  0.000000000000000  0.806082831492968  0.000000000000000  0.003903543331994  0.000000000000000  0.000000000000000  0.000000000000000  0.000000000000000  0.000000000000000  0.000000000000000  0.000000000000000  0.030500992524257  0.002692197564406  0.006254021958252  0.000000000000000  0.000000000000000  1.000000000000000  0.000000000000000  0.000000000000000  0.000000000000000  0.000000000000000  0.000000000000000  0.000000000000000  0.008466609115975  1.000000000000000  1.000000000000000 
63.0    C  0.000000000000000  0.925946022527324  0.003831167984330  0.002506691206178  0.000000000000000  0.006987538295177  0.010813669656652  0.000000000000000  0.000000000000000  0.000000000000000  0.000000000000000  0.012166010797838  0.006656594492772  0.005175808660333  0.003094667230176  0.016538818669924  0.006551313940945  0.000000000000000  0.000000000000000  0.000000000000000  1.000000000000000  0.000000000000000  0.000000000000000  0.000000000000000  0.000000000000000  0.000000000000000  0.000000000000000  0.008466609115975  1.000000000000000  1.000000000000000 
64.0    G  0.366529189297302  0.006310631075075  0.000000000000000  0.006407600868724  0.005388128600887  0.197647279150986  0.003291589177747  0.026024242840017  0.007888682012474  0.037733768483953  0.006886563733650  0.004590923157890  0.055822865772048  0.013075410041928  0.002465336000219  0.158878961163208  0.071051060827251  0.029873291174804  0.000000000000000  0.000000000000000  1.000000000000000  0.000000000000000  0.000000000000000  0.000000000000000  0.000000000000000  0.000000000000000  0.000000000000000  0.008466609115975  1.000000000000000  1.000000000000000 
65.0    S  0.085733330536912  0.000000000000000  0.019183370061173  0.009264957026648  0.021138253610161  0.016187230680625  0.004530858025412  0.390122740086852  0.000000000000000  0.121666171769780  0.002096211496862  0.010445316370353  0.020775111065339  0.000000000000000  0.005982648426150  0.167125061925642  0.034530140149997  0.046455718263469  0.000000000000000  0.044904380517002  1.000000000000000  0.000000000000000  0.000000000000000  0.000000000000000  0.000000000000000  0.000000000000000  0.000000000000000  0.008466609115975  1.000000000000000  1.000000000000000 
66.0    A  0.237829569082950  0.075729541276890  0.001574380530260  0.000000000000000  0.032690154368517  0.119162318161020  0.000000000000000  0.003248523821777  0.004480886813383  0.047038960856596  0.013003105229868  0.006853230849475  0.000000000000000  0.000000000000000  0.000000000000000  0.378666578969244  0.056759276107594  0.022955759894974  0.000000000000000  0.000000000000000  0.995159721820083  0.004480886813383  0.000263483456178  0.250000000000000  0.750019494642909  0.000000000000000  0.000000000000000  0.008466609115975  0.478967609111348  1.000000000000000 
67.0    I  0.017493951385222  0.005395603313062  0.000000000000000  0.005313948642211  0.002517137950166  0.000000000000000  0.002465336000219  0.298127218082658  0.041463910643661  0.058233776831548  0.066523136403335  0.004163463812765  0.000000000000000  0.301870147871624  0.037317599596081  0.008026573745148  0.076521024525013  0.074531804520664  0.000000000000000  0.000000000000000  1.000000000000000  0.000000000000000  0.000000000000000  0.000000000000000  0.000000000000000  0.000000000000000  1.000000000000000  0.008460742543171  1.000000000000000  0.500000000000000 
68.0    A  0.817335328488283  0.003248523821777  0.000000000000000  0.008183875992967  0.000000000000000  0.017193415771346  0.004805825565434  0.013461658745500  0.000000000000000  0.000000000000000  0.001890521536902  0.000000000000000  0.004606861688520  0.002434767957569  0.000000000000000  0.060078808024298  0.014219356626264  0.052446852319159  0.000000000000000  0.000000000000000  1.000000000000000  0.000000000000000  0.000000000000000  0.000000000000000  0.000000000000000  0.000000000000000  1.000000000000000  0.008460742543171  1.000000000000000  0.500000000000000 
69.0    S  0.181998693624886  0.072092850316251  0.000000000000000  0.003493769147588  0.000000000000000  0.015009294749273  0.000000000000000  0.007334935525902  0.000000000000000  0.023051429016919  0.002439836182917  0.000000000000000  0.000000000000000  0.000000000000000  0.000000000000000  0.631563630922900  0.047828024056958  0.015250496262129  0.000000000000000  0.000000000000000  0.993781093322555  0.002649617827046  0.003250776307467  1.000000000000000  0.000000000000000  0.000000000000000  1.000000000000000  0.008460742543171  0.495858365369147  0.500000000000000 
70.0    S  0.462652214018926  0.018491422214884  0.000000000000000  0.000000000000000  0.004352318948513  0.063416409161305  0.000000000000000  0.015744590006414  0.000000000000000  0.040218413978165  0.020560226953578  0.000000000000000  0.000000000000000  0.000000000000000  0.002647781888281  0.242658617442387  0.109272327551297  0.020025748815003  0.000000000000000  0.000000000000000  1.000000000000000  0.000000000000000  0.000000000000000  0.000000000000000  0.000000000000000  0.842646829503152  0.157453747493425  0.008466609115975  1.000000000000000  0.492092011016900 
71.0    S  0.099442060469365  0.008656502717695  0.101742898133804  0.063109456099793  0.003212695580908  0.017122058850745  0.000000000000000  0.000000000000000  0.000000000000000  0.000000000000000  0.007905103133023  0.045847917005229  0.000000000000000  0.000000000000000  0.005933092538338  0.630251695791493  0.005262631159632  0.002429710260349  0.000000000000000  0.009118422670457  1.000000000000000  0.000000000000000  0.000000000000000  0.000000000000000  0.000000000000000  0.000000000000000  1.000000000000000  0.008466609115975  1.000000000000000  0.500000000000000 
72.0    L  0.122937759253281  0.000000000000000  0.000000000000000  0.002538162231358  0.018440224114628  0.000000000000000  0.000000000000000  0.181998693624886  0.002901470548166  0.182757181050004  0.222982129855023  0.000000000000000  0.000000000000000  0.006121071773042  0.002506691206178  0.000000000000000  0.028855697210294  0.176776695296637  0.019654452684938  0.031642337729703  0.995159721820083  0.000000000000000  0.004789198672083  0.000000000000000  0.000000000000000  0.000000000000000  1.000000000000000  0.008466609115975  1.000000000000000  0.500000000000000 
73.0    V  0.155825149284387  0.002571810394647  0.000000000000000  0.000000000000000  0.057392260143808  0.001642375811042  0.000000000000000  0.039637231228933  0.000000000000000  0.306084098100051  0.299784978447778  0.000000000000000  0.000000000000000  0.000000000000000  0.000000000000000  0.006488047063210  0.028478165019911  0.095656048113917  0.000000000000000  0.006470083291676  0.996540262827868  0.000000000000000  0.003572129255859  0.000000000000000  0.000000000000000  0.000000000000000  1.000000000000000  0.008454880035357  1.000000000000000  0.484980955170867 
74.0    T  0.182251172352072  0.106063487713237  0.000000000000000  0.004151936227963  0.001537710891737  0.049583365199446  0.010496120513448  0.051403129294529  0.003116192343004  0.048697786228781  0.014649548382142  0.007954571873161  0.000000000000000  0.000000000000000  0.000000000000000  0.111645731544095  0.359982829628671  0.040779842115280  0.001642375811042  0.006223750752231  1.000000000000000  0.000000000000000  0.000000000000000  0.500000000000000  0.500000000000000  0.321301584367343  0.678772489940003  0.008496003053554  0.494828328207603  0.473356815618357 
75.0    E  0.045248067886861  0.003873893479446  0.172539669174579  0.463615273217731  0.001605234740810  0.014988501864457  0.013157233650131  0.003865846314122  0.043045313949473  0.015538596385519  0.005831165559754  0.021732530807969  0.000000000000000  0.057114465639338  0.062543336716411  0.028301061969307  0.021672358892678  0.020818356642063  0.000000000000000  0.004568701812703  1.000000000000000  0.000000000000000  0.000000000000000  0.000000000000000  0.000000000000000  0.000000000000000  1.000000000000000  0.008501894075553  1.000000000000000  0.482633512435878 
76.0    W  0.084435880283477  0.002467045433293  0.005679580145782  0.048934643516034  0.013744516811288  0.004361378757744  0.052775055463986  0.037812315288103  0.024484287092167  0.329419987933535  0.134436798807172  0.027737854289672  0.000000000000000  0.053437636118248  0.035451733904249  0.020404059173264  0.029076551803219  0.022112408755104  0.056211144509235  0.017074652173452  1.000000000000000  0.000000000000000  0.000000000000000  0.000000000000000  0.000000000000000  0.585605090609405  0.414659772907221  0.008501894075553  1.000000000000000  0.482633512435878 
77.0    V  0.156366135014158  0.031730190652170  0.001456781276066  0.000000000000000  0.007016659163156  0.005200982864205  0.000000000000000  0.276432663330067  0.000000000000000  0.191577495025973  0.016746460352130  0.000000000000000  0.000000000000000  0.000000000000000  0.000000000000000  0.005667782061852  0.007520269086732  0.294839148065304  0.000000000000000  0.005497532716115  0.999307092990453  0.000961783635640  0.000000000000000  0.500000000000000  0.500000000000000  0.000000000000000  1.000000000000000  0.008460742543171  0.500000000000000  0.494485458190466 
78.0    K  0.022765611154656  0.006363340336486  0.022359008125358  0.080884103405178  0.000000000000000  0.002499750808290  0.011759740214149  0.179493063827929  0.319303439798847  0.054598305994793  0.014199658069508  0.028419007868773  0.022844647631251  0.044010757091003  0.056016668723088  0.015166163590149  0.037996227599472  0.081333865965121  0.000000000000000  0.000000000000000  0.986232704493359  0.013499034178129  0.000000000000000  0.375790369516391  0.624165274450806  1.000000000000000  0.000000000000000  0.008460742543171  0.464580337125457  0.494485458190466 
79.0    G  0.005186582649931  0.000000000000000  0.031293351740979  0.009611651130868  0.000000000000000  0.814507563070215  0.009565128065627  0.000000000000000  0.018023212579063  0.000000000000000  0.000000000000000  0.075519865211871  0.000000000000000  0.007089993400915  0.012534080724258  0.011343424061749  0.003098960324965  0.000000000000000  0.000000000000000  0.002012214753164  1.000000000000000  0.000000000000000  0.000000000000000  0.000000000000000  0.000000000000000  0.000000000000000  0.000000000000000  0.008466609115975  1.000000000000000  1.000000000000000 
80.0    K  0.059128602920350  0.005892109674557  0.000000000000000  0.026979361205450  0.000000000000000  0.000000000000000  0.014467906601989  0.004169239601719  0.524131237758464  0.092014178885511  0.086449414313185  0.007960087473568  0.004021640950914  0.051688960527704  0.089498046325071  0.015733680469636  0.010613174098039  0.003363082766949  0.004021640950914  0.000000000000000  0.997922718999051  0.001835005369559  0.000000000000000  0.041665583659100  0.958599438492977  0.000000000000000  0.000000000000000  0.008466609115975  0.496890546661277  1.000000000000000 
81.0    S  0.020291228167654  0.001957190634921  0.059870951138919  0.022189177477241  0.000000000000000  0.023947186878247  0.017898717155934  0.001028672886675  0.034339194299277  0.001841376046715  0.000000000000000  0.060454770600871  0.075362989230673  0.001887902533330  0.017960857000542  0.214939121560752  0.445964259710046  0.000000000000000  0.000000000000000  0.000000000000000  0.997231251352069  0.001714495698456  0.000961783635640  0.333324669272800  0.666649338545599  0.000000000000000  1.000000000000000  0.008496003053554  0.498270131413934  0.496890546661277 
82.0    L  0.045216715183454  0.005843303743603  0.001356401499771  0.016758072137780  0.024348893114391  0.002802635809779  0.003293871524415  0.178748123295211  0.042188687035086  0.298333935757930  0.010110512925647  0.000000000000000  0.041636713284126  0.004080608448688  0.037525107108913  0.006003418676906  0.026078415036107  0.237829569082950  0.003144398975083  0.014771908074230  1.000000000000000  0.000000000000000  0.000000000000000  0.000000000000000  0.000000000000000  0.000000000000000  1.000000000000000  0.008496003053554  1.000000000000000  0.492092011016900 
83.0    D  0.138696184008481  0.002525876820093  0.272438028053332  0.280680355518402  0.001245551163749  0.019383864026803  0.005656008485858  0.008172538592129  0.032240099353167  0.020489093972119  0.003303016747568  0.032735503971869  0.026223426159579  0.048697786228781  0.010082519456655  0.057352492644460  0.021138253610161  0.012447501504462  0.000876474658855  0.005742919282770  1.000000000000000  0.000000000000000  0.000000000000000  0.000000000000000  0.000000000000000  0.000000000000000  1.000000000000000  0.008496003053554  1.000000000000000  0.492092011016900 
84.0    E  0.047006367230897  0.000000000000000  0.131852789633508  0.580754365962861  0.000000000000000  0.006749517089065  0.002935862261847  0.003445669395301  0.024860515117341  0.000000000000000  0.000000000000000  0.010642640895629  0.002121058313129  0.111878133865997  0.013139006488339  0.025594896808120  0.020746330599726  0.006024261036750  0.000000000000000  0.012132326171891  0.997231251352069  0.002568247578526  0.000000000000000  0.099995016041594  0.900001929793512  0.000000000000000  1.000000000000000  0.008496003053554  0.495858365369147  0.492092011016900 
85.0    A  0.590087171668101  0.005111633091621  0.001031528931008  0.000000000000000  0.008801712722635  0.010467059393968  0.000000000000000  0.084202098554106  0.004038401313469  0.103091693576260  0.007016659163156  0.002121058313129  0.000816081014572  0.000000000000000  0.001849050061009  0.022686848123498  0.009578397344165  0.145692649766820  0.000000000000000  0.003540085696357  0.992404374685819  0.007406460665068  0.000000000000000  0.135371880690741  0.864537231307865  0.000000000000000  1.000000000000000  0.008496003053554  0.474671060475260  0.492092011016900 
86.0    Q  0.088327102742671  0.005695349136002  0.018110874248507  0.084846561242500  0.019627224705368  0.028379638053797  0.008275143239718  0.036574957546081  0.117440343651751  0.237171078785113  0.042482132559586  0.024791682599723  0.012259126529637  0.055475708579344  0.084260483233566  0.034674046002120  0.016458766186794  0.032329611922466  0.020389921057640  0.032509383328812  0.988285651500733  0.011390698272005  0.000000000000000  0.648419777325505  0.351354675051680  0.452503231441453  0.547526235396787  0.008496003053554  0.467163673441590  0.492092011016900 
87.0    A  0.180491149440312  0.002673601197445  0.071893243334413  0.129767408817882  0.004370457425921  0.031467360939272  0.022624033943431  0.011589804170634  0.166085726762064  0.034125642054552  0.017713584574663  0.046007089442756  0.003346804510815  0.063328556259943  0.082354996983384  0.044163551371335  0.061256213458867  0.021359178936591  0.000000000000000  0.005384395128811  0.996540262827868  0.003540085696357  0.000000000000000  0.199990032083188  0.799960128332753  0.000000000000000  1.000000000000000  0.008496003053554  0.491069797631696  0.496890546661277 
88.0    I  0.072644631719882  0.001332175619999  0.000000000000000  0.003026780980309  0.031818287492644  0.008632535037499  0.002394599336041  0.325110036637120  0.018123432101647  0.335643125695066  0.055245470691479  0.000000000000000  0.002121058313129  0.002622211919493  0.009277809891199  0.006403160997168  0.035971546603993  0.082985322398902  0.002191295860411  0.004559211335228  1.000000000000000  0.000000000000000  0.000000000000000  0.000000000000000  0.000000000000000  0.000000000000000  1.000000000000000  0.008496003053554  1.000000000000000  0.496890546661277 
89.0    K  0.058193426239389  0.017664540111322  0.090308149870220  0.035525530413625  0.030564483545229  0.033215489823705  0.014437852694482  0.087352935740692  0.073200636326176  0.066292983835514  0.011866185076676  0.022158438057492  0.000000000000000  0.024332021595677  0.097395572457562  0.096388176587996  0.176165094392752  0.052410511527558  0.001467931130923  0.011148550825921  0.977385766410805  0.022797192878753  0.000000000000000  0.082297932628703  0.917639882311365  0.000000000000000  1.000000000000000  0.008496003053554  0.441657525740733  0.496890546661277 
90.0    N  0.104169150894902  0.003365414686375  0.152936005141483  0.122512426917734  0.009624984948795  0.042364510212500  0.023552107961850  0.013830527571555  0.056759276107594  0.017349044275447  0.005601387687562  0.200823499189258  0.036651092163496  0.042393885232740  0.053734780390188  0.034891030061955  0.032758202359904  0.020703234641331  0.006232384686008  0.019777446780786  0.883927531063671  0.111878133865997  0.004091937996484  0.123364568235730  0.876605721316035  0.000000000000000  1.000000000000000  0.008507789182313  0.275285399524491  0.496890546661277 
91.0    T  0.101813445383777  0.000000000000000  0.119658932274412  0.148136596367698  0.004044003608755  0.031055659166330  0.023211764385325  0.035060733766578  0.119244943818445  0.059539874877746  0.010591127553125  0.045060277233132  0.007604135735611  0.093492859897649  0.050906722691888  0.042866665268456  0.086869888740146  0.019077289260455  0.000000000000000  0.001854183829981  0.832775770880549  0.125520942904872  0.041665583659100  0.100970097201201  0.898755126611030  0.674083865868528  0.325786787340824  0.008531410513638  0.257206676973394  0.474671060475260 
92.0    D  0.077106698113094  0.000000000000000  0.275858435010490  0.116871899718932  0.124136561929630  0.025347723611783  0.009284243008257  0.027661055143111  0.020760715845258  0.085555238318240  0.037473122305972  0.012806321994336  0.005467132287481  0.046007089442756  0.019143520811011  0.019410754402882  0.038313589376661  0.038154578520910  0.004524581274198  0.016209686508838  0.842062953608416  0.156257787823151  0.001798487689854  0.162329825341235  0.837406487508427  0.378666578969244  0.621144140892220  0.008771261109950  0.229569040575231  0.365767805176082 
93.0    I  0.033123524481165  0.003287029227677  0.020305297850866  0.027930786323650  0.033796086358863  0.014179986801831  0.012735505193791  0.305025127568056  0.032195436050627  0.188939991039528  0.038660389958974  0.001724029289630  0.011125392153102  0.016164805961233  0.032084048303750  0.013359409029562  0.036727385263118  0.156691627555086  0.001638964134974  0.020305297850866  0.969289816935065  0.004440691301703  0.026006210459735  0.435577096071128  0.564482202403066  0.824733548610081  0.175069540110901  0.008531410513638  0.491069797631696  0.405844790488639 
94.0    A  0.252262908461170  0.004629268636491  0.084202098554106  0.136030305208850  0.010768790257622  0.025808677029241  0.010949433195943  0.052921582022658  0.045436641166260  0.099304300012013  0.013820944302055  0.038740865623093  0.031862427593693  0.033492920704259  0.015409886007709  0.049309177553279  0.033446521825832  0.057471877884479  0.000000000000000  0.004212814186306  0.725979139951947  0.266277050848354  0.007949060094552  0.126744934973754  0.872967591133763  0.622437117691085  0.377618146390706  0.008644510571033  0.124913386623807  0.409518348929914 
95.0    E  0.092141826080694  0.000000000000000  0.192109397661002  0.312732270028317  0.002853602301847  0.025172634095273  0.008303872455926  0.006412043818832  0.109727724701190  0.009290680585959  0.011784219349114  0.027527167941468  0.037603219562484  0.062283766426742  0.032039601184019  0.027718634536005  0.024501264189867  0.008918396149428  0.002695932330853  0.006087223278598  0.852044095074866  0.147215348699373  0.000718362668875  0.287971910587339  0.712025097798536  0.421615555125056  0.578344091952644  0.008513688376667  0.224222039915504  0.416965521912482 
96.0    E  0.170518479359919  0.003223849252003  0.086930123231874  0.238820734095609  0.034125642054552  0.046134825177589  0.023051429016919  0.016277241078253  0.047398985792951  0.058883204619051  0.030649343874642  0.024214247842474  0.012638771068152  0.022467758325734  0.031598502526603  0.033008925792246  0.025880333166705  0.039582320428851  0.016447361792335  0.038207508677877  0.929160674250913  0.069492447344819  0.001038703782122  0.223136742868244  0.777007268784049  0.683967651951245  0.316000774613202  0.008602668735140  0.327144517863753  0.431969093700139 
97.0    L  0.017133931071686  0.004080608448688  0.000000000000000  0.004958089398515  0.053734780390188  0.004866161779568  0.000000000000000  0.044718016250716  0.001300245716051  0.724471077277439  0.035085044439800  0.002468756051666  0.009188212892898  0.000000000000000  0.005291894443302  0.001340512139897  0.004108991325015  0.074531804520664  0.000000000000000  0.012709049970814  0.934327346883180  0.063636574985289  0.002201953929972  0.148857106170621  0.850863729506541  0.595428424682484  0.404440674180870  0.008484233252518  0.342458244991391  0.470413053756894 
98.0    E  0.108894274017782  0.019532223477894  0.101250434204006  0.127361399577090  0.003049947236748  0.330105710253750  0.003947075962839  0.012191335627714  0.045975210807992  0.018453010334836  0.003895434575594  0.019196671569463  0.005444442338623  0.025242524300300  0.066615421004246  0.079715274479909  0.009611651130868  0.013184621814532  0.006394290481178  0.000000000000000  0.277969789379277  0.720464874418961  0.001295747207614  0.241819082403483  0.757858283255199  0.736113431084089  0.264071406337964  0.008472479756586  0.024705909893873  0.454074208860755 
99.0    L  0.025207554975691  0.000000000000000  0.067451764781527  0.027737854289672  0.119908014915658  0.007742418463001  0.015777364024948  0.052048485680034  0.075782051191359  0.401646998378517  0.023454360898662  0.031358492140922  0.006087223278598  0.030991147835572  0.037864770638445  0.010365977660915  0.012233660879008  0.049138580758771  0.000000000000000  0.005313948642211  0.822450068712464  0.171585553906864  0.006245358049629  0.211100221855945  0.788946840852465  0.000000000000000  1.000000000000000  0.008650504566283  0.205755086319677  0.485653747770817 
100.0    P  0.004829200237972  0.001042309900430  0.022467758325734  0.041120453907157  0.158109942794242  0.002536403520957  0.047828024056958  0.005970220784239  0.002688467971857  0.034291623049351  0.048361406048200  0.009387781636929  0.351111218934499  0.028875705388963  0.000000000000000  0.034891030061955  0.013012121420009  0.010650020369395  0.000000000000000  0.182757181050004  0.947370070599268  0.052483218309009  0.000000000000000  0.310141824428847  0.689680460913530  0.804966137621122  0.194791144915125  0.008734858210671  0.337041932934264  0.437999157533563 
101.0    P  0.062543336716411  0.000000000000000  0.035896823593657  0.066338950559362  0.005904374719985  0.016424576704495  0.008344261000374  0.014467906601989  0.086689435570712  0.021285281791258  0.008127345832203  0.007243988644027  0.531079593247686  0.025524030972188  0.038207508677877  0.020277168233425  0.027661055143111  0.023831275832129  0.000000000000000  0.000000000000000  1.000000000000000  0.000000000000000  0.000000000000000  0.000000000000000  0.000000000000000  0.629378586752429  0.370359949505080  0.008644510571033  1.000000000000000  0.489370825198718 
102.0    V  0.257206676973394  0.000000000000000  0.057432055217441  0.094535499830248  0.003911668967622  0.033446521825832  0.012267626854275  0.018620040227719  0.018762553554456  0.006712193398025  0.047530586038782  0.140242935066311  0.005310266569948  0.057951909152216  0.004224510794858  0.077912574642194  0.038929294236546  0.123792858991628  0.000000000000000  0.001117120091019  0.993092495437036  0.005986796719562  0.001117894688085  0.405844790488639  0.594191552528466  0.000000000000000  1.000000000000000  0.008638520729065  0.485317234884773  0.497924876547229 
103.0    K  0.001842652833780  0.000000000000000  0.016120049676584  0.016642315678022  0.000000000000000  0.006810611246383  0.032667503131411  0.000000000000000  0.261884031774949  0.000000000000000  0.000000000000000  0.001160530376032  0.004074955443476  0.044255482444204  0.593368398828266  0.008402299925448  0.003405305623192  0.000000000000000  0.000000000000000  0.009485897534336  0.997922718999051  0.001736020861653  0.000000000000000  0.043465061615937  0.956608158091874  0.000000000000000  1.000000000000000  0.008626553493462  0.497924876547229  0.494485458190466 
104.0    I  0.012499377005199  0.000000000000000  0.003194929916241  0.009558500321343  0.016573245958878  0.003438511771731  0.148857106170621  0.191843262000111  0.032486857349227  0.125520942904872  0.098755163982922  0.001919571481534  0.011694710834318  0.040949793870574  0.041320456410705  0.023195680791079  0.012806321994336  0.201241534405280  0.000000000000000  0.024214247842474  0.991029563264079  0.008765183441644  0.000000000000000  0.500000000000000  0.500000000000000  0.000000000000000  1.000000000000000  0.008614602836476  0.479964630519454  0.494485458190466 
105.0    H  0.082354996983384  0.000000000000000  0.039885274025905  0.017217267435572  0.000000000000000  0.052012420919470  0.299577255334855  0.005069292058356  0.321970407377456  0.003716087016921  0.000000000000000  0.030841142058933  0.020207014560742  0.012430257558671  0.046714039019842  0.010672189505894  0.007753159177233  0.012456132445946  0.000000000000000  0.037085524926767  1.000000000000000  0.000000000000000  0.000000000000000  0.000000000000000  0.000000000000000  0.000000000000000  1.000000000000000  0.008626553493462  1.000000000000000  0.494485458190466 
106.0    C  0.044935516651467  0.799405830352472  0.000000000000000  0.006358931133363  0.000000000000000  0.001814766941896  0.000000000000000  0.004726539411013  0.000000000000000  0.008043281901828  0.000000000000000  0.004298353942836  0.000000000000000  0.000000000000000  0.000000000000000  0.100690536381094  0.013470992890900  0.010187896369208  0.000000000000000  0.005999258866024  1.000000000000000  0.000000000000000  0.000000000000000  0.000000000000000  0.000000000000000  0.000000000000000  1.000000000000000  0.008644510571033  1.000000000000000  0.494485458190466 
107.0    S  0.505576040425652  0.008110463051118  0.008602668735140  0.000000000000000  0.010836179446339  0.013489680602725  0.000000000000000  0.090433430366908  0.000000000000000  0.021672358892678  0.004248001526777  0.000000000000000  0.015113692650218  0.000000000000000  0.000000000000000  0.222982129855023  0.048361406048200  0.050345268190547  0.000000000000000  0.000000000000000  1.000000000000000  0.000000000000000  0.000000000000000  0.000000000000000  0.000000000000000  0.000000000000000  1.000000000000000  0.008644510571033  1.000000000000000  0.494485458190466 
108.0    I  0.025880333166705  0.006510571930931  0.015271652600169  0.038340155539181  0.011117683290895  0.004206978032004  0.007279222103944  0.031598502526603  0.011882646509695  0.263522855822684  0.114546080584419  0.055245470691479  0.000000000000000  0.030395467106634  0.018814646581741  0.018827692421794  0.158000387306601  0.180116218604740  0.000000000000000  0.008507789182313  1.000000000000000  0.000000000000000  0.000000000000000  0.000000000000000  0.000000000000000  0.000000000000000  1.000000000000000  0.008680536942618  1.000000000000000  0.494485458190466 
109.0    L  0.006133813427137  0.000000000000000  0.000000000000000  0.000000000000000  0.014437852694482  0.003114033111486  0.000000000000000  0.044873265956982  0.000000000000000  0.756808396484790  0.110032376695394  0.000000000000000  0.000729401102106  0.010539863549529  0.011438169499575  0.007520269086732  0.000000000000000  0.015887104270187  0.008620576094078  0.010110512925647  1.000000000000000  0.000000000000000  0.000000000000000  0.000000000000000  0.000000000000000  0.000000000000000  1.000000000000000  0.008680536942618  1.000000000000000  0.494485458190466 
110.0    A  0.425726853874473  0.014013877494719  0.000000000000000  0.000000000000000  0.003955292216213  0.185565446328631  0.000000000000000  0.027035521580781  0.000000000000000  0.010957025395644  0.002602294580258  0.004097614560840  0.122767449407924  0.000000000000000  0.000000000000000  0.091632297324326  0.048127323389754  0.063548417080747  0.000000000000000  0.000000000000000  1.000000000000000  0.000000000000000  0.000000000000000  0.000000000000000  0.000000000000000  0.000000000000000  1.000000000000000  0.008680536942618  1.000000000000000  0.494485458190466 
111.0    E  0.080381092714413  0.010194960528820  0.011359160291565  0.143587294374629  0.103664943226805  0.001907633845629  0.001994164308022  0.034172983046395  0.007437327410137  0.098209064583448  0.003020493505685  0.000000000000000  0.008728805766189  0.016447361792335  0.011678509754960  0.014239082509955  0.007329853097661  0.078345813777543  0.333093706273005  0.034291623049351  1.000000000000000  0.000000000000000  0.000000000000000  0.000000000000000  0.000000000000000  0.000000000000000  1.000000000000000  0.008680536942618  1.000000000000000  0.494485458190466 
112.0    D  0.026552656223083  0.004819168632068  0.214939121560752  0.162780523696129  0.000000000000000  0.030374405874417  0.093169399174933  0.009407323290870  0.151879598988127  0.007334935525902  0.034267862143372  0.031423768137452  0.000000000000000  0.051581588032041  0.065244495463857  0.044935516651467  0.029894004940371  0.022734073181793  0.008189550589976  0.010308655552913  1.000000000000000  0.000000000000000  0.000000000000000  0.000000000000000  0.000000000000000  0.000000000000000  1.000000000000000  0.008668511500530  1.000000000000000  0.494485458190466 
113.0    A  0.659296807246183  0.002531134698112  0.002165626257037  0.000000000000000  0.006112592044816  0.036625696364829  0.000000000000000  0.023914012028479  0.000000000000000  0.010209103546040  0.000000000000000  0.007050786933300  0.008235089244459  0.000000000000000  0.001117120091019  0.022561393680039  0.154427329640866  0.059333882559407  0.000000000000000  0.006315006787543  0.998614666101029  0.001510246752842  0.000000000000000  0.250000000000000  0.750019494642909  0.000000000000000  1.000000000000000  0.008668511500530  0.498615625676035  0.494485458190466 
114.0    I  0.064346255214625  0.003775805066660  0.000000000000000  0.000000000000000  0.066569262712089  0.000000000000000  0.000000000000000  0.170518479359919  0.000000000000000  0.496890546661277  0.038714021805747  0.000000000000000  0.000000000000000  0.000000000000000  0.000000000000000  0.002185228712960  0.027393928791126  0.096388176587996  0.012073602338250  0.021108970070869  0.997922718999051  0.000953156016383  0.001282344849047  1.000000000000000  0.000000000000000  0.000000000000000  1.000000000000000  0.008668511500530  0.500000000000000  0.494485458190466 
115.0    K  0.046681670534761  0.006438766288697  0.031862427593693  0.121834953861444  0.000000000000000  0.008795613954193  0.070170088879601  0.024416496255385  0.292396916012987  0.063504383937106  0.009446528717448  0.035085044439800  0.002644113826274  0.099787298294581  0.102877543159839  0.013965393161825  0.012482061194518  0.040498155169792  0.000000000000000  0.017074652173452  0.990342871933025  0.009854511006494  0.000000000000000  0.782954296256543  0.216884671788017  0.000000000000000  1.000000000000000  0.008759109984598  0.472373520498603  0.490729531926740 
116.0    A  0.252612861621691  0.000000000000000  0.158768872817349  0.176654205485341  0.001961264732889  0.015898120189104  0.009226505167418  0.014782150730087  0.135653671485226  0.018376425785796  0.010068551800664  0.028027754989438  0.000000000000000  0.056759276107594  0.039172906888772  0.054674047806614  0.017923547253534  0.009400804890621  0.000000000000000  0.000000000000000  0.998614666101029  0.000000000000000  0.001187382112483  1.000000000000000  0.000000000000000  0.716977624007914  0.283024725527668  0.008753040735892  0.498615625676035  0.460732093099352 
117.0    A  0.710546021590680  0.021314809919990  0.000000000000000  0.007604135735611  0.005585878852975  0.043495199744722  0.001522861020725  0.051048061944376  0.009200959293711  0.047169561516268  0.028399316139016  0.003360752463326  0.000000000000000  0.006254021958252  0.000000000000000  0.026960667016958  0.014258835758491  0.015635834179103  0.006020086784050  0.001837550991238  0.998614666101029  0.000000000000000  0.001210652050722  0.000000000000000  0.000000000000000  0.238159499510984  0.761544369851631  0.008887540842754  1.000000000000000  0.487677730763821 
118.0    I  0.060917476930722  0.007104751967193  0.000000000000000  0.003277928269947  0.027911432886024  0.004416135027830  0.000000000000000  0.285190928967106  0.000000000000000  0.401646998378517  0.043980261728919  0.000000000000000  0.002322670146490  0.000000000000000  0.000000000000000  0.002097664983633  0.020948634243443  0.140145759753564  0.000000000000000  0.000000000000000  0.971307495541633  0.006857982793824  0.022020636799094  0.294839148065304  0.705148980242195  0.252963300256732  0.746906728556171  0.008943157504677  0.485990493990676  0.488354264481114 
119.0    A  0.180866860733816  0.006929658634001  0.081164912670618  0.122257934180917  0.007442484359718  0.058924033494890  0.026811579075897  0.018697640050480  0.123707082051901  0.033446521825832  0.004413075056915  0.069540632536552  0.003554839156566  0.045499673406221  0.082985322398902  0.070609200910633  0.023633874957562  0.015657525079369  0.003783664801667  0.020053529649420  0.986232704493359  0.014052786127309  0.000000000000000  0.194656172765415  0.805524291048750  0.887611337269498  0.112500241224189  0.008955563951003  0.470739232270603  0.437392382452911 
120.0    D  0.049962864397030  0.001350772098644  0.245875518506562  0.095127086302460  0.003001709338453  0.035378090690959  0.025347723611783  0.019263317585372  0.105623298051564  0.031620412532092  0.004248001526777  0.133600748901376  0.005455775517451  0.112969090843886  0.046681670534761  0.049997508020797  0.024791682599723  0.008212288352248  0.000000000000000  0.001448725521329  0.978741650397436  0.016619260513956  0.004422261336370  0.375269774378593  0.624598062826688  0.363745170908689  0.636397467637971  0.009532035236502  0.467163673441590  0.495171435966512 
121.0    Y  0.095788747512986  0.006155108484761  0.008578850107711  0.033446521825832  0.066338950559362  0.020067434515460  0.031467360939272  0.070462525759089  0.014874654820274  0.033169475279681  0.012413037501502  0.011327709631866  0.013193763865997  0.019545766876770  0.006049367405103  0.031576607702711  0.009786440926751  0.021123606766064  0.037136972033029  0.457549584063964  0.980779003988551  0.016792955825867  0.002215733369016  0.425137080032098  0.574747424017338  0.615999036722878  0.383952567425525  0.010569126805080  0.470087101254563  0.490049707670935 
122.0    K  0.053772039413215  0.000000000000000  0.032061817041786  0.170282254330061  0.010131559020711  0.015071846634127  0.010166733245640  0.012877532577394  0.160650792183672  0.102096123888753  0.032940356977836  0.035427169149326  0.012438876543418  0.067873866020143  0.169106028881284  0.032644867589507  0.021507743774855  0.022452190258501  0.004832548744872  0.033632503899494  0.980779003988551  0.000786099743771  0.018414678247058  0.250000000000000  0.750019494642909  0.000000000000000  1.000000000000000  0.011485838565539  0.500000000000000  0.492433221447775 
123.0    S  0.110720939887795  0.000000000000000  0.043434944370073  0.112890813768978  0.005288227652549  0.148136596367698  0.017775081685508  0.029238234307231  0.104096971360069  0.042188687035086  0.013166356710987  0.034770316268276  0.025085543397374  0.054108535344979  0.090999346812443  0.076733480244691  0.046134825177589  0.039692218204337  0.000000000000000  0.005613047564625  0.981459063853479  0.018788582014034  0.000000000000000  0.126657112519886  0.873572895916694  0.214195488692142  0.785672516667580  0.014864348067684  0.478635729097649  0.466516495768404 
124.0    K  0.056759276107594  0.000000000000000  0.043585739573450  0.062111318332660  0.000000000000000  0.054484889971066  0.007954571873161  0.012023493907507  0.414085330667273  0.026497498894786  0.000000000000000  0.018517074545962  0.006310631075075  0.047071577082307  0.148239312426368  0.043075161030488  0.025970183174801  0.027834153143959  0.000000000000000  0.005474716597972  0.965936328924846  0.029339742103608  0.004985659253238  0.357992185300286  0.642157904494713  0.000000000000000  1.000000000000000  0.014508075817293  0.473356815618357  0.474013482564323 
125.0    R  0.080047491333111  0.000000000000000  0.082870360018666  0.042926132294676  0.000000000000000  0.005719084749788  0.062154385542076  0.023535788541153  0.091252000665908  0.024163948045479  0.006363340336486  0.106801217611217  0.018453010334836  0.205043227799182  0.131670129494355  0.048562954299003  0.050871449066902  0.018123432101647  0.001433740855502  0.000000000000000  0.971307495541633  0.028735938942239  0.000000000000000  0.510152329624229  0.489710148793463  1.000000000000000  0.000000000000000  0.016209686508838  0.454704125900367  0.467487598875728 
126.0    E  0.070413701781080  0.000000000000000  0.070121467533155  0.118257205840699  0.000000000000000  0.258995690890005  0.021314809919990  0.021448194238358  0.074016975740852  0.020760715845258  0.016944959513173  0.072795849154279  0.048529304687565  0.034101996157967  0.072142838594802  0.054334035005626  0.033192474577980  0.012691443693066  0.000000000000000  0.000000000000000  0.970634469769547  0.029625842660270  0.000000000000000  1.000000000000000  0.000000000000000  0.000000000000000  0.000000000000000  0.023535788541153  0.491751037013124  1.000000000000000 
127.0    A  0.095193046231454  0.000000000000000  0.027892092858531  0.092847057541302  0.000000000000000  0.088204740213043  0.022235366581791  0.068821349881123  0.180992271547445  0.113833729198997  0.006712193398025  0.062934721878545  0.016944959513173  0.021050524638526  0.079329430376238  0.048093975630027  0.050066867349351  0.024740183308477  0.000000000000000  0.000000000000000  1.000000000000000  0.000000000000000  0.000000000000000  0.000000000000000  0.000000000000000  0.000000000000000  0.000000000000000  0.085023178275372  1.000000000000000  1.000000000000000 
128.0    K  0.000000000000000  0.000000000000000  0.000000000000000  0.000000000000000  0.000000000000000  0.000000000000000  0.000000000000000  0.000000000000000  1.000000000000000  0.000000000000000  0.000000000000000  0.000000000000000  0.000000000000000  0.000000000000000  0.000000000000000  0.000000000000000  0.000000000000000  0.000000000000000  0.000000000000000  0.000000000000000  1.000000000000000  0.000000000000000  0.000000000000000  1.000000000000000  0.000000000000000  0.000000000000000  0.000000000000000  0.290981633600534  1.000000000000000  1.000000000000000 
