No:  residues  hmm_col_1  hmm_col_2  hmm_col_3  hmm_col_4  hmm_col_5  hmm_col_6  hmm_col_7  hmm_col_8  hmm_col_9  hmm_col_10  hmm_col_11  hmm_col_12  hmm_col_13  hmm_col_14  hmm_col_15  hmm_col_16  hmm_col_17  hmm_col_18  hmm_col_19  hmm_col_20  hmm_col_21   hmm_col_22   hmm_col_23   hmm_col_24   hmm_col_25   hmm_col_26   hmm_col_27   hmm_col_28   hmm_col_29   hmm_col_30   
1.0    G  0.000000000000000  0.000000000000000  0.019424213576624  0.012568880795967  0.000000000000000  0.766841329836546  0.000000000000000  0.000000000000000  0.051868411599374  0.000000000000000  0.003377098559796  0.036957218757629  0.000000000000000  0.000000000000000  0.054334035005626  0.011866185076676  0.019627224705368  0.023195680791079  0.000000000000000  0.000000000000000  1.000000000000000  0.000000000000000  0.000000000000000  0.000000000000000  0.000000000000000  0.000000000000000  0.000000000000000  0.113676031475092  1.000000000000000  1.000000000000000 
2.0    G  0.003852471501927  0.008021012075937  0.000000000000000  0.009459633468364  0.000000000000000  0.864537231307865  0.000000000000000  0.002063057862015  0.018866884241977  0.000000000000000  0.000000000000000  0.000000000000000  0.015050967094065  0.000000000000000  0.012166010797838  0.066063627535086  0.000000000000000  0.000000000000000  0.000000000000000  0.000000000000000  0.995849753094458  0.000000000000000  0.004370457425921  0.000000000000000  0.000000000000000  0.000000000000000  0.000000000000000  0.114228931278675  1.000000000000000  1.000000000000000 
3.0    K  0.000000000000000  0.000000000000000  0.000000000000000  0.026941985781800  0.000000000000000  0.017603425445270  0.004032806779231  0.000000000000000  0.846745312362527  0.000000000000000  0.000000000000000  0.012621262150150  0.000000000000000  0.000000000000000  0.080604265665993  0.006319385534076  0.000000000000000  0.000000000000000  0.005200982864205  0.000000000000000  1.000000000000000  0.000000000000000  0.000000000000000  0.000000000000000  0.000000000000000  1.000000000000000  0.000000000000000  0.113833729198997  1.000000000000000  0.499307333050514 
4.0    K  0.000000000000000  0.000000000000000  0.000000000000000  0.011025592526630  0.000000000000000  0.032396909406866  0.022051185053261  0.000000000000000  0.913198250011992  0.000000000000000  0.000000000000000  0.005414335490822  0.000000000000000  0.000000000000000  0.006958538285990  0.005843303743603  0.002968603235159  0.000000000000000  0.000000000000000  0.000000000000000  1.000000000000000  0.000000000000000  0.000000000000000  0.000000000000000  0.000000000000000  0.000000000000000  0.000000000000000  0.114308136187488  1.000000000000000  1.000000000000000 
5.0    K  0.004809157864629  0.043888902366812  0.000000000000000  0.000000000000000  0.000000000000000  0.004477781975501  0.075992455198944  0.000000000000000  0.579949827252717  0.001549480162483  0.000000000000000  0.010380357922629  0.000000000000000  0.131944214704746  0.101813445383777  0.001805982965066  0.043284670878466  0.000000000000000  0.000000000000000  0.000000000000000  0.995849753094458  0.004183714153092  0.000000000000000  0.381829374490175  0.618137630460476  0.000000000000000  0.000000000000000  0.114625505400584  0.495514781632040  1.000000000000000 
6.0    Y  0.000000000000000  0.021079727099058  0.000000000000000  0.000000000000000  0.020847237026215  0.000000000000000  0.000000000000000  0.004456108265111  0.015019702006074  0.000000000000000  0.000000000000000  0.000000000000000  0.000000000000000  0.000000000000000  0.003419497381618  0.000000000000000  0.002487651318997  0.000000000000000  0.000000000000000  0.932386486436833  1.000000000000000  0.000000000000000  0.000000000000000  0.000000000000000  0.000000000000000  0.000000000000000  1.000000000000000  0.115103212150630  1.000000000000000  0.500000000000000 
7.0    R  0.006587743048829  0.003402946063056  0.009017854824350  0.005150756306611  0.000000000000000  0.011071542160220  0.005384395128811  0.029096713119695  0.192776353175993  0.041035035169505  0.207761465398412  0.002605904628277  0.000000000000000  0.087171479146900  0.386891248385597  0.002647781888281  0.000000000000000  0.000000000000000  0.001814766941896  0.007541148631811  0.992404374685819  0.007541148631811  0.000000000000000  0.617709318563465  0.382094130191292  1.000000000000000  0.000000000000000  0.115183023274838  0.492774668469685  0.500000000000000 
8.0    L  0.007031265076512  0.000000000000000  0.003054178293471  0.000000000000000  0.000000000000000  0.004697145503509  0.000000000000000  0.138120560599989  0.020905118043533  0.590905773467183  0.143189737247470  0.000000000000000  0.006820059305733  0.000000000000000  0.027110583973502  0.020081349022959  0.003647187284825  0.022266212721075  0.000000000000000  0.012065236454559  0.992404374685819  0.004697145503509  0.002613139755442  0.500000000000000  0.500000000000000  0.000000000000000  0.000000000000000  0.116952937228925  0.497924876547229  1.000000000000000 
9.0    K  0.013350152201402  0.000000000000000  0.000000000000000  0.003692977018558  0.000000000000000  0.018958649378886  0.000000000000000  0.013377941946038  0.875391329694264  0.000000000000000  0.000000000000000  0.034149304346905  0.000000000000000  0.004416135027830  0.036803837174843  0.000000000000000  0.000000000000000  0.000000000000000  0.000000000000000  0.000000000000000  0.995849753094458  0.003898135621090  0.000000000000000  0.099995016041594  0.900001929793512  0.000000000000000  1.000000000000000  0.115342811581725  0.498961359499525  0.500000000000000 
10.0    H  0.000000000000000  0.000000000000000  0.028616677700566  0.000000000000000  0.000000000000000  0.000000000000000  0.925304428037852  0.004587742075053  0.010496120513448  0.002814315915699  0.000000000000000  0.006372167916711  0.008431470597691  0.000000000000000  0.001694411498344  0.000000000000000  0.005122273493030  0.000000000000000  0.000000000000000  0.006587743048829  1.000000000000000  0.000000000000000  0.000000000000000  0.000000000000000  0.000000000000000  0.000000000000000  1.000000000000000  0.112188756333408  1.000000000000000  0.500000000000000 
11.0    I  0.000000000000000  0.000000000000000  0.000000000000000  0.009545258606824  0.015367219906660  0.000000000000000  0.001793508129494  0.242490477585434  0.004271622880799  0.607097442197523  0.000000000000000  0.000000000000000  0.000000000000000  0.013424386796050  0.000000000000000  0.002769804757186  0.000000000000000  0.103091693576260  0.000000000000000  0.000000000000000  0.986232704493359  0.014091802787223  0.000000000000000  0.365514362100008  0.634635443009902  0.000000000000000  1.000000000000000  0.110490941382959  0.492774668469685  0.500000000000000 
12.0    A  0.011792390379067  0.007050786933300  0.014528202228331  0.006721504926652  0.003708367659963  0.000000000000000  0.000000000000000  0.101531549544529  0.014487977288054  0.008513688376667  0.008478354467827  0.000000000000000  0.000000000000000  0.000000000000000  0.025312608551001  0.009017854824350  0.009631658792686  0.779164579660500  0.000000000000000  0.000000000000000  0.988970916380931  0.004310288047039  0.006661210091937  0.250000000000000  0.750019494642909  0.000000000000000  1.000000000000000  0.110490941382959  0.497924876547229  0.500000000000000 
13.0    W  0.000000000000000  0.000000000000000  0.000000000000000  0.000000000000000  0.009545258606824  0.016758072137780  0.000000000000000  0.000000000000000  0.008309630256978  0.026718818059124  0.009005362084366  0.000000000000000  0.000000000000000  0.000000000000000  0.000000000000000  0.000000000000000  0.000000000000000  0.000000000000000  0.929804942613162  0.000000000000000  1.000000000000000  0.000000000000000  0.000000000000000  0.000000000000000  0.000000000000000  0.289773987976114  0.710053679271714  0.110644220572443  1.000000000000000  0.495858365369147 
14.0    A  0.857970530428691  0.006968191557969  0.017542522219900  0.006394290481178  0.000000000000000  0.020617311105826  0.000000000000000  0.000000000000000  0.000000000000000  0.021241066279793  0.014771908074230  0.000000000000000  0.013536513381251  0.008338479203437  0.009631658792686  0.007070362991273  0.003783664801667  0.011857962913860  0.000000000000000  0.000000000000000  0.994470168673214  0.005520443921417  0.000000000000000  1.000000000000000  0.000000000000000  0.634635443009902  0.365261094636419  0.111105335145821  0.498270131413934  0.497579860910041 
15.0    S  0.066201145917742  0.022639721164920  0.000000000000000  0.000000000000000  0.000000000000000  0.058153103606438  0.000000000000000  0.004016069635375  0.029769937438873  0.000000000000000  0.000000000000000  0.002165626257037  0.004131839701634  0.014189819026899  0.021823102069803  0.721464343430814  0.006606033495137  0.039254449410735  0.009565128065627  0.000000000000000  1.000000000000000  0.000000000000000  0.000000000000000  1.000000000000000  0.000000000000000  0.000000000000000  1.000000000000000  0.111491064927512  0.495171435966512  0.500000000000000 
16.0    R  0.017397212784823  0.003836482793998  0.000000000000000  0.000000000000000  0.000000000000000  0.035673584597712  0.000000000000000  0.000000000000000  0.145995924326640  0.000000000000000  0.015975445790780  0.050590138534213  0.000000000000000  0.024433426347769  0.655651007107824  0.031185084968720  0.014328188175073  0.004927255503247  0.000000000000000  0.000000000000000  1.000000000000000  0.000000000000000  0.000000000000000  0.000000000000000  0.000000000000000  0.000000000000000  1.000000000000000  0.108818820412016  1.000000000000000  0.500000000000000 
17.0    E  0.000000000000000  0.000000000000000  0.001827389644202  0.936921446872426  0.000000000000000  0.017591227908387  0.000000000000000  0.000000000000000  0.018801609781242  0.000000000000000  0.000000000000000  0.000000000000000  0.000000000000000  0.005182988830458  0.000000000000000  0.015261070765035  0.000000000000000  0.004716721060494  0.000000000000000  0.000000000000000  0.984866442895551  0.008350046806336  0.007041019239147  1.000000000000000  0.000000000000000  0.000000000000000  1.000000000000000  0.110414381435183  0.496202187342909  0.500000000000000 
18.0    L  0.006886563733650  0.002003863565112  0.000000000000000  0.004733096329806  0.000000000000000  0.006578616825066  0.000000000000000  0.002406246237199  0.000000000000000  0.882702996290655  0.048900736358532  0.000000000000000  0.000000000000000  0.000000000000000  0.009322935492435  0.000000000000000  0.000000000000000  0.022066475068512  0.014101573866600  0.000000000000000  1.000000000000000  0.000000000000000  0.000000000000000  0.000000000000000  0.000000000000000  0.756808396484790  0.243163736853071  0.109956134490304  1.000000000000000  0.495171435966512 
19.0    E  0.013415084944340  0.000000000000000  0.179244406001978  0.695923195915551  0.000000000000000  0.017181502333040  0.000000000000000  0.000000000000000  0.042629619839980  0.000000000000000  0.000000000000000  0.009916178797030  0.000000000000000  0.020446532366485  0.003713512114179  0.014111351721122  0.000000000000000  0.003386474857479  0.000000000000000  0.000000000000000  0.991716730738293  0.008223680896167  0.000000000000000  0.500000000000000  0.500000000000000  0.000000000000000  1.000000000000000  0.110108671765872  0.493116352246680  0.500000000000000 
20.0    R  0.000000000000000  0.000000000000000  0.008344261000374  0.000000000000000  0.000000000000000  0.000000000000000  0.013888166893228  0.000000000000000  0.085082132281217  0.006189334460351  0.000000000000000  0.007401328676557  0.000000000000000  0.016944959513173  0.850863729506541  0.000000000000000  0.011454037165541  0.000000000000000  0.000000000000000  0.000000000000000  1.000000000000000  0.000000000000000  0.000000000000000  1.000000000000000  0.000000000000000  1.000000000000000  0.000000000000000  0.110337874536332  0.500000000000000  0.500000000000000 
21.0    F  0.000000000000000  0.014179986801831  0.000000000000000  0.000000000000000  0.866937563514687  0.000000000000000  0.004091937996484  0.014288517023436  0.005451995172352  0.051904376505681  0.000000000000000  0.000000000000000  0.000000000000000  0.000000000000000  0.000000000000000  0.012123919598045  0.000000000000000  0.000000000000000  0.000000000000000  0.030862526920168  0.999307092990453  0.000000000000000  0.000943951266665  0.000000000000000  0.000000000000000  0.000000000000000  0.000000000000000  0.108969779942133  1.000000000000000  1.000000000000000 
22.0    A  0.697855382061083  0.030862526920168  0.000000000000000  0.000000000000000  0.000000000000000  0.168754748140343  0.011573748422034  0.000000000000000  0.000000000000000  0.000000000000000  0.000000000000000  0.000000000000000  0.028775803037658  0.000000000000000  0.008949358577967  0.025033433674676  0.000000000000000  0.025934205799687  0.002381357605618  0.000000000000000  0.991029563264079  0.000000000000000  0.009011606289531  0.000000000000000  0.000000000000000  1.000000000000000  0.000000000000000  0.109196611989587  1.000000000000000  0.500000000000000 
23.0    V  0.011965296852300  0.041694474052430  0.000000000000000  0.000000000000000  0.010344444612464  0.002893437105508  0.000000000000000  0.087595465567547  0.000000000000000  0.667111584838885  0.010627897284422  0.000000000000000  0.002903482391467  0.000000000000000  0.000000000000000  0.006587743048829  0.006083005398919  0.148033951481704  0.000000000000000  0.004283482767921  1.000000000000000  0.000000000000000  0.000000000000000  0.000000000000000  0.000000000000000  0.000000000000000  1.000000000000000  0.110337874536332  1.000000000000000  0.495171435966512 
24.0    N  0.065380308737033  0.000000000000000  0.071446145963377  0.000000000000000  0.000000000000000  0.014013877494719  0.030437633391976  0.014498023069864  0.019370432811547  0.000000000000000  0.000000000000000  0.692074858025740  0.000000000000000  0.000000000000000  0.000000000000000  0.077912574642194  0.009446528717448  0.000000000000000  0.000000000000000  0.005620834296917  1.000000000000000  0.000000000000000  0.000000000000000  0.000000000000000  0.000000000000000  0.000000000000000  1.000000000000000  0.110490941382959  1.000000000000000  0.495171435966512 
25.0    P  0.010344444612464  0.000000000000000  0.055552667572911  0.104748391833494  0.014498023069864  0.017469716421342  0.017217267435572  0.000000000000000  0.005671712030875  0.015103220266640  0.000000000000000  0.000000000000000  0.728499556949005  0.000000000000000  0.000000000000000  0.030819772015417  0.000000000000000  0.000000000000000  0.000000000000000  0.000000000000000  1.000000000000000  0.000000000000000  0.000000000000000  0.000000000000000  0.000000000000000  0.000000000000000  1.000000000000000  0.110644220572443  1.000000000000000  0.495171435966512 
26.0    G  0.020207014560742  0.002901470548166  0.053326631132004  0.039692218204337  0.000000000000000  0.551716870020980  0.003752323687318  0.000000000000000  0.040274207202657  0.000000000000000  0.000000000000000  0.015909143746322  0.000000000000000  0.022328033433455  0.021853376292788  0.192375902520108  0.024046987815013  0.000000000000000  0.011573748422034  0.000000000000000  0.995849753094458  0.004021640950914  0.000000000000000  1.000000000000000  0.000000000000000  0.000000000000000  1.000000000000000  0.110644220572443  0.498961359499525  0.495171435966512 
27.0    L  0.011573748422034  0.000000000000000  0.011102281587354  0.000000000000000  0.003637089139962  0.013994463595170  0.001897084952230  0.000000000000000  0.000000000000000  0.936272247434492  0.000000000000000  0.000000000000000  0.009426905622818  0.000000000000000  0.011957006014240  0.000000000000000  0.000000000000000  0.000000000000000  0.000000000000000  0.000000000000000  1.000000000000000  0.000000000000000  0.000000000000000  0.000000000000000  0.000000000000000  0.000000000000000  1.000000000000000  0.110567554416443  1.000000000000000  0.495171435966512 
28.0    L  0.000000000000000  0.000000000000000  0.000000000000000  0.000000000000000  0.014308338850283  0.000000000000000  0.000000000000000  0.040358042196948  0.000000000000000  0.871154192142256  0.046520164223954  0.000000000000000  0.000000000000000  0.000000000000000  0.000000000000000  0.011581773514085  0.000000000000000  0.013433695097547  0.000000000000000  0.002522377637309  1.000000000000000  0.000000000000000  0.000000000000000  0.000000000000000  0.000000000000000  0.000000000000000  1.000000000000000  0.108217070689957  1.000000000000000  0.495171435966512 
29.0    E  0.008408125974873  0.000000000000000  0.028735938942239  0.836246399914063  0.000000000000000  0.014043048853297  0.000000000000000  0.000000000000000  0.074583483939483  0.000000000000000  0.000000000000000  0.000000000000000  0.000000000000000  0.001845209064448  0.010738974184156  0.011792390379067  0.001674562571551  0.011990203875007  0.000000000000000  0.000000000000000  1.000000000000000  0.000000000000000  0.000000000000000  0.000000000000000  0.000000000000000  0.000000000000000  1.000000000000000  0.108217070689957  1.000000000000000  0.495171435966512 
30.0    T  0.002714684023130  0.000000000000000  0.000000000000000  0.000000000000000  0.000000000000000  0.000000000000000  0.000000000000000  0.013630667277668  0.021138253610161  0.000000000000000  0.000000000000000  0.053363607149453  0.000000000000000  0.000000000000000  0.000000000000000  0.158878961163208  0.746906728556171  0.000000000000000  0.000000000000000  0.003472041723307  0.988285651500733  0.011686607487206  0.000000000000000  0.125000000000000  0.874784764905822  0.000000000000000  1.000000000000000  0.108217070689957  0.494828328207603  0.495171435966512 
31.0    S  0.388773017941279  0.000000000000000  0.014328188175073  0.022702578899553  0.000000000000000  0.023798261557863  0.000000000000000  0.013368672276291  0.135371880690741  0.003116192343004  0.001650364032056  0.000000000000000  0.013093548979187  0.032735503971869  0.008093615340313  0.223291463088190  0.082698214994258  0.018632951130166  0.000000000000000  0.018300159081544  1.000000000000000  0.000000000000000  0.000000000000000  0.000000000000000  0.000000000000000  0.000000000000000  1.000000000000000  0.105989995579143  1.000000000000000  0.495171435966512 
32.0    G  0.006982696580912  0.000000000000000  0.047695600280017  0.757858283255199  0.000000000000000  0.028242272710971  0.011940441568478  0.003611965930132  0.063284675459406  0.000000000000000  0.000000000000000  0.001342371773020  0.000000000000000  0.020731955321831  0.024433426347769  0.000000000000000  0.029137077701151  0.004862789981962  0.000000000000000  0.000000000000000  1.000000000000000  0.000000000000000  0.000000000000000  0.000000000000000  0.000000000000000  0.000000000000000  1.000000000000000  0.105916554368265  1.000000000000000  0.495171435966512 
33.0    G  0.000000000000000  0.000000000000000  0.000000000000000  0.020503300852999  0.000000000000000  0.940826107513788  0.000000000000000  0.000000000000000  0.000000000000000  0.000000000000000  0.000000000000000  0.000000000000000  0.000000000000000  0.000000000000000  0.009446528717448  0.029278795214763  0.000000000000000  0.000000000000000  0.000000000000000  0.000000000000000  1.000000000000000  0.000000000000000  0.000000000000000  0.000000000000000  0.000000000000000  0.000000000000000  1.000000000000000  0.106579361470995  1.000000000000000  0.495171435966512 
34.0    C  0.000000000000000  0.911933165519769  0.000000000000000  0.000000000000000  0.000000000000000  0.000000000000000  0.000000000000000  0.003863167642113  0.000000000000000  0.000000000000000  0.009446528717448  0.014792400488074  0.000000000000000  0.000000000000000  0.000000000000000  0.014318260073052  0.010858736092518  0.029036271070341  0.006011746953753  0.000000000000000  1.000000000000000  0.000000000000000  0.000000000000000  0.000000000000000  0.000000000000000  0.000000000000000  1.000000000000000  0.106579361470995  1.000000000000000  0.495171435966512 
35.0    R  0.016909760070714  0.000000000000000  0.014417851447716  0.068015152604425  0.000000000000000  0.001303855764937  0.006519603759027  0.003374758544532  0.278934830581241  0.030564483545229  0.001908956575021  0.011257263662796  0.000000000000000  0.353063601096189  0.175069540110901  0.009545258606824  0.005839254877480  0.009964409309989  0.010724097119179  0.002679166579279  1.000000000000000  0.000000000000000  0.000000000000000  0.000000000000000  0.000000000000000  0.000000000000000  1.000000000000000  0.105843164045316  1.000000000000000  0.495171435966512 
36.0    Q  0.000000000000000  0.000000000000000  0.003723822442532  0.011589804170634  0.000000000000000  0.000000000000000  0.031796240378209  0.000000000000000  0.230366046549676  0.000000000000000  0.000000000000000  0.008004350179944  0.018414678247058  0.625464540056633  0.063328556259943  0.000000000000000  0.007274178279924  0.000000000000000  0.000000000000000  0.000000000000000  1.000000000000000  0.000000000000000  0.000000000000000  0.000000000000000  0.000000000000000  0.000000000000000  1.000000000000000  0.106063487713237  1.000000000000000  0.495171435966512 
37.0    I  0.013285533751003  0.000000000000000  0.009538644630228  0.000000000000000  0.000000000000000  0.000000000000000  0.000000000000000  0.794434400096105  0.000000000000000  0.150935073935812  0.003433748284812  0.000000000000000  0.000000000000000  0.000000000000000  0.000000000000000  0.000000000000000  0.002939935053537  0.025400487562010  0.000000000000000  0.000000000000000  1.000000000000000  0.000000000000000  0.000000000000000  0.000000000000000  0.000000000000000  0.000000000000000  1.000000000000000  0.106063487713237  1.000000000000000  0.495171435966512 
38.0    L  0.000000000000000  0.011117683290895  0.000000000000000  0.000000000000000  0.011257263662796  0.000000000000000  0.000000000000000  0.360232437209480  0.001660691718875  0.405282559942655  0.186985719795299  0.009538644630228  0.000000000000000  0.000000000000000  0.000000000000000  0.000000000000000  0.000000000000000  0.011265069308283  0.000000000000000  0.002627670329144  1.000000000000000  0.000000000000000  0.000000000000000  0.000000000000000  0.000000000000000  0.000000000000000  1.000000000000000  0.106063487713237  1.000000000000000  0.495171435966512 
39.0    E  0.035996488823417  0.000000000000000  0.019586453444386  0.342695701244926  0.000000000000000  0.176287245060549  0.004710186826917  0.018906157644051  0.102877543159839  0.011957006014240  0.002189777496149  0.016424576704495  0.000000000000000  0.057035343033966  0.072293011494080  0.059251685320540  0.054711958105891  0.025137761591935  0.000000000000000  0.000000000000000  1.000000000000000  0.000000000000000  0.000000000000000  0.000000000000000  0.000000000000000  0.000000000000000  1.000000000000000  0.105989995579143  1.000000000000000  0.495171435966512 
40.0    Q  0.012464769372016  0.000000000000000  0.000000000000000  0.000000000000000  0.000000000000000  0.000000000000000  0.033146491917757  0.004716721060494  0.028577034046872  0.013555291986751  0.000000000000000  0.000000000000000  0.001511293939006  0.697855382061083  0.013811367672870  0.001823593642413  0.021929245719361  0.170755032094299  0.000000000000000  0.000000000000000  1.000000000000000  0.000000000000000  0.000000000000000  0.000000000000000  0.000000000000000  0.000000000000000  1.000000000000000  0.105989995579143  1.000000000000000  0.495171435966512 
41.0    L  0.000000000000000  0.018338252785646  0.000000000000000  0.011351289449776  0.003014219091912  0.013433695097547  0.000000000000000  0.068298608693810  0.000000000000000  0.825877664935720  0.002841759147724  0.000000000000000  0.000000000000000  0.000000000000000  0.000000000000000  0.000000000000000  0.005798920197770  0.050906722691888  0.000000000000000  0.000000000000000  0.995159721820083  0.004937512103331  0.000000000000000  1.000000000000000  0.000000000000000  0.000000000000000  1.000000000000000  0.106210624892331  0.497924876547229  0.495171435966512 
42.0    Q  0.059705183523902  0.004379554992299  0.006564951189323  0.059416193826864  0.019103754338939  0.005403088394574  0.033516144275561  0.003090380082756  0.025418099941629  0.048900736358532  0.000000000000000  0.013763583970734  0.015009294749273  0.621574834451970  0.002232692061356  0.022235366581791  0.034267862143372  0.003736750617546  0.018325546081748  0.003486511607316  0.997922718999051  0.000000000000000  0.002378058630201  0.000000000000000  0.000000000000000  0.000000000000000  1.000000000000000  0.106357966188318  1.000000000000000  0.495171435966512 
43.0    P  0.000000000000000  0.000000000000000  0.000000000000000  0.000000000000000  0.000000000000000  0.015931213796847  0.000000000000000  0.000000000000000  0.000000000000000  0.018491422214884  0.000000000000000  0.001865786985122  0.787307976569203  0.024298313621330  0.018427446754082  0.130942015887475  0.002496287818756  0.000000000000000  0.000000000000000  0.000000000000000  1.000000000000000  0.000000000000000  0.000000000000000  0.000000000000000  0.000000000000000  0.321524370857651  0.678772489940003  0.101390894447130  1.000000000000000  0.492092011016900 
44.0    S  0.432268615653933  0.000000000000000  0.000000000000000  0.000000000000000  0.000000000000000  0.000000000000000  0.000000000000000  0.000000000000000  0.000000000000000  0.234880687303503  0.000000000000000  0.001582038034438  0.011573748422034  0.002658816633788  0.007304493732433  0.218241897783441  0.084964265119171  0.006506060710004  0.000000000000000  0.000000000000000  1.000000000000000  0.000000000000000  0.000000000000000  0.000000000000000  0.000000000000000  0.000000000000000  1.000000000000000  0.104603280335424  1.000000000000000  0.495171435966512 
45.0    L  0.000000000000000  0.000000000000000  0.000000000000000  0.090558884659680  0.008155561932982  0.000000000000000  0.000000000000000  0.074583483939483  0.000000000000000  0.631126016056058  0.015484836926001  0.000000000000000  0.004032806779231  0.010709240663904  0.000000000000000  0.004999501616579  0.002545209276100  0.124826833262629  0.000000000000000  0.033192474577980  0.988970916380931  0.000000000000000  0.011249463425896  0.000000000000000  0.000000000000000  0.000000000000000  1.000000000000000  0.104385989928546  1.000000000000000  0.495171435966512 
46.0    Q  0.031250000000000  0.000000000000000  0.034506213973847  0.024163948045479  0.000000000000000  0.007238969233519  0.001462852475024  0.011430243911753  0.257206676973394  0.001291264262835  0.000000000000000  0.015367219906660  0.188155843426383  0.349169633116849  0.051796556530500  0.023699492896476  0.003049947236748  0.000000000000000  0.000000000000000  0.000000000000000  0.984866442895551  0.015134659206666  0.000000000000000  0.072947381363654  0.927230546435463  0.000000000000000  1.000000000000000  0.102379587232478  0.488015880388112  0.488354264481114 
47.0    T  0.008402299925448  0.000000000000000  0.008361630456458  0.013763583970734  0.000000000000000  0.011477879947487  0.003741934446182  0.021329589341956  0.000000000000000  0.005520443921417  0.000000000000000  0.023568438698228  0.000000000000000  0.015441963304699  0.013696964395563  0.013649576498698  0.859160754947185  0.001640100572157  0.000000000000000  0.000000000000000  0.985549336939371  0.000000000000000  0.014268722656437  0.000000000000000  0.000000000000000  0.000000000000000  1.000000000000000  0.102450575954690  1.000000000000000  0.488354264481114 
48.0    G  0.034674046002120  0.000000000000000  0.000000000000000  0.010301512613222  0.000000000000000  0.936272247434492  0.000000000000000  0.000000000000000  0.000000000000000  0.005350910077990  0.000000000000000  0.000000000000000  0.000000000000000  0.000000000000000  0.007604135735611  0.002972721446952  0.000000000000000  0.003077554242380  0.000000000000000  0.000000000000000  1.000000000000000  0.000000000000000  0.000000000000000  0.000000000000000  0.000000000000000  0.000000000000000  1.000000000000000  0.102521613899591  1.000000000000000  0.477972658796871 
49.0    S  0.004044003608755  0.000000000000000  0.000000000000000  0.000000000000000  0.000000000000000  0.000000000000000  0.000000000000000  0.003680200288691  0.005350910077990  0.000000000000000  0.000000000000000  0.014199658069508  0.000000000000000  0.000000000000000  0.000000000000000  0.679243142274472  0.293615492803413  0.000000000000000  0.000000000000000  0.000000000000000  0.994470168673214  0.005350910077990  0.000000000000000  0.333324669272800  0.666649338545599  0.000000000000000  1.000000000000000  0.102521613899591  0.497235084336607  0.477972658796871 
50.0    E  0.002348572751754  0.000000000000000  0.017361073885236  0.827596816078205  0.000000000000000  0.001828656733270  0.000000000000000  0.000000000000000  0.075206439124969  0.000000000000000  0.000000000000000  0.000000000000000  0.015810206266046  0.013975076590353  0.014710601008456  0.025312608551001  0.000000000000000  0.005636440183053  0.000000000000000  0.000000000000000  0.995159721820083  0.004832548744872  0.000000000000000  1.000000000000000  0.000000000000000  0.450625231305415  0.549427108788440  0.103808753011362  0.498270131413934  0.477972658796871 
51.0    E  0.009277809891199  0.000000000000000  0.016676958406874  0.607939641591549  0.000000000000000  0.083678453561153  0.000000000000000  0.000000000000000  0.044935516651467  0.000000000000000  0.000000000000000  0.120909541201742  0.026405824512891  0.000000000000000  0.000000000000000  0.041752314949691  0.010934264574962  0.037395280100960  0.000000000000000  0.000000000000000  0.995849753094458  0.000000000000000  0.004218658436847  0.000000000000000  0.000000000000000  0.000000000000000  1.000000000000000  0.100830219902766  1.000000000000000  0.488354264481114 
52.0    L  0.000000000000000  0.000000000000000  0.000000000000000  0.000000000000000  0.038875364165577  0.000000000000000  0.000000000000000  0.113282742283417  0.004154815128489  0.803293996757034  0.003690418128895  0.000000000000000  0.002550507396658  0.000000000000000  0.000000000000000  0.011164016716727  0.000000000000000  0.020137103601328  0.000000000000000  0.003079688179907  1.000000000000000  0.000000000000000  0.000000000000000  0.000000000000000  0.000000000000000  0.316658563430804  0.683493725970905  0.100760353936621  1.000000000000000  0.479964630519454 
53.0    R  0.000000000000000  0.000000000000000  0.020319377289820  0.001660691718875  0.000000000000000  0.004471578752339  0.000000000000000  0.063724855187387  0.535515411595727  0.000000000000000  0.000000000000000  0.015711884068726  0.000000000000000  0.041723384477997  0.300409012381713  0.000000000000000  0.013093548979187  0.003599469477339  0.000000000000000  0.000000000000000  1.000000000000000  0.000000000000000  0.000000000000000  0.500000000000000  0.500000000000000  0.573951206927501  0.426022047537433  0.099856489556144  0.493116352246680  0.486664687079119 
54.0    S  0.038287041622021  0.006007581372149  0.022844647631251  0.000000000000000  0.000000000000000  0.000000000000000  0.020474896935287  0.000000000000000  0.000000000000000  0.004230371271586  0.000000000000000  0.000000000000000  0.000000000000000  0.000000000000000  0.000000000000000  0.903126510151822  0.000000000000000  0.000000000000000  0.004746237468379  0.000000000000000  1.000000000000000  0.000000000000000  0.000000000000000  0.000000000000000  0.000000000000000  0.000000000000000  1.000000000000000  0.100064351332038  1.000000000000000  0.495171435966512 
55.0    L  0.000000000000000  0.000000000000000  0.000000000000000  0.000000000000000  0.022266212721075  0.000000000000000  0.000000000000000  0.014751444049223  0.000000000000000  0.888842681166570  0.000000000000000  0.000000000000000  0.006215128779335  0.000000000000000  0.000000000000000  0.028636520146105  0.000000000000000  0.011414409207388  0.000000000000000  0.027911432886024  1.000000000000000  0.000000000000000  0.000000000000000  0.000000000000000  0.000000000000000  0.000000000000000  1.000000000000000  0.100064351332038  1.000000000000000  0.495171435966512 
56.0    Y  0.000000000000000  0.004292399287410  0.000000000000000  0.000000000000000  0.455966582759885  0.000000000000000  0.020832791829550  0.016379101179952  0.000000000000000  0.019064070473003  0.000000000000000  0.001603010954708  0.004157696025208  0.000000000000000  0.000000000000000  0.016356410655853  0.004543437662296  0.028497911422493  0.040949793870574  0.387427965479586  1.000000000000000  0.000000000000000  0.000000000000000  0.000000000000000  0.000000000000000  0.000000000000000  1.000000000000000  0.100064351332038  1.000000000000000  0.495171435966512 
57.0    N  0.000000000000000  0.000000000000000  0.016030908520893  0.000000000000000  0.000000000000000  0.115502821555853  0.000000000000000  0.009578397344165  0.000000000000000  0.000000000000000  0.000000000000000  0.800514810656303  0.000000000000000  0.006007581372149  0.012040173568100  0.019303416205108  0.007737053686977  0.000000000000000  0.000000000000000  0.013536513381251  0.973329374158238  0.000000000000000  0.026387527731993  0.000000000000000  0.000000000000000  0.000000000000000  1.000000000000000  0.099995016041594  1.000000000000000  0.495171435966512 
58.0    T  0.096121301954392  0.000000000000000  0.000000000000000  0.000000000000000  0.000000000000000  0.000000000000000  0.000000000000000  0.061767853218796  0.006624374723696  0.090496135773722  0.019559319666469  0.000000000000000  0.013230395505664  0.004742948767168  0.000000000000000  0.008093615340313  0.699308041369231  0.000000000000000  0.000000000000000  0.000000000000000  1.000000000000000  0.000000000000000  0.000000000000000  0.000000000000000  0.000000000000000  0.341036958719839  0.658839975867070  0.103736823198748  1.000000000000000  0.473685035299634 
59.0    V  0.028438713252528  0.065471007943737  0.000000000000000  0.004310288047039  0.000000000000000  0.003239529475838  0.000000000000000  0.174584816558425  0.000000000000000  0.037577164028068  0.010995065432230  0.000000000000000  0.000000000000000  0.000000000000000  0.018879966302968  0.002249780551464  0.022639721164920  0.619424348891954  0.000000000000000  0.012225184089633  1.000000000000000  0.000000000000000  0.000000000000000  0.000000000000000  0.000000000000000  0.000000000000000  1.000000000000000  0.100411749594629  1.000000000000000  0.482968164462423 
60.0    A  0.630251695791493  0.163119368461120  0.000000000000000  0.008004350179944  0.000000000000000  0.001609691572174  0.000000000000000  0.011056204377552  0.000000000000000  0.004310288047039  0.000000000000000  0.012225184089633  0.007965606898423  0.000000000000000  0.006223750752231  0.061044283060139  0.024723040662045  0.065652784000672  0.000000000000000  0.004041201490308  1.000000000000000  0.000000000000000  0.000000000000000  0.000000000000000  0.000000000000000  0.661127302571287  0.338681244371342  0.100481373842894  1.000000000000000  0.482968164462423 
61.0    T  0.023584780758134  0.003479269142995  0.000000000000000  0.006569503244170  0.000000000000000  0.013021143861863  0.000000000000000  0.011414409207388  0.004684140288247  0.000000000000000  0.000000000000000  0.000000000000000  0.005044755274618  0.005937206470318  0.012006837353813  0.000000000000000  0.467487598875728  0.442270217665770  0.000000000000000  0.004568701812703  1.000000000000000  0.000000000000000  0.000000000000000  0.000000000000000  0.000000000000000  0.000000000000000  1.000000000000000  0.098960733233909  1.000000000000000  0.495171435966512 
62.0    L  0.000000000000000  0.013715965587649  0.000000000000000  0.000000000000000  0.015484836926001  0.000000000000000  0.001715684508278  0.104458369865232  0.000000000000000  0.788946840852465  0.001822330061595  0.000000000000000  0.001969438388466  0.000000000000000  0.009055437124254  0.000000000000000  0.013021143861863  0.049997508020797  0.000000000000000  0.000000000000000  1.000000000000000  0.000000000000000  0.000000000000000  0.000000000000000  0.000000000000000  0.000000000000000  1.000000000000000  0.098960733233909  1.000000000000000  0.495171435966512 
63.0    Y  0.031598502526603  0.015625000000000  0.000000000000000  0.000000000000000  0.031423768137452  0.000000000000000  0.000000000000000  0.000000000000000  0.000000000000000  0.018971795068673  0.000000000000000  0.006569503244170  0.011461979251307  0.000000000000000  0.013021143861863  0.008844522672740  0.000000000000000  0.000000000000000  0.249135065706967  0.613442488626902  1.000000000000000  0.000000000000000  0.000000000000000  0.000000000000000  0.000000000000000  0.000000000000000  1.000000000000000  0.098960733233909  1.000000000000000  0.495171435966512 
64.0    C  0.028616677700566  0.834509281155409  0.000000000000000  0.000000000000000  0.005806964782934  0.008138620539127  0.000000000000000  0.000000000000000  0.025016087833009  0.000000000000000  0.003016309113640  0.000000000000000  0.011461979251307  0.000000000000000  0.014659706195323  0.004684140288247  0.000000000000000  0.003537632746163  0.026755883892077  0.033562639738129  0.984866442895551  0.012040173568100  0.003214923223745  1.000000000000000  0.000000000000000  0.000000000000000  1.000000000000000  0.098960733233909  0.489370825198718  0.495171435966512 
65.0    V  0.000000000000000  0.027988927190339  0.000000000000000  0.016607744911852  0.000000000000000  0.011033237534256  0.000000000000000  0.069060280299994  0.004687388212395  0.123108305361944  0.000000000000000  0.000000000000000  0.000000000000000  0.000000000000000  0.013545899429917  0.000000000000000  0.000000000000000  0.728499556949005  0.000000000000000  0.005683518295448  0.999307092990453  0.000789923191760  0.000000000000000  0.500000000000000  0.500000000000000  0.264437740904607  0.735603372927869  0.098823639575493  0.500000000000000  0.493116352246680 
66.0    H  0.000000000000000  0.000000000000000  0.015560152392101  0.004684140288247  0.000000000000000  0.000000000000000  0.856781954768570  0.005679580145782  0.013021143861863  0.021929245719361  0.000000000000000  0.000000000000000  0.002306626291855  0.023781771575615  0.029197729590099  0.003988328616044  0.000000000000000  0.000000000000000  0.000000000000000  0.023308500417054  0.988285651500733  0.011727180449331  0.000000000000000  0.333324669272800  0.666649338545599  0.000000000000000  1.000000000000000  0.098960733233909  0.493116352246680  0.495171435966512 
67.0    Q  0.187764990867616  0.014427848605147  0.000000000000000  0.085614561247848  0.000000000000000  0.013715965587649  0.017849160107009  0.000000000000000  0.064928693956104  0.009361789229214  0.003212695580908  0.039774841727373  0.020081349022959  0.447822835045425  0.068440779424598  0.019410754402882  0.004434539461508  0.003188293149027  0.000000000000000  0.000000000000000  1.000000000000000  0.000000000000000  0.000000000000000  0.000000000000000  0.000000000000000  0.000000000000000  1.000000000000000  0.098755163982922  1.000000000000000  0.495171435966512 
68.0    K  0.004762715211236  0.000000000000000  0.029177498278604  0.104169150894902  0.000000000000000  0.139177702278586  0.004832548744872  0.000000000000000  0.187245116803023  0.013994463595170  0.007715631730042  0.044071811265137  0.015124172295215  0.046746429948825  0.394473420426233  0.003654779288404  0.004723264358724  0.000000000000000  0.000000000000000  0.000000000000000  1.000000000000000  0.000000000000000  0.000000000000000  0.000000000000000  0.000000000000000  0.000000000000000  1.000000000000000  0.100551046367739  1.000000000000000  0.495171435966512 
69.0    I  0.004253894591157  0.000000000000000  0.003476858333018  0.042955896736626  0.006805892126111  0.000000000000000  0.000000000000000  0.709561678100191  0.033261568201667  0.039968299414920  0.021418481327808  0.000000000000000  0.000000000000000  0.020263118041422  0.016424576704495  0.000000000000000  0.000000000000000  0.077696854306496  0.013984766733250  0.009868181733170  1.000000000000000  0.000000000000000  0.000000000000000  0.000000000000000  0.000000000000000  0.000000000000000  1.000000000000000  0.098686735837569  1.000000000000000  0.495171435966512 
70.0    D  0.024688790995731  0.000000000000000  0.205185402202625  0.411795508633787  0.000000000000000  0.012568880795967  0.007075265492327  0.000000000000000  0.194117218750260  0.000000000000000  0.000000000000000  0.019668080836013  0.030290306779221  0.038902319855693  0.015898120189104  0.025648175275328  0.005380664243684  0.002733566143741  0.005961950035002  0.000000000000000  1.000000000000000  0.000000000000000  0.000000000000000  0.000000000000000  0.000000000000000  0.000000000000000  1.000000000000000  0.098686735837569  1.000000000000000  0.495171435966512 
71.0    V  0.005310266569948  0.007572576694805  0.000000000000000  0.003330605045969  0.000000000000000  0.013267128850732  0.000000000000000  0.217939559884266  0.002047387647494  0.004128976720943  0.006497047643554  0.000000000000000  0.000000000000000  0.000000000000000  0.000000000000000  0.013212066990274  0.000000000000000  0.723467442935263  0.003210469481621  0.000000000000000  1.000000000000000  0.000000000000000  0.000000000000000  0.000000000000000  0.000000000000000  0.000000000000000  1.000000000000000  0.098686735837569  1.000000000000000  0.495171435966512 
72.0    K  0.026096497482137  0.000000000000000  0.006929658634001  0.087534770055450  0.000000000000000  0.001619764737919  0.004910208494226  0.000000000000000  0.550189304683069  0.015832139064986  0.000000000000000  0.008076802626937  0.000000000000000  0.056484545421943  0.183900843231967  0.019518689463334  0.037265902260332  0.001669926128695  0.000000000000000  0.000000000000000  1.000000000000000  0.000000000000000  0.000000000000000  0.000000000000000  0.000000000000000  1.000000000000000  0.000000000000000  0.098686735837569  1.000000000000000  0.495171435966512 
73.0    D  0.000000000000000  0.000000000000000  0.853817714391245  0.008413956064008  0.000000000000000  0.002748766358057  0.029811235954611  0.000000000000000  0.011957006014240  0.000000000000000  0.000000000000000  0.077053270341488  0.000000000000000  0.000000000000000  0.007982188146205  0.005302910077656  0.002695932330853  0.000000000000000  0.000000000000000  0.000000000000000  1.000000000000000  0.000000000000000  0.000000000000000  0.000000000000000  0.000000000000000  0.000000000000000  0.000000000000000  0.097530685021713  1.000000000000000  1.000000000000000 
74.0    T  0.032871930600121  0.000000000000000  0.000000000000000  0.000000000000000  0.000000000000000  0.009316475565083  0.007982188146205  0.001889211581277  0.003431369016556  0.004385630554975  0.000000000000000  0.000000000000000  0.011833330592789  0.000000000000000  0.010117523428550  0.000000000000000  0.918276162300924  0.000000000000000  0.000000000000000  0.000000000000000  0.995849753094458  0.004340268471309  0.000000000000000  1.000000000000000  0.000000000000000  0.000000000000000  0.000000000000000  0.097530685021713  0.498961359499525  1.000000000000000 
75.0    K  0.002703417414163  0.000000000000000  0.000000000000000  0.176654205485341  0.000000000000000  0.006280085865181  0.016898043179432  0.011218316489246  0.621574834451970  0.000000000000000  0.000000000000000  0.002135811440400  0.004370457425921  0.109120948891720  0.019050860844942  0.001782354469811  0.028261855548784  0.000000000000000  0.000000000000000  0.000000000000000  0.997231251352069  0.000000000000000  0.002596888883167  0.000000000000000  0.000000000000000  0.000000000000000  0.000000000000000  0.097463105326415  1.000000000000000  1.000000000000000 
76.0    E  0.014639397607382  0.000000000000000  0.010716666317114  0.849096246446840  0.000000000000000  0.013166356710987  0.012744335833422  0.000000000000000  0.021167577773209  0.009316475565083  0.000000000000000  0.000000000000000  0.000000000000000  0.069156084568267  0.000000000000000  0.000000000000000  0.000000000000000  0.000000000000000  0.000000000000000  0.000000000000000  1.000000000000000  0.000000000000000  0.000000000000000  0.125000000000000  0.874784764905822  0.000000000000000  1.000000000000000  0.097530685021713  0.500000000000000  0.493116352246680 
77.0    A  0.959264119325264  0.000000000000000  0.000000000000000  0.004431466738031  0.001858043508461  0.007646419143730  0.000000000000000  0.000000000000000  0.003467231786209  0.000000000000000  0.000000000000000  0.000000000000000  0.005687459175778  0.000000000000000  0.004373487846306  0.011509747545441  0.000000000000000  0.001899716694165  0.000000000000000  0.000000000000000  0.986232704493359  0.000000000000000  0.013763583970734  0.000000000000000  0.000000000000000  0.000000000000000  1.000000000000000  0.097530685021713  1.000000000000000  0.493116352246680 
78.0    L  0.000000000000000  0.000000000000000  0.000000000000000  0.020432364820887  0.016921485086343  0.000000000000000  0.000000000000000  0.040246300922182  0.119658932274412  0.705637921704346  0.000000000000000  0.004446851676074  0.003120515298629  0.004527718562127  0.015314053364717  0.005570412958454  0.000000000000000  0.064123634083571  0.000000000000000  0.000000000000000  1.000000000000000  0.000000000000000  0.000000000000000  0.000000000000000  0.000000000000000  0.424253950852948  0.575544745663881  0.098481735756168  1.000000000000000  0.483303048532487 
79.0    E  0.027318081887824  0.000000000000000  0.474013482564323  0.169223284881557  0.000000000000000  0.015975445790780  0.000000000000000  0.004271622880799  0.140242935066311  0.000000000000000  0.001431754645693  0.039719740290802  0.000000000000000  0.061596833558711  0.019804883156788  0.007572576694805  0.011017952816284  0.022359008125358  0.000000000000000  0.005395603313062  0.990342871933025  0.009479324689443  0.000000000000000  0.250000000000000  0.750019494642909  0.799960128332753  0.200128702664076  0.097665985021540  0.483973513446869  0.491069797631696 
80.0    K  0.015197733553317  0.000000000000000  0.015019702006074  0.064079202368037  0.000000000000000  0.007233953300995  0.007427024228358  0.030290306779221  0.668963777393056  0.020404059173264  0.000000000000000  0.007360400577381  0.004137571619859  0.063857505169644  0.059457392270737  0.000000000000000  0.020832791829550  0.009420373653834  0.000000000000000  0.006219438271709  1.000000000000000  0.000000000000000  0.000000000000000  0.000000000000000  0.000000000000000  1.000000000000000  0.000000000000000  0.097665985021540  1.000000000000000  0.499307333050514 
81.0    I  0.019117000642685  0.000000000000000  0.008217982650030  0.000000000000000  0.003493769147588  0.000000000000000  0.000000000000000  0.504875648798343  0.010474317121721  0.119658932274412  0.024399577893981  0.000000000000000  0.000000000000000  0.000000000000000  0.000000000000000  0.015441963304699  0.000000000000000  0.289172045976322  0.005132936043552  0.000000000000000  0.999307092990453  0.000000000000000  0.000481558937741  0.000000000000000  0.000000000000000  0.000000000000000  0.000000000000000  0.099511012347347  1.000000000000000  1.000000000000000 
82.0    E  0.005093948184604  0.000000000000000  0.001685041688560  0.616853584904748  0.000000000000000  0.011056204377552  0.000000000000000  0.000000000000000  0.204759174464957  0.000000000000000  0.000000000000000  0.000000000000000  0.000000000000000  0.064524908467703  0.062673527243817  0.000000000000000  0.007109678313132  0.019437682082789  0.000000000000000  0.006953716666035  0.961260928388761  0.035871950432969  0.002602294580258  0.183646079159789  0.816203046150902  0.000000000000000  1.000000000000000  0.099718154976129  0.477310507069858  0.500000000000000 
83.0    E  0.012499377005199  0.000000000000000  0.012482061194518  0.643048741715302  0.000000000000000  0.032217759962337  0.000000000000000  0.026078415036107  0.127538082406057  0.015208271471222  0.003188293149027  0.000000000000000  0.000000000000000  0.035971546603993  0.041120453907157  0.008566965535843  0.007763914791582  0.034458411345904  0.000000000000000  0.000000000000000  0.979420297586927  0.000000000000000  0.020703234641331  1.000000000000000  0.000000000000000  0.954621014139717  0.045310838527464  0.098005056759467  0.493116352246680  0.492774668469685 
84.0    E  0.068203992315933  0.021285281791258  0.014978116226453  0.371130892657262  0.002789070272822  0.004845966006701  0.046070913040347  0.143686856004335  0.052084575447451  0.023357019509921  0.034987902770445  0.009671799147168  0.000000000000000  0.015931213796847  0.094143154164613  0.000000000000000  0.011446100582901  0.083273426568251  0.000000000000000  0.002289106022802  0.847919964633148  0.149788627667427  0.002150667183785  0.271872097713721  0.727994774499543  0.513700719689482  0.486327473706143  0.099649059567567  0.396666921595571  0.487002134271620 
85.0    Q  0.000000000000000  0.000000000000000  0.033749267494778  0.080158537672641  0.000000000000000  0.012621262150150  0.018620040227719  0.000000000000000  0.048462075396688  0.042747978246953  0.027622735345740  0.008082402980616  0.013517760790390  0.642157904494713  0.032217759962337  0.007976657232087  0.012073602338250  0.009712106788312  0.010308655552913  0.000000000000000  0.955945317593742  0.032690154368517  0.011343424061749  0.342220953272960  0.657927262514504  0.051154323849425  0.948684315140454  0.098277161517541  0.479632059662632  0.485990493990676 
86.0    N  0.024998754010399  0.000000000000000  0.017349044275447  0.042188687035086  0.000000000000000  0.026830169888680  0.009499056899868  0.015953314464175  0.211833108736530  0.004189518034445  0.005758864130043  0.484980955170867  0.004268663043363  0.026607928367155  0.014802657353114  0.038902319855693  0.063416409161305  0.007154169425142  0.000000000000000  0.001373430859290  0.974004268543241  0.008513688376667  0.017640068825096  0.376833727389595  0.623300597137549  0.317097849831467  0.683020128377198  0.098413497071150  0.496202187342909  0.475659138165900 
87.0    K  0.034602018265134  0.009545258606824  0.000000000000000  0.079329430376238  0.012656304275501  0.043404847992660  0.000000000000000  0.001244688112616  0.618566239343586  0.002289106022802  0.000000000000000  0.056484545421943  0.005632534654142  0.048060650977196  0.024298313621330  0.045847917005229  0.012482061194518  0.005636440183053  0.000000000000000  0.000000000000000  0.881480157907170  0.040414029121484  0.078074757853336  0.455334916795989  0.544498507668053  0.541862983422390  0.457866843209063  0.098823639575493  0.474671060475260  0.471392267959120 
88.0    S  0.023552107961850  0.062500000000000  0.015898120189104  0.071446145963377  0.017762765206813  0.054939972556987  0.011117683290895  0.018504243935213  0.024552266145862  0.000000000000000  0.000000000000000  0.058638824781292  0.006049367405103  0.029914733068603  0.026718818059124  0.512278411516401  0.052301640167712  0.008367428306183  0.000000000000000  0.005505159199774  0.885153764579545  0.107097744346071  0.007987722895390  0.288771446138396  0.711038705293637  0.319303439798847  0.680657058249737  0.112890813768978  0.398596238270268  0.431969093700139 
89.0    K  0.030143693268254  0.000000000000000  0.013139006488339  0.030734439813320  0.000000000000000  0.001617520822919  0.002536403520957  0.025453361345944  0.443805668634749  0.009611651130868  0.013039207518053  0.010851211998165  0.005425605999082  0.292802545304702  0.065743861200242  0.028359973603661  0.026644840367749  0.000000000000000  0.000000000000000  0.000000000000000  0.951977908497532  0.019410754402882  0.028497911422493  0.670356295790168  0.329648403623092  0.105039219029160  0.895025070927972  0.111723145294598  0.490389501994276  0.431071772508798 
90.0    K  0.013129902378645  0.000000000000000  0.020067434515460  0.107097744346071  0.000000000000000  0.004869535915137  0.001783590332055  0.000000000000000  0.258099633870810  0.003194929916241  0.003903543331994  0.025453361345944  0.030691862351981  0.487339815445774  0.017241152188156  0.012048522073500  0.015040538173465  0.000000000000000  0.000000000000000  0.000000000000000  0.979420297586927  0.011565728890625  0.009137403625406  0.678302163723836  0.321747311825318  0.348685916587601  0.651573574681647  0.114466710802266  0.487339815445774  0.418123199957031 
91.0    K  0.030081076346930  0.000000000000000  0.001716874142406  0.037369368649254  0.000000000000000  0.030395467106634  0.002460214804585  0.005111633091621  0.641712948781452  0.003692977018558  0.018607138271328  0.021050524638526  0.021196942616370  0.071545260037418  0.054863862350595  0.014130927774392  0.042541066140609  0.003627018954323  0.000000000000000  0.000000000000000  0.893165852352760  0.036778335538086  0.070072879876782  0.428094142273228  0.571965486601904  0.022483337187669  0.977385766410805  0.108517528450130  0.463936738235641  0.438302860658018 
92.0    A  0.256494536334285  0.004406961474439  0.019303416205108  0.031686233743438  0.000000000000000  0.008549169541100  0.012370091654239  0.024365776331604  0.067639040282857  0.008338479203437  0.020137103601328  0.020963159763785  0.033284631356044  0.053586002289636  0.001635559545915  0.040442051702589  0.373453364278086  0.023260082111977  0.000000000000000  0.000000000000000  0.948684315140454  0.033353916813749  0.018098325096791  0.419284092220466  0.580754365962861  0.399425958224574  0.600401713742604  0.112033337446176  0.481630947010074  0.401368694357977 
93.0    Q  0.042335155546418  0.000000000000000  0.027969533466499  0.021270533070304  0.000000000000000  0.032396909406866  0.007651721074898  0.000000000000000  0.061341191490842  0.000000000000000  0.000000000000000  0.036524289017539  0.054787857582252  0.604997044609646  0.022219959540426  0.057471877884479  0.026941985781800  0.000000000000000  0.000000000000000  0.004154815128489  0.984866442895551  0.006886563733650  0.008149910886952  0.777007268784049  0.223136742868244  0.030948214747907  0.969289816935065  0.108743419088581  0.495171435966512  0.426613049056034 
94.0    Q  0.067732872927799  0.000000000000000  0.018620040227719  0.055130710324824  0.000000000000000  0.029523345031163  0.013763583970734  0.000000000000000  0.089560103148319  0.001233522716646  0.010180837104401  0.026589491547079  0.011735311929226  0.602903913845380  0.032577055026285  0.018236845340914  0.019942637012952  0.002260723080059  0.000000000000000  0.000000000000000  0.921464186198704  0.023503183615448  0.055054335882936  0.423959982316574  0.575943821174679  0.176776695296637  0.823020345278708  0.108818820412016  0.470739232270603  0.423666217473059 
95.0    A  0.592546385470791  0.000000000000000  0.014700407929903  0.070072879876782  0.000000000000000  0.022923958502614  0.000000000000000  0.000000000000000  0.038902319855693  0.000000000000000  0.000000000000000  0.012473412286823  0.048832992510770  0.029584800976147  0.000000000000000  0.026132699997314  0.127538082406057  0.016322433794754  0.000000000000000  0.000000000000000  0.722465198961763  0.106063487713237  0.171466661073825  0.856188284546457  0.143886186415970  0.229251010801168  0.770571108358408  0.108592773143828  0.420156876116641  0.402204185470958 
96.0    A  0.609627547038152  0.004434539461508  0.022860487823505  0.049377581991461  0.015964376292411  0.010131559020711  0.003398231846518  0.000000000000000  0.034410674940561  0.005531935305526  0.007823337935245  0.006546774489593  0.013592927386073  0.031098741306878  0.002720334923182  0.061554152680972  0.113676031475092  0.007406460665068  0.000000000000000  0.000000000000000  0.891928519420093  0.077804639711386  0.030522141530070  0.752623373705534  0.247414164103802  0.181369025979272  0.818469181590804  0.129677492070701  0.449689156073876  0.343885454534936 
97.0    A  0.592546385470791  0.016277241078253  0.017579038823263  0.023470623858452  0.015931213796847  0.024315161767357  0.000000000000000  0.002306626291855  0.026960667016958  0.004250947037777  0.021792869786725  0.014160342785427  0.022749836703111  0.036096430767300  0.066384949155961  0.037317599596081  0.060622619396358  0.011808749439971  0.005620834296917  0.000000000000000  0.881480157907170  0.102096123888753  0.016596237288990  0.439215234119181  0.560971740265242  0.112111019957752  0.887611337269498  0.133878852898932  0.441351498145327  0.351354675051680 
98.0    G  0.106210624892331  0.000000000000000  0.405001736816023  0.048093975630027  0.000000000000000  0.100760353936621  0.001563505489563  0.000000000000000  0.047960815500028  0.004680894614607  0.005937206470318  0.097125908598006  0.069300040225192  0.029056404456661  0.012542771698687  0.023617498879941  0.043980261728919  0.004212814186306  0.000000000000000  0.000000000000000  0.855595025682602  0.061682284117865  0.082985322398902  0.435577096071128  0.564482202403066  0.603321959860381  0.396666921595571  0.129497845445002  0.465870214652387  0.351354675051680 
99.0    T  0.122427537198366  0.000000000000000  0.018035709648701  0.102237757319723  0.000000000000000  0.039637231228933  0.004331252514074  0.006675076100701  0.109803808529795  0.000000000000000  0.006768256690626  0.010005936416639  0.052301640167712  0.017265070074999  0.007609408347994  0.035255691795516  0.456599125005996  0.011164016716727  0.000000000000000  0.000000000000000  0.985549336939371  0.003518070233781  0.010642640895629  0.357744130005728  0.642157904494713  0.417833479460927  0.581963267201068  0.103091693576260  0.492092011016900  0.384751805040216 
100.0    G  0.175799149989140  0.006438766288697  0.018123432101647  0.083331167318200  0.000000000000000  0.504176227447298  0.000000000000000  0.000000000000000  0.021929245719361  0.000000000000000  0.000000000000000  0.010510681316577  0.017713584574663  0.033539383949795  0.036246864203295  0.043767385027725  0.025085543397374  0.023373214974412  0.000000000000000  0.000000000000000  0.855595025682602  0.008246513419047  0.136124626917013  0.852634891767957  0.147215348699373  0.255253031426798  0.744838731561351  0.106949378210325  0.492433221447775  0.412081042476620 
101.0    N  0.060078808024298  0.000000000000000  0.045784402331604  0.036397924577139  0.000000000000000  0.045060277233132  0.026479138592066  0.013659040943912  0.088143622530274  0.009400804890621  0.000000000000000  0.284007316196672  0.065743861200242  0.039064446955788  0.025172634095273  0.183137609326417  0.063504383937106  0.014278616409834  0.000000000000000  0.000000000000000  0.918912883479050  0.018110874248507  0.063240825064183  0.380772184925815  0.619424348891954  0.095523532547823  0.904379377561088  0.106949378210325  0.491069797631696  0.353798540081664 
102.0    S  0.114864110434881  0.005628631831398  0.047398985792951  0.010019817209080  0.000000000000000  0.029749309640548  0.004128976720943  0.000000000000000  0.020319377289820  0.000000000000000  0.000000000000000  0.101813445383777  0.082698214994258  0.051118878659861  0.018893057434896  0.431071772508798  0.065289735179014  0.017003788151106  0.000000000000000  0.000000000000000  0.922103117912631  0.014598864795050  0.063592480756418  0.235532818476202  0.764718138941384  0.209787409276635  0.790041311863377  0.103521332666818  0.494142825750366  0.334481888696528 
103.0    S  0.059870951138919  0.009505643426829  0.004382591720822  0.009348820025240  0.000000000000000  0.072846324883410  0.003760134543366  0.000000000000000  0.096655792181915  0.000000000000000  0.000000000000000  0.114466710802266  0.016504462896123  0.032509383328812  0.021838233935173  0.496546247718518  0.054033576956742  0.007572576694805  0.000000000000000  0.000000000000000  0.910669833591978  0.014043048853297  0.075572229739585  0.461371246326899  0.538493188096524  0.432568345292494  0.567621051073032  0.107246316303586  0.488015880388112  0.340564508660122 
104.0    Q  0.030018589498546  0.000000000000000  0.002948097594767  0.041984482053791  0.011621982519020  0.168404197108211  0.000000000000000  0.000000000000000  0.270743761381481  0.001574380530260  0.000000000000000  0.035060733766578  0.029217974929733  0.297920643643512  0.014160342785427  0.073048578035078  0.016758072137780  0.006524124370534  0.000000000000000  0.000000000000000  0.974004268543241  0.010627897284422  0.015452670568452  0.063680699788545  0.936272247434492  0.330334601414566  0.669427628489221  0.110261420649647  0.482633512435878  0.367037659008526 
105.0    V  0.042217940141739  0.003510762213324  0.004766017618251  0.022097086912080  0.005455775517451  0.087899574994570  0.008549169541100  0.079825859949712  0.005248060256724  0.013039207518053  0.001162946141958  0.002364908367091  0.007790869151188  0.030458738465361  0.054371709544291  0.064257114166004  0.047202268298838  0.509092599882310  0.005262631159632  0.005470923128466  0.974004268543241  0.022081775685668  0.003809982271592  0.362235538638720  0.637722195839272  0.796088098778780  0.204192247777506  0.110032376695394  0.485653747770817  0.399980064166376 
106.0    S  0.039145763707004  0.000000000000000  0.002855580953906  0.002893437105508  0.000000000000000  0.100203166174924  0.004530858025412  0.000000000000000  0.016816251949747  0.000000000000000  0.001347966165426  0.008943157504677  0.021522656974737  0.018236845340914  0.021448194238358  0.745872013345733  0.004906806176342  0.007609408347994  0.000000000000000  0.003747125466114  0.984866442895551  0.015155654849090  0.000000000000000  0.074428553085311  0.925304428037852  0.791137301185450  0.208627320288852  0.100551046367739  0.488015880388112  0.476649272644080 
107.0    Q  0.017433426911328  0.002424663069387  0.008496003053554  0.021241066279793  0.001976275783256  0.082583650353642  0.012542771698687  0.003047833906929  0.043646204139606  0.016584737639841  0.000000000000000  0.004400856361317  0.022219959540426  0.659296807246183  0.069444295540943  0.013175486097658  0.001507109545956  0.015229369232680  0.000000000000000  0.004533999665561  0.941478464541206  0.050660319992832  0.008116086744513  0.088143622530274  0.911933165519769  0.633317126861609  0.366529189297302  0.099304300012013  0.467487598875728  0.496202187342909 
108.0    N  0.014023594541676  0.000000000000000  0.015367219906660  0.000000000000000  0.000000000000000  0.006791754375703  0.006546774489593  0.036625696364829  0.021777769354492  0.008161216897377  0.000000000000000  0.862741344542656  0.003649716198762  0.003071161297423  0.008566965535843  0.005486112795852  0.001352645964952  0.005819052590323  0.000000000000000  0.000000000000000  0.992404374685819  0.005347202394890  0.002550507396658  0.199990032083188  0.799960128332753  0.810003473632046  0.189858961226816  0.099098017076286  0.496202187342909  0.491410299272626 
109.0    Y  0.002198903488548  0.009840859218339  0.000980632366444  0.002373118734189  0.065880713955671  0.000000000000000  0.005916665296394  0.020919613390288  0.000000000000000  0.017277041458129  0.042896388476716  0.011646174896867  0.000000000000000  0.001773727378362  0.000000000000000  0.007269137950805  0.002697801656531  0.006015915423719  0.012586317047637  0.789493886700555  0.961927454664775  0.034125642054552  0.004230371271586  0.320634150690562  0.679243142274472  0.000000000000000  1.000000000000000  0.098550021757035  0.472701058375372  0.496546247718518 
110.0    P  0.007299432397525  0.000000000000000  0.000000000000000  0.000000000000000  0.000000000000000  0.000000000000000  0.000000000000000  0.008043281901828  0.000000000000000  0.006560402288626  0.000000000000000  0.000000000000000  0.949342120950519  0.014518135535171  0.000000000000000  0.014487977288054  0.000000000000000  0.000000000000000  0.000000000000000  0.000000000000000  0.931740429304773  0.010068551800664  0.058193426239389  0.316439148492570  0.683493725970905  0.517273790759455  0.482633512435878  0.092077980363530  0.494828328207603  0.492092011016900 
111.0    I  0.015218816695988  0.000000000000000  0.000000000000000  0.000000000000000  0.006982696580912  0.000000000000000  0.006596881932998  0.710546021590680  0.003037289202666  0.049446081324091  0.007546377569725  0.006740166754239  0.000000000000000  0.005009908604540  0.002820174210005  0.015843116871719  0.000000000000000  0.126744934973754  0.000000000000000  0.043284670878466  0.988970916380931  0.009220112057314  0.001945019049013  0.146909541052471  0.853226098112067  0.905633983017823  0.094535499830248  0.098481735756168  0.495858365369147  0.460732093099352 
112.0    V  0.006953716666035  0.006707542472170  0.000000000000000  0.002201953929972  0.000000000000000  0.015484836926001  0.000000000000000  0.098277161517541  0.000000000000000  0.048596627242660  0.017518219969195  0.003092522913560  0.000000000000000  0.050345268190547  0.006992383366625  0.053215856734309  0.001490487508751  0.689202576487815  0.000000000000000  0.000000000000000  1.000000000000000  0.000000000000000  0.000000000000000  0.000000000000000  0.000000000000000  0.788400174056278  0.211686328090632  0.093752436830364  1.000000000000000  0.491751037013124 
113.0    Q  0.027814866664141  0.000000000000000  0.000000000000000  0.000000000000000  0.000000000000000  0.015441963304699  0.012815201737449  0.000000000000000  0.017542522219900  0.000000000000000  0.000000000000000  0.003721242179859  0.001299344766680  0.683020128377198  0.137833645383614  0.004822510183178  0.078781461973937  0.016839580391307  0.000000000000000  0.000000000000000  0.997922718999051  0.000000000000000  0.001949067810545  0.000000000000000  0.000000000000000  0.000000000000000  1.000000000000000  0.092141826080694  1.000000000000000  0.499653546495226 
114.0    N  0.004169239601719  0.001910280221577  0.029625842660270  0.038101721689884  0.000000000000000  0.048294409352999  0.003410029652866  0.019970302550048  0.025934205799687  0.007309558576808  0.009413846210897  0.639492790638714  0.003157503393772  0.092397651954615  0.003993861447695  0.001571110099496  0.050205874797315  0.018325546081748  0.000000000000000  0.002758309383564  0.976031760776225  0.014926295880976  0.009277809891199  0.545631938527468  0.454389058224260  0.000000000000000  1.000000000000000  0.093947592379098  0.491410299272626  0.496546247718518 
115.0    M  0.387159513926610  0.021477948368313  0.000000000000000  0.000000000000000  0.001818544569981  0.036600318163088  0.003836482793998  0.046714039019842  0.000000000000000  0.266646445207941  0.038767728053606  0.047563543151230  0.047300524780299  0.011965296852300  0.015356571852270  0.017640068825096  0.011541703621739  0.040808118346529  0.004782564032813  0.000000000000000  0.869344560090022  0.000000000000000  0.130851285246822  0.000000000000000  0.000000000000000  0.620713745763056  0.379454813243513  0.093557686674543  1.000000000000000  0.491069797631696 
116.0    Q  0.021065120808392  0.000000000000000  0.000000000000000  0.002006643436287  0.000000000000000  0.073863221683398  0.011335564123705  0.000000000000000  0.012098734810207  0.003325991045894  0.004556052225736  0.009446528717448  0.016665402825496  0.779704842611323  0.019330194979487  0.000000000000000  0.029769937438873  0.011501772360689  0.000000000000000  0.005179397501167  0.996540262827868  0.003747125466114  0.000000000000000  1.000000000000000  0.000000000000000  0.957271458195298  0.042747978246953  0.108969779942133  0.499653546495226  0.416099367355762 
117.0    G  0.015324671937321  0.000000000000000  0.000000000000000  0.000000000000000  0.000000000000000  0.787853886049346  0.010620533139896  0.000000000000000  0.000000000000000  0.000000000000000  0.000000000000000  0.054033576956742  0.000000000000000  0.090873282332519  0.027757087370075  0.003026780980309  0.005030787615273  0.005547294369310  0.000000000000000  0.000000000000000  0.988970916380931  0.006501552614934  0.004802495575213  1.000000000000000  0.000000000000000  0.000000000000000  1.000000000000000  0.093104841445169  0.496202187342909  0.497579860910041 
118.0    Q  0.044594203303684  0.005037766604125  0.000000000000000  0.006583178355493  0.000000000000000  0.047629525948118  0.007119541254978  0.012182888165802  0.009207339123529  0.001817284487701  0.000000000000000  0.094469995519764  0.008110463051118  0.728499556949005  0.008704637897026  0.006702894768974  0.008513688376667  0.010776257201774  0.000000000000000  0.000000000000000  0.995159721820083  0.005122273493030  0.000000000000000  0.404160434402784  0.595841287287023  0.299992845593304  0.700278160443602  0.091188771515011  0.497924876547229  0.494828328207603 
119.0    M  0.022514527325593  0.000000000000000  0.006564951189323  0.000000000000000  0.040442051702589  0.000000000000000  0.003794169904460  0.024637505439259  0.005421846558655  0.027450952132449  0.579949827252717  0.020760715845258  0.066384949155961  0.005949565389466  0.003253030355002  0.001845209064448  0.001231813875812  0.008924580053504  0.075362989230673  0.105476974516252  0.982139595263391  0.014278616409834  0.003273387244797  1.000000000000000  0.000000000000000  0.402762145524375  0.597081593537295  0.092269650355177  0.489370825198718  0.496890546661277 
120.0    V  0.005306587049019  0.004996037426865  0.003579565018263  0.026369243629063  0.000000000000000  0.012508043916505  0.000000000000000  0.087413505171154  0.000000000000000  0.010627897284422  0.005551140793677  0.000000000000000  0.016379101179952  0.071446145963377  0.019873640730368  0.020992241026895  0.043194756454018  0.653382626946587  0.000000000000000  0.018236845340914  0.996540262827868  0.003300728064111  0.000000000000000  0.500000000000000  0.500000000000000  0.552482242399956  0.447512535463986  0.092397651954615  0.499653546495226  0.496202187342909 
121.0    H  0.011998517732048  0.000000000000000  0.000000000000000  0.000000000000000  0.000000000000000  0.000000000000000  0.833931043824964  0.015592542484360  0.003212695580908  0.011033237534256  0.004594106446449  0.000000000000000  0.013248749447393  0.025952188252840  0.000000000000000  0.007731692628244  0.012577595900330  0.000000000000000  0.021152910610195  0.038794609110191  0.986916545885842  0.006987538295177  0.005957818958032  0.410086455598363  0.589678296130608  0.000000000000000  1.000000000000000  0.092014178885511  0.497235084336607  0.499307333050514 
122.0    Q  0.000000000000000  0.003226084628655  0.009705377201441  0.018529914053296  0.000000000000000  0.014209503934386  0.011589804170634  0.003587016258988  0.000000000000000  0.028855697210294  0.013984766733250  0.017923547253534  0.021152910610195  0.706616821941365  0.012958117903351  0.050800975124020  0.032419373017675  0.054371709544291  0.000000000000000  0.000000000000000  1.000000000000000  0.000000000000000  0.000000000000000  0.000000000000000  0.000000000000000  0.000000000000000  1.000000000000000  0.091505355996602  1.000000000000000  0.494485458190466 
123.0    A  0.350381862270187  0.002399583946183  0.000000000000000  0.000000000000000  0.000000000000000  0.037008487870426  0.000000000000000  0.000000000000000  0.000000000000000  0.002088959156026  0.000000000000000  0.027337023903307  0.390393246303696  0.000000000000000  0.024620433939042  0.130488990927715  0.035206850890540  0.000000000000000  0.000000000000000  0.000000000000000  0.976708528962227  0.020574483157176  0.002431394990981  0.164367845025634  0.835666958921854  0.134903529563053  0.865136690584988  0.091886708524315  0.488354264481114  0.494485458190466 
124.0    I  0.005204589160516  0.000000000000000  0.000000000000000  0.000000000000000  0.015187202937209  0.000000000000000  0.002273294012504  0.349169633116849  0.000000000000000  0.467163673441590  0.065652784000672  0.000000000000000  0.019804883156788  0.000000000000000  0.000000000000000  0.002744958398841  0.015134659206666  0.031995215638389  0.003436129202822  0.022359008125358  0.964598184584138  0.035304600455316  0.000000000000000  0.403880388804804  0.595841287287023  0.000000000000000  1.000000000000000  0.091378590525002  0.484309094613314  0.493116352246680 
125.0    S  0.018632951130166  0.003898135621090  0.002381357605618  0.024981432198515  0.000000000000000  0.000000000000000  0.012886461697033  0.005928981456930  0.000000000000000  0.000000000000000  0.000000000000000  0.026460791011329  0.021065120808392  0.001893144173701  0.003183876298448  0.842062953608416  0.020789516266886  0.001596358063454  0.005547294369310  0.008832270055661  0.995849753094458  0.001495662106537  0.002917604408423  1.000000000000000  0.000000000000000  0.000000000000000  1.000000000000000  0.089808761034004  0.499653546495226  0.493116352246680 
126.0    P  0.015050967094065  0.000000000000000  0.000000000000000  0.000000000000000  0.000000000000000  0.000000000000000  0.000000000000000  0.000000000000000  0.000000000000000  0.007274178279924  0.000000000000000  0.000000000000000  0.896888159662015  0.000000000000000  0.018148573936339  0.013811367672870  0.038366740122346  0.010724097119179  0.000000000000000  0.000000000000000  0.970634469769547  0.029278795214763  0.000000000000000  0.264254510140345  0.735603372927869  0.679243142274472  0.320856474390726  0.090936292727172  0.481630947010074  0.491410299272626 
127.0    R  0.010635266535152  0.000000000000000  0.000000000000000  0.006977858221506  0.000000000000000  0.012284645189693  0.000000000000000  0.003372420150681  0.046520164223954  0.002054495662508  0.000000000000000  0.000000000000000  0.006519603759027  0.005648173025569  0.874784764905822  0.002618579280430  0.028855697210294  0.000000000000000  0.000000000000000  0.000000000000000  0.991716730738293  0.003547454756725  0.004835899573584  0.500000000000000  0.500000000000000  0.000000000000000  1.000000000000000  0.093169399174933  0.499653546495226  0.498270131413934 
128.0    T  0.045060277233132  0.000000000000000  0.000000000000000  0.000000000000000  0.000000000000000  0.000000000000000  0.000000000000000  0.045091521464426  0.000000000000000  0.017181502333040  0.003825860537449  0.004825854051277  0.017421347167620  0.000000000000000  0.000000000000000  0.017205337470281  0.825877664935720  0.023732370153352  0.000000000000000  0.000000000000000  0.988970916380931  0.010851211998165  0.000000000000000  0.329419987933535  0.670356295790168  0.155717176946184  0.844400887423782  0.092654188112677  0.492774668469685  0.495858365369147 
129.0    L  0.002434767957569  0.000000000000000  0.000000000000000  0.000000000000000  0.014199658069508  0.006848482197782  0.000000000000000  0.038048938083218  0.000000000000000  0.877213548732822  0.002791004179182  0.000000000000000  0.021403640311962  0.000000000000000  0.000000000000000  0.003228321555290  0.000000000000000  0.029831906691866  0.003809982271592  0.000000000000000  1.000000000000000  0.000000000000000  0.000000000000000  0.000000000000000  0.000000000000000  1.000000000000000  0.000000000000000  0.092397651954615  1.000000000000000  0.496890546661277 
130.0    N  0.000000000000000  0.000000000000000  0.014268722656437  0.013734993139247  0.000000000000000  0.017361073885236  0.002183714552668  0.014189819026899  0.098209064583448  0.000000000000000  0.000000000000000  0.730016005327261  0.021552514403548  0.060706718471352  0.000000000000000  0.008472479756586  0.004651784567832  0.003799433388329  0.002406246237199  0.008572905762338  1.000000000000000  0.000000000000000  0.000000000000000  1.000000000000000  0.000000000000000  0.000000000000000  0.000000000000000  0.091759414752131  1.000000000000000  1.000000000000000 
