No:  residues  hmm_col_1  hmm_col_2  hmm_col_3  hmm_col_4  hmm_col_5  hmm_col_6  hmm_col_7  hmm_col_8  hmm_col_9  hmm_col_10  hmm_col_11  hmm_col_12  hmm_col_13  hmm_col_14  hmm_col_15  hmm_col_16  hmm_col_17  hmm_col_18  hmm_col_19  hmm_col_20  hmm_col_21   hmm_col_22   hmm_col_23   hmm_col_24   hmm_col_25   hmm_col_26   hmm_col_27   hmm_col_28   hmm_col_29   hmm_col_30   
1.0    M  0.005535771080110  0.000000000000000  0.000000000000000  0.011033237534256  0.012753172596108  0.000000000000000  0.000000000000000  0.026737344552581  0.019545766876770  0.012301687133894  0.849684999138650  0.012490716099257  0.010026764824710  0.000000000000000  0.000000000000000  0.012387252134536  0.013368672276291  0.013936383115939  0.000000000000000  0.000000000000000  0.961927454664775  0.012931200251222  0.024860515117341  0.806082831492968  0.193848301586751  0.000000000000000  0.000000000000000  0.040526236082844  0.489370825198718  1.000000000000000 
2.0    S  0.102166916061035  0.000000000000000  0.002699672278376  0.005354620331952  0.006074578405332  0.031642337729703  0.000000000000000  0.013048248741068  0.016447361792335  0.000000000000000  0.012824087637664  0.000000000000000  0.077374393177340  0.000000000000000  0.016401823181610  0.644834125327943  0.047136877396456  0.016481598704188  0.000000000000000  0.007319698803691  0.827596816078205  0.172181255797892  0.000000000000000  0.478304079045937  0.521594296764929  1.000000000000000  0.000000000000000  0.041955390711883  0.369078601420708  0.487002134271620 
3.0    G  0.092847057541302  0.000000000000000  0.008704637897026  0.016322433794754  0.000000000000000  0.658839975867070  0.012157580883678  0.005516618767128  0.017325010056298  0.000000000000000  0.000000000000000  0.008402299925448  0.016254691664406  0.010881339692727  0.032217759962337  0.070560275300383  0.035723072981689  0.014318260073052  0.000000000000000  0.000000000000000  0.934975197751455  0.009820416988452  0.055130710324824  0.390663940086159  0.609627547038152  0.517991381780009  0.481964903870322  0.041206050452886  0.495514781632040  0.483303048532487 
4.0    R  0.011541703621739  0.040695130924032  0.005679580145782  0.000000000000000  0.000000000000000  0.038022573707315  0.010280113476789  0.000000000000000  0.272060610417701  0.005520443921417  0.000000000000000  0.006848482197782  0.006707542472170  0.030458738465361  0.478967609111348  0.064034801439550  0.028975954576108  0.000000000000000  0.000000000000000  0.000000000000000  0.959929261038908  0.007641120886307  0.032262454233851  0.436181352885379  0.564091068728256  0.794985250948974  0.204901151909379  0.040666932982560  0.466839972457657  0.447822835045425 
5.0    G  0.045122787360078  0.000000000000000  0.013994463595170  0.010265872087104  0.000000000000000  0.653835674268380  0.000000000000000  0.000000000000000  0.037369368649254  0.000000000000000  0.004971855215922  0.017337023001060  0.009854511006494  0.012447501504462  0.076946525834057  0.084377374070172  0.014160342785427  0.019223302261737  0.000000000000000  0.000000000000000  0.929804942613162  0.018236845340914  0.052265399994629  0.326464946772229  0.673616788432845  0.299577255334855  0.700278160443602  0.039802421103953  0.480630464194381  0.463294030945185 
6.0    K  0.032509383328812  0.000000000000000  0.000000000000000  0.015975445790780  0.000000000000000  0.144686277123765  0.007432174033842  0.013443009853304  0.615999036722878  0.000000000000000  0.000000000000000  0.030269318413332  0.016064278541501  0.020347565462016  0.020319377289820  0.062413416631314  0.007109678313132  0.013405789537948  0.000000000000000  0.000000000000000  0.839149637106542  0.074583483939483  0.086030975099419  0.297507924076669  0.702709350103360  0.657015813574686  0.342933322147649  0.044780051574159  0.431071772508798  0.443498152576075 
7.0    G  0.051688960527704  0.000000000000000  0.037240080455439  0.024348893114391  0.000000000000000  0.395842932935636  0.019600034445641  0.000000000000000  0.167125061925642  0.029380443828410  0.004978752450466  0.026479138592066  0.021777769354492  0.062197482613755  0.085495956493906  0.043555538708983  0.025577161924713  0.004802495575213  0.000000000000000  0.000000000000000  0.860949188338904  0.068062313458507  0.071051060827251  0.343171107813728  0.657015813574686  0.376050937847172  0.623732785957023  0.043676467870346  0.444421340583285  0.407818746669505 
8.0    K  0.035353576963934  0.007715631730042  0.013592927386073  0.005585878852975  0.000000000000000  0.548285794293947  0.005790886757042  0.023798261557863  0.099235491366457  0.010569126805080  0.000000000000000  0.017591227908387  0.015155654849090  0.019709022012988  0.054787857582252  0.093234001668217  0.005505159199774  0.029708096913432  0.014248955711246  0.000000000000000  0.822450068712464  0.149373900607098  0.028203147733201  0.238489887636890  0.761544369851631  0.534402995605504  0.465547409915115  0.040978187944239  0.373971439590597  0.391205890868256 
9.0    A  0.129408115480172  0.000000000000000  0.024247839196089  0.021108970070869  0.000000000000000  0.219151430329009  0.011686607487206  0.029625842660270  0.361733721467631  0.031401994388243  0.000000000000000  0.041063488348418  0.009658400475945  0.019316800951890  0.037577164028068  0.029339742103608  0.028735938942239  0.005875795903862  0.000000000000000  0.000000000000000  0.658383461029622  0.301660979930191  0.039830019603727  0.208916739730463  0.791137301185450  0.546767728742316  0.453130969133667  0.039554893561571  0.267572174606656  0.413225159077106 
10.0    Q  0.094469995519764  0.000000000000000  0.012090351512050  0.009793226722193  0.000000000000000  0.084435880283477  0.006624374723696  0.004713452811409  0.445964259710046  0.005512796263315  0.000000000000000  0.000000000000000  0.044132950137024  0.013640118611465  0.101320639985664  0.042071877164899  0.034987902770445  0.100133734698703  0.000000000000000  0.000000000000000  0.705637921704346  0.282828615711475  0.011319860582460  0.594603557501361  0.405563577788521  0.406971592535217  0.592957249705474  0.035085044439800  0.276241121199978  0.409234590795402 
11.0    G  0.048260945818237  0.021552514403548  0.037838533873455  0.021492840908433  0.008373230176065  0.040051497630006  0.034054753506667  0.004917020209003  0.246558176123340  0.000000000000000  0.000000000000000  0.011581773514085  0.024757337841405  0.016642315678022  0.408667664244142  0.042071877164899  0.026442456143759  0.006670450893682  0.000000000000000  0.000000000000000  0.891310495896971  0.066247048962330  0.042159454198116  0.174705871481383  0.825305408512657  0.563309614248640  0.436483795566881  0.028320685570854  0.408101523075451  0.426908857195622 
12.0    T  0.111878133865997  0.000000000000000  0.015876095984277  0.018274807250812  0.005790886757042  0.104096971360069  0.214195488692142  0.029238234307231  0.178376813214735  0.008795613954193  0.006007581372149  0.011469926844016  0.014843755982420  0.025541729015259  0.097598311575924  0.089995707407168  0.060538636826664  0.007593601468604  0.000000000000000  0.000000000000000  0.918276162300924  0.072745408400134  0.008698606392412  0.652477473844479  0.347720492927497  0.803850990743151  0.196146024474188  0.026941985781800  0.382889499273596  0.405563577788521 
13.0    K  0.038128140946007  0.009162773040874  0.014823192424070  0.028458432299749  0.000000000000000  0.018684684324627  0.032986053676186  0.000000000000000  0.463615273217731  0.021929245719361  0.010613174098039  0.011040887842834  0.025541729015259  0.034291623049351  0.200545291588122  0.058598193528569  0.025172634095273  0.001786064627929  0.004515182447480  0.000000000000000  0.967947026893737  0.028497911422493  0.003469635921259  0.597081593537295  0.403041415746484  0.465547409915115  0.534402995605504  0.020095273178603  0.450625231305415  0.466193243218416 
14.0    S  0.147113342152346  0.009651708102554  0.014082038478294  0.005659930291230  0.000000000000000  0.035921714001084  0.011573748422034  0.005750886180344  0.306933920978765  0.021403640311962  0.006679704514781  0.027223568504446  0.092461719328052  0.018879966302968  0.156908998910330  0.072594295745358  0.050871449066902  0.011179504062679  0.000000000000000  0.005006437203751  0.983502074026248  0.005006437203751  0.011469926844016  0.106949378210325  0.893165852352760  0.288371401265006  0.711531730617297  0.015810206266046  0.473356815618357  0.478304079045937 
15.0    K  0.028996046139728  0.004648561313698  0.004443770421377  0.018984949873516  0.002383008809125  0.021167577773209  0.038128140946007  0.081786129465938  0.180616299740441  0.027393928791126  0.029894004940371  0.004568701812703  0.010258758792376  0.094732285406900  0.132035703168982  0.057831526752366  0.067968024428430  0.186856156079367  0.000000000000000  0.007385954037115  0.982139595263391  0.010919116967586  0.006777645993376  0.329876977693224  0.670356295790168  0.673616788432845  0.326464946772229  0.011981895778696  0.469110598250336  0.470087101254563 
16.0    S  0.037917298757772  0.017373111836205  0.005399344556752  0.019236631458514  0.000000000000000  0.056016668723088  0.021035938582450  0.015931213796847  0.033169475279681  0.101461197622160  0.005115177433920  0.034650020112596  0.014629253866164  0.069927318814732  0.037943590137345  0.371903440608626  0.141120550600766  0.014111351721122  0.000000000000000  0.003101109105202  0.996540262827868  0.003472041723307  0.000000000000000  1.000000000000000  0.000000000000000  0.494485458190466  0.505576040425652  0.011156281091290  0.500000000000000  0.481297221550876 
17.0    R  0.015050967094065  0.014467906601989  0.023003544721378  0.015646675870490  0.000000000000000  0.018775563273857  0.070218743939478  0.007828762539685  0.225625181865607  0.013640118611465  0.006820059305733  0.006057759424586  0.011981895778696  0.054258764225065  0.460412848602520  0.039037378926668  0.009297122627396  0.000000000000000  0.003188293149027  0.004766017618251  0.998614666101029  0.001127231853044  0.000000000000000  0.042452696392155  0.957271458195298  0.000000000000000  1.000000000000000  0.009895580107213  0.491410299272626  0.489710148793463 
18.0    S  0.065108964313014  0.000000000000000  0.125782227937223  0.016769691974898  0.007932547663042  0.012691443693066  0.003092522913560  0.021853376292788  0.022608357591727  0.037969899747032  0.000000000000000  0.014731008373722  0.066846692992828  0.023715925827720  0.013715965587649  0.437392382452911  0.052994997789572  0.069685388670481  0.003685305667560  0.003462428512480  0.964598184584138  0.029790579540255  0.005778857458003  0.333324669272800  0.666649338545599  0.000000000000000  1.000000000000000  0.009466192659611  0.450937689191125  0.489710148793463 
19.0    S  0.168520966467132  0.016131227116926  0.047464740306704  0.026350972195316  0.019370432811547  0.010798689113505  0.003823209571865  0.023308500417054  0.061511501377113  0.015061403245948  0.002839790072891  0.144686277123765  0.024757337841405  0.035476315692065  0.033492920704259  0.241986756723434  0.069878865685366  0.045657636829552  0.000000000000000  0.008949358577967  0.969961910341735  0.015463385256488  0.014528202228331  0.577943353277399  0.422200443711891  0.339857060476685  0.660211420507500  0.008893703352147  0.483638164806966  0.470739232270603 
20.0    R  0.008906041192918  0.012048522073500  0.051868411599374  0.068298608693810  0.003190503871524  0.005699298219688  0.008472479756586  0.119327626767465  0.235532818476202  0.023115429832013  0.000000000000000  0.006219438271709  0.021152910610195  0.019196671569463  0.323760749713606  0.039940605100095  0.023552107961850  0.018110874248507  0.005339794734148  0.006219438271709  0.986916545885842  0.006735496445450  0.006249688502600  0.421323414751576  0.578745108495061  0.000000000000000  1.000000000000000  0.006730829372750  0.483303048532487  0.457549584063964 
21.0    A  0.274332984394811  0.044439919080852  0.066109435226152  0.072896835611779  0.012208248127692  0.031380235726218  0.029935475569459  0.025347723611783  0.039472726932681  0.023003544721378  0.000000000000000  0.040302132832996  0.014407861217385  0.129139298460517  0.036880448229256  0.055745532463756  0.061426287409078  0.021807980689409  0.000000000000000  0.021035938582450  0.987600861445373  0.012447501504462  0.000000000000000  0.639492790638714  0.360732171715407  0.264071406337964  0.736113431084089  0.004968410182592  0.474013482564323  0.441351498145327 
22.0    G  0.022421086478230  0.001890521536902  0.153360622156726  0.112578247480991  0.000000000000000  0.387965427137428  0.010054603494541  0.008930768245422  0.062630100317477  0.027930786323650  0.004021640950914  0.059498619281096  0.020503300852999  0.030883926609398  0.016769691974898  0.033330805650993  0.025312608551001  0.018555619782397  0.003496191683312  0.000000000000000  0.992404374685819  0.007619964543185  0.000000000000000  0.503128911748891  0.496890546661277  0.350139080221801  0.649769531227720  0.004543437662296  0.454704125900367  0.456915725114700 
23.0    L  0.020432364820887  0.008519591661447  0.009766111738947  0.007447644885064  0.017615631439772  0.005051753640185  0.027950153180706  0.154963462492373  0.005715121955876  0.427797512841301  0.014239082509955  0.015766431778823  0.035451733904249  0.006815333638834  0.043858491438721  0.052192994964273  0.075939799494064  0.061554152680972  0.000000000000000  0.008746975692611  0.977385766410805  0.013267128850732  0.009067999331123  0.327825503553912  0.672217497076313  0.000000000000000  1.000000000000000  0.004697145503509  0.462331639056850  0.472701058375372 
24.0    Q  0.047366142703450  0.003721242179859  0.010387555532670  0.035847094507068  0.026552656223083  0.022143084320441  0.034458411345904  0.047464740306704  0.036498981081660  0.093752436830364  0.023470623858452  0.039064446955788  0.015854102290326  0.196010113518935  0.041665583659100  0.105989995579143  0.149996422796652  0.047104215923699  0.005679580145782  0.016968466505036  0.963261894020148  0.000691012773597  0.036171569280941  0.240148715988369  0.759962428200758  0.257742079698697  0.742261785314525  0.004559211335228  0.484309094613314  0.448444079831007 
25.0    F  0.003922529465777  0.002279605667614  0.000000000000000  0.000000000000000  0.383686524000222  0.000000000000000  0.002159630182266  0.107320679554719  0.071001829049168  0.380508345209840  0.008309630256978  0.002618579280430  0.009800017222820  0.000000000000000  0.002640450845758  0.001959905758808  0.000000000000000  0.018073252873520  0.003014219091912  0.002468756051666  0.970634469769547  0.000000000000000  0.029278795214763  0.000000000000000  0.000000000000000  0.191843262000111  0.808320868805567  0.004739662344721  1.000000000000000  0.343647173893007 
26.0    P  0.012242143546083  0.005306587049019  0.002814315915699  0.003639611051972  0.000000000000000  0.013744516811288  0.003974530047276  0.002707167745411  0.017713584574663  0.006385432253815  0.000000000000000  0.013602352551502  0.804966137621122  0.011218316489246  0.024723040662045  0.070658160445287  0.006083005398919  0.000000000000000  0.000000000000000  0.000000000000000  0.916368644675351  0.006528648116577  0.077428043611494  0.386355274823994  0.613442488626902  0.782954296256543  0.217185546287656  0.004849326138774  0.476318999021969  0.323760749713606 
27.0    V  0.045216715183454  0.005373210227108  0.004253894591157  0.005648173025569  0.012525395771866  0.000000000000000  0.009985151275024  0.120574773073017  0.123364568235730  0.158439065254303  0.036297147872679  0.019532223477894  0.039172906888772  0.014957366534302  0.054939972556987  0.005624731712948  0.022639721164920  0.313817997820661  0.005425605999082  0.002228054132556  0.985549336939371  0.012259126529637  0.002198903488548  0.348202870167259  0.651573574681647  0.080772051914843  0.918912883479050  0.004913613171234  0.470739232270603  0.282632641781148 
28.0    G  0.341746862985452  0.005953690743515  0.016515906883772  0.017554685984869  0.004277548714037  0.233581836720795  0.002791004179182  0.009558500321343  0.013048248741068  0.043344717785356  0.002546974092302  0.011446100582901  0.032803646363221  0.003974530047276  0.011915637916065  0.173018714506435  0.059622471909222  0.011784219349114  0.004552895305213  0.000000000000000  1.000000000000000  0.000000000000000  0.000000000000000  0.500000000000000  0.500000000000000  0.812252396356236  0.187504873660727  0.004736378199460  0.500000000000000  0.285586561712136 
29.0    R  0.098481735756168  0.016435965300061  0.012638771068152  0.011148550825921  0.009895580107213  0.005258984645612  0.009252121967607  0.009036626436760  0.058964890680960  0.010798689113505  0.002325892283916  0.039445376003504  0.095325103328518  0.015239929086369  0.415522930796824  0.016711673248207  0.046007089442756  0.025365299405540  0.004706923105448  0.097328086382708  0.997231251352069  0.000000000000000  0.002709044861585  0.000000000000000  0.000000000000000  0.241819082403483  0.758383772687221  0.003629533883793  1.000000000000000  0.450937689191125 
30.0    I  0.009624984948795  0.003518070233781  0.000000000000000  0.000000000000000  0.097937148368668  0.003501041795193  0.000000000000000  0.455334916795989  0.000000000000000  0.049617745683228  0.033516144275561  0.000000000000000  0.000000000000000  0.000000000000000  0.003619484616759  0.005406834828326  0.015388538170243  0.319082192207238  0.000000000000000  0.003591992367780  0.994470168673214  0.000000000000000  0.005640348420010  0.000000000000000  0.000000000000000  0.110797712399358  0.889458993537898  0.003594483010253  1.000000000000000  0.454074208860755 
31.0    H  0.052301640167712  0.010258758792376  0.036701936600427  0.049928244778072  0.033423346496414  0.040190546357206  0.121497623497669  0.006095667813857  0.256139205758200  0.010481579881893  0.005226279510883  0.030819772015417  0.006228066222973  0.043015487549709  0.157344646688107  0.037059828106592  0.022035905632569  0.017241152188156  0.000000000000000  0.064034801439550  0.992404374685819  0.002485927607961  0.005118724233822  1.000000000000000  0.000000000000000  0.406971592535217  0.592957249705474  0.003614470422023  0.486664687079119  0.445346450303340 
32.0    R  0.010979833595365  0.008759109984598  0.008777342992435  0.002885425905435  0.000000000000000  0.012115518849172  0.018607138271328  0.006479058951675  0.256139205758200  0.015854102290326  0.005406834828326  0.013340901787363  0.007360400577381  0.024130472909118  0.559418550517856  0.013801797679398  0.023067412588794  0.009284243008257  0.001920902488333  0.001675723692244  0.995159721820083  0.002504954302270  0.002351830822718  0.368567304322775  0.631563630922900  0.000000000000000  1.000000000000000  0.003624505767466  0.492092011016900  0.450937689191125 
33.0    L  0.012284645189693  0.006721504926652  0.000000000000000  0.000000000000000  0.039363436873356  0.002714684023130  0.018517074545962  0.326917837134190  0.011140825916907  0.284204243309004  0.049411819787746  0.003391172764067  0.006336930902946  0.007614684616340  0.003552375983597  0.014812921330135  0.007927051145163  0.123279088061670  0.036196650193583  0.045657636829552  0.996540262827868  0.000000000000000  0.003282475594661  1.000000000000000  0.000000000000000  0.285784583853509  0.714497069870547  0.003627018954323  0.496546247718518  0.444729496768949 
34.0    L  0.122003970097028  0.003980043736784  0.000000000000000  0.000000000000000  0.012717862266726  0.000000000000000  0.004713452811409  0.138024855895387  0.003096813033634  0.331941289595609  0.265355802237449  0.000000000000000  0.011094588738621  0.000000000000000  0.004742948767168  0.002438145603323  0.006716847548773  0.093298648956060  0.000000000000000  0.000000000000000  1.000000000000000  0.000000000000000  0.000000000000000  0.000000000000000  0.000000000000000  0.000000000000000  1.000000000000000  0.003627018954323  1.000000000000000  0.451563255075911 
35.0    R  0.007509851003037  0.009232902710425  0.000000000000000  0.007577827424545  0.002366548164903  0.007254037908646  0.013965393161825  0.003192716126907  0.454389058224260  0.015134659206666  0.006254021958252  0.005558841645448  0.002156638373365  0.118175264593843  0.283810525536516  0.023552107961850  0.009985151275024  0.025033433674676  0.004795842515293  0.000000000000000  0.978063473447339  0.013276328111541  0.008710673583810  0.338681244371342  0.661127302571287  0.249135065706967  0.751059963470465  0.003627018954323  0.446273485736488  0.451563255075911 
36.0    K  0.059995578814932  0.005896195189533  0.057591511637419  0.166777896209721  0.004010506037969  0.009895580107213  0.008229383093397  0.008710673583810  0.146401272652351  0.054901904264898  0.013630667277668  0.041091961256408  0.005766853147199  0.108894274017782  0.119244943818445  0.121581868426536  0.049343367918785  0.015668381810954  0.000000000000000  0.002343694106198  0.968618189226628  0.007982188146205  0.023617498879941  1.000000000000000  0.000000000000000  0.233905874457850  0.766309980103892  0.003634568975402  0.460093825312437  0.434672280045011 
37.0    G  0.081277509159280  0.012174446557195  0.199712979112287  0.029056404456661  0.012976094126420  0.233581836720795  0.006363340336486  0.075519865211871  0.005343497280869  0.020404059173264  0.019397304555096  0.029894004940371  0.003118353071706  0.002203480737220  0.044594203303684  0.065561832973434  0.031228346655952  0.124567532853483  0.000000000000000  0.003020493505685  0.776468875001040  0.039500096826650  0.184028357771022  0.530711604474897  0.469435873657726  0.571965486601904  0.428094142273228  0.003606962151287  0.384218795322003  0.382889499273596 
38.0    N  0.052884912287518  0.015810206266046  0.056328153913177  0.097733705391074  0.004060857168653  0.022097086912080  0.109651693591603  0.021687386234619  0.050871449066902  0.077320779917948  0.007850498597061  0.092911436526938  0.120742041115606  0.035109371969739  0.092077980363530  0.038154578520910  0.051331918797004  0.048832992510770  0.000000000000000  0.004559211335228  0.933032991536807  0.064079202368037  0.002824086512785  0.231486505631831  0.768437590644006  0.928516852306729  0.071495685825238  0.004198238956467  0.361232599480881  0.132402291835485 
39.0    Y  0.026132699997314  0.008484233252518  0.183137609326417  0.072343138561883  0.007678285926135  0.182377543030022  0.026607928367155  0.017530366883289  0.012370091654239  0.038875364165577  0.005101014793316  0.013820944302055  0.142694338390847  0.017948411796829  0.013039207518053  0.040190546357206  0.044687030823803  0.018023212579063  0.001477117184848  0.127626515713399  0.959929261038908  0.035476315692065  0.004600479646855  0.570381857934212  0.429580377473592  0.269620107923613  0.730522189272838  0.003652246866217  0.406971592535217  0.445346450303340 
40.0    A  0.198470982732913  0.012700243781005  0.077643017611527  0.035772630018709  0.013536513381251  0.092975860152157  0.021373989123476  0.075887180274690  0.014367969471120  0.010746420454217  0.011241668593835  0.045562793088018  0.009638337264137  0.021657341963288  0.017349044275447  0.068488235402981  0.029299096764285  0.232935107326193  0.000000000000000  0.010244546986060  0.980099415341871  0.016665402825496  0.003303016747568  0.780786492607391  0.219303387183206  0.297095776264233  0.702709350103360  0.003637089139962  0.437089310205187  0.443190849597434 
41.0    E  0.034078366645789  0.008999122205854  0.024147204676500  0.111878133865997  0.021567458646822  0.096924150793376  0.042071877164899  0.031995215638389  0.169458040850000  0.048934643516034  0.036121459579837  0.035871950432969  0.019130256131253  0.049309177553279  0.050765774772265  0.040751585476830  0.070658160445287  0.065516404719808  0.001531329011867  0.040190546357206  0.907519155317161  0.087171479146900  0.005516618767128  0.780786492607391  0.218999578766781  0.425137080032098  0.574747424017338  0.003467231786209  0.263888429409492  0.443498152576075 
42.0    R  0.016862941195382  0.011517728260087  0.007494250932229  0.003552375983597  0.005429368046259  0.073812041339346  0.012744335833422  0.016299821773904  0.137356777197110  0.034101996157967  0.059457392270737  0.035231262879544  0.011454037165541  0.021522656974737  0.441657525740733  0.073048578035078  0.014731008373722  0.016097718025314  0.001810997161007  0.005656008485858  0.990342871933025  0.008443167203432  0.001510246752842  0.190650206657036  0.809442216547408  0.321078952247356  0.678772489940003  0.003419497381618  0.477972658796871  0.452189688780544 
43.0    V  0.031206708315657  0.027969533466499  0.000000000000000  0.002810417148459  0.033772668813730  0.000000000000000  0.004839252725718  0.398044049389390  0.000000000000000  0.094535499830248  0.023035456520173  0.004030012419146  0.006389859832483  0.002660660223907  0.001264690428569  0.004819168632068  0.019832357594059  0.318198733818986  0.019970302550048  0.006578616825066  0.993092495437036  0.006319385534076  0.000846032086328  0.722465198961763  0.277392368016961  0.111491064927512  0.888226795842405  0.003337538050351  0.482299092292069  0.463615273217731 
44.0    G  0.119162318161020  0.006099894473495  0.028399316139016  0.013868927144836  0.000000000000000  0.162893393670412  0.031141883213371  0.004655010056930  0.004684140288247  0.011257263662796  0.002027615762779  0.030101934188130  0.004230371271586  0.029076551803219  0.017481829703683  0.467487598875728  0.056680645558321  0.007169061580558  0.000000000000000  0.003527837930281  0.998614666101029  0.001695586382033  0.000000000000000  1.000000000000000  0.000000000000000  0.000000000000000  1.000000000000000  0.003337538050351  0.493800430722686  0.463936738235641 
45.0    A  0.208482760956241  0.002303430844260  0.033031813767543  0.072443496994028  0.008183875992967  0.077966598244628  0.009725579963923  0.003467231786209  0.126218912199586  0.013175486097658  0.010496120513448  0.052120690239060  0.023997035464095  0.089126607335259  0.031708204580653  0.164253953393671  0.033423346496414  0.027699428099840  0.001318396469846  0.010934264574962  0.993092495437036  0.001083563937566  0.006116830439504  0.125000000000000  0.874784764905822  0.105769824575036  0.894404901782606  0.003337538050351  0.496202187342909  0.463936738235641 
46.0    G  0.067779838052691  0.003773188784863  0.174584816558425  0.204192247777506  0.010337276874282  0.105257869201052  0.016944959513173  0.008419790195654  0.069444295540943  0.055168937268166  0.009284243008257  0.035255691795516  0.021959667190730  0.025559439329931  0.019478143660548  0.071943093207985  0.056798632278033  0.019915009801863  0.000000000000000  0.023864335905636  0.993781093322555  0.003839142963067  0.002596888883167  0.335410556220565  0.664803554090857  0.352818960852173  0.647072827241427  0.003365414686375  0.482299092292069  0.443190849597434 
47.0    A  0.583174684894234  0.016333751565706  0.001869670816788  0.002173144766767  0.000000000000000  0.018866884241977  0.003248523821777  0.070658160445287  0.004521446160118  0.006488047063210  0.011210543239115  0.000000000000000  0.007144258511718  0.000000000000000  0.004910208494226  0.074635199192162  0.104458369865232  0.090496135773722  0.000000000000000  0.000000000000000  1.000000000000000  0.000000000000000  0.000000000000000  0.000000000000000  0.000000000000000  0.000000000000000  1.000000000000000  0.003367748222725  1.000000000000000  0.455966582759885 
48.0    P  0.125520942904872  0.004364402883095  0.003947075962839  0.000000000000000  0.009895580107213  0.010995065432230  0.002448306680548  0.044904380517002  0.062154385542076  0.083273426568251  0.081899587741148  0.013611784252223  0.233581836720795  0.010082519456655  0.063946091858402  0.060622619396358  0.022577037467555  0.088633752229966  0.000000000000000  0.077535456107212  0.999307092990453  0.000470016817921  0.000000000000000  0.500000000000000  0.500000000000000  0.000000000000000  1.000000000000000  0.003374758544532  0.500000000000000  0.455966582759885 
49.0    V  0.035822255804012  0.002541683311410  0.069108165832517  0.134623297024131  0.062978360025657  0.014802657353114  0.007164094087536  0.115663053504732  0.034078366645789  0.068298608693810  0.016827912128016  0.023260082111977  0.015324671937321  0.019668080836013  0.011751591807724  0.049480366616954  0.009834040418007  0.285190928967106  0.000000000000000  0.023454360898662  1.000000000000000  0.000000000000000  0.000000000000000  0.000000000000000  0.000000000000000  0.130670012525646  0.869344560090022  0.003374758544532  1.000000000000000  0.455966582759885 
50.0    Y  0.144185700632503  0.026923317491001  0.010308655552913  0.088756709908964  0.047431851655439  0.004917020209003  0.003402946063056  0.115743252815915  0.005486112795852  0.171466661073825  0.015931213796847  0.001481218306030  0.003898135621090  0.003054178293471  0.004527718562127  0.033008925792246  0.022987605403996  0.070267432736164  0.001730014685747  0.224533093220984  0.993781093322555  0.005819052590323  0.000535806610146  0.333324669272800  0.666649338545599  0.000000000000000  1.000000000000000  0.003353771236085  0.484980955170867  0.461691155364697 
51.0    M  0.017676788481967  0.002677310165976  0.000000000000000  0.000000000000000  0.050485048600601  0.001679211887193  0.000000000000000  0.154427329640866  0.005065779510356  0.360732171715407  0.169575540930959  0.000000000000000  0.007927051145163  0.005605271619557  0.003244023531605  0.032173127607312  0.072795849154279  0.110185019738396  0.003244023531605  0.002391282016407  0.993092495437036  0.001874861837967  0.004917020209003  0.068821349881123  0.931094819830229  0.000000000000000  1.000000000000000  0.003339852257391  0.497235084336607  0.454074208860755 
52.0    A  0.299369676154732  0.009067999331123  0.024671683959392  0.008116086744513  0.005605271619557  0.040302132832996  0.011133106360537  0.020645912588410  0.006656594492772  0.016653855251062  0.003192716126907  0.084202098554106  0.002737358298986  0.074480160910878  0.089808761034004  0.112033337446176  0.135747732040287  0.050906722691888  0.000000000000000  0.004594106446449  0.997922718999051  0.000000000000000  0.001940978697896  0.000000000000000  0.000000000000000  0.281850103036355  0.717972255311718  0.003384128345313  1.000000000000000  0.436181352885379 
53.0    A  0.281654807124320  0.004483993804121  0.034149304346905  0.117034030929312  0.005132936043552  0.068440779424598  0.002345319194307  0.005418089723169  0.172898828626371  0.018893057434896  0.003710938995605  0.032780916486717  0.002568247578526  0.022514527325593  0.073863221683398  0.104893704638318  0.025137761591935  0.016131227116926  0.002591494415229  0.005414335490822  1.000000000000000  0.000000000000000  0.000000000000000  0.000000000000000  0.000000000000000  0.097733705391074  0.902500727462430  0.003335225446841  1.000000000000000  0.445655247948486 
54.0    V  0.287174588749259  0.103593113060999  0.000000000000000  0.012490716099257  0.084553014440642  0.008549169541100  0.004600479646855  0.094929480613408  0.005233529696984  0.032464346978052  0.024518253059273  0.000000000000000  0.004906806176342  0.002185228712960  0.010731533073669  0.034054753506667  0.011195012893540  0.263705579267015  0.000000000000000  0.015040538173465  0.995159721820083  0.000000000000000  0.004961527275542  0.000000000000000  0.000000000000000  0.000000000000000  1.000000000000000  0.003342168069073  1.000000000000000  0.450937689191125 
55.0    L  0.104169150894902  0.090433430366908  0.000000000000000  0.000000000000000  0.004440691301703  0.008338479203437  0.000000000000000  0.083331167318200  0.001509200292281  0.376572616658453  0.061853541025950  0.002203480737220  0.006372167916711  0.005652089397932  0.000000000000000  0.023211764385325  0.108367195439336  0.120074357994185  0.000000000000000  0.003426615424738  0.994470168673214  0.002234240182039  0.002968603235159  0.394200087028139  0.605836330215122  0.000000000000000  1.000000000000000  0.003388822996688  0.496890546661277  0.433168428200044 
56.0    E  0.011304178795863  0.003773188784863  0.026259804757290  0.599569956895556  0.000000000000000  0.003807342308170  0.011710934388715  0.009374776424791  0.095589767367673  0.002593291324966  0.003999401954799  0.072092850316251  0.001762696733325  0.031358492140922  0.017836792298856  0.052446852319159  0.022892201165802  0.021448194238358  0.006293158523818  0.005766853147199  0.993781093322555  0.006376586298054  0.000000000000000  0.239152039522969  0.761016690419679  0.025295069267107  0.974679630891549  0.003381783459061  0.474342157570227  0.425137080032098 
57.0    Y  0.044132950137024  0.011327709631866  0.123023002754225  0.123535706437592  0.026960667016958  0.008082402980616  0.011565728890625  0.044873265956982  0.009992074853730  0.141120550600766  0.052592467642836  0.025772923394065  0.000000000000000  0.017385158134138  0.007546377569725  0.020249077584896  0.006328152137750  0.059581159080510  0.011312016971715  0.254722799154181  0.996540262827868  0.001196470050688  0.002146199643705  0.066661611301985  0.933032991536807  0.244515868361835  0.755759964158113  0.003381783459061  0.500000000000000  0.426908857195622 
58.0    L  0.009310020113860  0.000000000000000  0.002829965145615  0.009049162548396  0.441045682598588  0.000000000000000  0.014417851447716  0.093687475109722  0.002450004305705  0.263888429409492  0.030227385300435  0.002282768063596  0.005982648426150  0.002762135864010  0.012276133072931  0.002203480737220  0.016042024151875  0.035847094507068  0.005703250041619  0.050066867349351  0.997922718999051  0.000000000000000  0.002335585540578  0.000000000000000  0.000000000000000  0.451563255075911  0.548665968789621  0.003346804510815  1.000000000000000  0.438606774366411 
59.0    S  0.115023456328109  0.016758072137780  0.000000000000000  0.002073092204980  0.103306289769276  0.019928818619977  0.005262631159632  0.200823499189258  0.000000000000000  0.189070999660495  0.029278795214763  0.003892735401671  0.006574058455355  0.003250776307467  0.000000000000000  0.032622247731929  0.109045338221345  0.158109942794242  0.000000000000000  0.004900008611410  1.000000000000000  0.000000000000000  0.000000000000000  1.000000000000000  0.000000000000000  0.235206526878447  0.764718138941384  0.003349125143102  0.496546247718518  0.460412848602520 
60.0    A  0.200684347178988  0.007144258511718  0.038446604523473  0.226251615720726  0.004274584770550  0.042659178683911  0.026114592466308  0.029894004940371  0.040218413978165  0.048093975630027  0.023067412588794  0.019290040732712  0.005738939973743  0.071051060827251  0.039996012932635  0.084435880283477  0.039010329653175  0.046584699587466  0.000000000000000  0.007036140467562  0.997922718999051  0.000000000000000  0.002321060752064  0.000000000000000  0.000000000000000  0.000000000000000  1.000000000000000  0.003349125143102  1.000000000000000  0.470087101254563 
61.0    E  0.012994095287108  0.004400856361317  0.082583650353642  0.316658563430804  0.039774841727373  0.019117000642685  0.041955390711883  0.015506318354466  0.064480198706335  0.039064446955788  0.010272990314102  0.071644511608024  0.003226084628655  0.038260512262506  0.095855166229568  0.057233355401133  0.025242524300300  0.004733096329806  0.001557016555743  0.055552667572911  0.993092495437036  0.006656594492772  0.000000000000000  1.000000000000000  0.000000000000000  0.161544103829687  0.838568184440931  0.003351447384487  0.485317234884773  0.463615273217731 
62.0    I  0.020731955321831  0.001992782537595  0.000000000000000  0.004114691546699  0.032061817041786  0.003298440966499  0.002995473944674  0.339386244970002  0.002116652278994  0.294430697398745  0.023454360898662  0.000000000000000  0.003562238927812  0.000000000000000  0.003386474857479  0.000000000000000  0.020333466491280  0.248101093671455  0.000000000000000  0.000000000000000  1.000000000000000  0.000000000000000  0.000000000000000  0.500000000000000  0.500000000000000  0.297507924076669  0.702709350103360  0.003351447384487  0.496546247718518  0.469761374607006 
63.0    L  0.199990032083188  0.016898043179432  0.000000000000000  0.000000000000000  0.043314683926575  0.023067412588794  0.001352645964952  0.081446696835206  0.002214198071833  0.268873597614345  0.027035521580781  0.003282475594661  0.009868181733170  0.004465384122711  0.003587016258988  0.073965688859536  0.140729823267095  0.089126607335259  0.002467045433293  0.008437316873694  0.996540262827868  0.000000000000000  0.003491348290456  0.000000000000000  0.000000000000000  0.264621098718783  0.735603372927869  0.003353771236085  1.000000000000000  0.479632059662632 
64.0    E  0.046230859664026  0.009551877169469  0.043980261728919  0.310572070446110  0.002333967196986  0.057035343033966  0.011280696840020  0.012090351512050  0.108217070689957  0.039308905369876  0.017122058850745  0.024063661694877  0.000000000000000  0.029523345031163  0.084846561242500  0.111182374192237  0.066569262712089  0.019290040732712  0.003484095778985  0.003349125143102  0.993781093322555  0.003637089139962  0.002656974321105  0.433168428200044  0.566834706389211  0.372677596699730  0.627201102260497  0.003363082766949  0.493458272942921  0.475659138165900 
65.0    L  0.038366740122346  0.018389167769043  0.130398574191232  0.242658617442387  0.005062269396224  0.013267128850732  0.008674522137724  0.013820944302055  0.067968024428430  0.218241897783441  0.025844480263852  0.019303416205108  0.002915582779877  0.040302132832996  0.094732285406900  0.020919613390288  0.008967987608242  0.017169597149639  0.003540085696357  0.009492474936758  1.000000000000000  0.000000000000000  0.000000000000000  1.000000000000000  0.000000000000000  0.436786447958347  0.562919293068381  0.003360752463326  0.496202187342909  0.478635729097649 
66.0    A  0.627635995641322  0.025312608551001  0.002093307544016  0.006474569566312  0.000000000000000  0.027718634536005  0.000000000000000  0.008525499039492  0.005578140545645  0.023099412988654  0.003825860537449  0.000000000000000  0.003996630741150  0.004693890818464  0.002504954302270  0.159430548959818  0.054484889971066  0.044749023162536  0.000000000000000  0.000000000000000  0.983502074026248  0.006533174999329  0.010033717257730  0.273383864371158  0.726482524785685  0.000000000000000  1.000000000000000  0.003356096699012  0.475000191437443  0.489370825198718 
67.0    G  0.060245612983790  0.014229216149875  0.019505164826588  0.009806812431896  0.024399577893981  0.223291463088190  0.019668080836013  0.036071419297401  0.010054603494541  0.050345268190547  0.008309630256978  0.093622558401511  0.000000000000000  0.020876157474845  0.024877753086837  0.124653906419009  0.022281651833815  0.105696535922190  0.054334035005626  0.077696854306496  0.991716730738293  0.005699298219688  0.002338825594959  0.269060031195949  0.731028724200017  0.229569040575231  0.770571108358408  0.003388822996688  0.477641468191219  0.460412848602520 
68.0    N  0.054863862350595  0.010851211998165  0.075519865211871  0.112734422297781  0.008936960728155  0.017277041458129  0.013267128850732  0.034291623049351  0.083215725827273  0.068869069742288  0.028855697210294  0.231807636608866  0.003754925501519  0.033307710502123  0.069975805540890  0.031884520601514  0.093817443594648  0.021552514403548  0.001334948683537  0.004024429506328  0.988285651500733  0.004406961474439  0.007309558576808  0.439215234119181  0.560971740265242  0.638606879597695  0.361232599480881  0.003388822996688  0.487339815445774  0.462973011263662 
69.0    A  0.157017797642941  0.050240686921447  0.004074955443476  0.053363607149453  0.017337023001060  0.005707204603694  0.046391361582158  0.082583650353642  0.027054267672489  0.149063609041329  0.029852591761951  0.032894723584670  0.001751734686840  0.026132699997314  0.033913417871306  0.032374461361251  0.021021362633154  0.088204740213043  0.003991094073103  0.136881558849197  0.986916545885842  0.010569126805080  0.002729779241897  0.113125807860363  0.886996305152150  0.070267432736164  0.929804942613162  0.003386474857479  0.465224828851508  0.466839972457657 
70.0    A  0.465870214652387  0.083158065067543  0.009618315729257  0.006176477473468  0.003493769147588  0.018478609378815  0.001535580648712  0.005986796719562  0.007365504186861  0.019183370061173  0.024843289092155  0.002791004179182  0.007987722895390  0.007144258511718  0.015061403245948  0.093104841445169  0.167125061925642  0.057791454882106  0.000000000000000  0.003363082766949  0.993781093322555  0.001342371773020  0.004815829396343  0.367801686463934  0.632439771176968  0.056602123938614  0.943438250895360  0.003405305623192  0.499307333050514  0.454074208860755 
71.0    R  0.032735503971869  0.012250632094933  0.025225033578274  0.159873197659679  0.004212814186306  0.019290040732712  0.062500000000000  0.046198825977308  0.170636714735646  0.031796240378209  0.020235046857100  0.041810236087066  0.010481579881893  0.104313660144426  0.158658860752476  0.034482304376311  0.027110583973502  0.025970183174801  0.004706923105448  0.007525483547032  0.966606097064973  0.011517728260087  0.022097086912080  0.261702570493644  0.738157202841417  0.215685336135664  0.784584097896751  0.003407666819417  0.468136123717246  0.444113397921202 
72.0    D  0.046908721797324  0.007228940844046  0.178376813214735  0.067873866020143  0.009400804890621  0.034054753506667  0.177513419817928  0.017098339082199  0.076468002570742  0.035896823593657  0.019464647118273  0.049411819787746  0.009950605275988  0.070511383591032  0.044532425442150  0.059251685320540  0.028935813203979  0.007572576694805  0.000000000000000  0.059498619281096  0.988285651500733  0.006497047643554  0.005373210227108  0.708087719107272  0.291991848653279  0.357000994921266  0.643048741715302  0.003557304037469  0.480963727332387  0.379717922453632 
73.0    N  0.178872065002864  0.019156794688331  0.059663813383732  0.085082132281217  0.009137403625406  0.046391361582158  0.027450952132449  0.033679160782615  0.037317599596081  0.041665583659100  0.006763566918122  0.199298119135134  0.009335868787944  0.030649343874642  0.059622471909222  0.095855166229568  0.037447156916857  0.005101014793316  0.007396200244037  0.010075533208249  0.979420297586927  0.008584798574819  0.012098734810207  0.539614118252214  0.460412848602520  0.779164579660500  0.220675749072664  0.003520509619574  0.453759577658580  0.405844790488639 
74.0    K  0.012779719664965  0.008590751166520  0.034220389712299  0.032690154368517  0.000000000000000  0.166316130135086  0.022374511581268  0.000000000000000  0.423959982316574  0.011010318399547  0.004416135027830  0.095523532547823  0.007243988644027  0.030060232958274  0.098892162648181  0.031532863557646  0.013744516811288  0.006470083291676  0.000000000000000  0.000000000000000  0.979420297586927  0.013120804577252  0.007299432397525  0.639492790638714  0.360732171715407  0.188939991039528  0.811127155577043  0.003481681624598  0.448755025333631  0.446892581178393 
75.0    K  0.038234001285371  0.015071846634127  0.003181670168243  0.028497911422493  0.002428026697078  0.025970183174801  0.029482445340480  0.005999258866024  0.210515738402104  0.019928818619977  0.009525430422471  0.009049162548396  0.004030012419146  0.018236845340914  0.470087101254563  0.046359216682535  0.021226348196077  0.040695130924032  0.000000000000000  0.001501895343037  0.965267024871757  0.031554728049896  0.003349125143102  0.586011141837257  0.414085330667273  0.534773543942622  0.465224828851508  0.003464829317001  0.409802303818759  0.428688018317086 
76.0    S  0.023880883136956  0.013415084944340  0.010851211998165  0.015506318354466  0.006323767316777  0.028676246322230  0.009290680585959  0.013744516811288  0.432868282759829  0.020660228205353  0.014328188175073  0.030311309698179  0.022545760732213  0.019143520811011  0.131214585452883  0.072695002596741  0.070854338298651  0.050871449066902  0.004055231525559  0.008668511500530  0.994470168673214  0.005197379066721  0.000000000000000  0.095656048113917  0.904379377561088  0.497579860910041  0.502431910211893  0.003457631892889  0.477310507069858  0.451876363375543 
77.0    R  0.010430846119499  0.013640118611465  0.002727887758725  0.031315050158739  0.007249011534932  0.012081974022739  0.005208197957387  0.030670595745421  0.039857637239955  0.021463066147338  0.005908468739390  0.016164805961233  0.026350972195316  0.011056204377552  0.196554323035083  0.022987605403996  0.527776858818983  0.013508394239185  0.000000000000000  0.005229903347572  0.990342871933025  0.005762857254230  0.004169239601719  1.000000000000000  0.000000000000000  0.160428237195363  0.839731492944140  0.003386474857479  0.480630464194381  0.476979775273779 
78.0    I  0.003472041723307  0.000000000000000  0.000000000000000  0.000000000000000  0.013148116910709  0.002164125679424  0.000000000000000  0.492433221447775  0.000000000000000  0.217788548035564  0.028478165019911  0.005551140793677  0.004035603076891  0.000000000000000  0.000000000000000  0.011454037165541  0.004706923105448  0.216734390878672  0.000000000000000  0.000000000000000  0.996540262827868  0.003417127987913  0.000000000000000  0.314471242959004  0.685391402489852  0.378141999320990  0.621574834451970  0.003377098559796  0.493458272942921  0.466193243218416 
79.0    I  0.053068515402927  0.004131839701634  0.016746460352130  0.012318752719629  0.004900008611410  0.017122058850745  0.010738974184156  0.064301669243348  0.085023178275372  0.039200068891281  0.031012636708932  0.058274155402302  0.002974782694733  0.128781744202509  0.032486857349227  0.117196387057139  0.296067902963408  0.019117000642685  0.000000000000000  0.006574058455355  1.000000000000000  0.000000000000000  0.000000000000000  0.250000000000000  0.750019494642909  0.385285554179204  0.614719433627290  0.003484095778985  0.495858365369147  0.477972658796871 
80.0    P  0.169575540930959  0.014659706195323  0.013649576498698  0.026078415036107  0.000000000000000  0.054409410206008  0.006519603759027  0.007916069532493  0.056641371141708  0.032195436050627  0.007380836257791  0.006542238183660  0.313383255110173  0.012199788946990  0.044811101500495  0.082755556899712  0.026460791011329  0.046294993688135  0.001427790476953  0.077106698113094  0.997231251352069  0.002473895026803  0.000000000000000  1.000000000000000  0.000000000000000  0.000000000000000  1.000000000000000  0.003609463173620  0.496890546661277  0.487677730763821 
81.0    R  0.022390025787080  0.013120804577252  0.059005776196891  0.178253214670518  0.006275734349664  0.027853452996780  0.017217267435572  0.005827125104264  0.120240931833097  0.021853376292788  0.030122806491895  0.019804883156788  0.007678285926135  0.056445406884489  0.274904037328638  0.081842838942723  0.031554728049896  0.007651721074898  0.014649548382142  0.003365414686375  0.996540262827868  0.000000000000000  0.003124844251300  0.000000000000000  0.000000000000000  0.000000000000000  1.000000000000000  0.003604462861929  1.000000000000000  0.487677730763821 
82.0    H  0.016607744911852  0.003066906713569  0.470739232270603  0.087534770055450  0.005118724233822  0.008561029425373  0.312732270028317  0.010987446874321  0.004927255503247  0.022987605403996  0.002758309383564  0.004289425053856  0.003887342663360  0.007468322793701  0.001538777121190  0.008065613558463  0.017542522219900  0.009698652277548  0.000000000000000  0.001593041979178  0.997922718999051  0.000947228428068  0.000914962350461  0.055552667572911  0.944747040997206  0.578344091952644  0.421615555125056  0.003611965930132  0.500000000000000  0.478967609111348 
83.0    L  0.003825860537449  0.006569503244170  0.000000000000000  0.006693609021629  0.020025748815003  0.002877436886360  0.002363269705506  0.353798540081664  0.010738974184156  0.279903222163560  0.045405157799105  0.000000000000000  0.002522377637309  0.003525393466650  0.000000000000000  0.007541148631811  0.005079844322455  0.246558176123340  0.000000000000000  0.002575378153305  0.998614666101029  0.001334948683537  0.000000000000000  0.059251685320540  0.940826107513788  0.178500497460633  0.821310700752066  0.003584530790279  0.499653546495226  0.490729531926740 
84.0    Q  0.085141127165031  0.017301009132567  0.044501568612408  0.090183042928852  0.007921558435860  0.005798920197770  0.016097718025314  0.060454770600871  0.113282742283417  0.086930123231874  0.017062821027276  0.016153605253874  0.002568247578526  0.234230361718106  0.058354996557207  0.055398856199679  0.024808872841614  0.060078808024298  0.000000000000000  0.003823209571865  0.998614666101029  0.001706197062337  0.000000000000000  0.500000000000000  0.500000000000000  0.216284172646247  0.783497186949341  0.003749723675933  0.497579860910041  0.493116352246680 
85.0    L  0.064524908467703  0.003657313466541  0.015744590006414  0.058112808913323  0.022297101651842  0.009067999331123  0.031950891581560  0.022702578899553  0.048900736358532  0.244515868361835  0.046487930076078  0.051260806949795  0.001984511998035  0.062197482613755  0.035255691795516  0.058233776831548  0.115903818304433  0.029956232452906  0.027054267672489  0.050205874797315  0.998614666101029  0.001591938149224  0.000000000000000  0.500000000000000  0.500000000000000  1.000000000000000  0.000000000000000  0.003783664801667  0.499653546495226  0.495514781632040 
86.0    A  0.700278160443602  0.035624164771671  0.004954653903617  0.002463627751624  0.000000000000000  0.015441963304699  0.001919571481534  0.008924580053504  0.000000000000000  0.015625000000000  0.000000000000000  0.002185228712960  0.012395841299862  0.002491102327497  0.002771725305079  0.060959716345478  0.035599480538191  0.091505355996602  0.002088959156026  0.004849326138774  1.000000000000000  0.000000000000000  0.000000000000000  0.000000000000000  0.000000000000000  0.000000000000000  0.000000000000000  0.003783664801667  1.000000000000000  1.000000000000000 
87.0    V  0.032441852204471  0.010216182410443  0.000000000000000  0.003587016258988  0.013148116910709  0.002520629864164  0.002194335748109  0.263888429409492  0.007609408347994  0.185694115082604  0.054711958105891  0.005966083976409  0.000000000000000  0.008384845987449  0.035231262879544  0.012073602338250  0.017664540111322  0.335875856430324  0.000000000000000  0.008832270055661  0.994470168673214  0.000000000000000  0.005373210227108  0.000000000000000  0.000000000000000  0.000000000000000  0.000000000000000  0.003911668967622  1.000000000000000  1.000000000000000 
88.0    R  0.052446852319159  0.033562639738129  0.035624164771671  0.099718154976129  0.005072807041914  0.017229205672952  0.028935813203979  0.005937206470318  0.159541096103619  0.011541703621739  0.008454880035357  0.048866852695537  0.007737053686977  0.066569262712089  0.313600551130249  0.064212589961185  0.022281651833815  0.003554839156566  0.000000000000000  0.014988501864457  1.000000000000000  0.000000000000000  0.000000000000000  1.000000000000000  0.000000000000000  1.000000000000000  0.000000000000000  0.004117544622229  0.496546247718518  0.488354264481114 
89.0    N  0.019873640730368  0.000000000000000  0.013773127467300  0.028458432299749  0.000000000000000  0.089746531913965  0.015124172295215  0.017973310833603  0.049859077488065  0.014467906601989  0.026681803574726  0.575943821174679  0.000000000000000  0.009188212892898  0.013322420183874  0.063636574985289  0.047234997759882  0.010373165299863  0.004233304557987  0.000000000000000  1.000000000000000  0.000000000000000  0.000000000000000  1.000000000000000  0.000000000000000  0.000000000000000  0.000000000000000  0.014189819026899  1.000000000000000  1.000000000000000 
