No:  residues  hmm_col_1  hmm_col_2  hmm_col_3  hmm_col_4  hmm_col_5  hmm_col_6  hmm_col_7  hmm_col_8  hmm_col_9  hmm_col_10  hmm_col_11  hmm_col_12  hmm_col_13  hmm_col_14  hmm_col_15  hmm_col_16  hmm_col_17  hmm_col_18  hmm_col_19  hmm_col_20  hmm_col_21   hmm_col_22   hmm_col_23   hmm_col_24   hmm_col_25   hmm_col_26   hmm_col_27   hmm_col_28   hmm_col_29   hmm_col_30   
1.0    M  0.000000000000000  0.000000000000000  0.000000000000000  0.000000000000000  0.000000000000000  0.000000000000000  0.000000000000000  0.000000000000000  0.000000000000000  0.000000000000000  0.833353207159218  0.000000000000000  0.000000000000000  0.000000000000000  0.000000000000000  0.000000000000000  0.166546853136503  0.000000000000000  0.000000000000000  0.000000000000000  1.000000000000000  0.000000000000000  0.000000000000000  0.000000000000000  0.000000000000000  0.000000000000000  0.000000000000000  0.236678407809178  1.000000000000000  1.000000000000000 
2.0    F  0.000000000000000  0.000000000000000  0.000000000000000  0.000000000000000  0.170164264562434  0.000000000000000  0.000000000000000  0.000000000000000  0.000000000000000  0.084435880283477  0.000000000000000  0.448133349784702  0.000000000000000  0.213158722941989  0.000000000000000  0.000000000000000  0.084260483233566  0.000000000000000  0.000000000000000  0.000000000000000  1.000000000000000  0.000000000000000  0.000000000000000  0.000000000000000  0.000000000000000  0.000000000000000  0.000000000000000  0.236678407809178  1.000000000000000  1.000000000000000 
3.0    A  0.087111077417967  0.000000000000000  0.000000000000000  0.000000000000000  0.000000000000000  0.000000000000000  0.000000000000000  0.000000000000000  0.000000000000000  0.166546853136503  0.000000000000000  0.494828328207603  0.000000000000000  0.000000000000000  0.000000000000000  0.000000000000000  0.084260483233566  0.167472950303480  0.000000000000000  0.000000000000000  1.000000000000000  0.000000000000000  0.000000000000000  0.000000000000000  0.000000000000000  0.000000000000000  0.000000000000000  0.236678407809178  1.000000000000000  1.000000000000000 
4.0    P  0.000000000000000  0.000000000000000  0.000000000000000  0.000000000000000  0.000000000000000  0.000000000000000  0.000000000000000  0.000000000000000  0.000000000000000  0.000000000000000  0.000000000000000  0.166546853136503  0.254546299941155  0.000000000000000  0.000000000000000  0.000000000000000  0.468460723436213  0.110490941382959  0.000000000000000  0.000000000000000  1.000000000000000  0.000000000000000  0.000000000000000  0.000000000000000  0.000000000000000  0.000000000000000  0.000000000000000  0.236678407809178  1.000000000000000  1.000000000000000 
5.0    Q  0.000000000000000  0.000000000000000  0.000000000000000  0.000000000000000  0.000000000000000  0.000000000000000  0.000000000000000  0.000000000000000  0.000000000000000  0.000000000000000  0.000000000000000  0.000000000000000  0.000000000000000  0.897510050667261  0.000000000000000  0.000000000000000  0.000000000000000  0.000000000000000  0.000000000000000  0.102663837594008  1.000000000000000  0.000000000000000  0.000000000000000  0.000000000000000  0.000000000000000  0.000000000000000  0.000000000000000  0.236678407809178  1.000000000000000  1.000000000000000 
6.0    G  0.000000000000000  0.000000000000000  0.000000000000000  0.281459646534191  0.000000000000000  0.718470088272032  0.000000000000000  0.000000000000000  0.000000000000000  0.000000000000000  0.000000000000000  0.000000000000000  0.000000000000000  0.000000000000000  0.000000000000000  0.000000000000000  0.000000000000000  0.000000000000000  0.000000000000000  0.000000000000000  0.833353207159218  0.000000000000000  0.166546853136503  0.000000000000000  0.000000000000000  0.000000000000000  0.000000000000000  0.236678407809178  1.000000000000000  1.000000000000000 
7.0    L  0.000000000000000  0.000000000000000  0.000000000000000  0.000000000000000  0.000000000000000  0.000000000000000  0.097193254485320  0.000000000000000  0.000000000000000  0.379981214100379  0.000000000000000  0.000000000000000  0.000000000000000  0.451876363375543  0.000000000000000  0.070805242830987  0.000000000000000  0.000000000000000  0.000000000000000  0.000000000000000  1.000000000000000  0.000000000000000  0.000000000000000  0.142892291926755  0.857376036634172  0.000000000000000  1.000000000000000  0.223756267731993  0.430773079856009  0.489370825198718 
8.0    A  0.308640651723385  0.000000000000000  0.000000000000000  0.122852574818156  0.128692510429250  0.000000000000000  0.000000000000000  0.187895184758195  0.000000000000000  0.000000000000000  0.000000000000000  0.080604265665993  0.000000000000000  0.000000000000000  0.000000000000000  0.053586002289636  0.000000000000000  0.000000000000000  0.000000000000000  0.117929781361920  1.000000000000000  0.000000000000000  0.000000000000000  0.000000000000000  0.000000000000000  1.000000000000000  0.000000000000000  0.163232473386115  1.000000000000000  0.489370825198718 
9.0    Q  0.000000000000000  0.000000000000000  0.000000000000000  0.223756267731993  0.000000000000000  0.000000000000000  0.219912268980609  0.000000000000000  0.000000000000000  0.000000000000000  0.000000000000000  0.000000000000000  0.096789878481653  0.313383255110173  0.072242919159675  0.000000000000000  0.073914437515259  0.000000000000000  0.000000000000000  0.000000000000000  0.925946022527324  0.073914437515259  0.000000000000000  0.333324669272800  0.666649338545599  0.000000000000000  0.000000000000000  0.151459082553780  0.500000000000000  1.000000000000000 
10.0    F  0.000000000000000  0.000000000000000  0.000000000000000  0.000000000000000  0.689202576487815  0.000000000000000  0.000000000000000  0.079549683454746  0.000000000000000  0.000000000000000  0.000000000000000  0.000000000000000  0.104024841838941  0.000000000000000  0.000000000000000  0.000000000000000  0.000000000000000  0.077750728331154  0.000000000000000  0.049411819787746  1.000000000000000  0.000000000000000  0.000000000000000  0.000000000000000  0.000000000000000  0.000000000000000  0.000000000000000  0.128336193215000  1.000000000000000  1.000000000000000 
11.0    I  0.000000000000000  0.000000000000000  0.000000000000000  0.000000000000000  0.000000000000000  0.000000000000000  0.000000000000000  0.437999157533563  0.000000000000000  0.000000000000000  0.102877543159839  0.156041318612701  0.000000000000000  0.079549683454746  0.000000000000000  0.000000000000000  0.223446290589197  0.000000000000000  0.000000000000000  0.000000000000000  0.437999157533563  0.000000000000000  0.561749951515823  0.000000000000000  0.000000000000000  0.000000000000000  0.000000000000000  0.128336193215000  1.000000000000000  1.000000000000000 
12.0    K  0.000000000000000  0.000000000000000  0.000000000000000  0.178748123295211  0.000000000000000  0.000000000000000  0.000000000000000  0.000000000000000  0.821310700752066  0.000000000000000  0.000000000000000  0.000000000000000  0.000000000000000  0.000000000000000  0.000000000000000  0.000000000000000  0.000000000000000  0.000000000000000  0.000000000000000  0.000000000000000  1.000000000000000  0.000000000000000  0.000000000000000  0.000000000000000  0.000000000000000  1.000000000000000  0.000000000000000  0.283024725527668  1.000000000000000  0.282828615711475 
13.0    V  0.000000000000000  0.000000000000000  0.000000000000000  0.000000000000000  0.000000000000000  0.000000000000000  0.000000000000000  0.000000000000000  0.000000000000000  0.248789930455021  0.000000000000000  0.000000000000000  0.000000000000000  0.000000000000000  0.000000000000000  0.000000000000000  0.000000000000000  0.751059963470465  0.000000000000000  0.000000000000000  1.000000000000000  0.000000000000000  0.000000000000000  0.000000000000000  0.000000000000000  0.000000000000000  0.000000000000000  0.128336193215000  1.000000000000000  1.000000000000000 
14.0    N  0.000000000000000  0.000000000000000  0.000000000000000  0.000000000000000  0.000000000000000  0.000000000000000  0.000000000000000  0.048495678392179  0.059663813383732  0.000000000000000  0.077750728331154  0.235859562723840  0.000000000000000  0.000000000000000  0.104024841838941  0.200406332349848  0.273763117698394  0.000000000000000  0.000000000000000  0.000000000000000  1.000000000000000  0.000000000000000  0.000000000000000  0.000000000000000  0.000000000000000  0.000000000000000  0.000000000000000  0.128336193215000  1.000000000000000  1.000000000000000 
15.0    V  0.000000000000000  0.000000000000000  0.000000000000000  0.000000000000000  0.000000000000000  0.000000000000000  0.000000000000000  0.214939121560752  0.000000000000000  0.000000000000000  0.000000000000000  0.000000000000000  0.000000000000000  0.000000000000000  0.000000000000000  0.000000000000000  0.000000000000000  0.785128118673572  0.000000000000000  0.000000000000000  1.000000000000000  0.000000000000000  0.000000000000000  0.000000000000000  0.000000000000000  0.000000000000000  0.000000000000000  0.128336193215000  1.000000000000000  1.000000000000000 
16.0    T  0.000000000000000  0.000000000000000  0.000000000000000  0.097530685021713  0.102877543159839  0.000000000000000  0.000000000000000  0.000000000000000  0.000000000000000  0.000000000000000  0.000000000000000  0.048495678392179  0.000000000000000  0.000000000000000  0.000000000000000  0.079549683454746  0.534402995605504  0.137261601723381  0.000000000000000  0.000000000000000  1.000000000000000  0.000000000000000  0.000000000000000  0.000000000000000  0.000000000000000  0.000000000000000  0.000000000000000  0.128336193215000  1.000000000000000  1.000000000000000 
17.0    L  0.000000000000000  0.000000000000000  0.000000000000000  0.000000000000000  0.000000000000000  0.000000000000000  0.000000000000000  0.000000000000000  0.000000000000000  0.799405830352472  0.000000000000000  0.097530685021713  0.000000000000000  0.000000000000000  0.000000000000000  0.000000000000000  0.102877543159839  0.000000000000000  0.000000000000000  0.000000000000000  1.000000000000000  0.000000000000000  0.000000000000000  0.000000000000000  0.000000000000000  0.000000000000000  0.000000000000000  0.128336193215000  1.000000000000000  1.000000000000000 
18.0    E  0.000000000000000  0.000000000000000  0.308640651723385  0.363997387249772  0.000000000000000  0.137261601723381  0.000000000000000  0.000000000000000  0.104024841838941  0.000000000000000  0.000000000000000  0.086150322060977  0.000000000000000  0.000000000000000  0.000000000000000  0.000000000000000  0.000000000000000  0.000000000000000  0.000000000000000  0.000000000000000  0.922103117912631  0.077750728331154  0.000000000000000  1.000000000000000  0.000000000000000  0.000000000000000  0.000000000000000  0.128336193215000  0.489370825198718  1.000000000000000 
19.0    N  0.079549683454746  0.000000000000000  0.000000000000000  0.102877543159839  0.000000000000000  0.000000000000000  0.000000000000000  0.000000000000000  0.183646079159789  0.000000000000000  0.000000000000000  0.633756261017212  0.000000000000000  0.000000000000000  0.000000000000000  0.000000000000000  0.000000000000000  0.000000000000000  0.000000000000000  0.000000000000000  0.662503508522604  0.337743521133909  0.000000000000000  0.630251695791493  0.369590607818461  0.000000000000000  0.000000000000000  0.128336193215000  0.367037659008526  1.000000000000000 
20.0    G  0.000000000000000  0.000000000000000  0.198470982732913  0.108969779942133  0.000000000000000  0.439824537961218  0.000000000000000  0.000000000000000  0.000000000000000  0.000000000000000  0.000000000000000  0.061596833558711  0.000000000000000  0.096121301954392  0.000000000000000  0.094929480613408  0.000000000000000  0.000000000000000  0.000000000000000  0.000000000000000  1.000000000000000  0.000000000000000  0.000000000000000  0.000000000000000  0.000000000000000  0.000000000000000  1.000000000000000  0.170991912987811  1.000000000000000  0.430773079856009 
21.0    E  0.000000000000000  0.000000000000000  0.108969779942133  0.673150034638391  0.000000000000000  0.000000000000000  0.000000000000000  0.000000000000000  0.000000000000000  0.000000000000000  0.000000000000000  0.217939559884266  0.000000000000000  0.000000000000000  0.000000000000000  0.000000000000000  0.000000000000000  0.000000000000000  0.000000000000000  0.000000000000000  0.673150034638391  0.326917837134190  0.000000000000000  1.000000000000000  0.000000000000000  1.000000000000000  0.000000000000000  0.170991912987811  0.399149193178325  0.430773079856009 
22.0    P  0.123878695408010  0.000000000000000  0.000000000000000  0.000000000000000  0.000000000000000  0.088204740213043  0.000000000000000  0.000000000000000  0.000000000000000  0.000000000000000  0.000000000000000  0.000000000000000  0.691116103264291  0.000000000000000  0.000000000000000  0.000000000000000  0.000000000000000  0.096924150793376  0.000000000000000  0.000000000000000  1.000000000000000  0.000000000000000  0.000000000000000  0.000000000000000  0.000000000000000  0.000000000000000  0.000000000000000  0.115183023274838  1.000000000000000  1.000000000000000 
23.0    V  0.000000000000000  0.000000000000000  0.000000000000000  0.000000000000000  0.053252755942179  0.000000000000000  0.000000000000000  0.000000000000000  0.169693122485001  0.000000000000000  0.000000000000000  0.123878695408010  0.000000000000000  0.079825859949712  0.088265900274047  0.000000000000000  0.083100444261357  0.401925495371576  0.000000000000000  0.000000000000000  1.000000000000000  0.000000000000000  0.000000000000000  0.000000000000000  0.000000000000000  0.000000000000000  0.000000000000000  0.115183023274838  1.000000000000000  1.000000000000000 
24.0    F  0.000000000000000  0.000000000000000  0.000000000000000  0.000000000000000  0.755759964158113  0.000000000000000  0.000000000000000  0.000000000000000  0.000000000000000  0.000000000000000  0.000000000000000  0.000000000000000  0.000000000000000  0.000000000000000  0.000000000000000  0.000000000000000  0.000000000000000  0.072795849154279  0.000000000000000  0.171347850622463  1.000000000000000  0.000000000000000  0.000000000000000  0.000000000000000  0.000000000000000  0.000000000000000  0.000000000000000  0.115183023274838  1.000000000000000  1.000000000000000 
25.0    I  0.088265900274047  0.000000000000000  0.000000000000000  0.000000000000000  0.000000000000000  0.000000000000000  0.000000000000000  0.147113342152346  0.000000000000000  0.000000000000000  0.000000000000000  0.252262908461170  0.000000000000000  0.000000000000000  0.000000000000000  0.144485838319350  0.284795844305529  0.083100444261357  0.000000000000000  0.000000000000000  1.000000000000000  0.000000000000000  0.000000000000000  0.000000000000000  0.000000000000000  0.000000000000000  0.000000000000000  0.115183023274838  1.000000000000000  1.000000000000000 
26.0    Y  0.000000000000000  0.000000000000000  0.000000000000000  0.000000000000000  0.000000000000000  0.000000000000000  0.000000000000000  0.259534817635764  0.000000000000000  0.000000000000000  0.000000000000000  0.000000000000000  0.000000000000000  0.000000000000000  0.000000000000000  0.000000000000000  0.000000000000000  0.000000000000000  0.000000000000000  0.740206649000025  0.924663278113700  0.000000000000000  0.075467536967906  0.000000000000000  0.000000000000000  0.000000000000000  0.000000000000000  0.115183023274838  1.000000000000000  1.000000000000000 
27.0    T  0.000000000000000  0.000000000000000  0.000000000000000  0.000000000000000  0.057751410777926  0.000000000000000  0.000000000000000  0.091632297324326  0.000000000000000  0.079109787123142  0.000000000000000  0.000000000000000  0.000000000000000  0.000000000000000  0.105112051906714  0.077589218220382  0.445037866626248  0.050066867349351  0.000000000000000  0.093687475109722  1.000000000000000  0.000000000000000  0.000000000000000  0.000000000000000  0.000000000000000  0.000000000000000  1.000000000000000  0.123964591342287  1.000000000000000  0.489710148793463 
28.0    D  0.000000000000000  0.000000000000000  0.353308410970682  0.000000000000000  0.000000000000000  0.000000000000000  0.000000000000000  0.135371880690741  0.000000000000000  0.000000000000000  0.000000000000000  0.057951909152216  0.091632297324326  0.274523203446762  0.000000000000000  0.000000000000000  0.087050717541815  0.000000000000000  0.000000000000000  0.000000000000000  0.680657058249737  0.000000000000000  0.319524840800763  0.000000000000000  0.000000000000000  0.000000000000000  1.000000000000000  0.123964591342287  1.000000000000000  0.489710148793463 
29.0    A  0.319524840800763  0.000000000000000  0.000000000000000  0.126131454230585  0.000000000000000  0.000000000000000  0.085318357367823  0.000000000000000  0.121581868426536  0.142496659086683  0.000000000000000  0.000000000000000  0.000000000000000  0.000000000000000  0.000000000000000  0.000000000000000  0.205043227799182  0.000000000000000  0.000000000000000  0.000000000000000  1.000000000000000  0.000000000000000  0.000000000000000  0.000000000000000  0.000000000000000  0.781327880172317  0.218847832423566  0.176043028364010  1.000000000000000  0.339386244970002 
30.0    N  0.105112051906714  0.000000000000000  0.293208737307970  0.129677492070701  0.000000000000000  0.091632297324326  0.000000000000000  0.000000000000000  0.000000000000000  0.000000000000000  0.000000000000000  0.158658860752476  0.000000000000000  0.000000000000000  0.000000000000000  0.171704529178703  0.050066867349351  0.000000000000000  0.000000000000000  0.000000000000000  1.000000000000000  0.000000000000000  0.000000000000000  0.000000000000000  0.000000000000000  0.000000000000000  1.000000000000000  0.123964591342287  1.000000000000000  0.489710148793463 
31.0    G  0.000000000000000  0.000000000000000  0.000000000000000  0.000000000000000  0.000000000000000  0.909408251800733  0.000000000000000  0.000000000000000  0.000000000000000  0.000000000000000  0.000000000000000  0.090370768409109  0.000000000000000  0.000000000000000  0.000000000000000  0.000000000000000  0.000000000000000  0.000000000000000  0.000000000000000  0.000000000000000  0.909408251800733  0.090370768409109  0.000000000000000  0.333324669272800  0.666649338545599  0.000000000000000  1.000000000000000  0.123964591342287  0.491410299272626  0.489710148793463 
32.0    Q  0.142200653484063  0.000000000000000  0.000000000000000  0.168404197108211  0.000000000000000  0.000000000000000  0.038794609110191  0.000000000000000  0.144786600774330  0.000000000000000  0.000000000000000  0.171347850622463  0.000000000000000  0.081052472165688  0.000000000000000  0.000000000000000  0.057951909152216  0.195467410782148  0.000000000000000  0.000000000000000  1.000000000000000  0.000000000000000  0.000000000000000  0.000000000000000  0.000000000000000  0.000000000000000  1.000000000000000  0.123964591342287  1.000000000000000  0.489710148793463 
33.0    V  0.105112051906714  0.000000000000000  0.000000000000000  0.185951720304313  0.000000000000000  0.000000000000000  0.000000000000000  0.000000000000000  0.000000000000000  0.000000000000000  0.000000000000000  0.000000000000000  0.470739232270603  0.118503370641081  0.000000000000000  0.000000000000000  0.000000000000000  0.119741902277837  0.000000000000000  0.000000000000000  1.000000000000000  0.000000000000000  0.000000000000000  0.000000000000000  0.000000000000000  0.000000000000000  1.000000000000000  0.123964591342287  1.000000000000000  0.489710148793463 
34.0    C  0.093687475109722  0.443805668634749  0.000000000000000  0.091632297324326  0.000000000000000  0.000000000000000  0.000000000000000  0.000000000000000  0.057951909152216  0.000000000000000  0.000000000000000  0.000000000000000  0.000000000000000  0.000000000000000  0.000000000000000  0.087050717541815  0.000000000000000  0.225781627537956  0.000000000000000  0.000000000000000  1.000000000000000  0.000000000000000  0.000000000000000  0.000000000000000  0.000000000000000  0.000000000000000  1.000000000000000  0.123964591342287  1.000000000000000  0.489710148793463 
35.0    Q  0.000000000000000  0.000000000000000  0.105112051906714  0.000000000000000  0.000000000000000  0.000000000000000  0.000000000000000  0.000000000000000  0.000000000000000  0.000000000000000  0.000000000000000  0.000000000000000  0.118503370641081  0.141218401821265  0.000000000000000  0.236678407809178  0.398596238270268  0.000000000000000  0.000000000000000  0.000000000000000  0.908148417721510  0.000000000000000  0.091632297324326  0.250000000000000  0.750019494642909  1.000000000000000  0.000000000000000  0.123964591342287  0.489710148793463  0.489710148793463 
36.0    G  0.000000000000000  0.000000000000000  0.000000000000000  0.000000000000000  0.000000000000000  0.920187650624875  0.000000000000000  0.000000000000000  0.000000000000000  0.000000000000000  0.000000000000000  0.000000000000000  0.079549683454746  0.000000000000000  0.000000000000000  0.000000000000000  0.000000000000000  0.000000000000000  0.000000000000000  0.000000000000000  1.000000000000000  0.000000000000000  0.000000000000000  0.000000000000000  0.000000000000000  1.000000000000000  0.000000000000000  0.128336193215000  1.000000000000000  0.480297431976738 
37.0    D  0.000000000000000  0.000000000000000  0.291587342447117  0.000000000000000  0.000000000000000  0.123878695408010  0.000000000000000  0.000000000000000  0.000000000000000  0.000000000000000  0.000000000000000  0.257920794825340  0.088204740213043  0.000000000000000  0.000000000000000  0.162893393670412  0.000000000000000  0.075467536967906  0.000000000000000  0.000000000000000  1.000000000000000  0.000000000000000  0.000000000000000  0.000000000000000  0.000000000000000  0.000000000000000  0.000000000000000  0.115183023274838  1.000000000000000  1.000000000000000 
38.0    I  0.000000000000000  0.000000000000000  0.000000000000000  0.000000000000000  0.079825859949712  0.123878695408010  0.000000000000000  0.125869443757090  0.000000000000000  0.000000000000000  0.000000000000000  0.000000000000000  0.000000000000000  0.000000000000000  0.000000000000000  0.000000000000000  0.000000000000000  0.670356295790168  0.000000000000000  0.000000000000000  1.000000000000000  0.000000000000000  0.000000000000000  0.000000000000000  0.000000000000000  0.000000000000000  0.000000000000000  0.115183023274838  1.000000000000000  1.000000000000000 
39.0    T  0.000000000000000  0.000000000000000  0.000000000000000  0.096924150793376  0.000000000000000  0.000000000000000  0.000000000000000  0.053252755942179  0.000000000000000  0.000000000000000  0.000000000000000  0.000000000000000  0.000000000000000  0.000000000000000  0.000000000000000  0.083100444261357  0.414659772907221  0.351842093831349  0.000000000000000  0.000000000000000  1.000000000000000  0.000000000000000  0.000000000000000  0.000000000000000  0.000000000000000  0.000000000000000  0.000000000000000  0.115183023274838  1.000000000000000  1.000000000000000 
40.0    V  0.000000000000000  0.000000000000000  0.000000000000000  0.000000000000000  0.000000000000000  0.000000000000000  0.000000000000000  0.207905524593727  0.000000000000000  0.000000000000000  0.000000000000000  0.000000000000000  0.000000000000000  0.000000000000000  0.000000000000000  0.000000000000000  0.075467536967906  0.716480825186550  0.000000000000000  0.000000000000000  0.924663278113700  0.075467536967906  0.000000000000000  1.000000000000000  0.000000000000000  0.000000000000000  0.000000000000000  0.115183023274838  0.489710148793463  1.000000000000000 
41.0    T  0.000000000000000  0.000000000000000  0.000000000000000  0.000000000000000  0.000000000000000  0.000000000000000  0.000000000000000  0.000000000000000  0.000000000000000  0.000000000000000  0.000000000000000  0.087050717541815  0.000000000000000  0.000000000000000  0.135371880690741  0.090370768409109  0.687294347786015  0.000000000000000  0.000000000000000  0.000000000000000  1.000000000000000  0.000000000000000  0.000000000000000  0.000000000000000  0.000000000000000  1.000000000000000  0.000000000000000  0.123964591342287  1.000000000000000  0.489710148793463 
42.0    Q  0.046070913040347  0.072795849154279  0.000000000000000  0.313383255110173  0.000000000000000  0.000000000000000  0.000000000000000  0.000000000000000  0.053252755942179  0.000000000000000  0.000000000000000  0.000000000000000  0.000000000000000  0.147113342152346  0.000000000000000  0.075467536967906  0.203626890767554  0.088204740213043  0.000000000000000  0.000000000000000  1.000000000000000  0.000000000000000  0.000000000000000  0.000000000000000  0.000000000000000  0.000000000000000  0.000000000000000  0.115183023274838  1.000000000000000  1.000000000000000 
43.0    A  0.238324636322040  0.000000000000000  0.000000000000000  0.123878695408010  0.000000000000000  0.148239312426368  0.000000000000000  0.000000000000000  0.000000000000000  0.000000000000000  0.000000000000000  0.150204506190856  0.251215955105946  0.000000000000000  0.000000000000000  0.088265900274047  0.000000000000000  0.000000000000000  0.000000000000000  0.000000000000000  1.000000000000000  0.000000000000000  0.000000000000000  0.000000000000000  0.000000000000000  0.000000000000000  0.000000000000000  0.115183023274838  1.000000000000000  1.000000000000000 
44.0    G  0.000000000000000  0.053252755942179  0.000000000000000  0.072795849154279  0.000000000000000  0.111105335145821  0.000000000000000  0.000000000000000  0.000000000000000  0.000000000000000  0.000000000000000  0.171347850622463  0.000000000000000  0.000000000000000  0.000000000000000  0.215535886254399  0.376050937847172  0.000000000000000  0.000000000000000  0.000000000000000  0.740206649000025  0.259534817635764  0.000000000000000  1.000000000000000  0.000000000000000  0.000000000000000  0.000000000000000  0.115183023274838  0.381564802240140  1.000000000000000 
45.0    T  0.153042049050026  0.000000000000000  0.086629367853151  0.000000000000000  0.000000000000000  0.000000000000000  0.000000000000000  0.000000000000000  0.000000000000000  0.000000000000000  0.000000000000000  0.000000000000000  0.000000000000000  0.086210057614191  0.000000000000000  0.000000000000000  0.674083865868528  0.000000000000000  0.000000000000000  0.000000000000000  1.000000000000000  0.000000000000000  0.000000000000000  1.000000000000000  0.000000000000000  1.000000000000000  0.000000000000000  0.142397922152764  0.430773079856009  0.430773079856009 
46.0    I  0.000000000000000  0.000000000000000  0.000000000000000  0.000000000000000  0.000000000000000  0.155178436440764  0.000000000000000  0.736113431084089  0.000000000000000  0.000000000000000  0.000000000000000  0.000000000000000  0.000000000000000  0.000000000000000  0.000000000000000  0.000000000000000  0.000000000000000  0.108818820412016  0.000000000000000  0.000000000000000  1.000000000000000  0.000000000000000  0.000000000000000  0.000000000000000  0.000000000000000  0.000000000000000  0.000000000000000  0.109803808529795  1.000000000000000  1.000000000000000 
47.0    T  0.000000000000000  0.000000000000000  0.000000000000000  0.000000000000000  0.000000000000000  0.000000000000000  0.000000000000000  0.234880687303503  0.000000000000000  0.000000000000000  0.082583650353642  0.000000000000000  0.000000000000000  0.000000000000000  0.074998211398326  0.000000000000000  0.538866572521835  0.068583246098703  0.000000000000000  0.000000000000000  1.000000000000000  0.000000000000000  0.000000000000000  0.000000000000000  0.000000000000000  0.000000000000000  0.000000000000000  0.109803808529795  1.000000000000000  1.000000000000000 
48.0    Y  0.000000000000000  0.000000000000000  0.000000000000000  0.000000000000000  0.000000000000000  0.000000000000000  0.000000000000000  0.000000000000000  0.000000000000000  0.000000000000000  0.000000000000000  0.000000000000000  0.000000000000000  0.000000000000000  0.000000000000000  0.000000000000000  0.000000000000000  0.000000000000000  0.000000000000000  1.000000000000000  1.000000000000000  0.000000000000000  0.000000000000000  0.000000000000000  0.000000000000000  0.000000000000000  0.000000000000000  0.109803808529795  1.000000000000000  1.000000000000000 
49.0    L  0.000000000000000  0.000000000000000  0.000000000000000  0.000000000000000  0.000000000000000  0.000000000000000  0.000000000000000  0.000000000000000  0.094012734461793  0.190122344155126  0.000000000000000  0.000000000000000  0.000000000000000  0.094404536597677  0.065743861200242  0.223756267731993  0.257028456664017  0.000000000000000  0.000000000000000  0.074998211398326  1.000000000000000  0.000000000000000  0.000000000000000  0.000000000000000  0.000000000000000  0.000000000000000  0.000000000000000  0.109803808529795  1.000000000000000  1.000000000000000 
50.0    L  0.000000000000000  0.000000000000000  0.000000000000000  0.000000000000000  0.000000000000000  0.000000000000000  0.000000000000000  0.000000000000000  0.000000000000000  1.000000000000000  0.000000000000000  0.000000000000000  0.000000000000000  0.000000000000000  0.000000000000000  0.000000000000000  0.000000000000000  0.000000000000000  0.000000000000000  0.000000000000000  1.000000000000000  0.000000000000000  0.000000000000000  0.000000000000000  0.000000000000000  0.000000000000000  0.000000000000000  0.109803808529795  1.000000000000000  1.000000000000000 
51.0    N  0.000000000000000  0.000000000000000  0.199436309952258  0.000000000000000  0.000000000000000  0.000000000000000  0.000000000000000  0.128069602879100  0.082583650353642  0.000000000000000  0.000000000000000  0.225625181865607  0.000000000000000  0.068583246098703  0.000000000000000  0.000000000000000  0.094601049560599  0.201102092735479  0.000000000000000  0.000000000000000  0.906261938267334  0.094012734461793  0.000000000000000  0.500000000000000  0.500000000000000  0.000000000000000  0.000000000000000  0.109803808529795  0.489710148793463  1.000000000000000 
52.0    D  0.000000000000000  0.000000000000000  0.428094142273228  0.188416863694798  0.000000000000000  0.000000000000000  0.000000000000000  0.000000000000000  0.176531800548094  0.000000000000000  0.000000000000000  0.065743861200242  0.000000000000000  0.046423528770651  0.000000000000000  0.094601049560599  0.000000000000000  0.000000000000000  0.000000000000000  0.000000000000000  1.000000000000000  0.000000000000000  0.000000000000000  0.000000000000000  0.000000000000000  0.000000000000000  0.000000000000000  0.109803808529795  1.000000000000000  1.000000000000000 
53.0    Q  0.105916554368265  0.000000000000000  0.174342958293801  0.082583650353642  0.000000000000000  0.000000000000000  0.000000000000000  0.000000000000000  0.143587294374629  0.000000000000000  0.000000000000000  0.041349107497129  0.000000000000000  0.243163736853071  0.094012734461793  0.065743861200242  0.000000000000000  0.049172652834598  0.000000000000000  0.000000000000000  1.000000000000000  0.000000000000000  0.000000000000000  0.000000000000000  0.000000000000000  0.000000000000000  0.000000000000000  0.109803808529795  1.000000000000000  1.000000000000000 
54.0    T  0.065743861200242  0.000000000000000  0.000000000000000  0.000000000000000  0.000000000000000  0.000000000000000  0.000000000000000  0.000000000000000  0.000000000000000  0.000000000000000  0.000000000000000  0.000000000000000  0.000000000000000  0.000000000000000  0.000000000000000  0.162329825341235  0.771640087529467  0.000000000000000  0.000000000000000  0.000000000000000  0.616853584904748  0.155178436440764  0.228141372135863  1.000000000000000  0.000000000000000  0.000000000000000  0.000000000000000  0.109803808529795  0.427501088945986  1.000000000000000 
55.0    L  0.204192247777506  0.000000000000000  0.000000000000000  0.093817443594648  0.000000000000000  0.400812664699697  0.000000000000000  0.000000000000000  0.000000000000000  0.046778843337272  0.000000000000000  0.000000000000000  0.254369923025672  0.000000000000000  0.000000000000000  0.000000000000000  0.000000000000000  0.000000000000000  0.000000000000000  0.000000000000000  1.000000000000000  0.000000000000000  0.000000000000000  0.000000000000000  0.000000000000000  0.688725023191569  0.311434353892368  0.139564120247822  1.000000000000000  0.388773017941279 
56.0    K  0.184028357771022  0.000000000000000  0.000000000000000  0.000000000000000  0.000000000000000  0.000000000000000  0.000000000000000  0.000000000000000  0.726986258660155  0.000000000000000  0.000000000000000  0.000000000000000  0.000000000000000  0.000000000000000  0.000000000000000  0.088818252698835  0.000000000000000  0.000000000000000  0.000000000000000  0.000000000000000  1.000000000000000  0.000000000000000  0.000000000000000  0.000000000000000  0.000000000000000  1.000000000000000  0.000000000000000  0.113518552215189  1.000000000000000  0.489370825198718 
57.0    G  0.094601049560599  0.000000000000000  0.126920762608679  0.000000000000000  0.000000000000000  0.698823485925533  0.079770548051810  0.000000000000000  0.000000000000000  0.000000000000000  0.000000000000000  0.000000000000000  0.000000000000000  0.000000000000000  0.000000000000000  0.000000000000000  0.000000000000000  0.000000000000000  0.000000000000000  0.000000000000000  1.000000000000000  0.000000000000000  0.000000000000000  0.000000000000000  0.000000000000000  0.000000000000000  0.000000000000000  0.109803808529795  1.000000000000000  1.000000000000000 
58.0    L  0.000000000000000  0.000000000000000  0.000000000000000  0.000000000000000  0.155178436440764  0.000000000000000  0.000000000000000  0.000000000000000  0.000000000000000  0.684441906545919  0.094601049560599  0.000000000000000  0.000000000000000  0.000000000000000  0.000000000000000  0.000000000000000  0.000000000000000  0.000000000000000  0.000000000000000  0.065743861200242  1.000000000000000  0.000000000000000  0.000000000000000  0.000000000000000  0.000000000000000  0.000000000000000  0.000000000000000  0.109803808529795  1.000000000000000  1.000000000000000 
59.0    K  0.065743861200242  0.000000000000000  0.000000000000000  0.074998211398326  0.000000000000000  0.000000000000000  0.000000000000000  0.000000000000000  0.284598507268719  0.155178436440764  0.000000000000000  0.000000000000000  0.000000000000000  0.162329825341235  0.094012734461793  0.068583246098703  0.000000000000000  0.094601049560599  0.000000000000000  0.000000000000000  1.000000000000000  0.000000000000000  0.000000000000000  0.000000000000000  0.000000000000000  0.000000000000000  0.000000000000000  0.109803808529795  1.000000000000000  1.000000000000000 
60.0    F  0.000000000000000  0.000000000000000  0.000000000000000  0.000000000000000  0.906261938267334  0.000000000000000  0.000000000000000  0.094012734461793  0.000000000000000  0.000000000000000  0.000000000000000  0.000000000000000  0.000000000000000  0.000000000000000  0.000000000000000  0.000000000000000  0.000000000000000  0.000000000000000  0.000000000000000  0.000000000000000  1.000000000000000  0.000000000000000  0.000000000000000  0.000000000000000  0.000000000000000  0.000000000000000  0.000000000000000  0.109803808529795  1.000000000000000  1.000000000000000 
61.0    V  0.109956134490304  0.000000000000000  0.000000000000000  0.000000000000000  0.000000000000000  0.000000000000000  0.000000000000000  0.000000000000000  0.000000000000000  0.094601049560599  0.065743861200242  0.000000000000000  0.000000000000000  0.000000000000000  0.000000000000000  0.000000000000000  0.324209888662752  0.405563577788521  0.000000000000000  0.000000000000000  1.000000000000000  0.000000000000000  0.000000000000000  0.000000000000000  0.000000000000000  0.000000000000000  0.000000000000000  0.109803808529795  1.000000000000000  1.000000000000000 
62.0    G  0.151669195031087  0.000000000000000  0.000000000000000  0.000000000000000  0.000000000000000  0.848507901705896  0.000000000000000  0.000000000000000  0.000000000000000  0.000000000000000  0.000000000000000  0.000000000000000  0.000000000000000  0.000000000000000  0.000000000000000  0.000000000000000  0.000000000000000  0.000000000000000  0.000000000000000  0.000000000000000  1.000000000000000  0.000000000000000  0.000000000000000  0.000000000000000  0.000000000000000  0.000000000000000  0.000000000000000  0.115342811581725  1.000000000000000  1.000000000000000 
63.0    V  0.514413353946788  0.000000000000000  0.000000000000000  0.000000000000000  0.000000000000000  0.000000000000000  0.000000000000000  0.000000000000000  0.000000000000000  0.000000000000000  0.000000000000000  0.000000000000000  0.248273123859259  0.000000000000000  0.000000000000000  0.000000000000000  0.000000000000000  0.176043028364010  0.000000000000000  0.061383724703962  1.000000000000000  0.000000000000000  0.000000000000000  0.000000000000000  0.000000000000000  0.000000000000000  0.000000000000000  0.115342811581725  1.000000000000000  1.000000000000000 
64.0    G  0.176654205485341  0.000000000000000  0.073914437515259  0.090245574720156  0.000000000000000  0.417833479460927  0.000000000000000  0.000000000000000  0.000000000000000  0.000000000000000  0.000000000000000  0.000000000000000  0.000000000000000  0.000000000000000  0.000000000000000  0.000000000000000  0.157235621479502  0.084027187134539  0.000000000000000  0.000000000000000  1.000000000000000  0.000000000000000  0.000000000000000  0.000000000000000  0.000000000000000  0.000000000000000  0.000000000000000  0.115342811581725  1.000000000000000  1.000000000000000 
65.0    F  0.000000000000000  0.000000000000000  0.000000000000000  0.000000000000000  0.594603557501361  0.000000000000000  0.000000000000000  0.405563577788521  0.000000000000000  0.000000000000000  0.000000000000000  0.000000000000000  0.000000000000000  0.000000000000000  0.000000000000000  0.000000000000000  0.000000000000000  0.000000000000000  0.000000000000000  0.000000000000000  1.000000000000000  0.000000000000000  0.000000000000000  0.000000000000000  0.000000000000000  0.000000000000000  0.000000000000000  0.115342811581725  1.000000000000000  1.000000000000000 
66.0    V  0.065063849855257  0.000000000000000  0.000000000000000  0.000000000000000  0.000000000000000  0.000000000000000  0.000000000000000  0.037812315288103  0.000000000000000  0.103377921055408  0.043344717785356  0.000000000000000  0.000000000000000  0.000000000000000  0.000000000000000  0.158000387306601  0.454074208860755  0.138312169136534  0.000000000000000  0.000000000000000  0.842646829503152  0.157235621479502  0.000000000000000  0.199990032083188  0.799960128332753  0.000000000000000  0.000000000000000  0.115342811581725  0.427501088945986  1.000000000000000 
67.0    T  0.000000000000000  0.000000000000000  0.000000000000000  0.000000000000000  0.000000000000000  0.158000387306601  0.000000000000000  0.000000000000000  0.000000000000000  0.000000000000000  0.000000000000000  0.228774792031982  0.000000000000000  0.000000000000000  0.000000000000000  0.000000000000000  0.613442488626902  0.000000000000000  0.000000000000000  0.000000000000000  1.000000000000000  0.000000000000000  0.000000000000000  0.000000000000000  0.000000000000000  0.000000000000000  0.000000000000000  0.115342811581725  1.000000000000000  1.000000000000000 
68.0    P  0.000000000000000  0.000000000000000  0.248273123859259  0.000000000000000  0.000000000000000  0.000000000000000  0.000000000000000  0.000000000000000  0.000000000000000  0.000000000000000  0.000000000000000  0.000000000000000  0.751580739032781  0.000000000000000  0.000000000000000  0.000000000000000  0.000000000000000  0.000000000000000  0.000000000000000  0.000000000000000  1.000000000000000  0.000000000000000  0.000000000000000  0.000000000000000  0.000000000000000  0.000000000000000  0.000000000000000  0.115342811581725  1.000000000000000  1.000000000000000 
69.0    F  0.000000000000000  0.157235621479502  0.000000000000000  0.000000000000000  0.535144349213312  0.000000000000000  0.000000000000000  0.000000000000000  0.000000000000000  0.084027187134539  0.000000000000000  0.000000000000000  0.090245574720156  0.000000000000000  0.000000000000000  0.000000000000000  0.000000000000000  0.073914437515259  0.000000000000000  0.059539874877746  1.000000000000000  0.000000000000000  0.000000000000000  0.000000000000000  0.000000000000000  0.000000000000000  0.000000000000000  0.115342811581725  1.000000000000000  1.000000000000000 
70.0    D  0.157235621479502  0.000000000000000  0.678772489940003  0.090245574720156  0.000000000000000  0.073914437515259  0.000000000000000  0.000000000000000  0.000000000000000  0.000000000000000  0.000000000000000  0.000000000000000  0.000000000000000  0.000000000000000  0.000000000000000  0.000000000000000  0.000000000000000  0.000000000000000  0.000000000000000  0.000000000000000  1.000000000000000  0.000000000000000  0.000000000000000  0.000000000000000  0.000000000000000  0.000000000000000  0.000000000000000  0.115342811581725  1.000000000000000  1.000000000000000 
71.0    G  0.138504043483116  0.000000000000000  0.000000000000000  0.141708676597303  0.000000000000000  0.167937928215162  0.000000000000000  0.000000000000000  0.000000000000000  0.000000000000000  0.000000000000000  0.285784583853509  0.000000000000000  0.201102092735479  0.065063849855257  0.000000000000000  0.000000000000000  0.000000000000000  0.000000000000000  0.000000000000000  1.000000000000000  0.000000000000000  0.000000000000000  0.000000000000000  0.000000000000000  0.000000000000000  0.000000000000000  0.115342811581725  1.000000000000000  1.000000000000000 
72.0    I  0.000000000000000  0.000000000000000  0.331481440074665  0.000000000000000  0.000000000000000  0.000000000000000  0.138504043483116  0.288371401265006  0.000000000000000  0.000000000000000  0.000000000000000  0.073914437515259  0.000000000000000  0.000000000000000  0.000000000000000  0.000000000000000  0.000000000000000  0.167821562847533  0.000000000000000  0.000000000000000  1.000000000000000  0.000000000000000  0.000000000000000  0.000000000000000  0.000000000000000  0.000000000000000  0.000000000000000  0.115342811581725  1.000000000000000  1.000000000000000 
73.0    I  0.000000000000000  0.000000000000000  0.000000000000000  0.000000000000000  0.157235621479502  0.000000000000000  0.000000000000000  0.599154510669709  0.000000000000000  0.174342958293801  0.000000000000000  0.000000000000000  0.000000000000000  0.000000000000000  0.000000000000000  0.000000000000000  0.000000000000000  0.069444295540943  0.000000000000000  0.000000000000000  0.594603557501361  0.000000000000000  0.405563577788521  0.000000000000000  0.000000000000000  0.000000000000000  0.000000000000000  0.115342811581725  1.000000000000000  1.000000000000000 
74.0    D  0.000000000000000  0.000000000000000  0.812815601984320  0.066477042055824  0.000000000000000  0.000000000000000  0.000000000000000  0.000000000000000  0.120407736752519  0.000000000000000  0.000000000000000  0.000000000000000  0.000000000000000  0.000000000000000  0.000000000000000  0.000000000000000  0.000000000000000  0.000000000000000  0.000000000000000  0.000000000000000  1.000000000000000  0.000000000000000  0.000000000000000  0.000000000000000  0.000000000000000  1.000000000000000  0.000000000000000  0.202220337090435  1.000000000000000  0.303759197976254 
75.0    A  0.328280281356038  0.000000000000000  0.000000000000000  0.000000000000000  0.000000000000000  0.000000000000000  0.000000000000000  0.000000000000000  0.000000000000000  0.000000000000000  0.000000000000000  0.000000000000000  0.000000000000000  0.000000000000000  0.138504043483116  0.358986127655859  0.174342958293801  0.000000000000000  0.000000000000000  0.000000000000000  1.000000000000000  0.000000000000000  0.000000000000000  0.000000000000000  0.000000000000000  0.000000000000000  0.000000000000000  0.115342811581725  1.000000000000000  1.000000000000000 
76.0    V  0.000000000000000  0.000000000000000  0.000000000000000  0.000000000000000  0.169458040850000  0.000000000000000  0.000000000000000  0.000000000000000  0.000000000000000  0.000000000000000  0.000000000000000  0.000000000000000  0.000000000000000  0.000000000000000  0.000000000000000  0.000000000000000  0.000000000000000  0.594603557501361  0.090245574720156  0.145793671223558  0.956608158091874  0.000000000000000  0.043344717785356  0.000000000000000  0.000000000000000  0.000000000000000  0.000000000000000  0.115342811581725  1.000000000000000  1.000000000000000 
77.0    T  0.000000000000000  0.000000000000000  0.000000000000000  0.296889916518353  0.000000000000000  0.000000000000000  0.000000000000000  0.000000000000000  0.098892162648181  0.000000000000000  0.000000000000000  0.000000000000000  0.000000000000000  0.062543336716411  0.000000000000000  0.162667731930242  0.378929141627600  0.000000000000000  0.000000000000000  0.000000000000000  1.000000000000000  0.000000000000000  0.000000000000000  0.000000000000000  0.000000000000000  0.000000000000000  1.000000000000000  0.115663053504732  1.000000000000000  0.500000000000000 
78.0    I  0.000000000000000  0.000000000000000  0.000000000000000  0.000000000000000  0.000000000000000  0.000000000000000  0.000000000000000  0.566049451055337  0.000000000000000  0.186856156079367  0.000000000000000  0.000000000000000  0.000000000000000  0.000000000000000  0.000000000000000  0.000000000000000  0.000000000000000  0.247071412875183  0.000000000000000  0.000000000000000  0.859160754947185  0.072242919159675  0.068345966092790  0.500000000000000  0.500000000000000  1.000000000000000  0.000000000000000  0.115663053504732  0.491410299272626  0.500000000000000 
79.0    S  0.076893209046947  0.000000000000000  0.078945453865362  0.000000000000000  0.000000000000000  0.000000000000000  0.000000000000000  0.000000000000000  0.093428078039684  0.000000000000000  0.000000000000000  0.000000000000000  0.000000000000000  0.000000000000000  0.000000000000000  0.662503508522604  0.088143622530274  0.000000000000000  0.000000000000000  0.000000000000000  1.000000000000000  0.000000000000000  0.000000000000000  0.000000000000000  0.000000000000000  1.000000000000000  0.000000000000000  0.121666171769780  1.000000000000000  0.489710148793463 
80.0    S  0.059539874877746  0.000000000000000  0.308854659281732  0.084027187134539  0.000000000000000  0.000000000000000  0.000000000000000  0.000000000000000  0.000000000000000  0.065063849855257  0.000000000000000  0.073914437515259  0.000000000000000  0.145289263439765  0.000000000000000  0.219912268980609  0.043344717785356  0.000000000000000  0.000000000000000  0.000000000000000  0.934975197751455  0.000000000000000  0.065063849855257  0.000000000000000  0.000000000000000  0.000000000000000  0.000000000000000  0.115342811581725  1.000000000000000  1.000000000000000 
81.0    D  0.000000000000000  0.000000000000000  0.581963267201068  0.000000000000000  0.000000000000000  0.000000000000000  0.000000000000000  0.000000000000000  0.000000000000000  0.000000000000000  0.000000000000000  0.245534898815848  0.000000000000000  0.000000000000000  0.078945453865362  0.093428078039684  0.000000000000000  0.000000000000000  0.000000000000000  0.000000000000000  1.000000000000000  0.000000000000000  0.000000000000000  0.000000000000000  0.000000000000000  0.000000000000000  1.000000000000000  0.121666171769780  1.000000000000000  0.489710148793463 
82.0    G  0.000000000000000  0.000000000000000  0.000000000000000  0.000000000000000  0.000000000000000  1.000000000000000  0.000000000000000  0.000000000000000  0.000000000000000  0.000000000000000  0.000000000000000  0.000000000000000  0.000000000000000  0.000000000000000  0.000000000000000  0.000000000000000  0.000000000000000  0.000000000000000  0.000000000000000  0.000000000000000  1.000000000000000  0.000000000000000  0.000000000000000  0.000000000000000  0.000000000000000  0.000000000000000  1.000000000000000  0.121666171769780  1.000000000000000  0.489710148793463 
83.0    M  0.000000000000000  0.000000000000000  0.000000000000000  0.000000000000000  0.000000000000000  0.000000000000000  0.000000000000000  0.000000000000000  0.047431851655439  0.037136972033029  0.110414381435183  0.000000000000000  0.078945453865362  0.406126198178118  0.195874296737335  0.124222636665319  0.000000000000000  0.000000000000000  0.000000000000000  0.000000000000000  1.000000000000000  0.000000000000000  0.000000000000000  0.333324669272800  0.666649338545599  1.000000000000000  0.000000000000000  0.121666171769780  0.489710148793463  0.489710148793463 
84.0    L  0.000000000000000  0.090245574720156  0.000000000000000  0.059539874877746  0.000000000000000  0.000000000000000  0.000000000000000  0.000000000000000  0.077053270341488  0.263340258988709  0.000000000000000  0.000000000000000  0.000000000000000  0.000000000000000  0.000000000000000  0.196963471512337  0.244685412599359  0.000000000000000  0.000000000000000  0.068203992315933  1.000000000000000  0.000000000000000  0.000000000000000  0.000000000000000  0.000000000000000  0.000000000000000  0.000000000000000  0.115342811581725  1.000000000000000  1.000000000000000 
85.0    V  0.000000000000000  0.000000000000000  0.000000000000000  0.000000000000000  0.000000000000000  0.000000000000000  0.000000000000000  0.504525816922341  0.000000000000000  0.319524840800763  0.000000000000000  0.000000000000000  0.000000000000000  0.000000000000000  0.000000000000000  0.000000000000000  0.000000000000000  0.176043028364010  0.000000000000000  0.000000000000000  1.000000000000000  0.000000000000000  0.000000000000000  0.000000000000000  0.000000000000000  0.000000000000000  0.000000000000000  0.115342811581725  1.000000000000000  1.000000000000000 
86.0    Q  0.120407736752519  0.000000000000000  0.068203992315933  0.000000000000000  0.000000000000000  0.000000000000000  0.043344717785356  0.217486838177163  0.000000000000000  0.000000000000000  0.000000000000000  0.000000000000000  0.000000000000000  0.297095776264233  0.000000000000000  0.000000000000000  0.101884041550328  0.090245574720156  0.000000000000000  0.061383724703962  1.000000000000000  0.000000000000000  0.000000000000000  0.000000000000000  0.000000000000000  0.000000000000000  0.000000000000000  0.115342811581725  1.000000000000000  1.000000000000000 
87.0    L  0.000000000000000  0.000000000000000  0.000000000000000  0.000000000000000  0.084027187134539  0.000000000000000  0.000000000000000  0.247414164103802  0.000000000000000  0.624598062826688  0.043858491438721  0.000000000000000  0.000000000000000  0.000000000000000  0.000000000000000  0.000000000000000  0.000000000000000  0.000000000000000  0.000000000000000  0.000000000000000  1.000000000000000  0.000000000000000  0.000000000000000  0.000000000000000  0.000000000000000  0.000000000000000  0.000000000000000  0.115342811581725  1.000000000000000  1.000000000000000 
88.0    V  0.000000000000000  0.000000000000000  0.000000000000000  0.138504043483116  0.000000000000000  0.000000000000000  0.000000000000000  0.163685677885446  0.000000000000000  0.000000000000000  0.000000000000000  0.000000000000000  0.000000000000000  0.000000000000000  0.000000000000000  0.000000000000000  0.195331970043079  0.437392382452911  0.000000000000000  0.065063849855257  1.000000000000000  0.000000000000000  0.000000000000000  0.000000000000000  0.000000000000000  0.000000000000000  0.000000000000000  0.115342811581725  1.000000000000000  1.000000000000000 
89.0    D  0.000000000000000  0.000000000000000  0.861546159712017  0.000000000000000  0.000000000000000  0.000000000000000  0.000000000000000  0.000000000000000  0.000000000000000  0.000000000000000  0.000000000000000  0.138504043483116  0.000000000000000  0.000000000000000  0.000000000000000  0.000000000000000  0.000000000000000  0.000000000000000  0.000000000000000  0.000000000000000  1.000000000000000  0.000000000000000  0.000000000000000  0.000000000000000  0.000000000000000  0.000000000000000  0.000000000000000  0.115342811581725  1.000000000000000  1.000000000000000 
90.0    L  0.000000000000000  0.000000000000000  0.077053270341488  0.059539874877746  0.000000000000000  0.000000000000000  0.000000000000000  0.000000000000000  0.000000000000000  0.263340258988709  0.000000000000000  0.061383724703962  0.000000000000000  0.000000000000000  0.000000000000000  0.316439148492570  0.222210670291643  0.000000000000000  0.000000000000000  0.000000000000000  1.000000000000000  0.000000000000000  0.000000000000000  0.000000000000000  0.000000000000000  0.000000000000000  0.000000000000000  0.115342811581725  1.000000000000000  1.000000000000000 
91.0    D  0.000000000000000  0.000000000000000  0.861546159712017  0.000000000000000  0.000000000000000  0.000000000000000  0.000000000000000  0.138504043483116  0.000000000000000  0.000000000000000  0.000000000000000  0.000000000000000  0.000000000000000  0.000000000000000  0.000000000000000  0.000000000000000  0.000000000000000  0.000000000000000  0.000000000000000  0.000000000000000  1.000000000000000  0.000000000000000  0.000000000000000  0.000000000000000  0.000000000000000  0.000000000000000  0.000000000000000  0.115342811581725  1.000000000000000  1.000000000000000 
92.0    K  0.232451235653290  0.000000000000000  0.061383724703962  0.138792354203580  0.000000000000000  0.000000000000000  0.081672828368323  0.000000000000000  0.096054698830501  0.000000000000000  0.000000000000000  0.136597217387619  0.000000000000000  0.000000000000000  0.103952762296863  0.084027187134539  0.065063849855257  0.000000000000000  0.000000000000000  0.000000000000000  1.000000000000000  0.000000000000000  0.000000000000000  0.000000000000000  0.000000000000000  0.000000000000000  0.000000000000000  0.115342811581725  1.000000000000000  1.000000000000000 
93.0    T  0.084027187134539  0.000000000000000  0.090245574720156  0.000000000000000  0.000000000000000  0.000000000000000  0.000000000000000  0.065063849855257  0.000000000000000  0.000000000000000  0.000000000000000  0.295657750061036  0.000000000000000  0.068203992315933  0.000000000000000  0.000000000000000  0.293819082104943  0.102877543159839  0.000000000000000  0.000000000000000  1.000000000000000  0.000000000000000  0.000000000000000  0.000000000000000  0.000000000000000  0.000000000000000  0.000000000000000  0.115342811581725  1.000000000000000  1.000000000000000 
94.0    P  0.037812315288103  0.000000000000000  0.000000000000000  0.090245574720156  0.000000000000000  0.065063849855257  0.000000000000000  0.073914437515259  0.000000000000000  0.061383724703962  0.000000000000000  0.061682284117865  0.345797657252741  0.059539874877746  0.000000000000000  0.043344717785356  0.161096828810627  0.000000000000000  0.000000000000000  0.000000000000000  1.000000000000000  0.000000000000000  0.000000000000000  0.000000000000000  0.000000000000000  0.000000000000000  0.000000000000000  0.115342811581725  1.000000000000000  1.000000000000000 
95.0    G  0.000000000000000  0.000000000000000  0.000000000000000  0.174342958293801  0.000000000000000  0.825877664935720  0.000000000000000  0.000000000000000  0.000000000000000  0.000000000000000  0.000000000000000  0.000000000000000  0.000000000000000  0.000000000000000  0.000000000000000  0.000000000000000  0.000000000000000  0.000000000000000  0.000000000000000  0.000000000000000  1.000000000000000  0.000000000000000  0.000000000000000  0.000000000000000  0.000000000000000  0.000000000000000  0.000000000000000  0.115342811581725  1.000000000000000  1.000000000000000 
96.0    T  0.000000000000000  0.000000000000000  0.000000000000000  0.065063849855257  0.000000000000000  0.000000000000000  0.000000000000000  0.077053270341488  0.068203992315933  0.000000000000000  0.000000000000000  0.244007940194056  0.000000000000000  0.000000000000000  0.000000000000000  0.084027187134539  0.400257405328151  0.061383724703962  0.000000000000000  0.000000000000000  0.910038824080899  0.090245574720156  0.000000000000000  1.000000000000000  0.000000000000000  0.000000000000000  0.000000000000000  0.115342811581725  0.480297431976738  1.000000000000000 
97.0    T  0.095523532547823  0.000000000000000  0.000000000000000  0.000000000000000  0.000000000000000  0.000000000000000  0.000000000000000  0.248273123859259  0.000000000000000  0.000000000000000  0.000000000000000  0.000000000000000  0.000000000000000  0.000000000000000  0.000000000000000  0.138504043483116  0.455966582759885  0.061682284117865  0.000000000000000  0.000000000000000  1.000000000000000  0.000000000000000  0.000000000000000  0.000000000000000  0.000000000000000  0.000000000000000  0.000000000000000  0.115342811581725  1.000000000000000  1.000000000000000 
98.0    K  0.000000000000000  0.365261094636419  0.000000000000000  0.000000000000000  0.000000000000000  0.133323222603971  0.000000000000000  0.000000000000000  0.417833479460927  0.000000000000000  0.000000000000000  0.000000000000000  0.000000000000000  0.043344717785356  0.000000000000000  0.040190546357206  0.000000000000000  0.000000000000000  0.000000000000000  0.000000000000000  0.904379377561088  0.000000000000000  0.095523532547823  0.000000000000000  0.000000000000000  0.000000000000000  0.000000000000000  0.115342811581725  1.000000000000000  1.000000000000000 
99.0    F  0.000000000000000  0.000000000000000  0.000000000000000  0.000000000000000  0.554400321801535  0.000000000000000  0.000000000000000  0.082755556899712  0.000000000000000  0.095259051896236  0.089250248730317  0.000000000000000  0.000000000000000  0.000000000000000  0.000000000000000  0.000000000000000  0.000000000000000  0.097395572457562  0.080772051914843  0.000000000000000  0.905006462882905  0.000000000000000  0.095259051896236  0.000000000000000  0.000000000000000  0.000000000000000  1.000000000000000  0.119410367047805  1.000000000000000  0.461371246326899 
100.0    Q  0.000000000000000  0.000000000000000  0.000000000000000  0.000000000000000  0.000000000000000  0.000000000000000  0.000000000000000  0.000000000000000  0.303548721098762  0.000000000000000  0.000000000000000  0.000000000000000  0.000000000000000  0.528509020280690  0.167937928215162  0.000000000000000  0.000000000000000  0.000000000000000  0.000000000000000  0.000000000000000  1.000000000000000  0.000000000000000  0.000000000000000  0.000000000000000  0.000000000000000  0.683020128377198  0.316878130508606  0.124913386623807  1.000000000000000  0.427501088945986 
101.0    F  0.000000000000000  0.000000000000000  0.000000000000000  0.000000000000000  0.484309094613314  0.000000000000000  0.000000000000000  0.000000000000000  0.000000000000000  0.463936738235641  0.000000000000000  0.000000000000000  0.000000000000000  0.000000000000000  0.000000000000000  0.000000000000000  0.000000000000000  0.051940366349603  0.000000000000000  0.000000000000000  1.000000000000000  0.000000000000000  0.000000000000000  0.000000000000000  0.000000000000000  1.000000000000000  0.000000000000000  0.109272327551297  1.000000000000000  0.500000000000000 
102.0    V  0.000000000000000  0.000000000000000  0.000000000000000  0.000000000000000  0.000000000000000  0.000000000000000  0.000000000000000  0.386623168727659  0.000000000000000  0.000000000000000  0.000000000000000  0.000000000000000  0.000000000000000  0.000000000000000  0.000000000000000  0.000000000000000  0.000000000000000  0.613442488626902  0.000000000000000  0.000000000000000  0.745872013345733  0.000000000000000  0.254193668322989  0.000000000000000  0.000000000000000  0.000000000000000  0.000000000000000  0.116386852478779  1.000000000000000  1.000000000000000 
103.0    L  0.000000000000000  0.000000000000000  0.000000000000000  0.000000000000000  0.552865326660134  0.000000000000000  0.000000000000000  0.000000000000000  0.000000000000000  0.447202450891303  0.000000000000000  0.000000000000000  0.000000000000000  0.000000000000000  0.000000000000000  0.000000000000000  0.000000000000000  0.000000000000000  0.000000000000000  0.000000000000000  1.000000000000000  0.000000000000000  0.000000000000000  0.000000000000000  0.000000000000000  0.000000000000000  1.000000000000000  0.170755032094299  1.000000000000000  0.381564802240140 
104.0    S  0.000000000000000  0.000000000000000  0.000000000000000  0.000000000000000  0.000000000000000  0.000000000000000  0.000000000000000  0.000000000000000  0.000000000000000  0.000000000000000  0.000000000000000  0.291789525454617  0.000000000000000  0.000000000000000  0.000000000000000  0.435577096071128  0.272626933166314  0.000000000000000  0.000000000000000  0.000000000000000  1.000000000000000  0.000000000000000  0.000000000000000  0.000000000000000  0.000000000000000  0.000000000000000  1.000000000000000  0.170755032094299  1.000000000000000  0.381564802240140 
105.0    N  0.000000000000000  0.000000000000000  0.000000000000000  0.000000000000000  0.000000000000000  0.000000000000000  0.000000000000000  0.085082132281217  0.000000000000000  0.000000000000000  0.000000000000000  0.437089310205187  0.000000000000000  0.000000000000000  0.000000000000000  0.177390419525048  0.000000000000000  0.300409012381713  0.000000000000000  0.000000000000000  1.000000000000000  0.000000000000000  0.000000000000000  0.000000000000000  0.000000000000000  0.000000000000000  1.000000000000000  0.170755032094299  1.000000000000000  0.381564802240140 
106.0    T  0.085082132281217  0.000000000000000  0.098960733233909  0.178748123295211  0.000000000000000  0.000000000000000  0.000000000000000  0.106284270008024  0.093622558401511  0.000000000000000  0.000000000000000  0.000000000000000  0.000000000000000  0.000000000000000  0.000000000000000  0.060664654360597  0.376572616658453  0.000000000000000  0.000000000000000  0.000000000000000  1.000000000000000  0.000000000000000  0.000000000000000  0.000000000000000  0.000000000000000  0.000000000000000  1.000000000000000  0.170755032094299  1.000000000000000  0.381564802240140 
107.0    A  0.091062444618626  0.206612579538553  0.098960733233909  0.078454499455165  0.000000000000000  0.085082132281217  0.000000000000000  0.000000000000000  0.000000000000000  0.000000000000000  0.000000000000000  0.093622558401511  0.000000000000000  0.000000000000000  0.000000000000000  0.059622471909222  0.286578046432095  0.000000000000000  0.000000000000000  0.000000000000000  1.000000000000000  0.000000000000000  0.000000000000000  0.333324669272800  0.666649338545599  1.000000000000000  0.000000000000000  0.170755032094299  0.430773079856009  0.381564802240140 
108.0    N  0.000000000000000  0.000000000000000  0.000000000000000  0.000000000000000  0.000000000000000  0.062111318332660  0.000000000000000  0.000000000000000  0.155178436440764  0.000000000000000  0.000000000000000  0.398596238270268  0.000000000000000  0.000000000000000  0.076150641479699  0.215237297084726  0.092525831125003  0.000000000000000  0.000000000000000  0.000000000000000  0.907519155317161  0.000000000000000  0.092525831125003  0.000000000000000  0.000000000000000  0.000000000000000  0.000000000000000  0.116386852478779  1.000000000000000  1.000000000000000 
109.0    T  0.000000000000000  0.000000000000000  0.152618314083642  0.000000000000000  0.000000000000000  0.244685412599359  0.000000000000000  0.000000000000000  0.076203443379769  0.000000000000000  0.000000000000000  0.000000000000000  0.000000000000000  0.000000000000000  0.000000000000000  0.168871760566955  0.357744130005728  0.000000000000000  0.000000000000000  0.000000000000000  1.000000000000000  0.000000000000000  0.000000000000000  0.000000000000000  0.000000000000000  0.000000000000000  1.000000000000000  0.129857387912208  1.000000000000000  0.480297431976738 
110.0    L  0.000000000000000  0.000000000000000  0.000000000000000  0.000000000000000  0.000000000000000  0.000000000000000  0.000000000000000  0.000000000000000  0.153999759180720  0.652929893544459  0.090684512989636  0.000000000000000  0.000000000000000  0.000000000000000  0.000000000000000  0.102166916061035  0.000000000000000  0.000000000000000  0.000000000000000  0.000000000000000  1.000000000000000  0.000000000000000  0.000000000000000  0.000000000000000  0.000000000000000  1.000000000000000  0.000000000000000  0.129857387912208  1.000000000000000  0.480297431976738 
111.0    L  0.136976470805961  0.000000000000000  0.000000000000000  0.000000000000000  0.000000000000000  0.092525831125003  0.000000000000000  0.078563335907614  0.000000000000000  0.379981214100379  0.083620472174132  0.000000000000000  0.000000000000000  0.066661611301985  0.000000000000000  0.000000000000000  0.000000000000000  0.161768206810357  0.000000000000000  0.000000000000000  1.000000000000000  0.000000000000000  0.000000000000000  0.000000000000000  0.000000000000000  0.000000000000000  0.000000000000000  0.116386852478779  1.000000000000000  1.000000000000000 
112.0    V  0.000000000000000  0.000000000000000  0.000000000000000  0.000000000000000  0.092525831125003  0.000000000000000  0.000000000000000  0.000000000000000  0.000000000000000  0.352330188785505  0.070072879876782  0.000000000000000  0.000000000000000  0.000000000000000  0.000000000000000  0.000000000000000  0.000000000000000  0.186468003336433  0.000000000000000  0.298747801214196  1.000000000000000  0.000000000000000  0.000000000000000  0.000000000000000  0.000000000000000  0.000000000000000  0.000000000000000  0.116386852478779  1.000000000000000  1.000000000000000 
113.0    L  0.000000000000000  0.066661611301985  0.000000000000000  0.069637103176208  0.000000000000000  0.000000000000000  0.000000000000000  0.092525831125003  0.067405026980903  0.409802303818759  0.070072879876782  0.000000000000000  0.000000000000000  0.000000000000000  0.000000000000000  0.000000000000000  0.161768206810357  0.062111318332660  0.000000000000000  0.000000000000000  1.000000000000000  0.000000000000000  0.000000000000000  0.000000000000000  0.000000000000000  0.000000000000000  0.000000000000000  0.116386852478779  1.000000000000000  1.000000000000000 
114.0    S  0.000000000000000  0.000000000000000  0.000000000000000  0.000000000000000  0.000000000000000  0.000000000000000  0.000000000000000  0.000000000000000  0.000000000000000  0.000000000000000  0.000000000000000  0.000000000000000  0.000000000000000  0.000000000000000  0.000000000000000  1.000000000000000  0.000000000000000  0.000000000000000  0.000000000000000  0.000000000000000  1.000000000000000  0.000000000000000  0.000000000000000  0.000000000000000  0.000000000000000  0.000000000000000  0.000000000000000  0.116386852478779  1.000000000000000  1.000000000000000 
115.0    P  0.067405026980903  0.000000000000000  0.000000000000000  0.069637103176208  0.000000000000000  0.000000000000000  0.000000000000000  0.000000000000000  0.000000000000000  0.000000000000000  0.000000000000000  0.000000000000000  0.701249625321201  0.085555238318240  0.000000000000000  0.076150641479699  0.000000000000000  0.000000000000000  0.000000000000000  0.000000000000000  1.000000000000000  0.000000000000000  0.000000000000000  0.000000000000000  0.000000000000000  0.000000000000000  0.000000000000000  0.116386852478779  1.000000000000000  1.000000000000000 
116.0    D  0.000000000000000  0.000000000000000  1.000000000000000  0.000000000000000  0.000000000000000  0.000000000000000  0.000000000000000  0.000000000000000  0.000000000000000  0.000000000000000  0.000000000000000  0.000000000000000  0.000000000000000  0.000000000000000  0.000000000000000  0.000000000000000  0.000000000000000  0.000000000000000  0.000000000000000  0.000000000000000  1.000000000000000  0.000000000000000  0.000000000000000  0.000000000000000  0.000000000000000  0.000000000000000  0.000000000000000  0.116386852478779  1.000000000000000  1.000000000000000 
117.0    P  0.000000000000000  0.000000000000000  0.000000000000000  0.000000000000000  0.000000000000000  0.000000000000000  0.000000000000000  0.000000000000000  0.000000000000000  0.000000000000000  0.000000000000000  0.000000000000000  1.000000000000000  0.000000000000000  0.000000000000000  0.000000000000000  0.000000000000000  0.000000000000000  0.000000000000000  0.000000000000000  1.000000000000000  0.000000000000000  0.000000000000000  0.000000000000000  0.000000000000000  0.000000000000000  0.000000000000000  0.116386852478779  1.000000000000000  1.000000000000000 
118.0    Q  0.000000000000000  0.000000000000000  0.000000000000000  0.381564802240140  0.000000000000000  0.000000000000000  0.000000000000000  0.000000000000000  0.000000000000000  0.000000000000000  0.000000000000000  0.000000000000000  0.000000000000000  0.618137630460476  0.000000000000000  0.000000000000000  0.000000000000000  0.000000000000000  0.000000000000000  0.000000000000000  1.000000000000000  0.000000000000000  0.000000000000000  0.000000000000000  0.000000000000000  0.000000000000000  0.000000000000000  0.116386852478779  1.000000000000000  1.000000000000000 
119.0    I  0.000000000000000  0.000000000000000  0.000000000000000  0.000000000000000  0.000000000000000  0.000000000000000  0.000000000000000  0.238159499510984  0.000000000000000  0.000000000000000  0.000000000000000  0.000000000000000  0.000000000000000  0.000000000000000  0.000000000000000  0.000000000000000  0.000000000000000  0.761544369851631  0.000000000000000  0.000000000000000  1.000000000000000  0.000000000000000  0.000000000000000  0.000000000000000  0.000000000000000  0.000000000000000  0.000000000000000  0.116386852478779  1.000000000000000  1.000000000000000 
120.0    I  0.000000000000000  0.000000000000000  0.000000000000000  0.067405026980903  0.000000000000000  0.000000000000000  0.000000000000000  0.554016173932463  0.162104944331376  0.000000000000000  0.000000000000000  0.000000000000000  0.000000000000000  0.000000000000000  0.000000000000000  0.000000000000000  0.037214276542655  0.179244406001978  0.000000000000000  0.000000000000000  1.000000000000000  0.000000000000000  0.000000000000000  0.000000000000000  0.000000000000000  0.000000000000000  0.000000000000000  0.116386852478779  1.000000000000000  1.000000000000000 
121.0    N  0.000000000000000  0.000000000000000  0.000000000000000  0.000000000000000  0.000000000000000  0.000000000000000  0.000000000000000  0.000000000000000  0.000000000000000  0.000000000000000  0.000000000000000  1.000000000000000  0.000000000000000  0.000000000000000  0.000000000000000  0.000000000000000  0.000000000000000  0.000000000000000  0.000000000000000  0.000000000000000  1.000000000000000  0.000000000000000  0.000000000000000  0.000000000000000  0.000000000000000  0.000000000000000  0.000000000000000  0.116386852478779  1.000000000000000  1.000000000000000 
122.0    R  0.000000000000000  0.000000000000000  0.044997853703584  0.229569040575231  0.000000000000000  0.000000000000000  0.000000000000000  0.000000000000000  0.323536413620713  0.000000000000000  0.000000000000000  0.000000000000000  0.000000000000000  0.000000000000000  0.323312232971872  0.078563335907614  0.000000000000000  0.000000000000000  0.000000000000000  0.000000000000000  0.938871747315452  0.061298687749284  0.000000000000000  0.250000000000000  0.750019494642909  0.000000000000000  0.000000000000000  0.116386852478779  0.489370825198718  1.000000000000000 
123.0    P  0.000000000000000  0.000000000000000  0.066661611301985  0.044997853703584  0.000000000000000  0.210661707375788  0.000000000000000  0.000000000000000  0.136976470805961  0.000000000000000  0.000000000000000  0.076150641479699  0.378929141627600  0.085555238318240  0.000000000000000  0.000000000000000  0.000000000000000  0.000000000000000  0.000000000000000  0.000000000000000  1.000000000000000  0.000000000000000  0.000000000000000  0.000000000000000  0.000000000000000  0.000000000000000  0.000000000000000  0.116386852478779  1.000000000000000  1.000000000000000 
124.0    Q  0.000000000000000  0.000000000000000  0.000000000000000  0.151984910397887  0.000000000000000  0.000000000000000  0.000000000000000  0.000000000000000  0.451876363375543  0.000000000000000  0.000000000000000  0.157781504014014  0.000000000000000  0.142694338390847  0.000000000000000  0.095722374818399  0.000000000000000  0.000000000000000  0.000000000000000  0.000000000000000  1.000000000000000  0.000000000000000  0.000000000000000  0.000000000000000  0.000000000000000  0.000000000000000  0.000000000000000  0.203909373334752  1.000000000000000  1.000000000000000 
125.0    N  0.000000000000000  0.000000000000000  0.000000000000000  0.000000000000000  0.000000000000000  0.000000000000000  0.000000000000000  0.000000000000000  0.000000000000000  0.089622203000989  0.000000000000000  0.557483109363849  0.000000000000000  0.000000000000000  0.000000000000000  0.000000000000000  0.181872585454345  0.000000000000000  0.000000000000000  0.171229122495696  1.000000000000000  0.000000000000000  0.000000000000000  1.000000000000000  0.000000000000000  0.000000000000000  0.000000000000000  0.226408495754456  1.000000000000000  1.000000000000000 
