No:  residues  hmm_col_1  hmm_col_2  hmm_col_3  hmm_col_4  hmm_col_5  hmm_col_6  hmm_col_7  hmm_col_8  hmm_col_9  hmm_col_10  hmm_col_11  hmm_col_12  hmm_col_13  hmm_col_14  hmm_col_15  hmm_col_16  hmm_col_17  hmm_col_18  hmm_col_19  hmm_col_20  hmm_col_21   hmm_col_22   hmm_col_23   hmm_col_24   hmm_col_25   hmm_col_26   hmm_col_27   hmm_col_28   hmm_col_29   hmm_col_30   
1.0    M  0.000000000000000  0.000000000000000  0.000000000000000  0.000000000000000  0.000000000000000  0.000000000000000  0.000000000000000  0.000000000000000  0.000000000000000  0.000000000000000  1.000000000000000  0.000000000000000  0.000000000000000  0.000000000000000  0.000000000000000  0.000000000000000  0.000000000000000  0.000000000000000  0.000000000000000  0.000000000000000  1.000000000000000  0.000000000000000  0.000000000000000  0.000000000000000  0.000000000000000  0.000000000000000  0.000000000000000  0.202080217201392  1.000000000000000  1.000000000000000 
2.0    V  0.000000000000000  0.000000000000000  0.000000000000000  0.000000000000000  0.000000000000000  0.000000000000000  0.000000000000000  0.355519352646819  0.047861187409199  0.020361674208801  0.000000000000000  0.086990399489444  0.000000000000000  0.000000000000000  0.000000000000000  0.000000000000000  0.000000000000000  0.489370825198718  0.000000000000000  0.000000000000000  1.000000000000000  0.000000000000000  0.000000000000000  0.000000000000000  0.000000000000000  0.000000000000000  0.000000000000000  0.198196034152571  1.000000000000000  1.000000000000000 
3.0    E  0.000000000000000  0.000000000000000  0.000000000000000  1.000000000000000  0.000000000000000  0.000000000000000  0.000000000000000  0.000000000000000  0.000000000000000  0.000000000000000  0.000000000000000  0.000000000000000  0.000000000000000  0.000000000000000  0.000000000000000  0.000000000000000  0.000000000000000  0.000000000000000  0.000000000000000  0.000000000000000  1.000000000000000  0.000000000000000  0.000000000000000  0.000000000000000  0.000000000000000  0.000000000000000  0.000000000000000  0.198196034152571  1.000000000000000  1.000000000000000 
4.0    P  0.169458040850000  0.000000000000000  0.000000000000000  0.000000000000000  0.000000000000000  0.000000000000000  0.000000000000000  0.023947186878247  0.000000000000000  0.029997789407466  0.000000000000000  0.000000000000000  0.528509020280690  0.000000000000000  0.000000000000000  0.061298687749284  0.074894313833714  0.111878133865997  0.000000000000000  0.000000000000000  1.000000000000000  0.000000000000000  0.000000000000000  0.000000000000000  0.000000000000000  0.000000000000000  0.000000000000000  0.198196034152571  1.000000000000000  1.000000000000000 
5.0    L  0.000000000000000  0.000000000000000  0.000000000000000  0.000000000000000  0.066985841408518  0.000000000000000  0.000000000000000  0.099995016041594  0.000000000000000  0.763658748980350  0.000000000000000  0.000000000000000  0.054711958105891  0.000000000000000  0.000000000000000  0.014843755982420  0.000000000000000  0.000000000000000  0.000000000000000  0.000000000000000  1.000000000000000  0.000000000000000  0.000000000000000  0.000000000000000  0.000000000000000  0.000000000000000  0.000000000000000  0.198196034152571  1.000000000000000  1.000000000000000 
6.0    L  0.000000000000000  0.000000000000000  0.000000000000000  0.000000000000000  0.000000000000000  0.000000000000000  0.000000000000000  0.000000000000000  0.000000000000000  0.933032991536807  0.000000000000000  0.000000000000000  0.046134825177589  0.021050524638526  0.000000000000000  0.000000000000000  0.000000000000000  0.000000000000000  0.000000000000000  0.000000000000000  1.000000000000000  0.000000000000000  0.000000000000000  0.000000000000000  0.000000000000000  0.000000000000000  0.000000000000000  0.198196034152571  1.000000000000000  1.000000000000000 
7.0    D  0.016944959513173  0.117196387057139  0.030991147835572  0.000000000000000  0.319303439798847  0.000000000000000  0.000000000000000  0.000000000000000  0.000000000000000  0.076680311078363  0.000000000000000  0.000000000000000  0.032150834621674  0.000000000000000  0.000000000000000  0.373712312158735  0.032940356977836  0.000000000000000  0.000000000000000  0.000000000000000  1.000000000000000  0.000000000000000  0.000000000000000  0.000000000000000  0.000000000000000  0.000000000000000  0.000000000000000  0.198196034152571  1.000000000000000  1.000000000000000 
8.0    G  0.000000000000000  0.000000000000000  0.000000000000000  0.000000000000000  0.000000000000000  1.000000000000000  0.000000000000000  0.000000000000000  0.000000000000000  0.000000000000000  0.000000000000000  0.000000000000000  0.000000000000000  0.000000000000000  0.000000000000000  0.000000000000000  0.000000000000000  0.000000000000000  0.000000000000000  0.000000000000000  1.000000000000000  0.000000000000000  0.000000000000000  0.000000000000000  0.000000000000000  0.000000000000000  0.000000000000000  0.198196034152571  1.000000000000000  1.000000000000000 
9.0    L  0.000000000000000  0.000000000000000  0.000000000000000  0.000000000000000  0.000000000000000  0.000000000000000  0.000000000000000  0.861546159712017  0.000000000000000  0.030991147835572  0.052958277184132  0.000000000000000  0.000000000000000  0.000000000000000  0.000000000000000  0.000000000000000  0.054711958105891  0.000000000000000  0.000000000000000  0.000000000000000  1.000000000000000  0.000000000000000  0.000000000000000  0.000000000000000  0.000000000000000  0.000000000000000  0.000000000000000  0.198196034152571  1.000000000000000  1.000000000000000 
10.0    V  0.000000000000000  0.000000000000000  0.000000000000000  0.000000000000000  0.000000000000000  0.000000000000000  0.000000000000000  0.159430548959818  0.000000000000000  0.000000000000000  0.000000000000000  0.000000000000000  0.000000000000000  0.000000000000000  0.000000000000000  0.000000000000000  0.000000000000000  0.840896415253715  0.000000000000000  0.000000000000000  1.000000000000000  0.000000000000000  0.000000000000000  0.000000000000000  0.000000000000000  0.000000000000000  0.000000000000000  0.198196034152571  1.000000000000000  1.000000000000000 
11.0    L  0.000000000000000  0.000000000000000  0.000000000000000  0.000000000000000  0.000000000000000  0.000000000000000  0.000000000000000  0.134810053961806  0.000000000000000  0.788400174056278  0.000000000000000  0.000000000000000  0.000000000000000  0.000000000000000  0.000000000000000  0.076946525834057  0.000000000000000  0.000000000000000  0.000000000000000  0.000000000000000  1.000000000000000  0.000000000000000  0.000000000000000  0.000000000000000  0.000000000000000  0.000000000000000  0.000000000000000  0.198196034152571  1.000000000000000  1.000000000000000 
12.0    G  0.000000000000000  0.000000000000000  0.000000000000000  0.000000000000000  0.000000000000000  1.000000000000000  0.000000000000000  0.000000000000000  0.000000000000000  0.000000000000000  0.000000000000000  0.000000000000000  0.000000000000000  0.000000000000000  0.000000000000000  0.000000000000000  0.000000000000000  0.000000000000000  0.000000000000000  0.000000000000000  1.000000000000000  0.000000000000000  0.000000000000000  0.000000000000000  0.000000000000000  0.000000000000000  0.000000000000000  0.198196034152571  1.000000000000000  1.000000000000000 
13.0    L  0.000000000000000  0.086990399489444  0.000000000000000  0.000000000000000  0.032599643547808  0.000000000000000  0.000000000000000  0.020389921057640  0.000000000000000  0.665264520540343  0.117034030929312  0.000000000000000  0.000000000000000  0.000000000000000  0.000000000000000  0.077750728331154  0.000000000000000  0.000000000000000  0.000000000000000  0.000000000000000  1.000000000000000  0.000000000000000  0.000000000000000  0.000000000000000  0.000000000000000  0.000000000000000  0.000000000000000  0.198196034152571  1.000000000000000  1.000000000000000 
14.0    V  0.000000000000000  0.000000000000000  0.000000000000000  0.000000000000000  0.000000000000000  0.000000000000000  0.000000000000000  0.570777353563387  0.000000000000000  0.086990399489444  0.039637231228933  0.000000000000000  0.000000000000000  0.000000000000000  0.000000000000000  0.047861187409199  0.000000000000000  0.254546299941155  0.000000000000000  0.000000000000000  1.000000000000000  0.000000000000000  0.000000000000000  0.000000000000000  0.000000000000000  0.000000000000000  0.000000000000000  0.198196034152571  1.000000000000000  1.000000000000000 
15.0    F  0.000000000000000  0.000000000000000  0.000000000000000  0.000000000000000  0.074894313833714  0.000000000000000  0.000000000000000  0.000000000000000  0.000000000000000  0.031445556984306  0.000000000000000  0.000000000000000  0.640823962080096  0.000000000000000  0.000000000000000  0.112656307826354  0.119824929811622  0.020249077584896  0.000000000000000  0.000000000000000  1.000000000000000  0.000000000000000  0.000000000000000  0.000000000000000  0.000000000000000  0.000000000000000  0.000000000000000  0.198196034152571  1.000000000000000  1.000000000000000 
16.0    A  0.044842172956459  0.029997789407466  0.000000000000000  0.000000000000000  0.000000000000000  0.000000000000000  0.000000000000000  0.407818746669505  0.000000000000000  0.000000000000000  0.000000000000000  0.000000000000000  0.000000000000000  0.000000000000000  0.000000000000000  0.000000000000000  0.026663315566002  0.490729531926740  0.000000000000000  0.000000000000000  1.000000000000000  0.000000000000000  0.000000000000000  0.000000000000000  0.000000000000000  0.000000000000000  0.000000000000000  0.198196034152571  1.000000000000000  1.000000000000000 
17.0    T  0.000000000000000  0.000000000000000  0.000000000000000  0.000000000000000  0.000000000000000  0.000000000000000  0.000000000000000  0.000000000000000  0.000000000000000  0.000000000000000  0.000000000000000  0.000000000000000  0.000000000000000  0.000000000000000  0.000000000000000  0.093492859897649  0.789493886700555  0.116952937228925  0.000000000000000  0.000000000000000  1.000000000000000  0.000000000000000  0.000000000000000  0.000000000000000  0.000000000000000  0.000000000000000  0.000000000000000  0.198196034152571  1.000000000000000  1.000000000000000 
18.0    L  0.021792869786725  0.000000000000000  0.000000000000000  0.000000000000000  0.086990399489444  0.000000000000000  0.000000000000000  0.188416863694798  0.000000000000000  0.613442488626902  0.000000000000000  0.000000000000000  0.000000000000000  0.000000000000000  0.000000000000000  0.089312133733818  0.000000000000000  0.000000000000000  0.000000000000000  0.000000000000000  1.000000000000000  0.000000000000000  0.000000000000000  0.000000000000000  0.000000000000000  0.000000000000000  0.000000000000000  0.198196034152571  1.000000000000000  1.000000000000000 
19.0    G  0.512633618944297  0.027299152997397  0.000000000000000  0.000000000000000  0.013433695097547  0.030991147835572  0.000000000000000  0.069685388670481  0.000000000000000  0.178872065002864  0.013331657783001  0.000000000000000  0.000000000000000  0.000000000000000  0.000000000000000  0.012464769372016  0.024620433939042  0.116790918360398  0.000000000000000  0.000000000000000  1.000000000000000  0.000000000000000  0.000000000000000  0.000000000000000  0.000000000000000  0.000000000000000  0.000000000000000  0.198196034152571  1.000000000000000  1.000000000000000 
20.0    G  0.000000000000000  0.000000000000000  0.000000000000000  0.000000000000000  0.000000000000000  1.000000000000000  0.000000000000000  0.000000000000000  0.000000000000000  0.000000000000000  0.000000000000000  0.000000000000000  0.000000000000000  0.000000000000000  0.000000000000000  0.000000000000000  0.000000000000000  0.000000000000000  0.000000000000000  0.000000000000000  1.000000000000000  0.000000000000000  0.000000000000000  0.000000000000000  0.000000000000000  0.000000000000000  0.000000000000000  0.198196034152571  1.000000000000000  1.000000000000000 
21.0    L  0.000000000000000  0.000000000000000  0.000000000000000  0.000000000000000  0.030798416779355  0.000000000000000  0.000000000000000  0.021807980689409  0.000000000000000  0.855002177891973  0.000000000000000  0.000000000000000  0.054711958105891  0.000000000000000  0.000000000000000  0.037603219562484  0.000000000000000  0.000000000000000  0.000000000000000  0.000000000000000  1.000000000000000  0.000000000000000  0.000000000000000  0.000000000000000  0.000000000000000  0.000000000000000  0.000000000000000  0.198196034152571  1.000000000000000  1.000000000000000 
22.0    F  0.000000000000000  0.000000000000000  0.000000000000000  0.000000000000000  0.675487042267819  0.000000000000000  0.000000000000000  0.000000000000000  0.000000000000000  0.163232473386115  0.000000000000000  0.086990399489444  0.000000000000000  0.000000000000000  0.000000000000000  0.074222479129588  0.000000000000000  0.000000000000000  0.000000000000000  0.000000000000000  1.000000000000000  0.000000000000000  0.000000000000000  0.000000000000000  0.000000000000000  0.000000000000000  0.000000000000000  0.198196034152571  1.000000000000000  1.000000000000000 
23.0    Y  0.080828058242968  0.000000000000000  0.000000000000000  0.000000000000000  0.071347169195423  0.000000000000000  0.000000000000000  0.107395094368398  0.000000000000000  0.000000000000000  0.023947186878247  0.000000000000000  0.000000000000000  0.000000000000000  0.000000000000000  0.000000000000000  0.015854102290326  0.649319301364942  0.000000000000000  0.051225287977345  1.000000000000000  0.000000000000000  0.000000000000000  0.000000000000000  0.000000000000000  0.000000000000000  0.000000000000000  0.198196034152571  1.000000000000000  1.000000000000000 
24.0    A  0.401925495371576  0.000000000000000  0.024348893114391  0.000000000000000  0.000000000000000  0.000000000000000  0.000000000000000  0.000000000000000  0.000000000000000  0.086990399489444  0.000000000000000  0.000000000000000  0.000000000000000  0.000000000000000  0.000000000000000  0.078128893911576  0.408667664244142  0.000000000000000  0.000000000000000  0.000000000000000  1.000000000000000  0.000000000000000  0.000000000000000  0.000000000000000  0.000000000000000  0.000000000000000  0.000000000000000  0.198196034152571  1.000000000000000  1.000000000000000 
25.0    A  0.913198250011992  0.000000000000000  0.000000000000000  0.000000000000000  0.000000000000000  0.000000000000000  0.000000000000000  0.000000000000000  0.000000000000000  0.000000000000000  0.000000000000000  0.000000000000000  0.000000000000000  0.000000000000000  0.000000000000000  0.086990399489444  0.000000000000000  0.000000000000000  0.000000000000000  0.000000000000000  1.000000000000000  0.000000000000000  0.000000000000000  0.000000000000000  0.000000000000000  0.000000000000000  0.000000000000000  0.198196034152571  1.000000000000000  1.000000000000000 
26.0    Y  0.000000000000000  0.000000000000000  0.000000000000000  0.000000000000000  0.055552667572911  0.000000000000000  0.000000000000000  0.000000000000000  0.032940356977836  0.047861187409199  0.000000000000000  0.000000000000000  0.000000000000000  0.000000000000000  0.000000000000000  0.000000000000000  0.000000000000000  0.000000000000000  0.146502785459314  0.716977624007914  1.000000000000000  0.000000000000000  0.000000000000000  0.000000000000000  0.000000000000000  0.000000000000000  0.000000000000000  0.198196034152571  1.000000000000000  1.000000000000000 
27.0    Q  0.047861187409199  0.000000000000000  0.000000000000000  0.000000000000000  0.023947186878247  0.086990399489444  0.000000000000000  0.000000000000000  0.020249077584896  0.513700719689482  0.013830527571555  0.096924150793376  0.018110874248507  0.102096123888753  0.019532223477894  0.026663315566002  0.000000000000000  0.000000000000000  0.000000000000000  0.029997789407466  1.000000000000000  0.000000000000000  0.000000000000000  0.000000000000000  0.000000000000000  0.000000000000000  0.000000000000000  0.198196034152571  1.000000000000000  1.000000000000000 
28.0    Q  0.000000000000000  0.000000000000000  0.000000000000000  0.000000000000000  0.000000000000000  0.000000000000000  0.000000000000000  0.000000000000000  0.000000000000000  0.000000000000000  0.000000000000000  0.000000000000000  0.000000000000000  1.000000000000000  0.000000000000000  0.000000000000000  0.000000000000000  0.000000000000000  0.000000000000000  0.000000000000000  1.000000000000000  0.000000000000000  0.000000000000000  0.000000000000000  0.000000000000000  0.000000000000000  0.000000000000000  0.198196034152571  1.000000000000000  1.000000000000000 
29.0    Y  0.000000000000000  0.000000000000000  0.030798416779355  0.000000000000000  0.000000000000000  0.000000000000000  0.054711958105891  0.000000000000000  0.000000000000000  0.086990399489444  0.000000000000000  0.000000000000000  0.000000000000000  0.000000000000000  0.000000000000000  0.000000000000000  0.000000000000000  0.000000000000000  0.000000000000000  0.827596816078205  1.000000000000000  0.000000000000000  0.000000000000000  0.000000000000000  0.000000000000000  0.000000000000000  0.000000000000000  0.198196034152571  1.000000000000000  1.000000000000000 
30.0    K  0.000000000000000  0.000000000000000  0.000000000000000  0.000000000000000  0.086990399489444  0.000000000000000  0.000000000000000  0.000000000000000  0.235206526878447  0.000000000000000  0.027299152997397  0.032940356977836  0.000000000000000  0.056916864599499  0.512633618944297  0.000000000000000  0.000000000000000  0.047861187409199  0.000000000000000  0.000000000000000  0.977385766410805  0.000000000000000  0.022561393680039  0.000000000000000  0.000000000000000  0.000000000000000  0.000000000000000  0.198196034152571  1.000000000000000  1.000000000000000 
31.0    R  0.000000000000000  0.021974893748642  0.000000000000000  0.000000000000000  0.000000000000000  0.030969673852002  0.000000000000000  0.000000000000000  0.000000000000000  0.000000000000000  0.000000000000000  0.000000000000000  0.000000000000000  0.032712821311705  0.914465089499901  0.000000000000000  0.000000000000000  0.000000000000000  0.000000000000000  0.000000000000000  0.969961910341735  0.000000000000000  0.030101934188130  1.000000000000000  0.000000000000000  1.000000000000000  0.000000000000000  0.197647279150986  0.498615625676035  0.498615625676035 
32.0    P  0.000000000000000  0.000000000000000  0.025190088484155  0.018998113799736  0.000000000000000  0.797192476540536  0.000000000000000  0.000000000000000  0.034244117701490  0.000000000000000  0.000000000000000  0.000000000000000  0.053921334033916  0.000000000000000  0.000000000000000  0.070560275300383  0.000000000000000  0.000000000000000  0.000000000000000  0.000000000000000  1.000000000000000  0.000000000000000  0.000000000000000  0.000000000000000  0.000000000000000  0.000000000000000  1.000000000000000  0.200128702664076  1.000000000000000  0.494828328207603 
33.0    N  0.000000000000000  0.000000000000000  0.318419368831625  0.064034801439550  0.000000000000000  0.029016151634585  0.000000000000000  0.000000000000000  0.211686328090632  0.000000000000000  0.000000000000000  0.218696191226455  0.000000000000000  0.024569290379385  0.000000000000000  0.108743419088581  0.024723040662045  0.000000000000000  0.000000000000000  0.000000000000000  1.000000000000000  0.000000000000000  0.000000000000000  0.000000000000000  0.000000000000000  0.000000000000000  1.000000000000000  0.199160024071396  1.000000000000000  0.494828328207603 
34.0    E  0.061896429495814  0.000000000000000  0.024895003008924  0.085023178275372  0.000000000000000  0.015103220266640  0.000000000000000  0.000000000000000  0.146097156070156  0.015788303851356  0.000000000000000  0.030227385300435  0.033725882390763  0.426022047537433  0.092975860152157  0.030164594527242  0.000000000000000  0.038154578520910  0.000000000000000  0.000000000000000  1.000000000000000  0.000000000000000  0.000000000000000  0.000000000000000  0.000000000000000  0.000000000000000  1.000000000000000  0.203063099089059  1.000000000000000  0.494828328207603 
35.0    L  0.017935975216484  0.000000000000000  0.000000000000000  0.000000000000000  0.050555084272609  0.000000000000000  0.000000000000000  0.022005378545501  0.000000000000000  0.738669031791280  0.069492447344819  0.000000000000000  0.000000000000000  0.000000000000000  0.000000000000000  0.063284675459406  0.000000000000000  0.038075320739850  0.000000000000000  0.000000000000000  0.917004043204671  0.083215725827273  0.000000000000000  0.742776460330414  0.257385020858499  1.000000000000000  0.000000000000000  0.207617506022724  0.480297431976738  0.494828328207603 
36.0    G  0.000000000000000  0.000000000000000  0.214641359109438  0.088327102742671  0.000000000000000  0.318198733818986  0.000000000000000  0.018211581220852  0.000000000000000  0.019984149707460  0.000000000000000  0.152301282959399  0.049583365199446  0.069975805540890  0.000000000000000  0.048866852695537  0.019901210551977  0.000000000000000  0.000000000000000  0.000000000000000  1.000000000000000  0.000000000000000  0.000000000000000  0.000000000000000  0.000000000000000  0.000000000000000  0.000000000000000  0.232290168562728  1.000000000000000  1.000000000000000 
37.0    G  0.000000000000000  0.000000000000000  0.391748593474670  0.000000000000000  0.000000000000000  0.386623168727659  0.000000000000000  0.000000000000000  0.000000000000000  0.110414381435183  0.000000000000000  0.000000000000000  0.000000000000000  0.000000000000000  0.000000000000000  0.000000000000000  0.000000000000000  0.111028349480301  0.000000000000000  0.000000000000000  1.000000000000000  0.000000000000000  0.000000000000000  1.000000000000000  0.000000000000000  0.000000000000000  0.000000000000000  0.328963631257252  1.000000000000000  1.000000000000000 
