No:  residues  hmm_col_1  hmm_col_2  hmm_col_3  hmm_col_4  hmm_col_5  hmm_col_6  hmm_col_7  hmm_col_8  hmm_col_9  hmm_col_10  hmm_col_11  hmm_col_12  hmm_col_13  hmm_col_14  hmm_col_15  hmm_col_16  hmm_col_17  hmm_col_18  hmm_col_19  hmm_col_20  hmm_col_21   hmm_col_22   hmm_col_23   hmm_col_24   hmm_col_25   hmm_col_26   hmm_col_27   hmm_col_28   hmm_col_29   hmm_col_30   
1.0    M  0.000000000000000  0.000000000000000  0.000000000000000  0.000000000000000  0.000000000000000  0.000000000000000  0.000000000000000  0.000000000000000  0.000000000000000  0.000000000000000  1.000000000000000  0.000000000000000  0.000000000000000  0.000000000000000  0.000000000000000  0.000000000000000  0.000000000000000  0.000000000000000  0.000000000000000  0.000000000000000  0.625898229326997  0.051724801004888  0.322417062663971  0.432568345292494  0.567621051073032  0.000000000000000  0.000000000000000  0.078508898821470  0.472046209575125  1.000000000000000 
2.0    V  0.296889916518353  0.000000000000000  0.000000000000000  0.000000000000000  0.000000000000000  0.000000000000000  0.000000000000000  0.000000000000000  0.000000000000000  0.000000000000000  0.065471007943737  0.000000000000000  0.028676246322230  0.017713584574663  0.000000000000000  0.148444958259176  0.132494097924660  0.310356872881528  0.000000000000000  0.000000000000000  0.927230546435463  0.028596849003998  0.043858491438721  0.744838731561351  0.255076164812114  0.908778116448520  0.091441951294020  0.065516404719808  0.482299092292069  0.324659650682471 
3.0    A  0.312732270028317  0.000000000000000  0.000000000000000  0.015040538173465  0.118997238562191  0.019316800951890  0.000000000000000  0.000000000000000  0.019613624863791  0.023765293019391  0.000000000000000  0.007965606898423  0.102592701101312  0.038929294236546  0.000000000000000  0.197647279150986  0.088204740213043  0.055130710324824  0.000000000000000  0.000000000000000  0.972654947412286  0.018312848182414  0.009011606289531  1.000000000000000  0.000000000000000  0.611320138846034  0.388503634392025  0.061511501377113  0.489710148793463  0.457549584063964 
4.0    Y  0.294430697398745  0.009472756398920  0.000000000000000  0.000000000000000  0.137356777197110  0.012259126529637  0.000000000000000  0.000000000000000  0.000000000000000  0.023847800140009  0.111645731544095  0.031950891581560  0.017738157846032  0.000000000000000  0.000000000000000  0.050520054300348  0.100690536381094  0.009036626436760  0.000000000000000  0.200962747685788  1.000000000000000  0.000000000000000  0.000000000000000  0.000000000000000  0.000000000000000  1.000000000000000  0.000000000000000  0.044378354954482  1.000000000000000  0.481630947010074 
5.0    W  0.000000000000000  0.000000000000000  0.000000000000000  0.000000000000000  0.012065236454559  0.000000000000000  0.000000000000000  0.000000000000000  0.000000000000000  0.016075417310837  0.000000000000000  0.000000000000000  0.000000000000000  0.000000000000000  0.000000000000000  0.000000000000000  0.000000000000000  0.000000000000000  0.938221196500671  0.033702513490452  1.000000000000000  0.000000000000000  0.000000000000000  0.000000000000000  0.000000000000000  0.000000000000000  0.000000000000000  0.043858491438721  1.000000000000000  1.000000000000000 
6.0    R  0.000000000000000  0.000000000000000  0.000000000000000  0.000000000000000  0.000000000000000  0.020235046857100  0.000000000000000  0.000000000000000  0.147828875030518  0.000000000000000  0.000000000000000  0.000000000000000  0.000000000000000  0.030479858172739  0.758909626487027  0.042511589137686  0.000000000000000  0.000000000000000  0.000000000000000  0.000000000000000  1.000000000000000  0.000000000000000  0.000000000000000  0.000000000000000  0.000000000000000  0.000000000000000  0.000000000000000  0.043555538708983  1.000000000000000  1.000000000000000 
7.0    Q  0.359235044136016  0.000000000000000  0.048832992510770  0.029605314706227  0.009645020366356  0.008326927625531  0.000000000000000  0.020876157474845  0.077213664820433  0.016769691974898  0.035304600455316  0.023340835267380  0.000000000000000  0.186985719795299  0.000000000000000  0.102096123888753  0.024281477149502  0.057631444869539  0.000000000000000  0.000000000000000  1.000000000000000  0.000000000000000  0.000000000000000  0.000000000000000  0.000000000000000  0.000000000000000  0.000000000000000  0.042335155546418  1.000000000000000  1.000000000000000 
8.0    A  0.675018992561373  0.000000000000000  0.000000000000000  0.000000000000000  0.022514527325593  0.008321157839011  0.062803988776487  0.029769937438873  0.023340835267380  0.012551468699329  0.009067999331123  0.009929935072701  0.000000000000000  0.031532863557646  0.000000000000000  0.038767728053606  0.017145811524676  0.059498619281096  0.000000000000000  0.000000000000000  0.879649075922436  0.000000000000000  0.120574773073017  0.000000000000000  0.000000000000000  0.000000000000000  0.000000000000000  0.042335155546418  1.000000000000000  1.000000000000000 
9.0    G  0.041006601705999  0.000000000000000  0.000000000000000  0.000000000000000  0.000000000000000  0.871758239537062  0.000000000000000  0.000000000000000  0.027776333786455  0.013754047086924  0.000000000000000  0.037629293163482  0.000000000000000  0.000000000000000  0.000000000000000  0.000000000000000  0.000000000000000  0.008326927625531  0.000000000000000  0.000000000000000  0.989656656415207  0.010583788886604  0.000000000000000  1.000000000000000  0.000000000000000  0.919550046151658  0.080269738061839  0.053921334033916  0.497924876547229  0.364755086060044 
10.0    L  0.024416496255385  0.000000000000000  0.000000000000000  0.000000000000000  0.129408115480172  0.000000000000000  0.000000000000000  0.127803566326240  0.000000000000000  0.376572616658453  0.186856156079367  0.000000000000000  0.000000000000000  0.000000000000000  0.020249077584896  0.026718818059124  0.018697640050480  0.089374061647606  0.000000000000000  0.000000000000000  1.000000000000000  0.000000000000000  0.000000000000000  0.000000000000000  0.000000000000000  0.000000000000000  1.000000000000000  0.044687030823803  1.000000000000000  0.496546247718518 
11.0    S  0.000000000000000  0.009017854824350  0.000000000000000  0.000000000000000  0.000000000000000  0.043105028807096  0.000000000000000  0.000000000000000  0.000000000000000  0.000000000000000  0.000000000000000  0.139177702278586  0.000000000000000  0.000000000000000  0.000000000000000  0.435275281648062  0.373453364278086  0.000000000000000  0.000000000000000  0.000000000000000  1.000000000000000  0.000000000000000  0.000000000000000  0.000000000000000  0.000000000000000  0.000000000000000  1.000000000000000  0.044625124365158  1.000000000000000  0.496546247718518 
12.0    Y  0.000000000000000  0.000000000000000  0.000000000000000  0.000000000000000  0.117034030929312  0.000000000000000  0.000000000000000  0.000000000000000  0.000000000000000  0.039747281460737  0.000000000000000  0.000000000000000  0.000000000000000  0.000000000000000  0.000000000000000  0.000000000000000  0.000000000000000  0.000000000000000  0.015570941606685  0.827596816078205  1.000000000000000  0.000000000000000  0.000000000000000  0.000000000000000  0.000000000000000  0.000000000000000  1.000000000000000  0.044625124365158  1.000000000000000  0.496546247718518 
13.0    I  0.023211764385325  0.000000000000000  0.000000000000000  0.000000000000000  0.000000000000000  0.000000000000000  0.000000000000000  0.276241121199978  0.000000000000000  0.238159499510984  0.009329399899020  0.256494536334285  0.000000000000000  0.000000000000000  0.000000000000000  0.071100326742032  0.021672358892678  0.103808753011362  0.000000000000000  0.000000000000000  1.000000000000000  0.000000000000000  0.000000000000000  0.000000000000000  0.000000000000000  0.000000000000000  1.000000000000000  0.044625124365158  1.000000000000000  0.496546247718518 
14.0    R  0.010866265403984  0.000000000000000  0.000000000000000  0.032940356977836  0.000000000000000  0.026793001144818  0.025898278265250  0.000000000000000  0.219607617059590  0.020193012978711  0.000000000000000  0.043495199744722  0.000000000000000  0.198470982732913  0.325110036637120  0.068583246098703  0.018325546081748  0.000000000000000  0.009685216405773  0.000000000000000  1.000000000000000  0.000000000000000  0.000000000000000  0.000000000000000  0.000000000000000  0.000000000000000  1.000000000000000  0.044625124365158  1.000000000000000  0.496546247718518 
15.0    Y  0.021657341963288  0.024382671255428  0.000000000000000  0.000000000000000  0.112969090843886  0.018098325096791  0.000000000000000  0.000000000000000  0.000000000000000  0.000000000000000  0.000000000000000  0.000000000000000  0.000000000000000  0.000000000000000  0.000000000000000  0.000000000000000  0.000000000000000  0.000000000000000  0.000000000000000  0.823020345278708  1.000000000000000  0.000000000000000  0.000000000000000  0.000000000000000  0.000000000000000  0.000000000000000  1.000000000000000  0.044625124365158  1.000000000000000  0.496546247718518 
16.0    S  0.145692649766820  0.000000000000000  0.000000000000000  0.000000000000000  0.000000000000000  0.000000000000000  0.000000000000000  0.021463066147338  0.000000000000000  0.230206424301260  0.000000000000000  0.000000000000000  0.000000000000000  0.000000000000000  0.000000000000000  0.473028823362798  0.082070070339009  0.047464740306704  0.000000000000000  0.000000000000000  1.000000000000000  0.000000000000000  0.000000000000000  0.000000000000000  0.000000000000000  0.000000000000000  1.000000000000000  0.044625124365158  1.000000000000000  0.496546247718518 
17.0    Q  0.175069540110901  0.025524030972188  0.000000000000000  0.008490116113485  0.000000000000000  0.014548356559847  0.000000000000000  0.018658799798040  0.007960087473568  0.020803931456818  0.000000000000000  0.341036958719839  0.000000000000000  0.167821562847533  0.017110194856150  0.168404197108211  0.014498023069864  0.000000000000000  0.020193012978711  0.000000000000000  1.000000000000000  0.000000000000000  0.000000000000000  0.000000000000000  0.000000000000000  0.000000000000000  1.000000000000000  0.044625124365158  1.000000000000000  0.496546247718518 
18.0    I  0.017812082385835  0.000000000000000  0.020803931456818  0.082412100905773  0.000000000000000  0.000000000000000  0.000000000000000  0.464258426153364  0.049206748535575  0.090370768409109  0.026607928367155  0.000000000000000  0.000000000000000  0.000000000000000  0.009685216405773  0.000000000000000  0.009400804890621  0.229569040575231  0.000000000000000  0.000000000000000  1.000000000000000  0.000000000000000  0.000000000000000  0.000000000000000  0.000000000000000  0.000000000000000  1.000000000000000  0.044625124365158  1.000000000000000  0.496546247718518 
19.0    C  0.423079298300145  0.326238736922239  0.000000000000000  0.000000000000000  0.000000000000000  0.000000000000000  0.000000000000000  0.000000000000000  0.000000000000000  0.043134917293645  0.062197482613755  0.000000000000000  0.000000000000000  0.000000000000000  0.000000000000000  0.062891113968611  0.071992977646835  0.000000000000000  0.000000000000000  0.010474317121721  1.000000000000000  0.000000000000000  0.000000000000000  0.000000000000000  0.000000000000000  0.000000000000000  1.000000000000000  0.044749023162536  1.000000000000000  0.496546247718518 
20.0    A  0.767905134851049  0.000000000000000  0.000000000000000  0.000000000000000  0.000000000000000  0.030798416779355  0.000000000000000  0.000000000000000  0.000000000000000  0.000000000000000  0.000000000000000  0.006389859832483  0.000000000000000  0.000000000000000  0.000000000000000  0.144085793349858  0.050836199883258  0.000000000000000  0.000000000000000  0.000000000000000  1.000000000000000  0.000000000000000  0.000000000000000  0.000000000000000  0.000000000000000  0.000000000000000  1.000000000000000  0.044687030823803  1.000000000000000  0.496546247718518 
21.0    K  0.031141883213371  0.014367969471120  0.025155191800660  0.101601950248040  0.000000000000000  0.009245711107442  0.012735505193791  0.000000000000000  0.120993378361717  0.000000000000000  0.008572905762338  0.056055509978876  0.000000000000000  0.107097744346071  0.394473420426233  0.059870951138919  0.039172906888772  0.019397304555096  0.000000000000000  0.000000000000000  1.000000000000000  0.000000000000000  0.000000000000000  0.000000000000000  0.000000000000000  0.000000000000000  1.000000000000000  0.044687030823803  1.000000000000000  0.496546247718518 
22.0    A  0.379981214100379  0.000000000000000  0.000000000000000  0.000000000000000  0.012225184089633  0.000000000000000  0.035133716368082  0.083504629899381  0.000000000000000  0.135371880690741  0.056211144509235  0.000000000000000  0.000000000000000  0.000000000000000  0.000000000000000  0.014457881688091  0.126131454230585  0.138504043483116  0.000000000000000  0.018517074545962  1.000000000000000  0.000000000000000  0.000000000000000  0.000000000000000  0.000000000000000  0.000000000000000  1.000000000000000  0.044687030823803  1.000000000000000  0.496546247718518 
23.0    V  0.000000000000000  0.000000000000000  0.000000000000000  0.020109206989082  0.000000000000000  0.000000000000000  0.000000000000000  0.013012121420009  0.000000000000000  0.359484133211739  0.034007576302213  0.000000000000000  0.000000000000000  0.000000000000000  0.000000000000000  0.000000000000000  0.078617810739751  0.494828328207603  0.000000000000000  0.000000000000000  1.000000000000000  0.000000000000000  0.000000000000000  0.000000000000000  0.000000000000000  0.000000000000000  1.000000000000000  0.044687030823803  1.000000000000000  0.496546247718518 
24.0    R  0.000000000000000  0.039418044025977  0.000000000000000  0.000000000000000  0.000000000000000  0.000000000000000  0.040051497630006  0.000000000000000  0.000000000000000  0.000000000000000  0.000000000000000  0.000000000000000  0.000000000000000  0.024895003008924  0.895645670090849  0.000000000000000  0.000000000000000  0.000000000000000  0.000000000000000  0.000000000000000  1.000000000000000  0.000000000000000  0.000000000000000  0.000000000000000  0.000000000000000  0.000000000000000  1.000000000000000  0.044687030823803  1.000000000000000  0.496546247718518 
25.0    D  0.083042863381032  0.000000000000000  0.088633752229966  0.043797732783773  0.000000000000000  0.037343475151774  0.011662331119507  0.000000000000000  0.130308220105140  0.008065613558463  0.015134659206666  0.137356777197110  0.000000000000000  0.129318447689864  0.215984546850069  0.099235491366457  0.000000000000000  0.000000000000000  0.000000000000000  0.000000000000000  1.000000000000000  0.000000000000000  0.000000000000000  0.199990032083188  0.799960128332753  0.000000000000000  1.000000000000000  0.044687030823803  0.496546247718518  0.496546247718518 
26.0    A  0.421615555125056  0.299784978447778  0.000000000000000  0.000000000000000  0.000000000000000  0.008572905762338  0.000000000000000  0.000000000000000  0.000000000000000  0.014367969471120  0.000000000000000  0.000000000000000  0.000000000000000  0.000000000000000  0.000000000000000  0.206326352128164  0.021792869786725  0.027757087370075  0.000000000000000  0.000000000000000  0.980099415341871  0.020109206989082  0.000000000000000  1.000000000000000  0.000000000000000  1.000000000000000  0.000000000000000  0.044687030823803  0.485317234884773  0.496546247718518 
27.0    L  0.000000000000000  0.000000000000000  0.000000000000000  0.000000000000000  0.008321157839011  0.000000000000000  0.000000000000000  0.010911551034902  0.000000000000000  0.869947352708651  0.028183605574445  0.000000000000000  0.009105790610426  0.000000000000000  0.000000000000000  0.000000000000000  0.051225287977345  0.022051185053261  0.000000000000000  0.000000000000000  0.972654947412286  0.000000000000000  0.027299152997397  0.000000000000000  0.000000000000000  0.000000000000000  0.000000000000000  0.044470733163581  1.000000000000000  1.000000000000000 
28.0    K  0.000000000000000  0.000000000000000  0.000000000000000  0.000000000000000  0.000000000000000  0.000000000000000  0.000000000000000  0.000000000000000  0.910669833591978  0.000000000000000  0.000000000000000  0.029482445340480  0.000000000000000  0.008235089244459  0.034770316268276  0.000000000000000  0.017133931071686  0.000000000000000  0.000000000000000  0.000000000000000  1.000000000000000  0.000000000000000  0.000000000000000  1.000000000000000  0.000000000000000  1.000000000000000  0.000000000000000  0.044501568612408  0.469435873657726  0.469435873657726 
29.0    A  0.030713143704539  0.000000000000000  0.081559684230560  0.441351498145327  0.000000000000000  0.016086563803656  0.000000000000000  0.008286622979439  0.058032303269171  0.000000000000000  0.000000000000000  0.005867655964613  0.190254172604920  0.012647534633553  0.000000000000000  0.050695447223565  0.091759414752131  0.012976094126420  0.000000000000000  0.000000000000000  0.984184022033800  0.000000000000000  0.016086563803656  0.000000000000000  0.000000000000000  0.000000000000000  0.000000000000000  0.044470733163581  1.000000000000000  1.000000000000000 
30.0    E  0.041723384477997  0.000000000000000  0.089250248730317  0.398320048142791  0.000000000000000  0.037525107108913  0.000000000000000  0.000000000000000  0.022561393680039  0.000000000000000  0.000000000000000  0.000000000000000  0.295043585834050  0.052994997789572  0.000000000000000  0.028242272710971  0.020221025851295  0.014004167180772  0.000000000000000  0.000000000000000  1.000000000000000  0.000000000000000  0.000000000000000  0.000000000000000  0.000000000000000  0.000000000000000  1.000000000000000  0.044749023162536  1.000000000000000  0.485990493990676 
31.0    F  0.078617810739751  0.000000000000000  0.015420571029466  0.023163547028169  0.265908168223296  0.014004167180772  0.028935813203979  0.030500992524257  0.074531804520664  0.181872585454345  0.000000000000000  0.000000000000000  0.067125279476258  0.022655419263732  0.024518253059273  0.000000000000000  0.000000000000000  0.036854893508163  0.004982204654994  0.130942015887475  1.000000000000000  0.000000000000000  0.000000000000000  0.000000000000000  0.000000000000000  0.000000000000000  1.000000000000000  0.044749023162536  1.000000000000000  0.485990493990676 
32.0    K  0.011743449047387  0.000000000000000  0.000000000000000  0.016723260912916  0.000000000000000  0.022592692102277  0.000000000000000  0.000000000000000  0.322640622612945  0.017015578364627  0.000000000000000  0.000000000000000  0.000000000000000  0.119410367047805  0.467487598875728  0.022514527325593  0.000000000000000  0.000000000000000  0.000000000000000  0.000000000000000  0.990342871933025  0.009591685030586  0.000000000000000  1.000000000000000  0.000000000000000  1.000000000000000  0.000000000000000  0.042247213532129  0.497235084336607  0.485990493990676 
33.0    A  0.234392774114277  0.000000000000000  0.043828101582575  0.036906020669673  0.000000000000000  0.026663315566002  0.000000000000000  0.054636163775648  0.058801631719612  0.100272645794061  0.009433442120988  0.010873799936180  0.010911551034902  0.024030325488598  0.014397877909355  0.125869443757090  0.129677492070701  0.119244943818445  0.000000000000000  0.000000000000000  1.000000000000000  0.000000000000000  0.000000000000000  0.000000000000000  0.000000000000000  0.000000000000000  0.000000000000000  0.041897268486885  1.000000000000000  1.000000000000000 
34.0    N  0.246558176123340  0.000000000000000  0.067311648512066  0.166316130135086  0.000000000000000  0.000000000000000  0.000000000000000  0.031511014215456  0.214492632607173  0.022671128247409  0.000000000000000  0.079715274479909  0.022734073181793  0.117277649562584  0.000000000000000  0.000000000000000  0.021463066147338  0.009881871424640  0.000000000000000  0.000000000000000  1.000000000000000  0.000000000000000  0.000000000000000  0.000000000000000  0.000000000000000  0.000000000000000  0.000000000000000  0.041897268486885  1.000000000000000  1.000000000000000 
35.0    A  0.778085176555419  0.000000000000000  0.010244546986060  0.000000000000000  0.000000000000000  0.000000000000000  0.010911551034902  0.019859870145401  0.000000000000000  0.020333466491280  0.000000000000000  0.008303872455926  0.000000000000000  0.000000000000000  0.000000000000000  0.034220389712299  0.032106294980593  0.047300524780299  0.000000000000000  0.038553349056547  0.984866442895551  0.015463385256488  0.000000000000000  1.000000000000000  0.000000000000000  0.000000000000000  0.000000000000000  0.041897268486885  0.491069797631696  1.000000000000000 
36.0    E  0.179368691825838  0.000000000000000  0.022452190258501  0.311218558845543  0.000000000000000  0.000000000000000  0.000000000000000  0.041868237575870  0.067920928907879  0.156366135014158  0.070170088879601  0.007355300504228  0.000000000000000  0.025225033578274  0.004802495575213  0.033469713224733  0.011541703621739  0.068298608693810  0.000000000000000  0.000000000000000  0.978063473447339  0.005875795903862  0.016153605253874  1.000000000000000  0.000000000000000  0.000000000000000  0.000000000000000  0.041897268486885  0.500000000000000  1.000000000000000 
37.0    K  0.142003658098336  0.000000000000000  0.000000000000000  0.036957218757629  0.000000000000000  0.013936383115939  0.000000000000000  0.000000000000000  0.403041415746484  0.016874633747389  0.018048215383650  0.018350968300213  0.023179608341268  0.018697640050480  0.207905524593727  0.048462075396688  0.046552420722584  0.006003418676906  0.000000000000000  0.000000000000000  0.995849753094458  0.000000000000000  0.003917095452739  0.000000000000000  0.000000000000000  0.000000000000000  1.000000000000000  0.041291825176821  1.000000000000000  0.489370825198718 
38.0    T  0.019832357594059  0.000000000000000  0.000000000000000  0.000000000000000  0.031163476604752  0.000000000000000  0.022020636799094  0.007731692628244  0.048027349415250  0.000000000000000  0.000000000000000  0.008875228631146  0.009943710431843  0.026607928367155  0.714001989842532  0.029076551803219  0.070121467533155  0.012638771068152  0.000000000000000  0.000000000000000  1.000000000000000  0.000000000000000  0.000000000000000  0.000000000000000  0.000000000000000  1.000000000000000  0.000000000000000  0.041839226780576  1.000000000000000  0.484309094613314 
39.0    S  0.093234001668217  0.000000000000000  0.074531804520664  0.224688781652757  0.000000000000000  0.187245116803023  0.000000000000000  0.007391075365044  0.000000000000000  0.000000000000000  0.000000000000000  0.053996136712517  0.038580081465423  0.012656304275501  0.000000000000000  0.207761465398412  0.031774208540374  0.029400815859806  0.000000000000000  0.038740865623093  1.000000000000000  0.000000000000000  0.000000000000000  0.000000000000000  0.000000000000000  0.000000000000000  0.000000000000000  0.041868237575870  1.000000000000000  1.000000000000000 
40.0    G  0.094077921713192  0.000000000000000  0.054258764225065  0.184283652161388  0.023601134149419  0.116709993114414  0.009718841041394  0.032173127607312  0.141120550600766  0.035109371969739  0.000000000000000  0.040723348417603  0.019818615614467  0.066247048962330  0.019357010902874  0.032780916486717  0.048361406048200  0.081729459283547  0.000000000000000  0.000000000000000  1.000000000000000  0.000000000000000  0.000000000000000  0.000000000000000  0.000000000000000  0.000000000000000  0.000000000000000  0.042188687035086  1.000000000000000  1.000000000000000 
41.0    S  0.090370768409109  0.000000000000000  0.000000000000000  0.000000000000000  0.014751444049223  0.040808118346529  0.007855942034363  0.038956287321097  0.014111351721122  0.065607292726442  0.062934721878545  0.000000000000000  0.000000000000000  0.016108879981169  0.010068551800664  0.242826873885408  0.183900843231967  0.211686328090632  0.000000000000000  0.000000000000000  0.983502074026248  0.016413196000168  0.000000000000000  1.000000000000000  0.000000000000000  0.000000000000000  0.000000000000000  0.044163551371335  0.488015880388112  1.000000000000000 
42.0    N  0.058274155402302  0.000000000000000  0.113204247877228  0.153786418093893  0.005197379066721  0.058112808913323  0.187764990867616  0.008680536942618  0.000000000000000  0.000000000000000  0.000000000000000  0.129408115480172  0.000000000000000  0.013039207518053  0.000000000000000  0.112656307826354  0.111105335145821  0.000000000000000  0.000000000000000  0.048799155787962  1.000000000000000  0.000000000000000  0.000000000000000  0.000000000000000  0.000000000000000  0.000000000000000  0.000000000000000  0.044163551371335  1.000000000000000  1.000000000000000 
43.0    V  0.050520054300348  0.000000000000000  0.000000000000000  0.000000000000000  0.149270398384324  0.000000000000000  0.000000000000000  0.153999759180720  0.015920174947136  0.290780010386963  0.031467360939272  0.000000000000000  0.000000000000000  0.000000000000000  0.000000000000000  0.000000000000000  0.000000000000000  0.235206526878447  0.000000000000000  0.072947381363654  0.984184022033800  0.015920174947136  0.000000000000000  1.000000000000000  0.000000000000000  0.000000000000000  0.000000000000000  0.044163551371335  0.487339815445774  1.000000000000000 
44.0    K  0.044470733163581  0.000000000000000  0.000000000000000  0.000000000000000  0.000000000000000  0.000000000000000  0.000000000000000  0.000000000000000  0.509445598308361  0.022250784306204  0.000000000000000  0.043465061615937  0.000000000000000  0.000000000000000  0.270556161131429  0.046617000834108  0.010033717257730  0.009854511006494  0.000000000000000  0.043194756454018  1.000000000000000  0.000000000000000  0.000000000000000  0.000000000000000  0.000000000000000  0.000000000000000  0.000000000000000  0.044749023162536  1.000000000000000  1.000000000000000 
45.0    I  0.040695130924032  0.000000000000000  0.000000000000000  0.044935516651467  0.218847832423566  0.026998068356259  0.000000000000000  0.131670129494355  0.000000000000000  0.030269318413332  0.063990431276778  0.000000000000000  0.007411596212035  0.072997962163320  0.028242272710971  0.030862526920168  0.041006601705999  0.105476974516252  0.000000000000000  0.156583054828016  0.989656656415207  0.000000000000000  0.010598471308185  0.000000000000000  0.000000000000000  0.000000000000000  0.000000000000000  0.044811101500495  1.000000000000000  1.000000000000000 
46.0    V  0.160985203688728  0.000000000000000  0.000000000000000  0.000000000000000  0.026998068356259  0.000000000000000  0.000000000000000  0.041435180009333  0.010467059393968  0.000000000000000  0.012904338514621  0.027223568504446  0.000000000000000  0.132769898311922  0.025559439329931  0.142299253634360  0.315344352207812  0.096655792181915  0.000000000000000  0.007289320246381  1.000000000000000  0.000000000000000  0.000000000000000  0.000000000000000  0.000000000000000  1.000000000000000  0.000000000000000  0.044811101500495  1.000000000000000  0.497924876547229 
47.0    K  0.009992074853730  0.000000000000000  0.000000000000000  0.035427169149326  0.027814866664141  0.000000000000000  0.006159376359815  0.014741222670240  0.479299719246488  0.039390730986968  0.007355300504228  0.074480160910878  0.086629367853151  0.039940605100095  0.021196942616370  0.010294374622923  0.072092850316251  0.075206439124969  0.000000000000000  0.000000000000000  1.000000000000000  0.000000000000000  0.000000000000000  0.000000000000000  0.000000000000000  0.000000000000000  0.000000000000000  0.044718016250716  1.000000000000000  1.000000000000000 
48.0    V  0.009368280576493  0.000000000000000  0.000000000000000  0.000000000000000  0.050032175666019  0.000000000000000  0.000000000000000  0.017385158134138  0.000000000000000  0.000000000000000  0.000000000000000  0.000000000000000  0.029217974929733  0.000000000000000  0.000000000000000  0.000000000000000  0.000000000000000  0.063548417080747  0.699792932797598  0.130760617474066  1.000000000000000  0.000000000000000  0.000000000000000  0.000000000000000  0.000000000000000  0.000000000000000  0.000000000000000  0.045060277233132  1.000000000000000  1.000000000000000 
49.0    K  0.080492601844364  0.000000000000000  0.017169597149639  0.314253343630457  0.000000000000000  0.000000000000000  0.000000000000000  0.000000000000000  0.346517471412604  0.037943590137345  0.000000000000000  0.007807086663988  0.000000000000000  0.047398985792951  0.000000000000000  0.043646204139606  0.045975210807992  0.058801631719612  0.000000000000000  0.000000000000000  1.000000000000000  0.000000000000000  0.000000000000000  0.000000000000000  0.000000000000000  0.000000000000000  0.000000000000000  0.047927583114784  1.000000000000000  1.000000000000000 
50.0    K  0.054371709544291  0.000000000000000  0.213898756420651  0.034007576302213  0.000000000000000  0.043646204139606  0.000000000000000  0.000000000000000  0.153148166488085  0.000000000000000  0.000000000000000  0.461051558956316  0.000000000000000  0.015635834179103  0.000000000000000  0.011469926844016  0.012868609644806  0.000000000000000  0.000000000000000  0.000000000000000  1.000000000000000  0.000000000000000  0.000000000000000  0.000000000000000  0.000000000000000  0.000000000000000  0.000000000000000  0.052921582022658  1.000000000000000  1.000000000000000 
51.0    E  0.000000000000000  0.000000000000000  0.079109787123142  0.703684187662699  0.000000000000000  0.000000000000000  0.000000000000000  0.106210624892331  0.000000000000000  0.000000000000000  0.000000000000000  0.000000000000000  0.000000000000000  0.000000000000000  0.000000000000000  0.000000000000000  0.111028349480301  0.000000000000000  0.000000000000000  0.000000000000000  1.000000000000000  0.000000000000000  0.000000000000000  1.000000000000000  0.000000000000000  0.000000000000000  0.000000000000000  0.310787417225985  1.000000000000000  1.000000000000000 
