No:  residues  hmm_col_1  hmm_col_2  hmm_col_3  hmm_col_4  hmm_col_5  hmm_col_6  hmm_col_7  hmm_col_8  hmm_col_9  hmm_col_10  hmm_col_11  hmm_col_12  hmm_col_13  hmm_col_14  hmm_col_15  hmm_col_16  hmm_col_17  hmm_col_18  hmm_col_19  hmm_col_20  hmm_col_21   hmm_col_22   hmm_col_23   hmm_col_24   hmm_col_25   hmm_col_26   hmm_col_27   hmm_col_28   hmm_col_29   hmm_col_30   
1.0    E  0.000000000000000  0.000000000000000  0.026830169888680  0.973329374158238  0.000000000000000  0.000000000000000  0.000000000000000  0.000000000000000  0.000000000000000  0.000000000000000  0.000000000000000  0.000000000000000  0.000000000000000  0.000000000000000  0.000000000000000  0.000000000000000  0.000000000000000  0.000000000000000  0.000000000000000  0.000000000000000  0.973329374158238  0.000000000000000  0.026830169888680  0.000000000000000  0.000000000000000  0.000000000000000  0.000000000000000  0.031336763621909  1.000000000000000  1.000000000000000 
2.0    F  0.000000000000000  0.000000000000000  0.000000000000000  0.000000000000000  0.925946022527324  0.000000000000000  0.000000000000000  0.000000000000000  0.000000000000000  0.000000000000000  0.000000000000000  0.000000000000000  0.074068298183849  0.000000000000000  0.000000000000000  0.000000000000000  0.000000000000000  0.000000000000000  0.000000000000000  0.000000000000000  1.000000000000000  0.000000000000000  0.000000000000000  0.000000000000000  0.000000000000000  0.000000000000000  1.000000000000000  0.040442051702589  1.000000000000000  0.462011286223412 
3.0    S  0.312949114663499  0.000000000000000  0.000000000000000  0.000000000000000  0.000000000000000  0.015250496262129  0.000000000000000  0.000000000000000  0.000000000000000  0.000000000000000  0.000000000000000  0.000000000000000  0.000000000000000  0.000000000000000  0.000000000000000  0.494142825750366  0.177882932654324  0.000000000000000  0.000000000000000  0.000000000000000  1.000000000000000  0.000000000000000  0.000000000000000  0.000000000000000  0.000000000000000  0.000000000000000  1.000000000000000  0.040442051702589  1.000000000000000  0.462011286223412 
4.0    K  0.000000000000000  0.000000000000000  0.000000000000000  0.074068298183849  0.000000000000000  0.000000000000000  0.000000000000000  0.000000000000000  0.844400887423782  0.000000000000000  0.000000000000000  0.069782060123911  0.000000000000000  0.000000000000000  0.011597840395539  0.000000000000000  0.000000000000000  0.000000000000000  0.000000000000000  0.000000000000000  1.000000000000000  0.000000000000000  0.000000000000000  0.000000000000000  0.000000000000000  0.000000000000000  1.000000000000000  0.040442051702589  1.000000000000000  0.462011286223412 
5.0    E  0.000000000000000  0.000000000000000  0.000000000000000  0.892546971472977  0.000000000000000  0.000000000000000  0.000000000000000  0.000000000000000  0.000000000000000  0.000000000000000  0.000000000000000  0.000000000000000  0.074068298183849  0.033702513490452  0.000000000000000  0.000000000000000  0.000000000000000  0.000000000000000  0.000000000000000  0.000000000000000  1.000000000000000  0.000000000000000  0.000000000000000  0.000000000000000  0.000000000000000  0.000000000000000  1.000000000000000  0.040442051702589  1.000000000000000  0.462011286223412 
6.0    R  0.000000000000000  0.000000000000000  0.000000000000000  0.000000000000000  0.000000000000000  0.000000000000000  0.000000000000000  0.074068298183849  0.092782723164316  0.000000000000000  0.000000000000000  0.000000000000000  0.000000000000000  0.000000000000000  0.833353207159218  0.000000000000000  0.000000000000000  0.000000000000000  0.000000000000000  0.000000000000000  1.000000000000000  0.000000000000000  0.000000000000000  0.000000000000000  0.000000000000000  0.000000000000000  1.000000000000000  0.040442051702589  1.000000000000000  0.462011286223412 
7.0    E  0.058964890680960  0.000000000000000  0.018919266936727  0.734584316639154  0.000000000000000  0.014518135535171  0.000000000000000  0.000000000000000  0.000000000000000  0.012216713173884  0.000000000000000  0.044749023162536  0.000000000000000  0.000000000000000  0.000000000000000  0.092718433365070  0.023292349793733  0.000000000000000  0.000000000000000  0.000000000000000  1.000000000000000  0.000000000000000  0.000000000000000  0.000000000000000  0.000000000000000  0.000000000000000  1.000000000000000  0.040442051702589  1.000000000000000  0.462011286223412 
8.0    K  0.000000000000000  0.000000000000000  0.000000000000000  0.000000000000000  0.000000000000000  0.000000000000000  0.000000000000000  0.000000000000000  0.547905883223845  0.000000000000000  0.000000000000000  0.074068298183849  0.000000000000000  0.000000000000000  0.378141999320990  0.000000000000000  0.000000000000000  0.000000000000000  0.000000000000000  0.000000000000000  1.000000000000000  0.000000000000000  0.000000000000000  0.000000000000000  0.000000000000000  0.000000000000000  1.000000000000000  0.040442051702589  1.000000000000000  0.462011286223412 
9.0    A  0.400812664699697  0.000000000000000  0.000000000000000  0.000000000000000  0.000000000000000  0.000000000000000  0.000000000000000  0.148960321821756  0.000000000000000  0.000000000000000  0.000000000000000  0.000000000000000  0.000000000000000  0.022219959540426  0.012859692894980  0.023035456520173  0.000000000000000  0.392020227037869  0.000000000000000  0.000000000000000  1.000000000000000  0.000000000000000  0.000000000000000  0.000000000000000  0.000000000000000  0.000000000000000  1.000000000000000  0.040442051702589  1.000000000000000  0.462011286223412 
10.0    K  0.000000000000000  0.000000000000000  0.050625217102003  0.416387885440275  0.000000000000000  0.000000000000000  0.000000000000000  0.000000000000000  0.289573201548661  0.000000000000000  0.000000000000000  0.012499377005199  0.000000000000000  0.019970302550048  0.152618314083642  0.010753871887427  0.022219959540426  0.025312608551001  0.000000000000000  0.000000000000000  1.000000000000000  0.000000000000000  0.000000000000000  0.333324669272800  0.666649338545599  1.000000000000000  0.000000000000000  0.040442051702589  0.462011286223412  0.462011286223412 
11.0    A  0.222673225151670  0.009277809891199  0.000000000000000  0.000000000000000  0.000000000000000  0.000000000000000  0.017973310833603  0.000000000000000  0.167356907122305  0.000000000000000  0.000000000000000  0.236842517649817  0.000000000000000  0.000000000000000  0.117034030929312  0.112344390826379  0.073099229003247  0.043495199744722  0.000000000000000  0.000000000000000  1.000000000000000  0.000000000000000  0.000000000000000  0.000000000000000  0.000000000000000  0.000000000000000  0.000000000000000  0.037917298757772  1.000000000000000  1.000000000000000 
12.0    R  0.000000000000000  0.000000000000000  0.000000000000000  0.029666941279704  0.000000000000000  0.000000000000000  0.000000000000000  0.000000000000000  0.035822255804012  0.000000000000000  0.000000000000000  0.000000000000000  0.000000000000000  0.013811367672870  0.844986384412514  0.057273040292209  0.018414678247058  0.000000000000000  0.000000000000000  0.000000000000000  0.926588061890371  0.000000000000000  0.073099229003247  0.000000000000000  0.000000000000000  0.000000000000000  0.000000000000000  0.037917298757772  1.000000000000000  1.000000000000000 
13.0    G  0.031467360939272  0.000000000000000  0.000000000000000  0.031752191968553  0.000000000000000  0.508035071496851  0.000000000000000  0.000000000000000  0.025880333166705  0.019290040732712  0.036880448229256  0.028222703442244  0.000000000000000  0.069878865685366  0.200267469397406  0.032803646363221  0.015463385256488  0.000000000000000  0.000000000000000  0.000000000000000  1.000000000000000  0.000000000000000  0.000000000000000  0.000000000000000  0.000000000000000  1.000000000000000  0.000000000000000  0.047071577082307  1.000000000000000  0.427797512841301 
14.0    D  0.194386508970640  0.016345077184258  0.204617295397701  0.276624338273068  0.000000000000000  0.000000000000000  0.029666941279704  0.081616236693057  0.020560226953578  0.059581159080510  0.000000000000000  0.000000000000000  0.000000000000000  0.013811367672870  0.000000000000000  0.005928981456930  0.084494427064258  0.012233660879008  0.000000000000000  0.000000000000000  1.000000000000000  0.000000000000000  0.000000000000000  0.000000000000000  0.000000000000000  0.000000000000000  0.000000000000000  0.037917298757772  1.000000000000000  1.000000000000000 
15.0    F  0.000000000000000  0.000000000000000  0.000000000000000  0.000000000000000  0.733058378594605  0.000000000000000  0.000000000000000  0.000000000000000  0.000000000000000  0.052921582022658  0.073099229003247  0.000000000000000  0.000000000000000  0.000000000000000  0.000000000000000  0.000000000000000  0.000000000000000  0.000000000000000  0.011056204377552  0.129677492070701  1.000000000000000  0.000000000000000  0.000000000000000  0.000000000000000  0.000000000000000  0.000000000000000  0.000000000000000  0.037917298757772  1.000000000000000  1.000000000000000 
16.0    Q  0.000000000000000  0.000000000000000  0.000000000000000  0.000000000000000  0.011202775375124  0.000000000000000  0.062068280964815  0.017973310833603  0.041839226780576  0.253138701837623  0.043525358770907  0.000000000000000  0.000000000000000  0.506628450079543  0.063460381304339  0.000000000000000  0.000000000000000  0.000000000000000  0.000000000000000  0.000000000000000  1.000000000000000  0.000000000000000  0.000000000000000  0.000000000000000  0.000000000000000  0.000000000000000  0.000000000000000  0.037917298757772  1.000000000000000  1.000000000000000 
17.0    K  0.026096497482137  0.000000000000000  0.000000000000000  0.000000000000000  0.000000000000000  0.000000000000000  0.000000000000000  0.010525262319263  0.864537231307865  0.015040538173465  0.008355836624103  0.000000000000000  0.000000000000000  0.000000000000000  0.034674046002120  0.000000000000000  0.000000000000000  0.040723348417603  0.000000000000000  0.000000000000000  1.000000000000000  0.000000000000000  0.000000000000000  0.000000000000000  0.000000000000000  0.000000000000000  0.000000000000000  0.037917298757772  1.000000000000000  1.000000000000000 
18.0    L  0.059210629412454  0.042600081477578  0.000000000000000  0.048495678392179  0.127361399577090  0.000000000000000  0.000000000000000  0.022005378545501  0.022452190258501  0.601234624449089  0.045029054651185  0.000000000000000  0.000000000000000  0.017433426911328  0.008519591661447  0.000000000000000  0.000000000000000  0.005554989885107  0.000000000000000  0.000000000000000  1.000000000000000  0.000000000000000  0.000000000000000  0.000000000000000  0.000000000000000  0.000000000000000  0.000000000000000  0.037917298757772  1.000000000000000  1.000000000000000 
19.0    R  0.073099229003247  0.000000000000000  0.000000000000000  0.000000000000000  0.000000000000000  0.000000000000000  0.000000000000000  0.000000000000000  0.079274462457867  0.000000000000000  0.000000000000000  0.000000000000000  0.000000000000000  0.041579032533771  0.806082831492968  0.000000000000000  0.000000000000000  0.000000000000000  0.000000000000000  0.000000000000000  1.000000000000000  0.000000000000000  0.000000000000000  0.000000000000000  0.000000000000000  0.000000000000000  0.000000000000000  0.037917298757772  1.000000000000000  1.000000000000000 
20.0    E  0.000000000000000  0.000000000000000  0.000000000000000  0.643048741715302  0.028795755818709  0.000000000000000  0.000000000000000  0.000000000000000  0.043075161030488  0.000000000000000  0.000000000000000  0.000000000000000  0.000000000000000  0.033446521825832  0.213158722941989  0.029197729590099  0.009220112057314  0.000000000000000  0.000000000000000  0.000000000000000  1.000000000000000  0.000000000000000  0.000000000000000  0.000000000000000  0.000000000000000  0.000000000000000  0.000000000000000  0.037917298757772  1.000000000000000  1.000000000000000 
21.0    K  0.000000000000000  0.000000000000000  0.026096497482137  0.033123524481165  0.000000000000000  0.015040538173465  0.000000000000000  0.000000000000000  0.407818746669505  0.030081076346930  0.000000000000000  0.046843737554861  0.000000000000000  0.304602565918798  0.086329653008991  0.043646204139606  0.006354524985407  0.000000000000000  0.000000000000000  0.000000000000000  1.000000000000000  0.000000000000000  0.000000000000000  0.000000000000000  0.000000000000000  0.000000000000000  0.000000000000000  0.037917298757772  1.000000000000000  1.000000000000000 
22.0    Q  0.031380235726218  0.000000000000000  0.022452190258501  0.000000000000000  0.000000000000000  0.073099229003247  0.022005378545501  0.026497498894786  0.088572337281764  0.000000000000000  0.020560226953578  0.000000000000000  0.000000000000000  0.636397467637971  0.068678388598555  0.000000000000000  0.010365977660915  0.000000000000000  0.000000000000000  0.000000000000000  1.000000000000000  0.000000000000000  0.000000000000000  0.000000000000000  0.000000000000000  0.000000000000000  0.000000000000000  0.037917298757772  1.000000000000000  1.000000000000000 
23.0    Q  0.017181502333040  0.000000000000000  0.022452190258501  0.099166730398893  0.000000000000000  0.000000000000000  0.000000000000000  0.000000000000000  0.065972107352373  0.031423768137452  0.064614421015498  0.000000000000000  0.000000000000000  0.610896550836750  0.088082547196376  0.000000000000000  0.000000000000000  0.000000000000000  0.000000000000000  0.000000000000000  1.000000000000000  0.000000000000000  0.000000000000000  0.000000000000000  0.000000000000000  0.000000000000000  0.000000000000000  0.037917298757772  1.000000000000000  1.000000000000000 
24.0    L  0.000000000000000  0.000000000000000  0.087838668762920  0.034746223672410  0.097598311575924  0.000000000000000  0.000000000000000  0.243332343539560  0.000000000000000  0.244855074396732  0.131396613635963  0.000000000000000  0.000000000000000  0.030081076346930  0.000000000000000  0.003537632746163  0.019901210551977  0.084260483233566  0.000000000000000  0.022452190258501  1.000000000000000  0.000000000000000  0.000000000000000  0.000000000000000  0.000000000000000  0.000000000000000  0.000000000000000  0.037917298757772  1.000000000000000  1.000000000000000 
25.0    E  0.000000000000000  0.000000000000000  0.153254357506645  0.557869661162482  0.000000000000000  0.000000000000000  0.000000000000000  0.000000000000000  0.052120690239060  0.000000000000000  0.000000000000000  0.026096497482137  0.000000000000000  0.092014178885511  0.089436032501432  0.000000000000000  0.015377875344278  0.013811367672870  0.000000000000000  0.000000000000000  1.000000000000000  0.000000000000000  0.000000000000000  0.000000000000000  0.000000000000000  0.000000000000000  0.000000000000000  0.037917298757772  1.000000000000000  1.000000000000000 
26.0    E  0.010365977660915  0.000000000000000  0.132861959294819  0.419865746472070  0.000000000000000  0.000000000000000  0.000000000000000  0.000000000000000  0.066939426449466  0.000000000000000  0.000000000000000  0.014720801154763  0.000000000000000  0.093557686674543  0.191444749636798  0.026096497482137  0.044163551371335  0.000000000000000  0.000000000000000  0.000000000000000  1.000000000000000  0.000000000000000  0.000000000000000  0.000000000000000  0.000000000000000  0.000000000000000  0.000000000000000  0.037917298757772  1.000000000000000  1.000000000000000 
27.0    D  0.140534865472327  0.000000000000000  0.493116352246680  0.244177132240557  0.016345077184258  0.000000000000000  0.000000000000000  0.000000000000000  0.073099229003247  0.000000000000000  0.014720801154763  0.000000000000000  0.000000000000000  0.000000000000000  0.000000000000000  0.017973310833603  0.000000000000000  0.000000000000000  0.000000000000000  0.000000000000000  1.000000000000000  0.000000000000000  0.000000000000000  0.000000000000000  0.000000000000000  0.000000000000000  0.000000000000000  0.037917298757772  1.000000000000000  1.000000000000000 
28.0    L  0.000000000000000  0.000000000000000  0.000000000000000  0.000000000000000  0.086269834587289  0.000000000000000  0.000000000000000  0.000000000000000  0.000000000000000  0.651573574681647  0.110874538144019  0.000000000000000  0.000000000000000  0.000000000000000  0.000000000000000  0.000000000000000  0.000000000000000  0.048428495684948  0.000000000000000  0.102877543159839  1.000000000000000  0.000000000000000  0.000000000000000  0.000000000000000  0.000000000000000  0.000000000000000  0.000000000000000  0.037917298757772  1.000000000000000  1.000000000000000 
29.0    K  0.000000000000000  0.017157700215423  0.059416193826864  0.055130710324824  0.000000000000000  0.000000000000000  0.023503183615448  0.041120453907157  0.160094982666221  0.036727385263118  0.079329430376238  0.221135108832885  0.000000000000000  0.039308905369876  0.182883902588041  0.028855697210294  0.026607928367155  0.028795755818709  0.000000000000000  0.000000000000000  1.000000000000000  0.000000000000000  0.000000000000000  0.000000000000000  0.000000000000000  0.000000000000000  0.000000000000000  0.037917298757772  1.000000000000000  1.000000000000000 
30.0    G  0.000000000000000  0.005354620331952  0.000000000000000  0.000000000000000  0.017973310833603  0.826450318154212  0.000000000000000  0.000000000000000  0.000000000000000  0.000000000000000  0.000000000000000  0.000000000000000  0.000000000000000  0.000000000000000  0.010746420454217  0.139564120247822  0.000000000000000  0.000000000000000  0.000000000000000  0.000000000000000  1.000000000000000  0.000000000000000  0.000000000000000  0.000000000000000  0.000000000000000  0.000000000000000  0.000000000000000  0.037917298757772  1.000000000000000  1.000000000000000 
31.0    Y  0.000000000000000  0.000000000000000  0.000000000000000  0.000000000000000  0.084553014440642  0.000000000000000  0.000000000000000  0.000000000000000  0.000000000000000  0.000000000000000  0.000000000000000  0.000000000000000  0.000000000000000  0.000000000000000  0.000000000000000  0.000000000000000  0.000000000000000  0.000000000000000  0.000000000000000  0.915733686418126  0.994470168673214  0.005451995172352  0.000000000000000  0.058842404033825  0.941478464541206  0.000000000000000  0.000000000000000  0.037917298757772  0.500000000000000  1.000000000000000 
32.0    L  0.000000000000000  0.000000000000000  0.000000000000000  0.022452190258501  0.000000000000000  0.000000000000000  0.000000000000000  0.000000000000000  0.048495678392179  0.571173123424273  0.171585553906864  0.029666941279704  0.000000000000000  0.000000000000000  0.041752314949691  0.000000000000000  0.000000000000000  0.114784520287615  0.000000000000000  0.000000000000000  1.000000000000000  0.000000000000000  0.000000000000000  0.000000000000000  0.000000000000000  0.000000000000000  0.000000000000000  0.037917298757772  1.000000000000000  1.000000000000000 
33.0    D  0.041752314949691  0.000000000000000  0.451876363375543  0.282828615711475  0.000000000000000  0.000000000000000  0.000000000000000  0.000000000000000  0.015377875344278  0.095523532547823  0.000000000000000  0.053178983094159  0.000000000000000  0.000000000000000  0.036829356494115  0.022765611154656  0.000000000000000  0.000000000000000  0.000000000000000  0.000000000000000  1.000000000000000  0.000000000000000  0.000000000000000  0.000000000000000  0.000000000000000  0.000000000000000  0.000000000000000  0.037917298757772  1.000000000000000  1.000000000000000 
34.0    W  0.073099229003247  0.000000000000000  0.000000000000000  0.000000000000000  0.000000000000000  0.000000000000000  0.000000000000000  0.000000000000000  0.000000000000000  0.000000000000000  0.000000000000000  0.000000000000000  0.000000000000000  0.000000000000000  0.000000000000000  0.000000000000000  0.000000000000000  0.000000000000000  0.926588061890371  0.000000000000000  1.000000000000000  0.000000000000000  0.000000000000000  0.000000000000000  0.000000000000000  0.000000000000000  0.000000000000000  0.037917298757772  1.000000000000000  1.000000000000000 
35.0    I  0.000000000000000  0.000000000000000  0.000000000000000  0.000000000000000  0.000000000000000  0.000000000000000  0.073099229003247  0.829894585589983  0.000000000000000  0.023260082111977  0.049962864397030  0.000000000000000  0.000000000000000  0.000000000000000  0.000000000000000  0.000000000000000  0.000000000000000  0.024046987815013  0.000000000000000  0.000000000000000  1.000000000000000  0.000000000000000  0.000000000000000  0.000000000000000  0.000000000000000  0.000000000000000  0.000000000000000  0.037917298757772  1.000000000000000  1.000000000000000 
36.0    T  0.000000000000000  0.082412100905773  0.056798632278033  0.087413505171154  0.008093615340313  0.035698320214017  0.010746420454217  0.023260082111977  0.029666941279704  0.039747281460737  0.006524124370534  0.032240099353167  0.073099229003247  0.048664043191354  0.022452190258501  0.041926319527571  0.388503634392025  0.005945442893904  0.000000000000000  0.006702894768974  1.000000000000000  0.000000000000000  0.000000000000000  0.000000000000000  0.000000000000000  0.000000000000000  0.000000000000000  0.037917298757772  1.000000000000000  1.000000000000000 
37.0    Q  0.035599480538191  0.000000000000000  0.000000000000000  0.089746531913965  0.000000000000000  0.000000000000000  0.140925051518178  0.010746420454217  0.201520707873242  0.018414678247058  0.000000000000000  0.000000000000000  0.000000000000000  0.377095019171645  0.081503170953660  0.000000000000000  0.027969533466499  0.016345077184258  0.000000000000000  0.000000000000000  1.000000000000000  0.000000000000000  0.000000000000000  0.000000000000000  0.000000000000000  0.000000000000000  0.000000000000000  0.037917298757772  1.000000000000000  1.000000000000000 
38.0    A  0.771105412703970  0.000000000000000  0.073099229003247  0.000000000000000  0.000000000000000  0.140925051518178  0.000000000000000  0.000000000000000  0.000000000000000  0.000000000000000  0.000000000000000  0.000000000000000  0.014720801154763  0.000000000000000  0.000000000000000  0.000000000000000  0.000000000000000  0.000000000000000  0.000000000000000  0.000000000000000  1.000000000000000  0.000000000000000  0.000000000000000  0.000000000000000  0.000000000000000  0.000000000000000  0.000000000000000  0.037917298757772  1.000000000000000  1.000000000000000 
39.0    E  0.007688937672139  0.000000000000000  0.030081076346930  0.821880187294851  0.000000000000000  0.118175264593843  0.000000000000000  0.000000000000000  0.000000000000000  0.000000000000000  0.000000000000000  0.000000000000000  0.000000000000000  0.000000000000000  0.000000000000000  0.022005378545501  0.000000000000000  0.000000000000000  0.000000000000000  0.000000000000000  1.000000000000000  0.000000000000000  0.000000000000000  0.000000000000000  0.000000000000000  0.000000000000000  0.000000000000000  0.037917298757772  1.000000000000000  1.000000000000000 
40.0    D  0.013239569296033  0.000000000000000  0.329648403623092  0.382094130191292  0.000000000000000  0.000000000000000  0.073099229003247  0.000000000000000  0.022452190258501  0.015377875344278  0.000000000000000  0.000000000000000  0.000000000000000  0.027892092858531  0.000000000000000  0.000000000000000  0.000000000000000  0.106431713468618  0.000000000000000  0.029666941279704  0.984866442895551  0.015271652600169  0.000000000000000  1.000000000000000  0.000000000000000  0.000000000000000  0.000000000000000  0.037917298757772  0.490389501994276  1.000000000000000 
41.0    I  0.000000000000000  0.028164076956588  0.000000000000000  0.000000000000000  0.000000000000000  0.000000000000000  0.011981895778696  0.424253950852948  0.000000000000000  0.167472950303480  0.108292107050011  0.000000000000000  0.000000000000000  0.000000000000000  0.000000000000000  0.000000000000000  0.000000000000000  0.259894858793820  0.000000000000000  0.000000000000000  0.906890328933143  0.051724801004888  0.041521431690516  0.255076164812114  0.744838731561351  0.000000000000000  0.000000000000000  0.031840349894273  0.426613049056034  1.000000000000000 
42.0    D  0.000000000000000  0.000000000000000  0.316878130508606  0.175677337525840  0.000000000000000  0.000000000000000  0.000000000000000  0.173138683513866  0.014229216149875  0.093687475109722  0.078400137782562  0.014013877494719  0.000000000000000  0.018312848182414  0.000000000000000  0.089995707407168  0.000000000000000  0.017157700215423  0.008379036068890  0.000000000000000  0.901875378382250  0.005589752031340  0.092782723164316  0.333324669272800  0.666649338545599  0.102096123888753  0.898132372883934  0.033866436463899  0.500000000000000  0.417254640577705 
43.0    P  0.011390698272005  0.000000000000000  0.122512426917734  0.065244495463857  0.000000000000000  0.039802421103953  0.000000000000000  0.046908721797324  0.015821168864851  0.307359716813645  0.019586453444386  0.045154074935110  0.219151430329009  0.000000000000000  0.066985841408518  0.014248955711246  0.000000000000000  0.025916235806701  0.000000000000000  0.000000000000000  0.804966137621122  0.033679160782615  0.161096828810627  0.094535499830248  0.905633983017823  0.000000000000000  1.000000000000000  0.046391361582158  0.465224828851508  0.317317721504951 
44.0    E  0.221902834317374  0.000000000000000  0.261521234948132  0.241316756217939  0.007921558435860  0.009518830184962  0.009472756398920  0.000000000000000  0.009598335784732  0.047006367230897  0.012006837353813  0.013830527571555  0.000000000000000  0.020361674208801  0.000000000000000  0.019722688001752  0.052848267961095  0.073048578035078  0.000000000000000  0.000000000000000  0.968618189226628  0.031358492140922  0.000000000000000  0.801069877589622  0.198884120938730  0.126218912199586  0.873572895916694  0.038446604523473  0.468460723436213  0.211539649150072 
45.0    N  0.084670311092835  0.000000000000000  0.125173406963917  0.332401777045429  0.000000000000000  0.027795593548059  0.000000000000000  0.000000000000000  0.029258507732328  0.000000000000000  0.011148550825921  0.168287508659598  0.000000000000000  0.027795593548059  0.028696130071904  0.049997508020797  0.081390261848064  0.033284631356044  0.000000000000000  0.000000000000000  0.956608158091874  0.024501264189867  0.018697640050480  0.333324669272800  0.666649338545599  0.467487598875728  0.532554101696709  0.036574957546081  0.491410299272626  0.234880687303503 
46.0    E  0.006633564425366  0.000000000000000  0.228299562502998  0.576343173399432  0.006083005398919  0.040554336466849  0.004920429609170  0.006350121890502  0.014669871051804  0.018173750649185  0.000000000000000  0.000000000000000  0.042013593567270  0.000000000000000  0.006040987011370  0.008132981231907  0.013734993139247  0.028066636652623  0.000000000000000  0.000000000000000  1.000000000000000  0.000000000000000  0.000000000000000  0.000000000000000  0.000000000000000  0.000000000000000  1.000000000000000  0.026024242840017  1.000000000000000  0.319303439798847 
47.0    E  0.060538636826664  0.000000000000000  0.248445273330639  0.213602435222433  0.008918396149428  0.071793647187315  0.000000000000000  0.007041019239147  0.009156424091207  0.000000000000000  0.000000000000000  0.068203992315933  0.000000000000000  0.009895580107213  0.097058609375130  0.081277509159280  0.113833729198997  0.010409178321031  0.000000000000000  0.000000000000000  0.967276329613932  0.025737219289612  0.007213924302573  0.125607977552973  0.874178620410373  0.000000000000000  1.000000000000000  0.026479138592066  0.474342157570227  0.319303439798847 
48.0    E  0.043980261728919  0.000000000000000  0.048394939240826  0.338916081700000  0.000000000000000  0.062111318332660  0.017133931071686  0.000000000000000  0.106579361470995  0.016265962463814  0.012456132445946  0.044501568612408  0.013611784252223  0.048697786228781  0.131670129494355  0.028656376350146  0.078183067507079  0.008813922948879  0.000000000000000  0.000000000000000  0.778085176555419  0.000000000000000  0.221595424798717  0.000000000000000  0.000000000000000  0.045626000332954  0.954621014139717  0.027622735345740  1.000000000000000  0.297920643643512 
49.0    G  0.018060729789919  0.000000000000000  0.130037533315248  0.058801631719612  0.000000000000000  0.218393223979174  0.009820416988452  0.011589804170634  0.093428078039684  0.051012690384431  0.000000000000000  0.185565446328631  0.000000000000000  0.046102858033839  0.022189177477241  0.033077637339848  0.111491064927512  0.010459806695144  0.000000000000000  0.000000000000000  0.742776460330414  0.156691627555086  0.100342173589494  0.429580377473592  0.570381857934212  0.032084048303750  0.967947026893737  0.042305821220389  0.384751805040216  0.186985719795299 
50.0    G  0.127803566326240  0.000000000000000  0.072092850316251  0.121581868426536  0.000000000000000  0.107395094368398  0.046843737554861  0.045436641166260  0.081221191403465  0.064480198706335  0.076468002570742  0.074376981019167  0.059622471909222  0.000000000000000  0.043045313949473  0.053958722410901  0.013257935964155  0.012499377005199  0.000000000000000  0.000000000000000  0.846745312362527  0.052665426843947  0.100830219902766  0.157781504014014  0.842062953608416  0.475000191437443  0.524858341811534  0.043767385027725  0.467487598875728  0.158219574246285 
51.0    E  0.041291825176821  0.000000000000000  0.127980862553555  0.282241101201533  0.000000000000000  0.139274206352417  0.027718634536005  0.036096430767300  0.010394758133443  0.049790006017849  0.000000000000000  0.017385158134138  0.032986053676186  0.074068298183849  0.000000000000000  0.007866840234818  0.152936005141483  0.000000000000000  0.000000000000000  0.000000000000000  0.839149637106542  0.111800612722826  0.048866852695537  0.057631444869539  0.942131273904809  0.148239312426368  0.852044095074866  0.028815722434770  0.393653988284602  0.232935107326193 
52.0    E  0.038287041622021  0.000000000000000  0.149581120403839  0.324209888662752  0.028320685570854  0.070903467808497  0.000000000000000  0.000000000000000  0.012149156810665  0.089560103148319  0.036727385263118  0.046070913040347  0.035896823593657  0.015303442149796  0.043615961378818  0.025242524300300  0.056759276107594  0.027450952132449  0.000000000000000  0.000000000000000  0.947370070599268  0.013868927144836  0.038983299122314  1.000000000000000  0.000000000000000  0.029831906691866  0.969961910341735  0.027950153180706  0.500000000000000  0.225625181865607 
53.0    G  0.113047422195136  0.000000000000000  0.117929781361920  0.126218912199586  0.000000000000000  0.252788020212826  0.000000000000000  0.000000000000000  0.128336193215000  0.000000000000000  0.000000000000000  0.050240686921447  0.017169597149639  0.008955563951003  0.059046690062325  0.075206439124969  0.022421086478230  0.028497911422493  0.000000000000000  0.000000000000000  0.965267024871757  0.018542762463383  0.016299821773904  0.298747801214196  0.701249625321201  0.178376813214735  0.821880187294851  0.027661055143111  0.436786447958347  0.213898756420651 
54.0    K  0.077053270341488  0.013965393161825  0.016008700359888  0.179368691825838  0.023357019509921  0.028359973603661  0.014052786127309  0.010040674511479  0.275285399524491  0.040836414184162  0.069782060123911  0.009705377201441  0.067498534989555  0.016086563803656  0.066384949155961  0.044904380517002  0.039582320428851  0.007667648936355  0.000000000000000  0.000000000000000  0.835087919428369  0.143487801731875  0.021672358892678  0.100620767202640  0.899378312147752  0.054183597719668  0.946057646725596  0.027355979052946  0.373453364278086  0.240148715988369 
55.0    R  0.041063488348418  0.000000000000000  0.009329399899020  0.106431713468618  0.008777342992435  0.052884912287518  0.008662505028149  0.000000000000000  0.108668070011253  0.054183597719668  0.025120343460723  0.036549614501623  0.055591187096119  0.123279088061670  0.299784978447778  0.030206440533280  0.031796240378209  0.007758535120602  0.000000000000000  0.000000000000000  0.951977908497532  0.011257263662796  0.037085524926767  0.083331167318200  0.916368644675351  0.275285399524491  0.724973416439426  0.027603595358796  0.500000000000000  0.238489887636890 
56.0    N  0.000000000000000  0.000000000000000  0.051581588032041  0.032262454233851  0.012797448404060  0.091823039579894  0.070267432736164  0.017518219969195  0.112188756333408  0.041926319527571  0.025524030972188  0.094339123032535  0.017886315009354  0.031950891581560  0.248445273330639  0.123707082051901  0.008437316873694  0.012216713173884  0.006963363249195  0.000000000000000  0.885153764579545  0.039609766313576  0.075258586326963  0.182504001331815  0.817335328488283  0.333787075823977  0.666187412546011  0.028478165019911  0.442576882289773  0.268315071598363 
57.0    T  0.171585553906864  0.000000000000000  0.037188490509584  0.014792400488074  0.007159130036526  0.017445515030978  0.019451159927846  0.024552266145862  0.075415244982548  0.129497845445002  0.054258764225065  0.044194173824159  0.044966674375338  0.042629619839980  0.088388347648318  0.049309177553279  0.068964608752622  0.110185019738396  0.000000000000000  0.000000000000000  0.898755126611030  0.063153215405423  0.037864770638445  0.065835064747177  0.934327346883180  0.000000000000000  1.000000000000000  0.027035521580781  0.418993567333974  0.275285399524491 
58.0    S  0.073403873200853  0.000000000000000  0.125173406963917  0.023067412588794  0.000000000000000  0.020489093972119  0.029258507732328  0.041839226780576  0.073914437515259  0.027988927190339  0.000000000000000  0.025050791543731  0.054108535344979  0.094929480613408  0.029749309640548  0.207617506022724  0.163119368461120  0.000000000000000  0.010330114102676  0.000000000000000  0.962594443101751  0.018010724168732  0.019545766876770  0.268501117905031  0.731535610352163  0.046102858033839  0.953959550547558  0.027073026762503  0.474013482564323  0.250346813927834 
59.0    M  0.054522669110672  0.000000000000000  0.012949139132625  0.043254678626609  0.006452169257310  0.006202218210404  0.012395841299862  0.156583054828016  0.078074757853336  0.232290168562728  0.080102995260012  0.010209103546040  0.000000000000000  0.007437327410137  0.018135998662246  0.050800975124020  0.045029054651185  0.142595464483553  0.000000000000000  0.043045313949473  0.903126510151822  0.084905392784309  0.011808749439971  0.219151430329009  0.780786492607391  0.242490477585434  0.757333157938488  0.027091798859834  0.402204185470958  0.248101093671455 
60.0    P  0.024365776331604  0.019559319666469  0.084027187134539  0.092205716067677  0.025665959398502  0.029036271070341  0.000000000000000  0.031055659166330  0.243163736853071  0.011414409207388  0.020760715845258  0.036880448229256  0.155933196489256  0.055939066932998  0.100830219902766  0.038740865623093  0.030374405874417  0.000000000000000  0.000000000000000  0.000000000000000  0.953298545288159  0.032262454233851  0.014751444049223  0.118832387653727  0.881480157907170  0.040190546357206  0.959929261038908  0.025701564647265  0.475988954248766  0.282045534364128 
61.0    T  0.170755032094299  0.013057296233154  0.067968024428430  0.135936048856860  0.000000000000000  0.042452696392155  0.008315392050417  0.024163948045479  0.106357966188318  0.066754088002991  0.000000000000000  0.038821508805764  0.000000000000000  0.025952188252840  0.075206439124969  0.145995924326640  0.078237278665875  0.000000000000000  0.000000000000000  0.000000000000000  0.881480157907170  0.108818820412016  0.009407323290870  0.273763117698394  0.726482524785685  0.209932873236035  0.790041311863377  0.025277542136304  0.376572616658453  0.276624338273068 
62.0    S  0.046973796189549  0.000000000000000  0.015124172295215  0.035921714001084  0.000000000000000  0.103377921055408  0.013849714049920  0.026923317491001  0.028696130071904  0.137833645383614  0.000000000000000  0.058598193528569  0.026755883892077  0.023486898094774  0.048194088293998  0.379191886343611  0.009036626436760  0.046134825177589  0.000000000000000  0.000000000000000  0.969961910341735  0.019223302261737  0.010806176789148  0.075258586326963  0.924663278113700  0.000000000000000  1.000000000000000  0.025970183174801  0.489031736723670  0.291789525454617 
63.0    E  0.028755864082027  0.005683518295448  0.106284270008024  0.212568540016049  0.000000000000000  0.023438109207591  0.009936820365184  0.007183984735560  0.200962747685788  0.030819772015417  0.000000000000000  0.035378090690959  0.000000000000000  0.083388948104861  0.187504873660727  0.068062313458507  0.000000000000000  0.000000000000000  0.000000000000000  0.000000000000000  0.975355461527642  0.000000000000000  0.024637505439259  0.333324669272800  0.666649338545599  0.099166730398893  0.900625979847929  0.026187097958373  0.496546247718518  0.284204243309004 
64.0    T  0.045562793088018  0.000000000000000  0.053883971563600  0.092333628973910  0.009316475565083  0.052446852319159  0.000000000000000  0.011374918351555  0.000000000000000  0.000000000000000  0.023584780758134  0.118503370641081  0.042071877164899  0.031840349894273  0.055437269072009  0.183773417048630  0.261158940716058  0.007883215889412  0.000000000000000  0.010709240663904  0.741747466920561  0.226408495754456  0.031620412532092  0.129408115480172  0.870550563296124  0.082698214994258  0.917004043204671  0.026718818059124  0.284993318173365  0.282241101201533 
65.0    E  0.042101049277053  0.000000000000000  0.183391668020915  0.251564455874445  0.000000000000000  0.089684345912919  0.014288517023436  0.000000000000000  0.104966436618018  0.029625842660270  0.000000000000000  0.099718154976129  0.008590751166520  0.070952631384129  0.026830169888680  0.025471010387582  0.025225033578274  0.027450952132449  0.000000000000000  0.000000000000000  0.989656656415207  0.000000000000000  0.010576455305097  0.000000000000000  0.000000000000000  0.114784520287615  0.885153764579545  0.027988927190339  1.000000000000000  0.255253031426798 
66.0    S  0.022173802440631  0.000000000000000  0.044224817510208  0.095788747512986  0.028242272710971  0.008572905762338  0.036322315859941  0.007183984735560  0.000000000000000  0.124913386623807  0.024163948045479  0.051617354058483  0.000000000000000  0.019196671569463  0.000000000000000  0.425726853874473  0.060412881066561  0.027374947345848  0.000000000000000  0.024046987815013  0.957271458195298  0.000000000000000  0.042985681816867  0.000000000000000  0.000000000000000  0.130760617474066  0.869344560090022  0.026515871928309  1.000000000000000  0.269433286260918 
67.0    V  0.077589218220382  0.000000000000000  0.086569341756933  0.054522669110672  0.033655824256033  0.011233879162867  0.000000000000000  0.207473646397496  0.000000000000000  0.168871760566955  0.056523711097568  0.009387781636929  0.000000000000000  0.000000000000000  0.039010329653175  0.029400815859806  0.136313466583157  0.089560103148319  0.000000000000000  0.000000000000000  1.000000000000000  0.000000000000000  0.000000000000000  0.000000000000000  0.000000000000000  0.161656116485936  0.838568184440931  0.027584468634083  1.000000000000000  0.265723918589638 
68.0    N  0.008881382603406  0.000000000000000  0.144185700632503  0.146299830184324  0.000000000000000  0.031862427593693  0.011109979770213  0.017457611532378  0.024688790995731  0.109803808529795  0.000000000000000  0.215834889643603  0.000000000000000  0.007905103133023  0.055861572647299  0.090245574720156  0.034339194299277  0.015103220266640  0.000000000000000  0.086569341756933  0.927873476471283  0.000000000000000  0.072142838594802  0.333324669272800  0.666649338545599  0.176654205485341  0.823591017267573  0.026096497482137  0.500000000000000  0.294226684304692 
69.0    T  0.113282742283417  0.000000000000000  0.044594203303684  0.093882495433808  0.037421209519342  0.031730190652170  0.000000000000000  0.018173750649185  0.006768256690626  0.076893209046947  0.021006796783635  0.032173127607312  0.015495573917786  0.044532425442150  0.070024325887136  0.033353916813749  0.335178147895084  0.025312608551001  0.000000000000000  0.000000000000000  0.970634469769547  0.010033717257730  0.019316800951890  0.199990032083188  0.799960128332753  0.035255691795516  0.964598184584138  0.026460791011329  0.500000000000000  0.265539796623843 
70.0    E  0.085436715746363  0.000000000000000  0.157453747493425  0.356506429341035  0.000000000000000  0.032262454233851  0.000000000000000  0.011613929565867  0.009061716050824  0.008373230176065  0.077804639711386  0.042777619159120  0.000000000000000  0.009671799147168  0.027129382112533  0.077267203807559  0.052994997789572  0.015614173327976  0.000000000000000  0.036071419297401  0.977385766410805  0.011288518733778  0.011613929565867  0.500000000000000  0.500000000000000  0.035500914524584  0.964598184584138  0.026571067502006  0.500000000000000  0.261702570493644 
71.0    N  0.036778335538086  0.010776257201774  0.046811279200756  0.288171586699716  0.008367428306183  0.048697786228781  0.000000000000000  0.000000000000000  0.009143739386520  0.009971318506476  0.015560152392101  0.229409970577841  0.065789447169340  0.029811235954611  0.027261334555336  0.153679858406823  0.009348820025240  0.000000000000000  0.000000000000000  0.010409178321031  0.885153764579545  0.000000000000000  0.114546080584419  0.000000000000000  0.000000000000000  0.057791454882106  0.942131273904809  0.026442456143759  1.000000000000000  0.262247331893736 
72.0    V  0.033702513490452  0.000000000000000  0.077267203807559  0.233258247884202  0.032374461361251  0.043374772469237  0.005051753640185  0.173378871141423  0.029502888098445  0.083042863381032  0.021762679385454  0.000000000000000  0.000000000000000  0.113991645689971  0.013489680602725  0.026442456143759  0.020746330599726  0.075050214217826  0.000000000000000  0.017409275794052  0.874178620410373  0.092847057541302  0.032871930600121  0.653382626946587  0.346517471412604  0.095523532547823  0.904379377561088  0.024723040662045  0.409234590795402  0.214195488692142 
73.0    S  0.126481650128366  0.000000000000000  0.132035703168982  0.175921046915675  0.013003105229868  0.066155274679696  0.069252021741558  0.041406469282663  0.007401328676557  0.027834153143959  0.040051497630006  0.005365766536834  0.032396909406866  0.075050214217826  0.025312608551001  0.111105335145821  0.030437633391976  0.010096506489355  0.000000000000000  0.010783729323411  0.978063473447339  0.000000000000000  0.022143084320441  0.000000000000000  0.000000000000000  0.276241121199978  0.723969086189780  0.024620433939042  1.000000000000000  0.215685336135664 
74.0    G  0.086689435570712  0.000000000000000  0.077966598244628  0.169693122485001  0.000000000000000  0.285190928967106  0.052775055463986  0.014854048456716  0.000000000000000  0.000000000000000  0.000000000000000  0.127184961512836  0.002631315579816  0.067078767899591  0.024723040662045  0.074583483939483  0.000000000000000  0.000000000000000  0.016573245958878  0.000000000000000  0.953959550547558  0.015197733553317  0.031077192771038  0.234717936828863  0.765248384911334  0.197647279150986  0.802181166352486  0.026187097958373  0.462652214018926  0.258995690890005 
75.0    E  0.038606832410217  0.000000000000000  0.181117769319360  0.275667290767228  0.000000000000000  0.086569341756933  0.039885274025905  0.059912464905811  0.000000000000000  0.033889919026346  0.000000000000000  0.024671683959392  0.000000000000000  0.096254646779509  0.008759109984598  0.078074757853336  0.000000000000000  0.060329189054485  0.016288527513143  0.000000000000000  0.953298545288159  0.000000000000000  0.046778843337272  1.000000000000000  0.000000000000000  0.154641559835897  0.845572287377516  0.025382887386132  0.500000000000000  0.268501117905031 
76.0    G  0.023292349793733  0.022266212721075  0.223446290589197  0.298954949194031  0.000000000000000  0.066477042055824  0.097869287032068  0.000000000000000  0.023373214974412  0.000000000000000  0.016086563803656  0.038446604523473  0.034482304376311  0.033100572958871  0.015452670568452  0.106727214298906  0.000000000000000  0.000000000000000  0.000000000000000  0.000000000000000  0.696405740334518  0.210807777562528  0.092718433365070  0.495171435966512  0.504875648798343  0.063153215405423  0.936921446872426  0.025594896808120  0.295862755438143  0.267572174606656 
77.0    E  0.009017854824350  0.009806812431896  0.196690611338391  0.414085330667273  0.000000000000000  0.068535724286743  0.026607928367155  0.041263213781719  0.031598502526603  0.022374511581268  0.010308655552913  0.000000000000000  0.000000000000000  0.028379638053797  0.000000000000000  0.087231922757635  0.029116888415774  0.009042892320235  0.000000000000000  0.015920174947136  0.588045625145482  0.320189965332443  0.091695834010458  0.130127699710514  0.869947352708651  0.082183922512817  0.917639882311365  0.026960667016958  0.214047071136614  0.228774792031982 
78.0    T  0.033842970172685  0.000000000000000  0.034674046002120  0.045373696246997  0.036982844429768  0.199712979112287  0.059251685320540  0.111955708761356  0.036347501298370  0.084435880283477  0.020588749245846  0.076893209046947  0.042600081477578  0.019316800951890  0.012056876367648  0.041435180009333  0.085436715746363  0.038419964601706  0.020645912588410  0.000000000000000  0.947370070599268  0.000000000000000  0.052884912287518  0.000000000000000  0.000000000000000  0.100690536381094  0.899378312147752  0.035012162943568  1.000000000000000  0.167589073947542 
79.0    Q  0.027853452996780  0.025137761591935  0.073863221683398  0.169458040850000  0.018048215383650  0.049446081324091  0.035871950432969  0.088265900274047  0.116629123942101  0.051976381148432  0.034963659407366  0.061853541025950  0.012327294388320  0.006920058742987  0.000000000000000  0.137261601723381  0.080772051914843  0.009387781636929  0.000000000000000  0.000000000000000  0.871154192142256  0.023067412588794  0.105476974516252  0.270556161131429  0.729510172120088  0.065561832973434  0.934327346883180  0.032554482156507  0.477310507069858  0.170164264562434 
80.0    G  0.104024841838941  0.000000000000000  0.151354135493819  0.043254678626609  0.021929245719361  0.042896388476716  0.028008334361544  0.018110874248507  0.057871626407958  0.014338123161115  0.021929245719361  0.033585911651734  0.020291228167654  0.042629619839980  0.020631606890859  0.272249253834027  0.106949378210325  0.000000000000000  0.000000000000000  0.000000000000000  0.878430468238362  0.015292838287460  0.106431713468618  0.500000000000000  0.500000000000000  0.012824087637664  0.986916545885842  0.039500096826650  0.500000000000000  0.144185700632503 
81.0    C  0.035280137650192  0.220217343531745  0.019370432811547  0.043980261728919  0.035747842912619  0.087656203165150  0.038022573707315  0.011382805577328  0.057273040292209  0.064346255214625  0.000000000000000  0.000000000000000  0.029997789407466  0.032486857349227  0.058883204619051  0.025630403474898  0.000000000000000  0.182124889237251  0.034031156729253  0.023633874957562  0.945402116750744  0.012525395771866  0.042101049277053  0.178624267467637  0.821310700752066  0.106579361470995  0.893165852352760  0.042926132294676  0.476649272644080  0.124394965227510 
82.0    C  0.027489033622576  0.278548412704833  0.019873640730368  0.015788303851356  0.000000000000000  0.229409970577841  0.000000000000000  0.023099412988654  0.000000000000000  0.000000000000000  0.054749894691695  0.000000000000000  0.028955876934074  0.025880333166705  0.040921419471361  0.049480366616954  0.018085784640471  0.052483218309009  0.031840349894273  0.103377921055408  0.912565488543452  0.048060650977196  0.039582320428851  0.052884912287518  0.947370070599268  0.013965393161825  0.986232704493359  0.041550222130679  0.478967609111348  0.137547326170767 
83.0    G  0.087656203165150  0.000000000000000  0.015208271471222  0.025844480263852  0.022005378545501  0.179866697501352  0.075887180274690  0.035353576963934  0.035921714001084  0.042335155546418  0.025347723611783  0.020137103601328  0.000000000000000  0.045943354262158  0.057711394420587  0.124826833262629  0.137356777197110  0.055822865772048  0.000000000000000  0.012824087637664  0.836246399914063  0.000000000000000  0.163912751776956  0.000000000000000  0.000000000000000  0.258636895379727  0.741233504901418  0.041377778449856  1.000000000000000  0.132218870452303 
84.0    S  0.034363004666080  0.027776333786455  0.015887104270187  0.144185700632503  0.020963159763785  0.026607928367155  0.028577034046872  0.000000000000000  0.042013593567270  0.040274207202657  0.028222703442244  0.039281667953807  0.289372554247531  0.015218816695988  0.101954686667376  0.120574773073017  0.012276133072931  0.012344395497865  0.000000000000000  0.000000000000000  0.925304428037852  0.000000000000000  0.074583483939483  0.000000000000000  0.000000000000000  0.154106540682976  0.846158596600290  0.042836962655616  1.000000000000000  0.147317425976460 
85.0    L  0.021079727099058  0.101461197622160  0.000000000000000  0.011800567074710  0.186597297912119  0.023260082111977  0.027261334555336  0.042541066140609  0.117848066989780  0.212126975426474  0.033889919026346  0.013820944302055  0.000000000000000  0.052738487258126  0.034915223064757  0.026534257701464  0.073812041339346  0.008015454260446  0.012301687133894  0.000000000000000  0.972654947412286  0.027261334555336  0.000000000000000  0.333324669272800  0.666649338545599  0.121666171769780  0.878430468238362  0.040978187944239  0.494142825750366  0.158878961163208 
86.0    C  0.197921466467818  0.140437487878956  0.026681803574726  0.078454499455165  0.019668080836013  0.037969899747032  0.010746420454217  0.000000000000000  0.029319412390646  0.050660319992832  0.000000000000000  0.092077980363530  0.010995065432230  0.035822255804012  0.088756709908964  0.023227859131735  0.091759414752131  0.034315400430845  0.031293351740979  0.000000000000000  0.895025070927972  0.033469713224733  0.071495685825238  0.441045682598588  0.559030925482931  0.090621677054928  0.909408251800733  0.038313589376661  0.477972658796871  0.180992271547445 
87.0    Q  0.070609200910633  0.000000000000000  0.020053529649420  0.060412881066561  0.000000000000000  0.070560275300383  0.014397877909355  0.044194173824159  0.075729541276890  0.046230859664026  0.013039207518053  0.108142086323124  0.022592692102277  0.065789447169340  0.240815473505037  0.034054753506667  0.090684512989636  0.000000000000000  0.022655419263732  0.000000000000000  0.946713631236714  0.000000000000000  0.053105312446166  0.000000000000000  0.000000000000000  0.156149515706672  0.843815796130018  0.039037378926668  1.000000000000000  0.172181255797892 
88.0    A  0.141414307855738  0.006376586298054  0.025772923394065  0.035451733904249  0.054787857582252  0.022813000166477  0.030841142058933  0.046359216682535  0.157781504014014  0.041723384477997  0.018440224114628  0.019600034445641  0.015452670568452  0.009834040418007  0.094273754792911  0.116225617826645  0.017591227908387  0.034626010870779  0.021747599872361  0.088879838161705  0.965267024871757  0.034602018265134  0.000000000000000  0.123707082051901  0.875998315067126  0.087474116599700  0.912565488543452  0.038101721689884  0.482299092292069  0.180866860733816 
89.0    I  0.024163948045479  0.000000000000000  0.000000000000000  0.000000000000000  0.012182888165802  0.037525107108913  0.000000000000000  0.199022024694695  0.140729823267095  0.119327626767465  0.033330805650993  0.100481373842894  0.013840117485974  0.024826075003003  0.025683755852964  0.120491225967580  0.000000000000000  0.084027187134539  0.021314809919990  0.043164826504496  0.944747040997206  0.013840117485974  0.041694474052430  1.000000000000000  0.000000000000000  0.191047065095646  0.808881348361739  0.034244117701490  0.500000000000000  0.196690611338391 
90.0    S  0.011825131195075  0.040751585476830  0.000000000000000  0.000000000000000  0.095193046231454  0.029016151634585  0.000000000000000  0.094143154164613  0.178500497460633  0.035847094507068  0.075154328056136  0.009712106788312  0.071992977646835  0.012824087637664  0.062760471452436  0.095656048113917  0.061426287409078  0.039445376003504  0.075050214217826  0.010657404959995  0.951977908497532  0.000000000000000  0.047861187409199  0.000000000000000  0.000000000000000  0.134250558952516  0.865736565519658  0.032195436050627  1.000000000000000  0.217185546287656 
91.0    K  0.039445376003504  0.077858588473092  0.012233660879008  0.017397212784823  0.020025748815003  0.000000000000000  0.000000000000000  0.075415244982548  0.296889916518353  0.043767385027725  0.015103220266640  0.027853452996780  0.017518219969195  0.083042863381032  0.075102253095428  0.045122787360078  0.044501568612408  0.044439919080852  0.064212589961185  0.000000000000000  0.964598184584138  0.027853452996780  0.007641120886307  0.140632310586101  0.859160754947185  0.279128240495643  0.720964435730112  0.031950891581560  0.462011286223412  0.220217343531745 
92.0    S  0.081333865965121  0.006628967982077  0.020847237026215  0.021403640311962  0.018287478773040  0.117684808067651  0.025916235806701  0.085259239679960  0.134436798807172  0.024603374267788  0.019736363466341  0.013230395505664  0.008986655416802  0.027969533466499  0.073505703143185  0.188678246065070  0.097395572457562  0.025085543397374  0.008986655416802  0.000000000000000  0.917639882311365  0.044409126349417  0.037812315288103  0.337509496280686  0.662503508522604  0.329191730514811  0.670821112441131  0.029096713119695  0.464902471306581  0.271495464080574 
93.0    K  0.046102858033839  0.033054717613076  0.022765611154656  0.024620433939042  0.011406500083238  0.069685388670481  0.000000000000000  0.000000000000000  0.229569040575231  0.030039404012149  0.000000000000000  0.074428553085311  0.094273754792911  0.083910781423766  0.092718433365070  0.068203992315933  0.044656066866909  0.016311123865964  0.028775803037658  0.029543816148461  0.917004043204671  0.051653144884638  0.031642337729703  0.575145946675303  0.424842499569325  0.038821508805764  0.961260928388761  0.028027754989438  0.450937689191125  0.301034345307854 
94.0    L  0.015920174947136  0.165052855126875  0.000000000000000  0.040582456335309  0.210953949032504  0.000000000000000  0.026923317491001  0.032667503131411  0.112812590932804  0.115502821555853  0.021314809919990  0.025577161924713  0.013239569296033  0.000000000000000  0.014367969471120  0.038740865623093  0.037240080455439  0.035255691795516  0.019505164826588  0.074325444687670  0.868140227601043  0.085673925311231  0.045975210807992  0.052337905469277  0.947370070599268  0.429282718218877  0.570777353563387  0.027892092858531  0.393381222676783  0.287772372831941 
95.0    S  0.053623158151793  0.207186226121998  0.000000000000000  0.024030325488598  0.067405026980903  0.010082519456655  0.013075410041928  0.029749309640548  0.079164640857701  0.119741902277837  0.000000000000000  0.017799740269096  0.000000000000000  0.000000000000000  0.068678388598555  0.171585553906864  0.016153605253874  0.043045313949473  0.030862526920168  0.047927583114784  0.955945317593742  0.044224817510208  0.000000000000000  0.137356777197110  0.862741344542656  0.301451956922690  0.698823485925533  0.025137761591935  0.422786143688758  0.330563651285644 
96.0    R  0.025665959398502  0.000000000000000  0.000000000000000  0.017799740269096  0.000000000000000  0.067826835742613  0.078781461973937  0.000000000000000  0.202080217201392  0.000000000000000  0.011148550825921  0.015092755139451  0.028086097706595  0.043615961378818  0.406689599066063  0.055784185717061  0.036021448337465  0.000000000000000  0.000000000000000  0.011359160291565  0.883927531063671  0.025988190574216  0.090245574720156  0.063065727115293  0.936921446872426  0.036982844429768  0.963261894020148  0.025277542136304  0.472373520498603  0.357248534935273 
97.0    R  0.017481829703683  0.000000000000000  0.052994997789572  0.000000000000000  0.048934643516034  0.048562954299003  0.099856489556144  0.011017952816284  0.027508094173848  0.037085524926767  0.026979361205450  0.034410674940561  0.035427169149326  0.079329430376238  0.252437824399171  0.085141127165031  0.024895003008924  0.038366740122346  0.017086491523197  0.062456693311903  0.975355461527642  0.013668511951653  0.011017952816284  0.303338390062173  0.696888619343735  0.364249778474503  0.635956503371787  0.027988927190339  0.483303048532487  0.287373712008669 
98.0    W  0.045943354262158  0.013917076571979  0.000000000000000  0.000000000000000  0.230046912656219  0.036727385263118  0.000000000000000  0.055398856199679  0.011079219028746  0.307146745111412  0.036524289017539  0.000000000000000  0.000000000000000  0.000000000000000  0.000000000000000  0.015040538173465  0.000000000000000  0.025225033578274  0.223136742868244  0.000000000000000  0.993092495437036  0.000000000000000  0.006891338790603  0.500000000000000  0.500000000000000  0.259534817635764  0.740206649000025  0.022955759894974  0.500000000000000  0.345318612035964 
99.0    R  0.000000000000000  0.000000000000000  0.083273426568251  0.007747786958893  0.000000000000000  0.012673861805891  0.008519591661447  0.000000000000000  0.147931377719071  0.030798416779355  0.000000000000000  0.016142412307565  0.000000000000000  0.033146491917757  0.554400321801535  0.010813669656652  0.022405550750247  0.000000000000000  0.071992977646835  0.000000000000000  1.000000000000000  0.000000000000000  0.000000000000000  0.000000000000000  0.000000000000000  0.473028823362798  0.527045711645369  0.022971677131079  1.000000000000000  0.374490233606046 
100.0    R  0.042511589137686  0.004733096329806  0.000000000000000  0.044470733163581  0.042335155546418  0.000000000000000  0.029728696135369  0.000000000000000  0.159430548959818  0.010068551800664  0.000000000000000  0.010287241578588  0.061128967090459  0.035060733766578  0.550189304683069  0.000000000000000  0.009813612352684  0.000000000000000  0.000000000000000  0.000000000000000  1.000000000000000  0.000000000000000  0.000000000000000  0.000000000000000  0.000000000000000  0.553632292242143  0.446273485736488  0.022158438057492  1.000000000000000  0.434070113800521 
101.0    W  0.157453747493425  0.000000000000000  0.000000000000000  0.041781265481410  0.092975860152157  0.000000000000000  0.000000000000000  0.058801631719612  0.074171049853533  0.078345813777543  0.019518689463334  0.000000000000000  0.000000000000000  0.000000000000000  0.036397924577139  0.021990130864459  0.041492661199451  0.048900736358532  0.328052813647990  0.000000000000000  0.925304428037852  0.023083407243478  0.051474438579223  0.333324669272800  0.666649338545599  0.000000000000000  1.000000000000000  0.021123606766064  0.479964630519454  0.476649272644080 
102.0    N  0.000000000000000  0.000000000000000  0.000000000000000  0.182251172352072  0.000000000000000  0.000000000000000  0.080884103405178  0.012404436420807  0.056759276107594  0.000000000000000  0.000000000000000  0.548665968789621  0.000000000000000  0.000000000000000  0.056641371141708  0.000000000000000  0.062197482613755  0.000000000000000  0.000000000000000  0.000000000000000  1.000000000000000  0.000000000000000  0.000000000000000  0.500000000000000  0.500000000000000  0.239483804555674  0.760489376620505  0.021853376292788  0.500000000000000  0.410086455598363 
103.0    R  0.000000000000000  0.000000000000000  0.000000000000000  0.000000000000000  0.000000000000000  0.016980232226970  0.065425642623411  0.011002689272751  0.200823499189258  0.000000000000000  0.000000000000000  0.027223568504446  0.021552514403548  0.012647534633553  0.572758948989878  0.000000000000000  0.000000000000000  0.071743900865938  0.000000000000000  0.000000000000000  0.990342871933025  0.009631658792686  0.000000000000000  1.000000000000000  0.000000000000000  0.000000000000000  1.000000000000000  0.021182255106250  0.496546247718518  0.432568345292494 
104.0    F  0.007289320246381  0.015314053364717  0.000000000000000  0.000000000000000  0.148960321821756  0.016401823181610  0.000000000000000  0.024860515117341  0.018453010334836  0.113597264556065  0.047398985792951  0.000000000000000  0.000000000000000  0.091252000665908  0.421907898065009  0.000000000000000  0.017985773301996  0.062716984281844  0.013926726498390  0.000000000000000  0.952637998043937  0.000000000000000  0.047431851655439  0.000000000000000  0.000000000000000  0.101390894447130  0.898755126611030  0.021167577773209  1.000000000000000  0.418123199957031 
105.0    N  0.008955563951003  0.115823507736296  0.000000000000000  0.000000000000000  0.193982713568714  0.000000000000000  0.000000000000000  0.049859077488065  0.000000000000000  0.312515575646302  0.173619391970639  0.037473122305972  0.000000000000000  0.000000000000000  0.019209982300853  0.014318260073052  0.046391361582158  0.000000000000000  0.027872766231878  0.000000000000000  1.000000000000000  0.000000000000000  0.000000000000000  0.000000000000000  0.000000000000000  0.888226795842405  0.112033337446176  0.022421086478230  1.000000000000000  0.377879982079057 
106.0    R  0.000000000000000  0.000000000000000  0.000000000000000  0.000000000000000  0.000000000000000  0.000000000000000  0.000000000000000  0.000000000000000  0.000000000000000  0.060833085884890  0.000000000000000  0.000000000000000  0.000000000000000  0.017849160107009  0.921464186198704  0.000000000000000  0.000000000000000  0.000000000000000  0.000000000000000  0.000000000000000  1.000000000000000  0.000000000000000  0.000000000000000  0.000000000000000  0.000000000000000  1.000000000000000  0.000000000000000  0.020489093972119  1.000000000000000  0.496546247718518 
107.0    R  0.057193698007996  0.000000000000000  0.000000000000000  0.022624033943431  0.129497845445002  0.000000000000000  0.000000000000000  0.045975210807992  0.053921334033916  0.040079268836320  0.012647534633553  0.000000000000000  0.000000000000000  0.000000000000000  0.463936738235641  0.084846561242500  0.023683071351725  0.010911551034902  0.025506345192216  0.029197729590099  1.000000000000000  0.000000000000000  0.000000000000000  0.000000000000000  0.000000000000000  0.000000000000000  0.000000000000000  0.020517517584752  1.000000000000000  1.000000000000000 
108.0    R  0.161768206810357  0.000000000000000  0.000000000000000  0.017799740269096  0.014072280935124  0.022592692102277  0.000000000000000  0.015082297263621  0.242995246995338  0.011686607487206  0.000000000000000  0.056680645558321  0.000000000000000  0.078890752007007  0.112188756333408  0.125956720051313  0.000000000000000  0.045373696246997  0.065244495463857  0.029708096913432  1.000000000000000  0.000000000000000  0.000000000000000  0.000000000000000  0.000000000000000  0.000000000000000  0.000000000000000  0.020517517584752  1.000000000000000  1.000000000000000 
109.0    C  0.022624033943431  0.484309094613314  0.000000000000000  0.000000000000000  0.015082297263621  0.000000000000000  0.000000000000000  0.260075066630496  0.000000000000000  0.101110168545217  0.000000000000000  0.000000000000000  0.000000000000000  0.000000000000000  0.000000000000000  0.009322935492435  0.005875795903862  0.101742898133804  0.000000000000000  0.000000000000000  0.991029563264079  0.009112104451472  0.000000000000000  1.000000000000000  0.000000000000000  0.000000000000000  0.000000000000000  0.020517517584752  0.496546247718518  1.000000000000000 
110.0    R  0.022624033943431  0.000000000000000  0.000000000000000  0.000000000000000  0.000000000000000  0.057911753868148  0.036322315859941  0.045342256494818  0.000000000000000  0.012647534633553  0.000000000000000  0.000000000000000  0.000000000000000  0.007651721074898  0.804408370941916  0.000000000000000  0.000000000000000  0.013313188985545  0.000000000000000  0.000000000000000  1.000000000000000  0.000000000000000  0.000000000000000  0.000000000000000  0.000000000000000  0.000000000000000  0.000000000000000  0.020517517584752  1.000000000000000  1.000000000000000 
111.0    A  0.143587294374629  0.000000000000000  0.050032175666019  0.020347565462016  0.016527358806538  0.052301640167712  0.170873431492726  0.044656066866909  0.151984910397887  0.054371709544291  0.000000000000000  0.000000000000000  0.000000000000000  0.006815333638834  0.189070999660495  0.000000000000000  0.031055659166330  0.062543336716411  0.000000000000000  0.005875795903862  1.000000000000000  0.000000000000000  0.000000000000000  0.000000000000000  0.000000000000000  0.000000000000000  0.000000000000000  0.020517517584752  1.000000000000000  1.000000000000000 
112.0    A  0.297714212341242  0.000000000000000  0.000000000000000  0.000000000000000  0.036651092163496  0.009813612352684  0.000000000000000  0.059746582349609  0.000000000000000  0.162442382806930  0.101531549544529  0.000000000000000  0.000000000000000  0.000000000000000  0.000000000000000  0.000000000000000  0.113439894414645  0.149788627667427  0.026718818059124  0.042071877164899  1.000000000000000  0.000000000000000  0.000000000000000  0.000000000000000  0.000000000000000  0.000000000000000  0.000000000000000  0.020517517584752  1.000000000000000  1.000000000000000 
113.0    V  0.000000000000000  0.000000000000000  0.000000000000000  0.000000000000000  0.000000000000000  0.000000000000000  0.000000000000000  0.068251284109103  0.000000000000000  0.000000000000000  0.022005378545501  0.000000000000000  0.000000000000000  0.000000000000000  0.000000000000000  0.000000000000000  0.013313188985545  0.896266699569405  0.000000000000000  0.000000000000000  1.000000000000000  0.000000000000000  0.000000000000000  0.000000000000000  0.000000000000000  0.000000000000000  0.000000000000000  0.020517517584752  1.000000000000000  1.000000000000000 
114.0    K  0.000000000000000  0.000000000000000  0.000000000000000  0.000000000000000  0.000000000000000  0.000000000000000  0.000000000000000  0.000000000000000  0.955945317593742  0.000000000000000  0.000000000000000  0.023340835267380  0.000000000000000  0.000000000000000  0.020531744174209  0.000000000000000  0.000000000000000  0.000000000000000  0.000000000000000  0.000000000000000  1.000000000000000  0.000000000000000  0.000000000000000  0.000000000000000  0.000000000000000  0.000000000000000  0.000000000000000  0.020517517584752  1.000000000000000  1.000000000000000 
115.0    S  0.018932385319223  0.000000000000000  0.000000000000000  0.000000000000000  0.000000000000000  0.000000000000000  0.000000000000000  0.000000000000000  0.000000000000000  0.000000000000000  0.000000000000000  0.000000000000000  0.000000000000000  0.017433426911328  0.000000000000000  0.722966147272874  0.240648610775438  0.000000000000000  0.000000000000000  0.000000000000000  1.000000000000000  0.000000000000000  0.000000000000000  0.000000000000000  0.000000000000000  0.000000000000000  0.000000000000000  0.020517517584752  1.000000000000000  1.000000000000000 
116.0    V  0.000000000000000  0.000000000000000  0.000000000000000  0.000000000000000  0.000000000000000  0.000000000000000  0.033400187225344  0.000000000000000  0.150100428435651  0.000000000000000  0.000000000000000  0.070854338298651  0.000000000000000  0.385018587118036  0.181620631196421  0.016086563803656  0.058314561971050  0.104748391833494  0.000000000000000  0.000000000000000  1.000000000000000  0.000000000000000  0.000000000000000  1.000000000000000  0.000000000000000  0.000000000000000  0.000000000000000  0.025435724533451  1.000000000000000  1.000000000000000 
