No:  residues  hmm_col_1  hmm_col_2  hmm_col_3  hmm_col_4  hmm_col_5  hmm_col_6  hmm_col_7  hmm_col_8  hmm_col_9  hmm_col_10  hmm_col_11  hmm_col_12  hmm_col_13  hmm_col_14  hmm_col_15  hmm_col_16  hmm_col_17  hmm_col_18  hmm_col_19  hmm_col_20  hmm_col_21   hmm_col_22   hmm_col_23   hmm_col_24   hmm_col_25   hmm_col_26   hmm_col_27   hmm_col_28   hmm_col_29   hmm_col_30   
1.0    M  0.000000000000000  0.000000000000000  0.000000000000000  0.000000000000000  0.000000000000000  0.000000000000000  0.000000000000000  0.000000000000000  0.000000000000000  0.000000000000000  1.000000000000000  0.000000000000000  0.000000000000000  0.000000000000000  0.000000000000000  0.000000000000000  0.000000000000000  0.000000000000000  0.000000000000000  0.000000000000000  1.000000000000000  0.000000000000000  0.000000000000000  0.000000000000000  0.000000000000000  0.000000000000000  0.000000000000000  0.500000000000000  1.000000000000000  1.000000000000000 
2.0    G  0.000000000000000  0.000000000000000  0.000000000000000  0.000000000000000  0.000000000000000  1.000000000000000  0.000000000000000  0.000000000000000  0.000000000000000  0.000000000000000  0.000000000000000  0.000000000000000  0.000000000000000  0.000000000000000  0.000000000000000  0.000000000000000  0.000000000000000  0.000000000000000  0.000000000000000  0.000000000000000  1.000000000000000  0.000000000000000  0.000000000000000  0.000000000000000  0.000000000000000  0.000000000000000  0.000000000000000  0.500000000000000  1.000000000000000  1.000000000000000 
3.0    N  0.000000000000000  0.000000000000000  0.000000000000000  0.000000000000000  0.000000000000000  0.000000000000000  0.000000000000000  0.000000000000000  0.000000000000000  0.000000000000000  0.000000000000000  1.000000000000000  0.000000000000000  0.000000000000000  0.000000000000000  0.000000000000000  0.000000000000000  0.000000000000000  0.000000000000000  0.000000000000000  1.000000000000000  0.000000000000000  0.000000000000000  0.000000000000000  0.000000000000000  0.000000000000000  0.000000000000000  0.500000000000000  1.000000000000000  1.000000000000000 
4.0    F  0.000000000000000  0.000000000000000  0.000000000000000  0.000000000000000  1.000000000000000  0.000000000000000  0.000000000000000  0.000000000000000  0.000000000000000  0.000000000000000  0.000000000000000  0.000000000000000  0.000000000000000  0.000000000000000  0.000000000000000  0.000000000000000  0.000000000000000  0.000000000000000  0.000000000000000  0.000000000000000  1.000000000000000  0.000000000000000  0.000000000000000  0.000000000000000  0.000000000000000  0.000000000000000  0.000000000000000  0.500000000000000  1.000000000000000  1.000000000000000 
5.0    I  0.000000000000000  0.000000000000000  0.000000000000000  0.000000000000000  0.000000000000000  0.000000000000000  0.000000000000000  0.510506062853597  0.000000000000000  0.000000000000000  0.000000000000000  0.000000000000000  0.000000000000000  0.000000000000000  0.000000000000000  0.000000000000000  0.000000000000000  0.489370825198718  0.000000000000000  0.000000000000000  1.000000000000000  0.000000000000000  0.000000000000000  0.000000000000000  0.000000000000000  0.000000000000000  0.000000000000000  0.321078952247356  1.000000000000000  1.000000000000000 
6.0    I  0.000000000000000  0.000000000000000  0.000000000000000  0.000000000000000  0.000000000000000  0.000000000000000  0.000000000000000  1.000000000000000  0.000000000000000  0.000000000000000  0.000000000000000  0.000000000000000  0.000000000000000  0.000000000000000  0.000000000000000  0.000000000000000  0.000000000000000  0.000000000000000  0.000000000000000  0.000000000000000  1.000000000000000  0.000000000000000  0.000000000000000  0.000000000000000  0.000000000000000  0.000000000000000  0.000000000000000  0.321078952247356  1.000000000000000  1.000000000000000 
7.0    T  0.000000000000000  0.000000000000000  0.000000000000000  0.000000000000000  0.000000000000000  0.000000000000000  0.000000000000000  0.000000000000000  0.000000000000000  0.000000000000000  0.000000000000000  0.000000000000000  0.000000000000000  0.000000000000000  0.489370825198718  0.000000000000000  0.510506062853597  0.000000000000000  0.000000000000000  0.000000000000000  1.000000000000000  0.000000000000000  0.000000000000000  0.000000000000000  0.000000000000000  0.000000000000000  0.000000000000000  0.321078952247356  1.000000000000000  1.000000000000000 
8.0    E  0.000000000000000  0.000000000000000  0.000000000000000  0.510506062853597  0.000000000000000  0.000000000000000  0.000000000000000  0.000000000000000  0.000000000000000  0.000000000000000  0.000000000000000  0.000000000000000  0.000000000000000  0.489370825198718  0.000000000000000  0.000000000000000  0.000000000000000  0.000000000000000  0.000000000000000  0.000000000000000  1.000000000000000  0.000000000000000  0.000000000000000  0.000000000000000  0.000000000000000  0.000000000000000  0.000000000000000  0.321078952247356  1.000000000000000  1.000000000000000 
9.0    R  0.000000000000000  0.000000000000000  0.000000000000000  0.000000000000000  0.000000000000000  0.000000000000000  0.000000000000000  0.000000000000000  0.000000000000000  0.000000000000000  0.000000000000000  0.000000000000000  0.000000000000000  0.000000000000000  1.000000000000000  0.000000000000000  0.000000000000000  0.000000000000000  0.000000000000000  0.000000000000000  1.000000000000000  0.000000000000000  0.000000000000000  0.000000000000000  0.000000000000000  0.000000000000000  0.000000000000000  0.321078952247356  1.000000000000000  1.000000000000000 
10.0    K  0.000000000000000  0.000000000000000  0.000000000000000  0.000000000000000  0.000000000000000  0.000000000000000  0.000000000000000  0.000000000000000  0.510506062853597  0.489370825198718  0.000000000000000  0.000000000000000  0.000000000000000  0.000000000000000  0.000000000000000  0.000000000000000  0.000000000000000  0.000000000000000  0.000000000000000  0.000000000000000  1.000000000000000  0.000000000000000  0.000000000000000  0.000000000000000  0.000000000000000  0.000000000000000  0.000000000000000  0.321078952247356  1.000000000000000  1.000000000000000 
11.0    K  0.000000000000000  0.000000000000000  0.000000000000000  0.000000000000000  0.000000000000000  0.000000000000000  0.000000000000000  0.489370825198718  0.510506062853597  0.000000000000000  0.000000000000000  0.000000000000000  0.000000000000000  0.000000000000000  0.000000000000000  0.000000000000000  0.000000000000000  0.000000000000000  0.000000000000000  0.000000000000000  1.000000000000000  0.000000000000000  0.000000000000000  0.000000000000000  0.000000000000000  0.000000000000000  0.000000000000000  0.321078952247356  1.000000000000000  1.000000000000000 
12.0    A  1.000000000000000  0.000000000000000  0.000000000000000  0.000000000000000  0.000000000000000  0.000000000000000  0.000000000000000  0.000000000000000  0.000000000000000  0.000000000000000  0.000000000000000  0.000000000000000  0.000000000000000  0.000000000000000  0.000000000000000  0.000000000000000  0.000000000000000  0.000000000000000  0.000000000000000  0.000000000000000  1.000000000000000  0.000000000000000  0.000000000000000  0.000000000000000  0.000000000000000  0.000000000000000  0.000000000000000  0.321078952247356  1.000000000000000  1.000000000000000 
13.0    K  0.000000000000000  0.000000000000000  0.000000000000000  0.000000000000000  0.000000000000000  0.000000000000000  0.000000000000000  0.000000000000000  0.510506062853597  0.000000000000000  0.000000000000000  0.489370825198718  0.000000000000000  0.000000000000000  0.000000000000000  0.000000000000000  0.000000000000000  0.000000000000000  0.000000000000000  0.000000000000000  1.000000000000000  0.000000000000000  0.000000000000000  0.000000000000000  0.000000000000000  0.000000000000000  0.000000000000000  0.321078952247356  1.000000000000000  1.000000000000000 
14.0    E  0.000000000000000  0.000000000000000  0.000000000000000  0.510506062853597  0.000000000000000  0.000000000000000  0.000000000000000  0.000000000000000  0.000000000000000  0.000000000000000  0.000000000000000  0.000000000000000  0.000000000000000  0.489370825198718  0.000000000000000  0.000000000000000  0.000000000000000  0.000000000000000  0.000000000000000  0.000000000000000  1.000000000000000  0.000000000000000  0.000000000000000  0.000000000000000  0.000000000000000  0.000000000000000  0.000000000000000  0.321078952247356  1.000000000000000  1.000000000000000 
15.0    E  0.000000000000000  0.000000000000000  0.000000000000000  0.510506062853597  0.000000000000000  0.000000000000000  0.000000000000000  0.000000000000000  0.000000000000000  0.000000000000000  0.000000000000000  0.000000000000000  0.000000000000000  0.489370825198718  0.000000000000000  0.000000000000000  0.000000000000000  0.000000000000000  0.000000000000000  0.000000000000000  1.000000000000000  0.000000000000000  0.000000000000000  0.000000000000000  0.000000000000000  0.000000000000000  0.000000000000000  0.321078952247356  1.000000000000000  1.000000000000000 
16.0    R  0.000000000000000  0.000000000000000  0.000000000000000  0.000000000000000  0.000000000000000  0.000000000000000  0.000000000000000  0.000000000000000  0.000000000000000  0.000000000000000  0.000000000000000  0.000000000000000  0.000000000000000  0.489370825198718  0.510506062853597  0.000000000000000  0.000000000000000  0.000000000000000  0.000000000000000  0.000000000000000  1.000000000000000  0.000000000000000  0.000000000000000  0.000000000000000  0.000000000000000  0.000000000000000  0.000000000000000  0.321078952247356  1.000000000000000  1.000000000000000 
17.0    S  0.000000000000000  0.000000000000000  0.000000000000000  0.000000000000000  0.000000000000000  0.000000000000000  0.000000000000000  0.000000000000000  0.000000000000000  0.000000000000000  0.000000000000000  0.000000000000000  0.000000000000000  0.489370825198718  0.000000000000000  0.510506062853597  0.000000000000000  0.000000000000000  0.000000000000000  0.000000000000000  1.000000000000000  0.000000000000000  0.000000000000000  0.000000000000000  0.000000000000000  0.000000000000000  0.000000000000000  0.321078952247356  1.000000000000000  1.000000000000000 
18.0    N  0.000000000000000  0.000000000000000  0.000000000000000  0.489370825198718  0.000000000000000  0.000000000000000  0.000000000000000  0.000000000000000  0.000000000000000  0.000000000000000  0.000000000000000  0.510506062853597  0.000000000000000  0.000000000000000  0.000000000000000  0.000000000000000  0.000000000000000  0.000000000000000  0.000000000000000  0.000000000000000  1.000000000000000  0.000000000000000  0.000000000000000  0.000000000000000  0.000000000000000  0.000000000000000  0.000000000000000  0.321078952247356  1.000000000000000  1.000000000000000 
19.0    P  0.000000000000000  0.000000000000000  0.000000000000000  0.000000000000000  0.000000000000000  0.000000000000000  0.000000000000000  0.000000000000000  0.000000000000000  0.000000000000000  0.000000000000000  0.000000000000000  0.709561678100191  0.000000000000000  0.000000000000000  0.000000000000000  0.000000000000000  0.290377182981431  0.000000000000000  0.000000000000000  1.000000000000000  0.000000000000000  0.000000000000000  0.000000000000000  0.000000000000000  0.000000000000000  0.000000000000000  0.252088113723649  1.000000000000000  1.000000000000000 
20.0    Q  0.000000000000000  0.000000000000000  0.000000000000000  0.000000000000000  0.000000000000000  0.000000000000000  0.000000000000000  0.000000000000000  0.000000000000000  0.000000000000000  0.000000000000000  0.000000000000000  0.000000000000000  0.640379930664885  0.000000000000000  0.000000000000000  0.000000000000000  0.000000000000000  0.000000000000000  0.359733395002705  1.000000000000000  0.000000000000000  0.000000000000000  0.000000000000000  0.000000000000000  0.000000000000000  0.000000000000000  0.252088113723649  1.000000000000000  1.000000000000000 
21.0    T  0.000000000000000  0.000000000000000  0.000000000000000  0.000000000000000  0.000000000000000  0.000000000000000  0.000000000000000  0.000000000000000  0.000000000000000  0.000000000000000  0.000000000000000  0.000000000000000  0.000000000000000  0.000000000000000  0.000000000000000  0.000000000000000  1.000000000000000  0.000000000000000  0.000000000000000  0.000000000000000  1.000000000000000  0.000000000000000  0.000000000000000  0.000000000000000  0.000000000000000  0.000000000000000  0.000000000000000  0.252088113723649  1.000000000000000  1.000000000000000 
22.0    D  0.000000000000000  0.000000000000000  0.709561678100191  0.290377182981431  0.000000000000000  0.000000000000000  0.000000000000000  0.000000000000000  0.000000000000000  0.000000000000000  0.000000000000000  0.000000000000000  0.000000000000000  0.000000000000000  0.000000000000000  0.000000000000000  0.000000000000000  0.000000000000000  0.000000000000000  0.000000000000000  1.000000000000000  0.000000000000000  0.000000000000000  0.000000000000000  0.000000000000000  0.000000000000000  0.000000000000000  0.252088113723649  1.000000000000000  1.000000000000000 
23.0    S  0.000000000000000  0.000000000000000  0.184411432135355  0.188678246065070  0.000000000000000  0.000000000000000  0.000000000000000  0.225000482448378  0.000000000000000  0.000000000000000  0.000000000000000  0.000000000000000  0.000000000000000  0.000000000000000  0.000000000000000  0.401925495371576  0.000000000000000  0.000000000000000  0.000000000000000  0.000000000000000  1.000000000000000  0.000000000000000  0.000000000000000  0.000000000000000  0.000000000000000  0.000000000000000  0.000000000000000  0.171585553906864  1.000000000000000  1.000000000000000 
24.0    M  0.000000000000000  0.000000000000000  0.000000000000000  0.000000000000000  0.000000000000000  0.000000000000000  0.000000000000000  0.000000000000000  0.000000000000000  0.331251754261302  0.515484159397394  0.000000000000000  0.000000000000000  0.000000000000000  0.000000000000000  0.000000000000000  0.000000000000000  0.153148166488085  0.000000000000000  0.000000000000000  1.000000000000000  0.000000000000000  0.000000000000000  0.000000000000000  0.000000000000000  0.000000000000000  0.000000000000000  0.121666171769780  1.000000000000000  1.000000000000000 
25.0    D  0.000000000000000  0.000000000000000  0.590087171668101  0.101601950248040  0.000000000000000  0.000000000000000  0.095523532547823  0.000000000000000  0.000000000000000  0.000000000000000  0.000000000000000  0.000000000000000  0.107246316303586  0.000000000000000  0.000000000000000  0.105403888781264  0.000000000000000  0.000000000000000  0.000000000000000  0.000000000000000  0.892546971472977  0.000000000000000  0.107246316303586  0.000000000000000  0.000000000000000  0.000000000000000  0.000000000000000  0.121666171769780  1.000000000000000  1.000000000000000 
26.0    D  0.000000000000000  0.000000000000000  0.243163736853071  0.000000000000000  0.000000000000000  0.118997238562191  0.000000000000000  0.000000000000000  0.000000000000000  0.000000000000000  0.000000000000000  0.000000000000000  0.000000000000000  0.284401306968126  0.000000000000000  0.353553390593274  0.000000000000000  0.000000000000000  0.000000000000000  0.000000000000000  0.696405740334518  0.000000000000000  0.303759197976254  0.000000000000000  0.000000000000000  0.000000000000000  1.000000000000000  0.133323222603971  1.000000000000000  0.469435873657726 
27.0    L  0.155825149284387  0.000000000000000  0.000000000000000  0.000000000000000  0.000000000000000  0.000000000000000  0.000000000000000  0.156800275565124  0.000000000000000  0.687294347786015  0.000000000000000  0.000000000000000  0.000000000000000  0.000000000000000  0.000000000000000  0.000000000000000  0.000000000000000  0.000000000000000  0.000000000000000  0.000000000000000  1.000000000000000  0.000000000000000  0.000000000000000  0.000000000000000  0.000000000000000  0.459138081150462  0.540737381741809  0.196418129166895  1.000000000000000  0.339386244970002 
28.0    L  0.000000000000000  0.000000000000000  0.000000000000000  0.000000000000000  0.113676031475092  0.000000000000000  0.000000000000000  0.000000000000000  0.000000000000000  0.614293490222825  0.000000000000000  0.000000000000000  0.000000000000000  0.000000000000000  0.000000000000000  0.000000000000000  0.154106540682976  0.000000000000000  0.000000000000000  0.118011552393781  1.000000000000000  0.000000000000000  0.000000000000000  0.000000000000000  0.000000000000000  1.000000000000000  0.000000000000000  0.149996422796652  1.000000000000000  0.408951029278891 
29.0    I  0.000000000000000  0.000000000000000  0.000000000000000  0.000000000000000  0.000000000000000  0.000000000000000  0.000000000000000  0.217486838177163  0.000000000000000  0.404721108273704  0.000000000000000  0.000000000000000  0.000000000000000  0.128514228332008  0.000000000000000  0.000000000000000  0.000000000000000  0.096187951260054  0.000000000000000  0.153148166488085  1.000000000000000  0.000000000000000  0.000000000000000  0.000000000000000  0.000000000000000  0.000000000000000  0.000000000000000  0.121666171769780  1.000000000000000  1.000000000000000 
30.0    R  0.000000000000000  0.000000000000000  0.202781788894261  0.297920643643512  0.000000000000000  0.101601950248040  0.000000000000000  0.000000000000000  0.000000000000000  0.000000000000000  0.000000000000000  0.000000000000000  0.000000000000000  0.000000000000000  0.397492625474487  0.000000000000000  0.000000000000000  0.000000000000000  0.000000000000000  0.000000000000000  1.000000000000000  0.000000000000000  0.000000000000000  0.000000000000000  0.000000000000000  0.000000000000000  0.000000000000000  0.121666171769780  1.000000000000000  1.000000000000000 
31.0    R  0.000000000000000  0.000000000000000  0.000000000000000  0.000000000000000  0.000000000000000  0.000000000000000  0.000000000000000  0.000000000000000  0.260435857252055  0.000000000000000  0.000000000000000  0.000000000000000  0.000000000000000  0.000000000000000  0.739693754624419  0.000000000000000  0.000000000000000  0.000000000000000  0.000000000000000  0.000000000000000  1.000000000000000  0.000000000000000  0.000000000000000  0.000000000000000  0.000000000000000  0.000000000000000  0.000000000000000  0.121666171769780  1.000000000000000  1.000000000000000 
32.0    L  0.000000000000000  0.000000000000000  0.000000000000000  0.000000000000000  0.000000000000000  0.000000000000000  0.000000000000000  0.000000000000000  0.000000000000000  1.000000000000000  0.000000000000000  0.000000000000000  0.000000000000000  0.000000000000000  0.000000000000000  0.000000000000000  0.000000000000000  0.000000000000000  0.000000000000000  0.000000000000000  1.000000000000000  0.000000000000000  0.000000000000000  0.000000000000000  0.000000000000000  0.000000000000000  0.000000000000000  0.115342811581725  1.000000000000000  1.000000000000000 
33.0    T  0.311218558845543  0.000000000000000  0.000000000000000  0.000000000000000  0.000000000000000  0.000000000000000  0.000000000000000  0.092782723164316  0.097328086382708  0.088572337281764  0.000000000000000  0.000000000000000  0.000000000000000  0.096187951260054  0.206326352128164  0.000000000000000  0.107618648542363  0.000000000000000  0.000000000000000  0.000000000000000  1.000000000000000  0.000000000000000  0.000000000000000  0.000000000000000  0.000000000000000  0.000000000000000  0.000000000000000  0.115342811581725  1.000000000000000  1.000000000000000 
34.0    D  0.000000000000000  0.000000000000000  0.107618648542363  0.271872097713721  0.000000000000000  0.000000000000000  0.000000000000000  0.000000000000000  0.141316320890574  0.000000000000000  0.000000000000000  0.000000000000000  0.000000000000000  0.381829374490175  0.000000000000000  0.000000000000000  0.000000000000000  0.097328086382708  0.000000000000000  0.000000000000000  1.000000000000000  0.000000000000000  0.000000000000000  0.000000000000000  0.000000000000000  0.000000000000000  0.000000000000000  0.115342811581725  1.000000000000000  1.000000000000000 
35.0    R  0.118011552393781  0.000000000000000  0.000000000000000  0.000000000000000  0.000000000000000  0.000000000000000  0.000000000000000  0.000000000000000  0.000000000000000  0.000000000000000  0.000000000000000  0.000000000000000  0.000000000000000  0.000000000000000  0.740719899010160  0.000000000000000  0.141316320890574  0.000000000000000  0.000000000000000  0.000000000000000  1.000000000000000  0.000000000000000  0.000000000000000  0.000000000000000  0.000000000000000  0.000000000000000  0.000000000000000  0.115342811581725  1.000000000000000  1.000000000000000 
36.0    N  0.000000000000000  0.000000000000000  0.633317126861609  0.000000000000000  0.000000000000000  0.000000000000000  0.000000000000000  0.000000000000000  0.000000000000000  0.000000000000000  0.000000000000000  0.107618648542363  0.000000000000000  0.118011552393781  0.000000000000000  0.000000000000000  0.141316320890574  0.000000000000000  0.000000000000000  0.000000000000000  0.858565436437754  0.141316320890574  0.000000000000000  1.000000000000000  0.000000000000000  0.000000000000000  0.000000000000000  0.115342811581725  0.408951029278891  1.000000000000000 
37.0    D  0.000000000000000  0.000000000000000  0.225625181865607  0.228299562502998  0.000000000000000  0.000000000000000  0.000000000000000  0.092782723164316  0.000000000000000  0.097328086382708  0.000000000000000  0.000000000000000  0.000000000000000  0.000000000000000  0.176899270040832  0.096187951260054  0.082927821287323  0.000000000000000  0.000000000000000  0.000000000000000  1.000000000000000  0.000000000000000  0.000000000000000  0.000000000000000  0.000000000000000  0.000000000000000  0.000000000000000  0.115342811581725  1.000000000000000  1.000000000000000 
38.0    K  0.000000000000000  0.000000000000000  0.000000000000000  0.000000000000000  0.000000000000000  0.000000000000000  0.000000000000000  0.273194434775238  0.225625181865607  0.224222039915504  0.000000000000000  0.000000000000000  0.000000000000000  0.000000000000000  0.092782723164316  0.000000000000000  0.000000000000000  0.184283652161388  0.000000000000000  0.000000000000000  1.000000000000000  0.000000000000000  0.000000000000000  0.000000000000000  0.000000000000000  0.000000000000000  0.000000000000000  0.115342811581725  1.000000000000000  1.000000000000000 
39.0    E  0.000000000000000  0.000000000000000  0.097328086382708  0.643494623650635  0.000000000000000  0.000000000000000  0.000000000000000  0.000000000000000  0.259354984141403  0.000000000000000  0.000000000000000  0.000000000000000  0.000000000000000  0.000000000000000  0.000000000000000  0.000000000000000  0.000000000000000  0.000000000000000  0.000000000000000  0.000000000000000  0.882091365197176  0.000000000000000  0.118011552393781  0.000000000000000  0.000000000000000  0.000000000000000  0.000000000000000  0.115342811581725  1.000000000000000  1.000000000000000 
40.0    A  0.125520942904872  0.000000000000000  0.000000000000000  0.000000000000000  0.000000000000000  0.194926210652831  0.000000000000000  0.000000000000000  0.313817997820661  0.000000000000000  0.000000000000000  0.000000000000000  0.000000000000000  0.000000000000000  0.000000000000000  0.202080217201392  0.000000000000000  0.163685677885446  0.000000000000000  0.000000000000000  1.000000000000000  0.000000000000000  0.000000000000000  0.000000000000000  0.000000000000000  0.000000000000000  1.000000000000000  0.131396613635963  1.000000000000000  0.461691155364697 
41.0    H  0.000000000000000  0.000000000000000  0.000000000000000  0.000000000000000  0.000000000000000  0.000000000000000  0.125520942904872  0.000000000000000  0.000000000000000  0.000000000000000  0.000000000000000  0.303338390062173  0.000000000000000  0.000000000000000  0.571173123424273  0.000000000000000  0.000000000000000  0.000000000000000  0.000000000000000  0.000000000000000  1.000000000000000  0.000000000000000  0.000000000000000  0.000000000000000  0.000000000000000  0.000000000000000  1.000000000000000  0.131396613635963  1.000000000000000  0.461691155364697 
42.0    L  0.000000000000000  0.000000000000000  0.000000000000000  0.000000000000000  0.609205131837596  0.000000000000000  0.000000000000000  0.000000000000000  0.000000000000000  0.125520942904872  0.000000000000000  0.163685677885446  0.000000000000000  0.000000000000000  0.000000000000000  0.000000000000000  0.000000000000000  0.000000000000000  0.000000000000000  0.101672399766516  1.000000000000000  0.000000000000000  0.000000000000000  0.000000000000000  0.000000000000000  1.000000000000000  0.000000000000000  0.131396613635963  1.000000000000000  0.461691155364697 
43.0    N  0.000000000000000  0.258278596921033  0.000000000000000  0.000000000000000  0.000000000000000  0.000000000000000  0.000000000000000  0.000000000000000  0.141316320890574  0.000000000000000  0.000000000000000  0.225625181865607  0.000000000000000  0.181369025979272  0.000000000000000  0.193579756963305  0.000000000000000  0.000000000000000  0.000000000000000  0.000000000000000  1.000000000000000  0.000000000000000  0.000000000000000  0.000000000000000  0.000000000000000  0.000000000000000  0.000000000000000  0.115342811581725  1.000000000000000  1.000000000000000 
44.0    E  0.141316320890574  0.000000000000000  0.000000000000000  0.673150034638391  0.000000000000000  0.000000000000000  0.097328086382708  0.000000000000000  0.000000000000000  0.000000000000000  0.000000000000000  0.000000000000000  0.000000000000000  0.000000000000000  0.000000000000000  0.000000000000000  0.000000000000000  0.000000000000000  0.000000000000000  0.088388347648318  1.000000000000000  0.000000000000000  0.000000000000000  0.000000000000000  0.000000000000000  0.000000000000000  0.000000000000000  0.115342811581725  1.000000000000000  1.000000000000000 
45.0    L  0.000000000000000  0.000000000000000  0.000000000000000  0.000000000000000  0.000000000000000  0.000000000000000  0.000000000000000  0.000000000000000  0.000000000000000  1.000000000000000  0.000000000000000  0.000000000000000  0.000000000000000  0.000000000000000  0.000000000000000  0.000000000000000  0.000000000000000  0.000000000000000  0.000000000000000  0.000000000000000  1.000000000000000  0.000000000000000  0.000000000000000  0.000000000000000  0.000000000000000  0.000000000000000  0.000000000000000  0.115342811581725  1.000000000000000  1.000000000000000 
46.0    F  0.000000000000000  0.000000000000000  0.000000000000000  0.118011552393781  0.740719899010160  0.000000000000000  0.000000000000000  0.000000000000000  0.000000000000000  0.141316320890574  0.000000000000000  0.000000000000000  0.000000000000000  0.000000000000000  0.000000000000000  0.000000000000000  0.000000000000000  0.000000000000000  0.000000000000000  0.000000000000000  0.907519155317161  0.000000000000000  0.092782723164316  0.000000000000000  0.000000000000000  0.000000000000000  0.000000000000000  0.115342811581725  1.000000000000000  1.000000000000000 
47.0    Q  0.000000000000000  0.000000000000000  0.000000000000000  0.302079460847486  0.000000000000000  0.000000000000000  0.000000000000000  0.100900134313096  0.374490233606046  0.000000000000000  0.000000000000000  0.000000000000000  0.000000000000000  0.118421258824908  0.000000000000000  0.104024841838941  0.000000000000000  0.000000000000000  0.000000000000000  0.000000000000000  0.900625979847929  0.000000000000000  0.099098017076286  0.000000000000000  0.000000000000000  0.000000000000000  1.000000000000000  0.122342706299679  1.000000000000000  0.469435873657726 
48.0    D  0.245364765963370  0.000000000000000  0.132677901118724  0.338916081700000  0.000000000000000  0.000000000000000  0.000000000000000  0.000000000000000  0.000000000000000  0.000000000000000  0.000000000000000  0.000000000000000  0.000000000000000  0.000000000000000  0.000000000000000  0.163119368461120  0.119741902277837  0.000000000000000  0.000000000000000  0.000000000000000  0.777546035882558  0.222518933313124  0.000000000000000  0.331941289595609  0.668037039195050  1.000000000000000  0.000000000000000  0.130851285246822  0.441657525740733  0.442883759551180 
49.0    N  0.088388347648318  0.000000000000000  0.000000000000000  0.092782723164316  0.000000000000000  0.141316320890574  0.000000000000000  0.000000000000000  0.000000000000000  0.000000000000000  0.000000000000000  0.314253343630457  0.096187951260054  0.086930123231874  0.000000000000000  0.000000000000000  0.000000000000000  0.180241108932528  0.000000000000000  0.000000000000000  1.000000000000000  0.000000000000000  0.000000000000000  0.000000000000000  0.000000000000000  0.000000000000000  0.000000000000000  0.115342811581725  1.000000000000000  1.000000000000000 
50.0    S  0.000000000000000  0.000000000000000  0.092782723164316  0.000000000000000  0.096187951260054  0.141316320890574  0.000000000000000  0.086930123231874  0.000000000000000  0.000000000000000  0.000000000000000  0.000000000000000  0.082927821287323  0.000000000000000  0.000000000000000  0.322864337575584  0.088572337281764  0.088388347648318  0.000000000000000  0.000000000000000  1.000000000000000  0.000000000000000  0.000000000000000  0.000000000000000  0.000000000000000  0.000000000000000  0.000000000000000  0.115342811581725  1.000000000000000  1.000000000000000 
51.0    G  0.000000000000000  0.000000000000000  0.000000000000000  0.118011552393781  0.000000000000000  0.248962438273615  0.000000000000000  0.000000000000000  0.000000000000000  0.097328086382708  0.086930123231874  0.000000000000000  0.000000000000000  0.088572337281764  0.000000000000000  0.000000000000000  0.000000000000000  0.360232437209480  0.000000000000000  0.000000000000000  0.366783336041831  0.000000000000000  0.633317126861609  0.000000000000000  0.000000000000000  0.000000000000000  0.000000000000000  0.115342811581725  1.000000000000000  1.000000000000000 
52.0    A  0.349896466398799  0.000000000000000  0.000000000000000  0.000000000000000  0.000000000000000  0.359733395002705  0.000000000000000  0.000000000000000  0.000000000000000  0.290377182981431  0.000000000000000  0.000000000000000  0.000000000000000  0.000000000000000  0.000000000000000  0.000000000000000  0.000000000000000  0.000000000000000  0.000000000000000  0.000000000000000  0.349896466398799  0.359733395002705  0.290377182981431  0.500000000000000  0.500000000000000  1.000000000000000  0.000000000000000  0.252088113723649  0.408951029278891  0.302288918958340 
53.0    I  0.000000000000000  0.000000000000000  0.206755842110816  0.000000000000000  0.000000000000000  0.163685677885446  0.000000000000000  0.125520942904872  0.000000000000000  0.203485796267609  0.000000000000000  0.000000000000000  0.000000000000000  0.000000000000000  0.000000000000000  0.102237757319723  0.099856489556144  0.098481735756168  0.000000000000000  0.000000000000000  1.000000000000000  0.000000000000000  0.000000000000000  0.000000000000000  0.000000000000000  0.000000000000000  1.000000000000000  0.131396613635963  1.000000000000000  0.461691155364697 
54.0    G  0.000000000000000  0.000000000000000  0.102237757319723  0.096455010941183  0.000000000000000  0.489370825198718  0.000000000000000  0.000000000000000  0.000000000000000  0.000000000000000  0.000000000000000  0.000000000000000  0.000000000000000  0.105112051906714  0.000000000000000  0.107023535568307  0.099856489556144  0.000000000000000  0.000000000000000  0.000000000000000  1.000000000000000  0.000000000000000  0.000000000000000  0.000000000000000  0.000000000000000  0.000000000000000  1.000000000000000  0.131396613635963  1.000000000000000  0.461691155364697 
55.0    G  0.000000000000000  0.000000000000000  0.000000000000000  0.000000000000000  0.000000000000000  0.485317234884773  0.000000000000000  0.000000000000000  0.089871033302935  0.000000000000000  0.000000000000000  0.000000000000000  0.085082132281217  0.000000000000000  0.170164264562434  0.000000000000000  0.083273426568251  0.086269834587289  0.000000000000000  0.000000000000000  1.000000000000000  0.000000000000000  0.000000000000000  0.000000000000000  0.000000000000000  0.000000000000000  1.000000000000000  0.101180277068426  1.000000000000000  0.461691155364697 
56.0    N  0.325786787340824  0.000000000000000  0.089622203000989  0.086689435570712  0.000000000000000  0.136313466583157  0.000000000000000  0.000000000000000  0.000000000000000  0.000000000000000  0.000000000000000  0.106801217611217  0.000000000000000  0.085082132281217  0.000000000000000  0.169810785568618  0.000000000000000  0.000000000000000  0.000000000000000  0.000000000000000  1.000000000000000  0.000000000000000  0.000000000000000  0.000000000000000  0.000000000000000  0.000000000000000  1.000000000000000  0.101180277068426  1.000000000000000  0.461691155364697 
57.0    I  0.000000000000000  0.000000000000000  0.000000000000000  0.000000000000000  0.000000000000000  0.000000000000000  0.000000000000000  0.193043783272946  0.000000000000000  0.324434691734796  0.000000000000000  0.173138683513866  0.226094844390272  0.083273426568251  0.000000000000000  0.000000000000000  0.000000000000000  0.000000000000000  0.000000000000000  0.000000000000000  1.000000000000000  0.000000000000000  0.000000000000000  0.000000000000000  0.000000000000000  0.000000000000000  1.000000000000000  0.101180277068426  1.000000000000000  0.461691155364697 
58.0    V  0.000000000000000  0.000000000000000  0.219759890227947  0.413798408039103  0.000000000000000  0.000000000000000  0.000000000000000  0.000000000000000  0.000000000000000  0.000000000000000  0.000000000000000  0.000000000000000  0.083273426568251  0.000000000000000  0.000000000000000  0.089871033302935  0.086689435570712  0.106801217611217  0.000000000000000  0.000000000000000  0.259534817635764  0.000000000000000  0.740719899010160  0.000000000000000  0.000000000000000  0.000000000000000  1.000000000000000  0.101180277068426  1.000000000000000  0.461691155364697 
59.0    S  0.000000000000000  0.000000000000000  0.000000000000000  0.000000000000000  0.000000000000000  0.000000000000000  0.000000000000000  0.000000000000000  0.000000000000000  0.000000000000000  0.000000000000000  0.000000000000000  0.000000000000000  0.000000000000000  0.000000000000000  1.000000000000000  0.000000000000000  0.000000000000000  0.000000000000000  0.000000000000000  1.000000000000000  0.000000000000000  0.000000000000000  0.000000000000000  0.000000000000000  0.880259013563151  0.119991157629863  0.281069730944654  1.000000000000000  0.223601225445651 
60.0    H  0.000000000000000  0.000000000000000  0.085082132281217  0.242322454233766  0.000000000000000  0.306084098100051  0.106801217611217  0.000000000000000  0.000000000000000  0.000000000000000  0.000000000000000  0.000000000000000  0.083273426568251  0.000000000000000  0.089871033302935  0.086689435570712  0.000000000000000  0.000000000000000  0.000000000000000  0.000000000000000  1.000000000000000  0.000000000000000  0.000000000000000  0.000000000000000  0.000000000000000  0.000000000000000  1.000000000000000  0.101180277068426  1.000000000000000  0.461691155364697 
61.0    D  0.000000000000000  0.000000000000000  0.279903222163560  0.085082132281217  0.000000000000000  0.000000000000000  0.000000000000000  0.000000000000000  0.089871033302935  0.152724137709188  0.000000000000000  0.086689435570712  0.000000000000000  0.219455449402380  0.000000000000000  0.086269834587289  0.000000000000000  0.000000000000000  0.000000000000000  0.000000000000000  1.000000000000000  0.000000000000000  0.000000000000000  0.000000000000000  0.000000000000000  0.000000000000000  1.000000000000000  0.101180277068426  1.000000000000000  0.461691155364697 
62.0    D  0.262611136002688  0.000000000000000  0.232451235653290  0.079715274479909  0.000000000000000  0.000000000000000  0.000000000000000  0.000000000000000  0.000000000000000  0.000000000000000  0.000000000000000  0.075102253095428  0.000000000000000  0.176776695296637  0.000000000000000  0.173378871141423  0.000000000000000  0.000000000000000  0.000000000000000  0.000000000000000  1.000000000000000  0.000000000000000  0.000000000000000  0.000000000000000  0.000000000000000  0.000000000000000  1.000000000000000  0.089312133733818  1.000000000000000  0.461691155364697 
63.0    A  0.083331167318200  0.000000000000000  0.000000000000000  0.251738887514180  0.000000000000000  0.000000000000000  0.000000000000000  0.000000000000000  0.000000000000000  0.000000000000000  0.150935073935812  0.000000000000000  0.079715274479909  0.000000000000000  0.000000000000000  0.153254357506645  0.172061950198837  0.108969779942133  0.000000000000000  0.000000000000000  0.816768991110023  0.108969779942133  0.074222479129588  0.071446145963377  0.928516852306729  0.000000000000000  1.000000000000000  0.089312133733818  0.408951029278891  0.461691155364697 
64.0    L  0.000000000000000  0.000000000000000  0.082240907814313  0.169223284881557  0.000000000000000  0.000000000000000  0.000000000000000  0.000000000000000  0.000000000000000  0.358240412593275  0.000000000000000  0.000000000000000  0.000000000000000  0.000000000000000  0.197510327965844  0.000000000000000  0.087474116599700  0.105403888781264  0.000000000000000  0.000000000000000  1.000000000000000  0.000000000000000  0.000000000000000  0.000000000000000  0.000000000000000  0.643048741715302  0.357000994921266  0.093492859897649  1.000000000000000  0.435577096071128 
65.0    L  0.000000000000000  0.000000000000000  0.260797148382465  0.000000000000000  0.000000000000000  0.000000000000000  0.000000000000000  0.000000000000000  0.089746531913965  0.082070070339009  0.000000000000000  0.000000000000000  0.000000000000000  0.245875518506562  0.076045147414629  0.079881210200191  0.165740720037332  0.000000000000000  0.000000000000000  0.000000000000000  0.920825697205040  0.000000000000000  0.079274462457867  0.000000000000000  0.000000000000000  0.000000000000000  1.000000000000000  0.086990399489444  1.000000000000000  0.483638164806966 
66.0    N  0.118175264593843  0.000000000000000  0.000000000000000  0.000000000000000  0.000000000000000  0.000000000000000  0.000000000000000  0.079936598829839  0.184795303909230  0.167125061925642  0.000000000000000  0.187115373349086  0.000000000000000  0.000000000000000  0.000000000000000  0.177390419525048  0.000000000000000  0.085614561247848  0.000000000000000  0.000000000000000  0.829894585589983  0.170282254330061  0.000000000000000  0.400534938794811  0.599569956895556  0.566441942647899  0.433468781757343  0.090936292727172  0.430176315305720  0.448133349784702 
67.0    T  0.093492859897649  0.000000000000000  0.000000000000000  0.184923438656105  0.000000000000000  0.000000000000000  0.000000000000000  0.019873640730368  0.043888902366812  0.119576019761484  0.019722688001752  0.087960523457837  0.000000000000000  0.105696535922190  0.105039219029160  0.070218743939478  0.076946525834057  0.072695002596741  0.000000000000000  0.000000000000000  1.000000000000000  0.000000000000000  0.000000000000000  0.000000000000000  0.000000000000000  0.000000000000000  1.000000000000000  0.022405550750247  1.000000000000000  0.483638164806966 
68.0    L  0.072142838594802  0.000000000000000  0.000000000000000  0.000000000000000  0.000000000000000  0.000000000000000  0.011767894270577  0.244177132240557  0.098413497071150  0.393108646070166  0.031950891581560  0.000000000000000  0.000000000000000  0.000000000000000  0.042541066140609  0.000000000000000  0.012630013575087  0.093169399174933  0.000000000000000  0.000000000000000  1.000000000000000  0.000000000000000  0.000000000000000  0.000000000000000  0.000000000000000  0.000000000000000  1.000000000000000  0.014298424501999  1.000000000000000  0.483638164806966 
69.0    A  0.194251817196012  0.000000000000000  0.056995822844986  0.129587637627465  0.000000000000000  0.020861692238999  0.011694710834318  0.013405789537948  0.149477474597016  0.028419007868773  0.000000000000000  0.119493164699218  0.000000000000000  0.021065120808392  0.077643017611527  0.074428553085311  0.071594868623735  0.021507743774855  0.000000000000000  0.009518830184962  1.000000000000000  0.000000000000000  0.000000000000000  0.240982451935161  0.758909626487027  0.000000000000000  1.000000000000000  0.013003105229868  0.453445164466571  0.483638164806966 
70.0    I  0.144485838319350  0.000000000000000  0.096121301954392  0.223291463088190  0.000000000000000  0.000000000000000  0.000000000000000  0.028656376350146  0.124481219136807  0.024501264189867  0.000000000000000  0.051438771579919  0.000000000000000  0.048799155787962  0.129139298460517  0.052265399994629  0.052592467642836  0.024163948045479  0.000000000000000  0.000000000000000  1.000000000000000  0.000000000000000  0.000000000000000  0.000000000000000  0.000000000000000  1.000000000000000  0.000000000000000  0.012464769372016  1.000000000000000  0.483638164806966 
71.0    L  0.089126607335259  0.022390025787080  0.000000000000000  0.000000000000000  0.000000000000000  0.000000000000000  0.015646675870490  0.032577055026285  0.014598864795050  0.564091068728256  0.010517969291225  0.027374947345848  0.013239569296033  0.055016188347697  0.000000000000000  0.023814762974059  0.034963659407366  0.070560275300383  0.000000000000000  0.026223426159579  1.000000000000000  0.000000000000000  0.000000000000000  0.000000000000000  0.000000000000000  0.000000000000000  0.000000000000000  0.012361520331023  1.000000000000000  1.000000000000000 
72.0    Q  0.010738974184156  0.000000000000000  0.008924580053504  0.216734390878672  0.000000000000000  0.000000000000000  0.000000000000000  0.008195229121679  0.098345305669196  0.078836088051953  0.026114592466308  0.000000000000000  0.000000000000000  0.238655253534929  0.196826994142301  0.011398596439376  0.095988141856381  0.009245711107442  0.000000000000000  0.000000000000000  1.000000000000000  0.000000000000000  0.000000000000000  0.000000000000000  0.000000000000000  0.000000000000000  0.000000000000000  0.012361520331023  1.000000000000000  1.000000000000000 
73.0    K  0.157672176103906  0.000000000000000  0.102237757319723  0.203203900496080  0.010152648925433  0.000000000000000  0.023486898094774  0.028008334361544  0.161320311306472  0.025594896808120  0.000000000000000  0.074171049853533  0.000000000000000  0.041781265481410  0.010664794670978  0.064079202368037  0.074531804520664  0.023115429832013  0.000000000000000  0.000000000000000  0.990342871933025  0.000000000000000  0.009909307807233  0.000000000000000  0.000000000000000  0.000000000000000  0.000000000000000  0.012404436420807  1.000000000000000  1.000000000000000 
74.0    E  0.045752677998301  0.049893649147291  0.023568438698228  0.418123199957031  0.000000000000000  0.014268722656437  0.042423280621250  0.034866853822655  0.035109371969739  0.049411819787746  0.035525530413625  0.010301512613222  0.000000000000000  0.038983299122314  0.094601049560599  0.000000000000000  0.074119656213184  0.033123524481165  0.000000000000000  0.000000000000000  1.000000000000000  0.000000000000000  0.000000000000000  1.000000000000000  0.000000000000000  1.000000000000000  0.000000000000000  0.012404436420807  0.500000000000000  0.500000000000000 
75.0    L  0.059457392270737  0.011446100582901  0.000000000000000  0.000000000000000  0.000000000000000  0.000000000000000  0.012682649702770  0.097058609375130  0.054674047806614  0.312732270028317  0.000000000000000  0.171347850622463  0.000000000000000  0.026060345119530  0.018932385319223  0.028696130071904  0.012115518849172  0.180616299740441  0.000000000000000  0.014209503934386  1.000000000000000  0.000000000000000  0.000000000000000  0.000000000000000  0.000000000000000  0.000000000000000  0.000000000000000  0.012404436420807  1.000000000000000  1.000000000000000 
76.0    K  0.218090676442690  0.000000000000000  0.065926394816754  0.085495956493906  0.000000000000000  0.047662551664259  0.026369243629063  0.051474438579223  0.139274206352417  0.000000000000000  0.000000000000000  0.057831526752366  0.000000000000000  0.074171049853533  0.070756181381917  0.046294993688135  0.086030975099419  0.030670595745421  0.000000000000000  0.000000000000000  1.000000000000000  0.000000000000000  0.000000000000000  0.000000000000000  0.000000000000000  0.000000000000000  0.000000000000000  0.012259126529637  1.000000000000000  1.000000000000000 
77.0    S  0.131214585452883  0.000000000000000  0.028105572254617  0.081390261848064  0.000000000000000  0.040949793870574  0.000000000000000  0.000000000000000  0.130942015887475  0.011210543239115  0.029016151634585  0.044409126349417  0.000000000000000  0.150204506190856  0.072695002596741  0.160873655912659  0.041406469282663  0.077535456107212  0.000000000000000  0.000000000000000  1.000000000000000  0.000000000000000  0.000000000000000  0.000000000000000  0.000000000000000  0.000000000000000  0.000000000000000  0.012259126529637  1.000000000000000  1.000000000000000 
78.0    K  0.024620433939042  0.000000000000000  0.009284243008257  0.000000000000000  0.010244546986060  0.000000000000000  0.023115429832013  0.086329653008991  0.079992025865269  0.589678296130608  0.022005378545501  0.037969899747032  0.000000000000000  0.000000000000000  0.009118422670457  0.044224817510208  0.039554893561571  0.008065613558463  0.000000000000000  0.015843116871719  0.961927454664775  0.037996227599472  0.000000000000000  0.111105335145821  0.888842681166570  0.000000000000000  0.000000000000000  0.012259126529637  0.480630464194381  1.000000000000000 
79.0    E  0.015388538170243  0.012779719664965  0.044780051574159  0.186597297912119  0.000000000000000  0.000000000000000  0.000000000000000  0.000000000000000  0.157017797642941  0.042071877164899  0.000000000000000  0.040470093714201  0.000000000000000  0.138120560599989  0.263888429409492  0.037629293163482  0.038154578520910  0.022939853688033  0.000000000000000  0.000000000000000  0.989656656415207  0.000000000000000  0.010019817209080  0.000000000000000  0.000000000000000  0.000000000000000  1.000000000000000  0.012779719664965  1.000000000000000  0.480630464194381 
80.0    Q  0.151669195031087  0.000000000000000  0.111800612722826  0.273573425315185  0.000000000000000  0.038956287321097  0.000000000000000  0.000000000000000  0.042688758023575  0.094797971585903  0.000000000000000  0.071594868623735  0.000000000000000  0.068869069742288  0.056484545421943  0.021762679385454  0.059210629412454  0.008734858210671  0.000000000000000  0.000000000000000  1.000000000000000  0.000000000000000  0.000000000000000  0.000000000000000  0.000000000000000  0.000000000000000  1.000000000000000  0.012753172596108  1.000000000000000  0.472373520498603 
81.0    E  0.068916822691807  0.000000000000000  0.043495199744722  0.378404198242395  0.000000000000000  0.000000000000000  0.000000000000000  0.000000000000000  0.252963300256732  0.000000000000000  0.009651708102554  0.010949433195943  0.000000000000000  0.067032288551121  0.137929217505245  0.030798416779355  0.000000000000000  0.000000000000000  0.000000000000000  0.000000000000000  1.000000000000000  0.000000000000000  0.000000000000000  0.000000000000000  0.000000000000000  0.000000000000000  1.000000000000000  0.012753172596108  1.000000000000000  0.472373520498603 
82.0    I  0.012967102899843  0.089871033302935  0.010724097119179  0.000000000000000  0.000000000000000  0.000000000000000  0.014338123161115  0.274523203446762  0.012335841979696  0.124913386623807  0.045405157799105  0.079604842207906  0.000000000000000  0.000000000000000  0.059046690062325  0.037733768483953  0.014802657353114  0.148444958259176  0.000000000000000  0.075310769687174  0.975355461527642  0.000000000000000  0.024399577893981  0.000000000000000  0.000000000000000  0.000000000000000  1.000000000000000  0.012753172596108  1.000000000000000  0.472373520498603 
83.0    R  0.209787409276635  0.000000000000000  0.070952631384129  0.035648866120888  0.000000000000000  0.031554728049896  0.041607862913637  0.000000000000000  0.155178436440764  0.045531222309313  0.010964622859680  0.037629293163482  0.000000000000000  0.033866436463899  0.110797712399358  0.124481219136807  0.058193426239389  0.033772668813730  0.000000000000000  0.000000000000000  1.000000000000000  0.000000000000000  0.000000000000000  0.000000000000000  0.000000000000000  0.000000000000000  1.000000000000000  0.013003105229868  1.000000000000000  0.454074208860755 
84.0    R  0.027261334555336  0.000000000000000  0.073863221683398  0.044563303667629  0.000000000000000  0.000000000000000  0.037008487870426  0.010075533208249  0.147931377719071  0.076415017355754  0.014130927774392  0.081899587741148  0.000000000000000  0.222518933313124  0.138216331665034  0.047960815500028  0.043646204139606  0.023357019509921  0.011117683290895  0.000000000000000  1.000000000000000  0.000000000000000  0.000000000000000  0.000000000000000  0.000000000000000  0.000000000000000  1.000000000000000  0.013003105229868  1.000000000000000  0.454074208860755 
85.0    L  0.014548356559847  0.025068161448515  0.000000000000000  0.000000000000000  0.010858736092518  0.000000000000000  0.060875266783953  0.027054267672489  0.040978187944239  0.641712948781452  0.000000000000000  0.011857962913860  0.000000000000000  0.045911519789947  0.023617498879941  0.000000000000000  0.047038960856596  0.013433695097547  0.000000000000000  0.037034149091924  1.000000000000000  0.000000000000000  0.000000000000000  0.000000000000000  0.000000000000000  0.000000000000000  1.000000000000000  0.012949139132625  1.000000000000000  0.454074208860755 
86.0    K  0.055629733328281  0.000000000000000  0.054033576956742  0.303338390062173  0.000000000000000  0.028144561870248  0.031034140482407  0.000000000000000  0.212274061611710  0.025068161448515  0.029238234307231  0.037395280100960  0.000000000000000  0.063372467486877  0.063504383937106  0.036625696364829  0.030248344590429  0.030143693268254  0.000000000000000  0.000000000000000  1.000000000000000  0.000000000000000  0.000000000000000  0.142892291926755  0.857376036634172  0.146909541052471  0.853226098112067  0.012949139132625  0.500000000000000  0.454074208860755 
87.0    E  0.078563335907614  0.000000000000000  0.067125279476258  0.370616752450709  0.000000000000000  0.000000000000000  0.027988927190339  0.025577161924713  0.049275010878517  0.038181034427297  0.034530140149997  0.071446145963377  0.000000000000000  0.056367211148891  0.037733768483953  0.028164076956588  0.035599480538191  0.067592172717726  0.000000000000000  0.011133106360537  1.000000000000000  0.000000000000000  0.000000000000000  0.000000000000000  0.000000000000000  0.622868707784737  0.377095019171645  0.012958117903351  1.000000000000000  0.462331639056850 
88.0    V  0.050310383601320  0.006721504926652  0.042688758023575  0.292194312140311  0.000000000000000  0.000000000000000  0.024030325488598  0.065652784000672  0.042393885232740  0.046262915562502  0.010724097119179  0.042511589137686  0.000000000000000  0.072795849154279  0.125782227937223  0.086329653008991  0.019915009801863  0.071793647187315  0.000000000000000  0.000000000000000  1.000000000000000  0.000000000000000  0.000000000000000  0.000000000000000  0.000000000000000  0.000000000000000  1.000000000000000  0.012770864507629  1.000000000000000  0.493116352246680 
89.0    I  0.000000000000000  0.000000000000000  0.000000000000000  0.087231922757635  0.021226348196077  0.000000000000000  0.013166356710987  0.188286308329227  0.000000000000000  0.369590607818461  0.075154328056136  0.019763742849280  0.000000000000000  0.000000000000000  0.000000000000000  0.024912264891892  0.000000000000000  0.200823499189258  0.000000000000000  0.000000000000000  1.000000000000000  0.000000000000000  0.000000000000000  0.000000000000000  0.000000000000000  1.000000000000000  0.000000000000000  0.012770864507629  1.000000000000000  0.493116352246680 
90.0    A  0.172898828626371  0.000000000000000  0.054371709544291  0.196554323035083  0.000000000000000  0.012378668920703  0.024603374267788  0.052483218309009  0.207905524593727  0.032940356977836  0.000000000000000  0.009342342162313  0.000000000000000  0.126394010106413  0.034963659407366  0.044811101500495  0.020674553748564  0.009604991150426  0.000000000000000  0.000000000000000  1.000000000000000  0.000000000000000  0.000000000000000  0.000000000000000  0.000000000000000  0.000000000000000  0.000000000000000  0.012621262150150  1.000000000000000  1.000000000000000 
91.0    L  0.069156084568267  0.000000000000000  0.051048061944376  0.537002235810062  0.000000000000000  0.060833085884890  0.000000000000000  0.010843693117309  0.049824529783784  0.041839226780576  0.000000000000000  0.027546254934599  0.000000000000000  0.059954007457829  0.024063661694877  0.000000000000000  0.007921558435860  0.060078808024298  0.000000000000000  0.000000000000000  0.982820598545251  0.000000000000000  0.017003788151106  0.000000000000000  0.000000000000000  0.000000000000000  0.000000000000000  0.016665402825496  1.000000000000000  1.000000000000000 
92.0    K  0.000000000000000  0.000000000000000  0.000000000000000  0.000000000000000  0.016769691974898  0.000000000000000  0.000000000000000  0.023003544721378  0.428985265214345  0.288771446138396  0.036574957546081  0.015744590006414  0.000000000000000  0.041148966314351  0.111182374192237  0.012595044242078  0.011833330592789  0.000000000000000  0.013248749447393  0.000000000000000  0.986916545885842  0.013248749447393  0.000000000000000  0.142892291926755  0.857376036634172  0.000000000000000  1.000000000000000  0.016322433794754  0.408951029278891  0.500000000000000 
93.0    N  0.057193698007996  0.000000000000000  0.079329430376238  0.218393223979174  0.018427446754082  0.022923958502614  0.000000000000000  0.014710601008456  0.098960733233909  0.011899130778932  0.000000000000000  0.108969779942133  0.000000000000000  0.059995578814932  0.112111019957752  0.071793647187315  0.125173406963917  0.000000000000000  0.000000000000000  0.000000000000000  1.000000000000000  0.000000000000000  0.000000000000000  0.000000000000000  0.000000000000000  0.000000000000000  1.000000000000000  0.016322433794754  1.000000000000000  0.500000000000000 
94.0    K  0.158658860752476  0.000000000000000  0.038848427153248  0.105769824575036  0.000000000000000  0.027584468634083  0.021094343517543  0.011759740214149  0.336808394216423  0.006749517089065  0.000000000000000  0.056877426505056  0.000000000000000  0.027016788478371  0.107992273425035  0.034963659407366  0.035971546603993  0.030018589498546  0.000000000000000  0.000000000000000  1.000000000000000  0.000000000000000  0.000000000000000  0.333324669272800  0.666649338545599  1.000000000000000  0.000000000000000  0.016322433794754  0.500000000000000  0.500000000000000 
95.0    N  0.171823586946504  0.000000000000000  0.096789878481653  0.064569649230258  0.015843116871719  0.025844480263852  0.000000000000000  0.027489033622576  0.028716027608720  0.203063099089059  0.015367219906660  0.058598193528569  0.000000000000000  0.032017400719775  0.019777446780786  0.053142135004012  0.094273754792911  0.092718433365070  0.000000000000000  0.000000000000000  1.000000000000000  0.000000000000000  0.000000000000000  0.000000000000000  0.000000000000000  0.000000000000000  0.000000000000000  0.016333751565706  1.000000000000000  1.000000000000000 
96.0    T  0.030734439813320  0.000000000000000  0.010033717257730  0.000000000000000  0.008240799352094  0.000000000000000  0.061128967090459  0.116467553663097  0.028716027608720  0.226565484566834  0.013303964183577  0.289372554247531  0.000000000000000  0.000000000000000  0.000000000000000  0.037395280100960  0.033796086358863  0.130037533315248  0.000000000000000  0.014328188175073  0.972654947412286  0.000000000000000  0.027148193285957  0.000000000000000  0.000000000000000  0.000000000000000  0.000000000000000  0.016333751565706  1.000000000000000  1.000000000000000 
97.0    E  0.074790560201920  0.011094588738621  0.101110168545217  0.288971676638700  0.000000000000000  0.000000000000000  0.008286622979439  0.000000000000000  0.000000000000000  0.043828101582575  0.000000000000000  0.017738157846032  0.000000000000000  0.287971910587339  0.019627224705368  0.025488671666844  0.060078808024298  0.050205874797315  0.000000000000000  0.010919116967586  0.991029563264079  0.008906041192918  0.000000000000000  0.554016173932463  0.446273485736488  1.000000000000000  0.000000000000000  0.016493026838093  0.484309094613314  0.491069797631696 
98.0    R  0.092397651954615  0.000000000000000  0.111723145294598  0.035648866120888  0.000000000000000  0.006730829372750  0.008813922948879  0.140048651774272  0.023179608341268  0.209932873236035  0.038048938083218  0.026042287723726  0.000000000000000  0.041263213781719  0.079384436408674  0.025630403474898  0.104966436618018  0.056289123740496  0.000000000000000  0.000000000000000  1.000000000000000  0.000000000000000  0.000000000000000  0.000000000000000  0.000000000000000  0.000000000000000  0.000000000000000  0.016333751565706  1.000000000000000  1.000000000000000 
99.0    L  0.013592927386073  0.000000000000000  0.000000000000000  0.000000000000000  0.023650262390150  0.019777446780786  0.000000000000000  0.110874538144019  0.000000000000000  0.575943821174679  0.008350046806336  0.000000000000000  0.000000000000000  0.051048061944376  0.000000000000000  0.000000000000000  0.011940441568478  0.184923438656105  0.000000000000000  0.000000000000000  1.000000000000000  0.000000000000000  0.000000000000000  0.000000000000000  0.000000000000000  0.000000000000000  0.000000000000000  0.016333751565706  1.000000000000000  1.000000000000000 
100.0    N  0.024147204676500  0.000000000000000  0.000000000000000  0.000000000000000  0.000000000000000  0.000000000000000  0.078400137782562  0.032712821311705  0.193043783272946  0.038875364165577  0.040079268836320  0.203909373334752  0.000000000000000  0.198746312737244  0.113597264556065  0.013303964183577  0.052811649025782  0.010503398391817  0.000000000000000  0.000000000000000  1.000000000000000  0.000000000000000  0.000000000000000  0.000000000000000  0.000000000000000  0.000000000000000  0.000000000000000  0.016333751565706  1.000000000000000  1.000000000000000 
101.0    D  0.044656066866909  0.000000000000000  0.708578698254108  0.044071811265137  0.000000000000000  0.000000000000000  0.000000000000000  0.000000000000000  0.037291741969741  0.000000000000000  0.000000000000000  0.054522669110672  0.000000000000000  0.025295069267107  0.000000000000000  0.036854893508163  0.035648866120888  0.012976094126420  0.000000000000000  0.000000000000000  1.000000000000000  0.000000000000000  0.000000000000000  0.000000000000000  0.000000000000000  0.000000000000000  0.000000000000000  0.016333751565706  1.000000000000000  1.000000000000000 
102.0    E  0.070805242830987  0.000000000000000  0.036778335538086  0.868140227601043  0.000000000000000  0.000000000000000  0.000000000000000  0.000000000000000  0.000000000000000  0.000000000000000  0.000000000000000  0.024147204676500  0.000000000000000  0.000000000000000  0.000000000000000  0.000000000000000  0.000000000000000  0.000000000000000  0.000000000000000  0.000000000000000  1.000000000000000  0.000000000000000  0.000000000000000  0.000000000000000  0.000000000000000  0.000000000000000  0.000000000000000  0.016333751565706  1.000000000000000  1.000000000000000 
103.0    L  0.000000000000000  0.021732530807969  0.000000000000000  0.000000000000000  0.012123919598045  0.000000000000000  0.142397922152764  0.097801472717064  0.000000000000000  0.244855074396732  0.080716084393896  0.044470733163581  0.000000000000000  0.039472726932681  0.084905392784309  0.030585676574920  0.000000000000000  0.021823102069803  0.000000000000000  0.179120206296638  1.000000000000000  0.000000000000000  0.000000000000000  0.000000000000000  0.000000000000000  0.000000000000000  0.000000000000000  0.016333751565706  1.000000000000000  1.000000000000000 
104.0    I  0.125433968563688  0.000000000000000  0.060371020557803  0.055130710324824  0.024147204676500  0.000000000000000  0.000000000000000  0.130760617474066  0.024147204676500  0.127184961512836  0.013303964183577  0.007694269085121  0.010761328487368  0.141316320890574  0.000000000000000  0.069540632536552  0.091125586176036  0.119079749755492  0.000000000000000  0.000000000000000  1.000000000000000  0.000000000000000  0.000000000000000  0.000000000000000  0.000000000000000  0.000000000000000  0.000000000000000  0.016333751565706  1.000000000000000  1.000000000000000 
105.0    S  0.444113397921202  0.000000000000000  0.000000000000000  0.044071811265137  0.010761328487368  0.012464769372016  0.000000000000000  0.000000000000000  0.017911127902006  0.022514527325593  0.009881871424640  0.012682649702770  0.000000000000000  0.010503398391817  0.000000000000000  0.217336140022505  0.135465745855598  0.062500000000000  0.000000000000000  0.000000000000000  1.000000000000000  0.000000000000000  0.000000000000000  0.000000000000000  0.000000000000000  0.000000000000000  0.000000000000000  0.016333751565706  1.000000000000000  1.000000000000000 
106.0    G  0.021344379011787  0.000000000000000  0.000000000000000  0.000000000000000  0.006735496445450  0.011565728890625  0.052192994964273  0.016053147490296  0.000000000000000  0.723969086189780  0.018287478773040  0.026644840367749  0.000000000000000  0.000000000000000  0.018697640050480  0.039885274025905  0.048361406048200  0.016424576704495  0.000000000000000  0.000000000000000  1.000000000000000  0.000000000000000  0.000000000000000  0.000000000000000  0.000000000000000  0.000000000000000  0.000000000000000  0.016322433794754  1.000000000000000  1.000000000000000 
107.0    T  0.000000000000000  0.000000000000000  0.000000000000000  0.064524908467703  0.000000000000000  0.013592927386073  0.023715925827720  0.000000000000000  0.064704057740086  0.043015487549709  0.000000000000000  0.241986756723434  0.000000000000000  0.325110036637120  0.127096834161495  0.006429846447490  0.044163551371335  0.039527485698561  0.000000000000000  0.006133813427137  0.988285651500733  0.012015162744299  0.000000000000000  0.125000000000000  0.874784764905822  0.000000000000000  0.000000000000000  0.016322433794754  0.500000000000000  1.000000000000000 
108.0    I  0.153148166488085  0.000000000000000  0.037473122305972  0.024147204676500  0.000000000000000  0.012744335833422  0.018697640050480  0.170164264562434  0.000000000000000  0.398320048142791  0.039747281460737  0.000000000000000  0.000000000000000  0.033609199701793  0.000000000000000  0.054221167947004  0.049377581991461  0.008246513419047  0.000000000000000  0.000000000000000  1.000000000000000  0.000000000000000  0.000000000000000  0.000000000000000  0.000000000000000  0.000000000000000  0.000000000000000  0.016322433794754  1.000000000000000  1.000000000000000 
109.0    E  0.103664943226805  0.000000000000000  0.000000000000000  0.351842093831349  0.000000000000000  0.000000000000000  0.062370169937441  0.000000000000000  0.000000000000000  0.012691443693066  0.000000000000000  0.000000000000000  0.000000000000000  0.235532818476202  0.064614421015498  0.024147204676500  0.145188591490715  0.000000000000000  0.000000000000000  0.000000000000000  0.982820598545251  0.017086491523197  0.000000000000000  0.142892291926755  0.857376036634172  0.000000000000000  0.000000000000000  0.016322433794754  0.496546247718518  1.000000000000000 
110.0    N  0.110644220572443  0.059005776196891  0.000000000000000  0.000000000000000  0.127980862553555  0.000000000000000  0.019887420863687  0.013303964183577  0.000000000000000  0.259894858793820  0.010216182410443  0.136313466583157  0.000000000000000  0.012132326171891  0.000000000000000  0.000000000000000  0.061128967090459  0.084435880283477  0.000000000000000  0.105112051906714  1.000000000000000  0.000000000000000  0.000000000000000  0.000000000000000  0.000000000000000  0.000000000000000  0.000000000000000  0.016322433794754  1.000000000000000  1.000000000000000 
111.0    N  0.044010757091003  0.000000000000000  0.061639544030835  0.050977343333688  0.000000000000000  0.036221748497014  0.000000000000000  0.000000000000000  0.094077921713192  0.033330805650993  0.000000000000000  0.313166109656032  0.000000000000000  0.009565128065627  0.012744335833422  0.190782401120070  0.126920762608679  0.026442456143759  0.000000000000000  0.000000000000000  1.000000000000000  0.000000000000000  0.000000000000000  0.000000000000000  0.000000000000000  0.000000000000000  0.000000000000000  0.016322433794754  1.000000000000000  1.000000000000000 
112.0    V  0.105039219029160  0.006805892126111  0.000000000000000  0.073658712988230  0.029790579540255  0.000000000000000  0.060748811748835  0.044532425442150  0.025330159996416  0.078291527414008  0.147419574032652  0.000000000000000  0.000000000000000  0.075624630576206  0.056133273305246  0.120574773073017  0.015113692650218  0.151249261152412  0.000000000000000  0.009725579963923  1.000000000000000  0.000000000000000  0.000000000000000  0.000000000000000  0.000000000000000  0.000000000000000  0.000000000000000  0.016322433794754  1.000000000000000  1.000000000000000 
113.0    L  0.170991912987811  0.000000000000000  0.000000000000000  0.000000000000000  0.000000000000000  0.000000000000000  0.000000000000000  0.068203992315933  0.008844522672740  0.418703243754213  0.054749894691695  0.039172906888772  0.000000000000000  0.078781461973937  0.012182888165802  0.006146581604325  0.000000000000000  0.142299253634360  0.000000000000000  0.000000000000000  1.000000000000000  0.000000000000000  0.000000000000000  0.000000000000000  0.000000000000000  0.000000000000000  0.000000000000000  0.016322433794754  1.000000000000000  1.000000000000000 
114.0    Q  0.008844522672740  0.000000000000000  0.039145763707004  0.544876056106664  0.000000000000000  0.012464769372016  0.000000000000000  0.000000000000000  0.012132326171891  0.025312608551001  0.000000000000000  0.037008487870426  0.000000000000000  0.086449414313185  0.088510964888409  0.000000000000000  0.145289263439765  0.000000000000000  0.000000000000000  0.000000000000000  0.962594443101751  0.000000000000000  0.037473122305972  0.000000000000000  0.000000000000000  0.000000000000000  0.000000000000000  0.016322433794754  1.000000000000000  1.000000000000000 
115.0    Q  0.067498534989555  0.000000000000000  0.145490816800267  0.263340258988709  0.000000000000000  0.066661611301985  0.000000000000000  0.000000000000000  0.121497623497669  0.014427848605147  0.000000000000000  0.012735505193791  0.051653144884638  0.121750533567905  0.024214247842474  0.045468146363586  0.055668306287918  0.009718841041394  0.000000000000000  0.000000000000000  1.000000000000000  0.000000000000000  0.000000000000000  0.000000000000000  0.000000000000000  0.000000000000000  1.000000000000000  0.017506081471784  1.000000000000000  0.479299719246488 
116.0    K  0.072795849154279  0.000000000000000  0.000000000000000  0.076309157041821  0.000000000000000  0.000000000000000  0.000000000000000  0.000000000000000  0.505926600513464  0.000000000000000  0.000000000000000  0.023324662239015  0.000000000000000  0.105623298051564  0.178872065002864  0.023930593704600  0.013322420183874  0.000000000000000  0.000000000000000  0.000000000000000  1.000000000000000  0.000000000000000  0.000000000000000  0.000000000000000  0.000000000000000  0.000000000000000  1.000000000000000  0.017506081471784  1.000000000000000  0.479299719246488 
117.0    L  0.053660339777360  0.012508043916505  0.000000000000000  0.017701310707747  0.024723040662045  0.000000000000000  0.006721504926652  0.080604265665993  0.068345966092790  0.430176315305720  0.022219959540426  0.104169150894902  0.000000000000000  0.009093176050017  0.058720171825876  0.031401994388243  0.008930768245422  0.058395459180199  0.000000000000000  0.012735505193791  1.000000000000000  0.000000000000000  0.000000000000000  0.000000000000000  0.000000000000000  0.000000000000000  1.000000000000000  0.017506081471784  1.000000000000000  0.479299719246488 
118.0    S  0.071495685825238  0.000000000000000  0.036196650193583  0.058638824781292  0.000000000000000  0.020890632740705  0.000000000000000  0.025844480263852  0.122173220801351  0.000000000000000  0.000000000000000  0.096455010941183  0.000000000000000  0.138600080450384  0.272815969263734  0.060833085884890  0.069540632536552  0.013331657783001  0.000000000000000  0.013166356710987  1.000000000000000  0.000000000000000  0.000000000000000  0.000000000000000  0.000000000000000  1.000000000000000  0.000000000000000  0.017506081471784  1.000000000000000  0.479299719246488 
119.0    D  0.120658378108970  0.000000000000000  0.073760896458513  0.110185019738396  0.000000000000000  0.021657341963288  0.008525499039492  0.012259126529637  0.207186226121998  0.056172195413189  0.018998113799736  0.037812315288103  0.000000000000000  0.103377921055408  0.137833645383614  0.022035905632569  0.053846634982001  0.015700997194122  0.000000000000000  0.000000000000000  1.000000000000000  0.000000000000000  0.000000000000000  0.000000000000000  0.000000000000000  0.000000000000000  0.000000000000000  0.016322433794754  1.000000000000000  1.000000000000000 
120.0    L  0.111800612722826  0.011025592526630  0.000000000000000  0.000000000000000  0.000000000000000  0.000000000000000  0.000000000000000  0.046746429948825  0.013811367672870  0.557483109363849  0.052156830072213  0.000000000000000  0.000000000000000  0.000000000000000  0.012438876543418  0.000000000000000  0.096455010941183  0.087777804733625  0.000000000000000  0.010180837104401  1.000000000000000  0.000000000000000  0.000000000000000  0.000000000000000  0.000000000000000  0.000000000000000  0.000000000000000  0.016322433794754  1.000000000000000  1.000000000000000 
121.0    K  0.000000000000000  0.000000000000000  0.036347501298370  0.312732270028317  0.000000000000000  0.000000000000000  0.011187255790634  0.027035521580781  0.120742041115606  0.037447156916857  0.000000000000000  0.000000000000000  0.000000000000000  0.255076164812114  0.048127323389754  0.028027754989438  0.085673925311231  0.037473122305972  0.000000000000000  0.000000000000000  1.000000000000000  0.000000000000000  0.000000000000000  0.000000000000000  0.000000000000000  0.000000000000000  0.000000000000000  0.016322433794754  1.000000000000000  1.000000000000000 
122.0    K  0.172898828626371  0.000000000000000  0.121919432690955  0.168287508659598  0.011187255790634  0.013592927386073  0.008881382603406  0.000000000000000  0.135559676105383  0.025190088484155  0.011025592526630  0.053326631132004  0.000000000000000  0.069685388670481  0.050310383601320  0.114228931278675  0.027814866664141  0.016075417310837  0.000000000000000  0.000000000000000  1.000000000000000  0.000000000000000  0.000000000000000  0.000000000000000  0.000000000000000  0.000000000000000  0.000000000000000  0.016322433794754  1.000000000000000  1.000000000000000 
123.0    E  0.000000000000000  0.000000000000000  0.183900843231967  0.801625329399394  0.000000000000000  0.000000000000000  0.000000000000000  0.000000000000000  0.000000000000000  0.000000000000000  0.000000000000000  0.000000000000000  0.000000000000000  0.014608987464866  0.000000000000000  0.000000000000000  0.000000000000000  0.000000000000000  0.000000000000000  0.000000000000000  1.000000000000000  0.000000000000000  0.000000000000000  0.000000000000000  0.000000000000000  0.000000000000000  0.000000000000000  0.016322433794754  1.000000000000000  1.000000000000000 
124.0    H  0.086449414313185  0.000000000000000  0.000000000000000  0.000000000000000  0.000000000000000  0.020011872833278  0.048428495684948  0.000000000000000  0.000000000000000  0.000000000000000  0.000000000000000  0.621574834451970  0.000000000000000  0.000000000000000  0.171347850622463  0.000000000000000  0.000000000000000  0.000000000000000  0.000000000000000  0.052012420919470  1.000000000000000  0.000000000000000  0.000000000000000  0.000000000000000  0.000000000000000  0.000000000000000  0.000000000000000  0.016322433794754  1.000000000000000  1.000000000000000 
125.0    S  0.095193046231454  0.000000000000000  0.209206560670848  0.059870951138919  0.039527485698561  0.007174032517976  0.000000000000000  0.056719947207323  0.112111019957752  0.014874654820274  0.000000000000000  0.083910781423766  0.000000000000000  0.083446768955994  0.155393708612992  0.038446604523473  0.030311309698179  0.013859317268002  0.000000000000000  0.000000000000000  1.000000000000000  0.000000000000000  0.000000000000000  0.000000000000000  0.000000000000000  0.000000000000000  0.000000000000000  0.016322433794754  1.000000000000000  1.000000000000000 
126.0    Q  0.018236845340914  0.008350046806336  0.112656307826354  0.179493063827929  0.000000000000000  0.013239569296033  0.046262915562502  0.000000000000000  0.124826833262629  0.000000000000000  0.054978067245152  0.067265007798987  0.000000000000000  0.170282254330061  0.112344390826379  0.034963659407366  0.036121459579837  0.014608987464866  0.000000000000000  0.006537705020964  1.000000000000000  0.000000000000000  0.000000000000000  0.000000000000000  0.000000000000000  0.000000000000000  0.000000000000000  0.016322433794754  1.000000000000000  1.000000000000000 
127.0    L  0.000000000000000  0.062197482613755  0.000000000000000  0.000000000000000  0.045499673406221  0.000000000000000  0.000000000000000  0.008813922948879  0.000000000000000  0.821310700752066  0.009220112057314  0.000000000000000  0.000000000000000  0.000000000000000  0.000000000000000  0.000000000000000  0.000000000000000  0.015484836926001  0.000000000000000  0.037473122305972  1.000000000000000  0.000000000000000  0.000000000000000  0.000000000000000  0.000000000000000  0.000000000000000  0.000000000000000  0.016322433794754  1.000000000000000  1.000000000000000 
128.0    V  0.000000000000000  0.000000000000000  0.000000000000000  0.000000000000000  0.000000000000000  0.000000000000000  0.000000000000000  0.168637816792462  0.000000000000000  0.370616752450709  0.025952188252840  0.000000000000000  0.000000000000000  0.000000000000000  0.015145153389610  0.000000000000000  0.022624033943431  0.396941965465826  0.000000000000000  0.000000000000000  1.000000000000000  0.000000000000000  0.000000000000000  0.000000000000000  0.000000000000000  0.000000000000000  0.000000000000000  0.016322433794754  1.000000000000000  1.000000000000000 
129.0    A  0.050555084272609  0.000000000000000  0.187245116803023  0.247414164103802  0.000000000000000  0.010768790257622  0.012132326171891  0.000000000000000  0.086629367853151  0.000000000000000  0.000000000000000  0.100133734698703  0.000000000000000  0.127008767874213  0.091062444618626  0.030437633391976  0.050660319992832  0.005798920197770  0.000000000000000  0.000000000000000  1.000000000000000  0.000000000000000  0.000000000000000  0.000000000000000  0.000000000000000  0.000000000000000  0.000000000000000  0.016322433794754  1.000000000000000  1.000000000000000 
130.0    R  0.000000000000000  0.000000000000000  0.019263317585372  0.076839929203411  0.000000000000000  0.000000000000000  0.000000000000000  0.000000000000000  0.106137030805855  0.025880333166705  0.000000000000000  0.000000000000000  0.000000000000000  0.014268722656437  0.742261785314525  0.015484836926001  0.000000000000000  0.000000000000000  0.000000000000000  0.000000000000000  1.000000000000000  0.000000000000000  0.000000000000000  0.000000000000000  0.000000000000000  0.000000000000000  0.000000000000000  0.016322433794754  1.000000000000000  1.000000000000000 
131.0    W  0.000000000000000  0.000000000000000  0.000000000000000  0.000000000000000  0.022189177477241  0.000000000000000  0.000000000000000  0.125782227937223  0.000000000000000  0.278548412704833  0.000000000000000  0.000000000000000  0.000000000000000  0.000000000000000  0.000000000000000  0.000000000000000  0.000000000000000  0.077428043611494  0.483638164806966  0.012438876543418  1.000000000000000  0.000000000000000  0.000000000000000  0.000000000000000  0.000000000000000  0.000000000000000  0.000000000000000  0.016322433794754  1.000000000000000  1.000000000000000 
132.0    L  0.000000000000000  0.000000000000000  0.000000000000000  0.000000000000000  0.000000000000000  0.000000000000000  0.000000000000000  0.091759414752131  0.099580012035698  0.199990032083188  0.425431864753270  0.000000000000000  0.000000000000000  0.000000000000000  0.085023178275372  0.000000000000000  0.000000000000000  0.098209064583448  0.000000000000000  0.000000000000000  1.000000000000000  0.000000000000000  0.000000000000000  0.000000000000000  0.000000000000000  0.000000000000000  0.000000000000000  0.016322433794754  1.000000000000000  1.000000000000000 
133.0    K  0.164367845025634  0.000000000000000  0.151354135493819  0.156908998910330  0.000000000000000  0.000000000000000  0.000000000000000  0.000000000000000  0.129857387912208  0.066615421004246  0.015474107373954  0.007562086147607  0.000000000000000  0.113833729198997  0.068251284109103  0.000000000000000  0.125695072549809  0.000000000000000  0.000000000000000  0.000000000000000  1.000000000000000  0.000000000000000  0.000000000000000  0.000000000000000  0.000000000000000  0.000000000000000  0.000000000000000  0.016322433794754  1.000000000000000  1.000000000000000 
134.0    K  0.108442335894008  0.015484836926001  0.007812500000000  0.049549008538143  0.019873640730368  0.000000000000000  0.000000000000000  0.000000000000000  0.170518479359919  0.170636714735646  0.015145153389610  0.000000000000000  0.000000000000000  0.087777804733625  0.208049683677881  0.025755065154789  0.000000000000000  0.020011872833278  0.000000000000000  0.100970097201201  1.000000000000000  0.000000000000000  0.000000000000000  0.000000000000000  0.000000000000000  0.000000000000000  0.000000000000000  0.016322433794754  1.000000000000000  1.000000000000000 
135.0    T  0.055475708579344  0.000000000000000  0.000000000000000  0.000000000000000  0.000000000000000  0.000000000000000  0.000000000000000  0.000000000000000  0.519429551648832  0.000000000000000  0.121581868426536  0.074016975740852  0.000000000000000  0.068251284109103  0.038473262917029  0.000000000000000  0.011565728890625  0.111105335145821  0.000000000000000  0.000000000000000  1.000000000000000  0.000000000000000  0.000000000000000  0.000000000000000  0.000000000000000  0.000000000000000  0.000000000000000  0.016322433794754  1.000000000000000  1.000000000000000 
136.0    E  0.151774360549381  0.000000000000000  0.028419007868773  0.249480679749763  0.000000000000000  0.115903818304433  0.017861536490844  0.000000000000000  0.016515906883772  0.013239569296033  0.100272645794061  0.053068515402927  0.000000000000000  0.107246316303586  0.012464769372016  0.110797712399358  0.023035456520173  0.000000000000000  0.000000000000000  0.000000000000000  1.000000000000000  0.000000000000000  0.000000000000000  0.000000000000000  0.000000000000000  0.000000000000000  0.000000000000000  0.016322433794754  1.000000000000000  1.000000000000000 
137.0    K  0.060664654360597  0.000000000000000  0.009080578964985  0.125607977552973  0.000000000000000  0.013592927386073  0.011187255790634  0.000000000000000  0.215386539928004  0.006146581604325  0.000000000000000  0.000000000000000  0.000000000000000  0.186985719795299  0.174948233199399  0.024501264189867  0.136030305208850  0.035946621667206  0.000000000000000  0.000000000000000  1.000000000000000  0.000000000000000  0.000000000000000  0.000000000000000  0.000000000000000  0.000000000000000  0.000000000000000  0.016322433794754  1.000000000000000  1.000000000000000 
138.0    E  0.068964608752622  0.000000000000000  0.217788548035564  0.435275281648062  0.000000000000000  0.000000000000000  0.012985091587401  0.038606832410217  0.000000000000000  0.015484836926001  0.024147204676500  0.000000000000000  0.000000000000000  0.026737344552581  0.054674047806614  0.039527485698561  0.018211581220852  0.047431851655439  0.000000000000000  0.000000000000000  1.000000000000000  0.000000000000000  0.000000000000000  0.000000000000000  0.000000000000000  0.000000000000000  0.000000000000000  0.016322433794754  1.000000000000000  1.000000000000000 
139.0    T  0.801625329399394  0.000000000000000  0.000000000000000  0.028735938942239  0.000000000000000  0.000000000000000  0.000000000000000  0.048361406048200  0.000000000000000  0.000000000000000  0.000000000000000  0.000000000000000  0.000000000000000  0.000000000000000  0.000000000000000  0.000000000000000  0.024013674707625  0.097530685021713  0.000000000000000  0.000000000000000  1.000000000000000  0.000000000000000  0.000000000000000  0.000000000000000  0.000000000000000  0.000000000000000  0.000000000000000  0.016322433794754  1.000000000000000  1.000000000000000 
140.0    E  0.048968574184334  0.018697640050480  0.239649859623244  0.401368694357977  0.000000000000000  0.000000000000000  0.024147204676500  0.000000000000000  0.025683755852964  0.006848482197782  0.000000000000000  0.062716984281844  0.000000000000000  0.059375023929680  0.057154068093744  0.035329080222643  0.013239569296033  0.006834255975827  0.000000000000000  0.000000000000000  0.900625979847929  0.000000000000000  0.099649059567567  0.000000000000000  0.000000000000000  0.000000000000000  0.000000000000000  0.016322433794754  1.000000000000000  1.000000000000000 
141.0    A  0.157017797642941  0.000000000000000  0.022923958502614  0.081052472165688  0.041781265481410  0.000000000000000  0.019627224705368  0.051653144884638  0.190122344155126  0.087413505171154  0.000000000000000  0.000000000000000  0.000000000000000  0.010957025395644  0.197100043514070  0.029564301460175  0.018274807250812  0.068630800861691  0.013470992890900  0.010488847677971  1.000000000000000  0.000000000000000  0.000000000000000  1.000000000000000  0.000000000000000  1.000000000000000  0.000000000000000  0.021196942616370  0.435879119768531  0.435879119768531 
142.0    M  0.000000000000000  0.000000000000000  0.000000000000000  0.013859317268002  0.024281477149502  0.000000000000000  0.000000000000000  0.000000000000000  0.028855697210294  0.282632641781148  0.463936738235641  0.000000000000000  0.000000000000000  0.119991157629863  0.049446081324091  0.000000000000000  0.000000000000000  0.017122058850745  0.000000000000000  0.000000000000000  1.000000000000000  0.000000000000000  0.000000000000000  0.000000000000000  0.000000000000000  0.000000000000000  0.000000000000000  0.016220926102235  1.000000000000000  1.000000000000000 
143.0    N  0.000000000000000  0.000000000000000  0.019397304555096  0.042926132294676  0.000000000000000  0.000000000000000  0.018249490540830  0.000000000000000  0.000000000000000  0.000000000000000  0.000000000000000  0.900001929793512  0.000000000000000  0.000000000000000  0.000000000000000  0.000000000000000  0.000000000000000  0.000000000000000  0.000000000000000  0.019303416205108  1.000000000000000  0.000000000000000  0.000000000000000  0.000000000000000  0.000000000000000  0.000000000000000  0.000000000000000  0.016220926102235  1.000000000000000  1.000000000000000 
144.0    S  0.143786486668826  0.000000000000000  0.107246316303586  0.277777182163773  0.011589804170634  0.000000000000000  0.000000000000000  0.033585911651734  0.127803566326240  0.115823507736296  0.008519591661447  0.000000000000000  0.000000000000000  0.020717590004667  0.057352492644460  0.047728671811272  0.028027754989438  0.000000000000000  0.000000000000000  0.020081349022959  1.000000000000000  0.000000000000000  0.000000000000000  0.000000000000000  0.000000000000000  0.000000000000000  0.000000000000000  0.016220926102235  1.000000000000000  1.000000000000000 
145.0    E  0.312732270028317  0.000000000000000  0.015942260300757  0.337041932934264  0.000000000000000  0.011727180449331  0.000000000000000  0.121919432690955  0.013602352551502  0.014427848605147  0.000000000000000  0.018893057434896  0.000000000000000  0.042600081477578  0.086030975099419  0.000000000000000  0.025295069267107  0.000000000000000  0.000000000000000  0.000000000000000  1.000000000000000  0.000000000000000  0.000000000000000  0.000000000000000  0.000000000000000  0.000000000000000  0.000000000000000  0.016792955825867  1.000000000000000  1.000000000000000 
146.0    I  0.000000000000000  0.000000000000000  0.000000000000000  0.000000000000000  0.016515906883772  0.000000000000000  0.000000000000000  0.063065727115293  0.000000000000000  0.164824201811546  0.000000000000000  0.606676780124346  0.000000000000000  0.000000000000000  0.000000000000000  0.000000000000000  0.018517074545962  0.097193254485320  0.000000000000000  0.033123524481165  1.000000000000000  0.000000000000000  0.000000000000000  0.000000000000000  0.000000000000000  0.000000000000000  0.000000000000000  0.013859317268002  1.000000000000000  1.000000000000000 
147.0    D  0.244685412599359  0.000000000000000  0.264071406337964  0.373194595824238  0.000000000000000  0.025630403474898  0.000000000000000  0.000000000000000  0.000000000000000  0.000000000000000  0.000000000000000  0.000000000000000  0.000000000000000  0.043676467870346  0.000000000000000  0.000000000000000  0.022797192878753  0.025844480263852  0.000000000000000  0.000000000000000  1.000000000000000  0.000000000000000  0.000000000000000  0.000000000000000  0.000000000000000  0.000000000000000  0.000000000000000  0.015250496262129  1.000000000000000  1.000000000000000 
148.0    G  0.000000000000000  0.000000000000000  0.000000000000000  0.000000000000000  0.000000000000000  0.057273040292209  0.057631444869539  0.045657636829552  0.172659306017982  0.165511113799425  0.031185084968720  0.102025380768863  0.000000000000000  0.032329611922466  0.213898756420651  0.044873265956982  0.000000000000000  0.076999879590360  0.000000000000000  0.000000000000000  1.000000000000000  0.000000000000000  0.000000000000000  0.000000000000000  0.000000000000000  0.000000000000000  0.000000000000000  0.031315050158739  1.000000000000000  1.000000000000000 
149.0    T  0.000000000000000  0.000000000000000  0.000000000000000  0.000000000000000  0.000000000000000  0.000000000000000  0.000000000000000  0.000000000000000  0.000000000000000  0.000000000000000  0.000000000000000  0.000000000000000  0.000000000000000  0.000000000000000  0.000000000000000  0.000000000000000  1.000000000000000  0.000000000000000  0.000000000000000  0.000000000000000  1.000000000000000  0.000000000000000  0.000000000000000  0.000000000000000  0.000000000000000  0.000000000000000  0.000000000000000  0.500000000000000  1.000000000000000  1.000000000000000 
150.0    K  0.000000000000000  0.000000000000000  0.000000000000000  0.000000000000000  0.000000000000000  0.000000000000000  0.000000000000000  0.000000000000000  1.000000000000000  0.000000000000000  0.000000000000000  0.000000000000000  0.000000000000000  0.000000000000000  0.000000000000000  0.000000000000000  0.000000000000000  0.000000000000000  0.000000000000000  0.000000000000000  1.000000000000000  0.000000000000000  0.000000000000000  1.000000000000000  0.000000000000000  0.000000000000000  0.000000000000000  0.500000000000000  1.000000000000000  1.000000000000000 
