No:  residues  hmm_col_1  hmm_col_2  hmm_col_3  hmm_col_4  hmm_col_5  hmm_col_6  hmm_col_7  hmm_col_8  hmm_col_9  hmm_col_10  hmm_col_11  hmm_col_12  hmm_col_13  hmm_col_14  hmm_col_15  hmm_col_16  hmm_col_17  hmm_col_18  hmm_col_19  hmm_col_20  hmm_col_21   hmm_col_22   hmm_col_23   hmm_col_24   hmm_col_25   hmm_col_26   hmm_col_27   hmm_col_28   hmm_col_29   hmm_col_30   
1.0    M  0.000000000000000  0.000000000000000  0.000000000000000  0.000000000000000  0.000000000000000  0.000000000000000  0.000000000000000  0.000000000000000  0.000000000000000  0.000000000000000  1.000000000000000  0.000000000000000  0.000000000000000  0.000000000000000  0.000000000000000  0.000000000000000  0.000000000000000  0.000000000000000  0.000000000000000  0.000000000000000  1.000000000000000  0.000000000000000  0.000000000000000  0.000000000000000  0.000000000000000  0.000000000000000  0.000000000000000  0.290780010386963  1.000000000000000  1.000000000000000 
2.0    E  0.000000000000000  0.000000000000000  0.000000000000000  0.961260928388761  0.000000000000000  0.038553349056547  0.000000000000000  0.000000000000000  0.000000000000000  0.000000000000000  0.000000000000000  0.000000000000000  0.000000000000000  0.000000000000000  0.000000000000000  0.000000000000000  0.000000000000000  0.000000000000000  0.000000000000000  0.000000000000000  1.000000000000000  0.000000000000000  0.000000000000000  0.000000000000000  0.000000000000000  0.000000000000000  0.000000000000000  0.290780010386963  1.000000000000000  1.000000000000000 
3.0    T  0.000000000000000  0.000000000000000  0.000000000000000  0.000000000000000  0.000000000000000  0.000000000000000  0.000000000000000  0.276241121199978  0.000000000000000  0.000000000000000  0.000000000000000  0.000000000000000  0.000000000000000  0.000000000000000  0.000000000000000  0.000000000000000  0.723969086189780  0.000000000000000  0.000000000000000  0.000000000000000  1.000000000000000  0.000000000000000  0.000000000000000  0.000000000000000  0.000000000000000  0.000000000000000  0.000000000000000  0.290780010386963  1.000000000000000  1.000000000000000 
4.0    P  0.000000000000000  0.000000000000000  0.000000000000000  0.000000000000000  0.000000000000000  0.000000000000000  0.036271997324491  0.000000000000000  0.000000000000000  0.000000000000000  0.000000000000000  0.000000000000000  0.963929807740643  0.000000000000000  0.000000000000000  0.000000000000000  0.000000000000000  0.000000000000000  0.000000000000000  0.000000000000000  1.000000000000000  0.000000000000000  0.000000000000000  0.000000000000000  0.000000000000000  0.000000000000000  0.000000000000000  0.290780010386963  1.000000000000000  1.000000000000000 
5.0    L  0.000000000000000  0.000000000000000  0.000000000000000  0.000000000000000  0.000000000000000  0.000000000000000  0.000000000000000  0.000000000000000  0.000000000000000  0.875998315067126  0.000000000000000  0.000000000000000  0.000000000000000  0.000000000000000  0.000000000000000  0.123878695408010  0.000000000000000  0.000000000000000  0.000000000000000  0.000000000000000  1.000000000000000  0.000000000000000  0.000000000000000  0.000000000000000  0.000000000000000  0.000000000000000  0.000000000000000  0.290780010386963  1.000000000000000  1.000000000000000 
6.0    R  0.000000000000000  0.000000000000000  0.000000000000000  0.000000000000000  0.000000000000000  0.000000000000000  0.000000000000000  0.000000000000000  0.685391402489852  0.000000000000000  0.000000000000000  0.000000000000000  0.000000000000000  0.223601225445651  0.091062444618626  0.000000000000000  0.000000000000000  0.000000000000000  0.000000000000000  0.000000000000000  1.000000000000000  0.000000000000000  0.000000000000000  0.000000000000000  0.000000000000000  0.000000000000000  0.000000000000000  0.290780010386963  1.000000000000000  1.000000000000000 
7.0    E  0.345797657252741  0.000000000000000  0.000000000000000  0.579547975952228  0.000000000000000  0.034339194299277  0.000000000000000  0.000000000000000  0.000000000000000  0.000000000000000  0.000000000000000  0.000000000000000  0.000000000000000  0.000000000000000  0.000000000000000  0.000000000000000  0.000000000000000  0.040442051702589  0.000000000000000  0.000000000000000  1.000000000000000  0.000000000000000  0.000000000000000  0.000000000000000  0.000000000000000  0.000000000000000  0.000000000000000  0.290780010386963  1.000000000000000  1.000000000000000 
8.0    Q  0.000000000000000  0.000000000000000  0.000000000000000  0.000000000000000  0.000000000000000  0.000000000000000  0.000000000000000  0.000000000000000  0.000000000000000  0.000000000000000  0.000000000000000  0.000000000000000  0.478967609111348  0.521232880420561  0.000000000000000  0.000000000000000  0.000000000000000  0.000000000000000  0.000000000000000  0.000000000000000  1.000000000000000  0.000000000000000  0.000000000000000  0.000000000000000  0.000000000000000  0.000000000000000  0.000000000000000  0.290780010386963  1.000000000000000  1.000000000000000 
9.0    E  0.000000000000000  0.000000000000000  0.000000000000000  0.925304428037852  0.000000000000000  0.074894313833714  0.000000000000000  0.000000000000000  0.000000000000000  0.000000000000000  0.000000000000000  0.000000000000000  0.000000000000000  0.000000000000000  0.000000000000000  0.000000000000000  0.000000000000000  0.000000000000000  0.000000000000000  0.000000000000000  1.000000000000000  0.000000000000000  0.000000000000000  0.000000000000000  0.000000000000000  0.000000000000000  0.000000000000000  0.290780010386963  1.000000000000000  1.000000000000000 
10.0    N  0.000000000000000  0.000000000000000  0.000000000000000  0.020832791829550  0.000000000000000  0.034315400430845  0.000000000000000  0.000000000000000  0.000000000000000  0.000000000000000  0.000000000000000  0.324209888662752  0.000000000000000  0.000000000000000  0.000000000000000  0.620713745763056  0.000000000000000  0.000000000000000  0.000000000000000  0.000000000000000  1.000000000000000  0.000000000000000  0.000000000000000  0.000000000000000  0.000000000000000  0.000000000000000  0.000000000000000  0.290175978595930  1.000000000000000  1.000000000000000 
11.0    S  0.000000000000000  0.000000000000000  0.000000000000000  0.000000000000000  0.000000000000000  0.000000000000000  0.000000000000000  0.000000000000000  0.000000000000000  0.020832791829550  0.000000000000000  0.000000000000000  0.000000000000000  0.000000000000000  0.000000000000000  0.979420297586927  0.000000000000000  0.000000000000000  0.000000000000000  0.000000000000000  1.000000000000000  0.000000000000000  0.000000000000000  0.000000000000000  0.000000000000000  0.000000000000000  0.000000000000000  0.290175978595930  1.000000000000000  1.000000000000000 
12.0    L  0.000000000000000  0.000000000000000  0.000000000000000  0.000000000000000  0.000000000000000  0.000000000000000  0.000000000000000  0.024197469620413  0.000000000000000  0.736113431084089  0.000000000000000  0.000000000000000  0.000000000000000  0.000000000000000  0.000000000000000  0.026830169888680  0.212715932376635  0.000000000000000  0.000000000000000  0.000000000000000  1.000000000000000  0.000000000000000  0.000000000000000  0.000000000000000  0.000000000000000  0.000000000000000  0.000000000000000  0.232935107326193  1.000000000000000  1.000000000000000 
13.0    E  0.000000000000000  0.000000000000000  0.000000000000000  0.250173346865645  0.000000000000000  0.313166109656032  0.000000000000000  0.000000000000000  0.241484082231211  0.000000000000000  0.075834597515543  0.032712821311705  0.000000000000000  0.000000000000000  0.086749544938474  0.000000000000000  0.000000000000000  0.000000000000000  0.000000000000000  0.000000000000000  1.000000000000000  0.000000000000000  0.000000000000000  0.000000000000000  0.000000000000000  0.000000000000000  0.000000000000000  0.232935107326193  1.000000000000000  1.000000000000000 
14.0    S  0.000000000000000  0.000000000000000  0.000000000000000  0.000000000000000  0.099511012347347  0.000000000000000  0.000000000000000  0.000000000000000  0.000000000000000  0.000000000000000  0.000000000000000  0.000000000000000  0.052410511527558  0.000000000000000  0.000000000000000  0.713012858682070  0.000000000000000  0.000000000000000  0.000000000000000  0.134903529563053  1.000000000000000  0.000000000000000  0.000000000000000  0.000000000000000  0.000000000000000  0.000000000000000  0.000000000000000  0.232935107326193  1.000000000000000  1.000000000000000 
15.0    S  0.000000000000000  0.302708270987638  0.000000000000000  0.000000000000000  0.077804639711386  0.000000000000000  0.000000000000000  0.000000000000000  0.000000000000000  0.000000000000000  0.000000000000000  0.000000000000000  0.000000000000000  0.000000000000000  0.000000000000000  0.282436803642531  0.000000000000000  0.000000000000000  0.000000000000000  0.337275633584925  1.000000000000000  0.000000000000000  0.000000000000000  0.000000000000000  0.000000000000000  0.000000000000000  0.000000000000000  0.232935107326193  1.000000000000000  1.000000000000000 
16.0    N  0.000000000000000  0.000000000000000  0.000000000000000  0.000000000000000  0.000000000000000  0.000000000000000  0.000000000000000  0.000000000000000  0.288171586699716  0.000000000000000  0.000000000000000  0.475659138165900  0.000000000000000  0.000000000000000  0.098618355106558  0.137738139484576  0.000000000000000  0.000000000000000  0.000000000000000  0.000000000000000  1.000000000000000  0.000000000000000  0.000000000000000  0.000000000000000  0.000000000000000  0.000000000000000  0.000000000000000  0.232935107326193  1.000000000000000  1.000000000000000 
17.0    E  0.000000000000000  0.000000000000000  0.000000000000000  0.967276329613932  0.000000000000000  0.032712821311705  0.000000000000000  0.000000000000000  0.000000000000000  0.000000000000000  0.000000000000000  0.000000000000000  0.000000000000000  0.000000000000000  0.000000000000000  0.000000000000000  0.000000000000000  0.000000000000000  0.000000000000000  0.000000000000000  1.000000000000000  0.000000000000000  0.000000000000000  0.000000000000000  0.000000000000000  0.000000000000000  0.000000000000000  0.232935107326193  1.000000000000000  1.000000000000000 
18.0    R  0.000000000000000  0.000000000000000  0.077804639711386  0.000000000000000  0.000000000000000  0.134903529563053  0.109045338221345  0.000000000000000  0.000000000000000  0.049104532291724  0.000000000000000  0.000000000000000  0.484980955170867  0.024501264189867  0.119741902277837  0.000000000000000  0.000000000000000  0.000000000000000  0.000000000000000  0.000000000000000  1.000000000000000  0.000000000000000  0.000000000000000  0.000000000000000  0.000000000000000  0.000000000000000  0.000000000000000  0.232935107326193  1.000000000000000  1.000000000000000 
19.0    S  0.000000000000000  0.000000000000000  0.000000000000000  0.000000000000000  0.084027187134539  0.000000000000000  0.000000000000000  0.000000000000000  0.000000000000000  0.000000000000000  0.000000000000000  0.000000000000000  0.000000000000000  0.000000000000000  0.000000000000000  0.837987134667949  0.000000000000000  0.000000000000000  0.000000000000000  0.077804639711386  1.000000000000000  0.000000000000000  0.000000000000000  0.000000000000000  0.000000000000000  0.000000000000000  0.000000000000000  0.232935107326193  1.000000000000000  1.000000000000000 
20.0    S  0.000000000000000  0.000000000000000  0.000000000000000  0.000000000000000  0.000000000000000  0.000000000000000  0.000000000000000  0.077804639711386  0.000000000000000  0.031077192771038  0.000000000000000  0.000000000000000  0.028935813203979  0.000000000000000  0.000000000000000  0.862143545017596  0.000000000000000  0.000000000000000  0.000000000000000  0.000000000000000  1.000000000000000  0.000000000000000  0.000000000000000  0.000000000000000  0.000000000000000  0.000000000000000  0.000000000000000  0.232935107326193  1.000000000000000  1.000000000000000 
21.0    C  0.000000000000000  0.456282744271726  0.000000000000000  0.000000000000000  0.000000000000000  0.000000000000000  0.109499789383391  0.000000000000000  0.000000000000000  0.000000000000000  0.000000000000000  0.000000000000000  0.000000000000000  0.000000000000000  0.087777804733625  0.244346441602701  0.000000000000000  0.000000000000000  0.000000000000000  0.102166916061035  1.000000000000000  0.000000000000000  0.000000000000000  0.000000000000000  0.000000000000000  0.000000000000000  0.000000000000000  0.232935107326193  1.000000000000000  1.000000000000000 
22.0    I  0.000000000000000  0.000000000000000  0.000000000000000  0.000000000000000  0.000000000000000  0.000000000000000  0.000000000000000  0.118750047859361  0.000000000000000  0.000000000000000  0.000000000000000  0.000000000000000  0.000000000000000  0.000000000000000  0.000000000000000  0.000000000000000  0.881480157907170  0.000000000000000  0.000000000000000  0.000000000000000  1.000000000000000  0.000000000000000  0.000000000000000  0.000000000000000  0.000000000000000  0.000000000000000  0.000000000000000  0.232935107326193  1.000000000000000  1.000000000000000 
23.0    S  0.000000000000000  0.000000000000000  0.000000000000000  0.000000000000000  0.049104532291724  0.000000000000000  0.000000000000000  0.000000000000000  0.000000000000000  0.065199287095616  0.000000000000000  0.000000000000000  0.000000000000000  0.000000000000000  0.000000000000000  0.885767519102361  0.000000000000000  0.000000000000000  0.000000000000000  0.000000000000000  1.000000000000000  0.000000000000000  0.000000000000000  0.000000000000000  0.000000000000000  0.000000000000000  0.000000000000000  0.232935107326193  1.000000000000000  1.000000000000000 
24.0    E  0.000000000000000  0.000000000000000  0.000000000000000  0.705637921704346  0.000000000000000  0.081164912670618  0.000000000000000  0.000000000000000  0.000000000000000  0.000000000000000  0.000000000000000  0.000000000000000  0.135371880690741  0.000000000000000  0.000000000000000  0.000000000000000  0.000000000000000  0.000000000000000  0.000000000000000  0.077804639711386  0.964598184584138  0.000000000000000  0.035231262879544  0.000000000000000  0.000000000000000  0.000000000000000  0.000000000000000  0.224688781652757  1.000000000000000  1.000000000000000 
25.0    A  0.085733330536912  0.000000000000000  0.000000000000000  0.096455010941183  0.000000000000000  0.037786114869793  0.000000000000000  0.000000000000000  0.173378871141423  0.000000000000000  0.223291463088190  0.000000000000000  0.031620412532092  0.226251615720726  0.064973714698455  0.000000000000000  0.000000000000000  0.037395280100960  0.023115429832013  0.000000000000000  1.000000000000000  0.000000000000000  0.000000000000000  0.000000000000000  0.000000000000000  0.000000000000000  1.000000000000000  0.204050761537725  1.000000000000000  0.495514781632040 
26.0    D  0.000000000000000  0.000000000000000  0.679714120953369  0.023732370153352  0.000000000000000  0.139274206352417  0.000000000000000  0.000000000000000  0.000000000000000  0.000000000000000  0.000000000000000  0.000000000000000  0.000000000000000  0.026296233821418  0.000000000000000  0.000000000000000  0.023864335905636  0.107246316303586  0.000000000000000  0.000000000000000  0.974004268543241  0.000000000000000  0.026296233821418  0.000000000000000  0.000000000000000  0.000000000000000  1.000000000000000  0.159651719899424  1.000000000000000  0.495514781632040 
27.0    A  0.284993318173365  0.000000000000000  0.000000000000000  0.000000000000000  0.000000000000000  0.049446081324091  0.000000000000000  0.000000000000000  0.000000000000000  0.000000000000000  0.000000000000000  0.000000000000000  0.000000000000000  0.000000000000000  0.000000000000000  0.000000000000000  0.000000000000000  0.665725806618185  0.000000000000000  0.000000000000000  1.000000000000000  0.000000000000000  0.000000000000000  0.000000000000000  0.000000000000000  0.461691155364697  0.538120062391899  0.160873655912659  1.000000000000000  0.491069797631696 
28.0    T  0.182883902588041  0.000000000000000  0.040134869030920  0.000000000000000  0.000000000000000  0.122173220801351  0.000000000000000  0.000000000000000  0.051474438579223  0.065289735179014  0.000000000000000  0.099098017076286  0.116709993114414  0.117929781361920  0.099649059567567  0.016042024151875  0.088695209762524  0.000000000000000  0.000000000000000  0.000000000000000  1.000000000000000  0.000000000000000  0.000000000000000  0.000000000000000  0.000000000000000  0.000000000000000  1.000000000000000  0.159651719899424  1.000000000000000  0.495514781632040 
29.0    T  0.168871760566955  0.000000000000000  0.000000000000000  0.091315273659105  0.000000000000000  0.063901783163120  0.000000000000000  0.033307710502123  0.143587294374629  0.026296233821418  0.000000000000000  0.087474116599700  0.000000000000000  0.000000000000000  0.000000000000000  0.032284824615129  0.338446569763115  0.014731008373722  0.000000000000000  0.000000000000000  1.000000000000000  0.000000000000000  0.000000000000000  0.000000000000000  0.000000000000000  0.000000000000000  1.000000000000000  0.159651719899424  1.000000000000000  0.495514781632040 
30.0    P  0.132861959294819  0.000000000000000  0.000000000000000  0.000000000000000  0.000000000000000  0.000000000000000  0.000000000000000  0.000000000000000  0.040470093714201  0.000000000000000  0.000000000000000  0.087474116599700  0.116790918360398  0.434070113800521  0.017229205672952  0.000000000000000  0.000000000000000  0.171229122495696  0.000000000000000  0.000000000000000  1.000000000000000  0.000000000000000  0.000000000000000  0.000000000000000  0.000000000000000  0.000000000000000  1.000000000000000  0.159651719899424  1.000000000000000  0.495514781632040 
31.0    E  0.042335155546418  0.000000000000000  0.053883971563600  0.292599660368647  0.000000000000000  0.407818746669505  0.000000000000000  0.000000000000000  0.127892183716804  0.000000000000000  0.000000000000000  0.026296233821418  0.000000000000000  0.000000000000000  0.000000000000000  0.000000000000000  0.000000000000000  0.049240867878084  0.000000000000000  0.000000000000000  0.872362705770759  0.127892183716804  0.000000000000000  0.066661611301985  0.933032991536807  0.000000000000000  1.000000000000000  0.159651719899424  0.465547409915115  0.495514781632040 
32.0    S  0.000000000000000  0.000000000000000  0.000000000000000  0.000000000000000  0.000000000000000  0.000000000000000  0.000000000000000  0.040470093714201  0.000000000000000  0.552482242399956  0.000000000000000  0.000000000000000  0.000000000000000  0.000000000000000  0.044470733163581  0.275094652341534  0.087474116599700  0.000000000000000  0.000000000000000  0.000000000000000  1.000000000000000  0.000000000000000  0.000000000000000  0.000000000000000  0.000000000000000  0.000000000000000  1.000000000000000  0.159651719899424  1.000000000000000  0.495514781632040 
33.0    A  0.307572836187786  0.000000000000000  0.252788020212826  0.158000387306601  0.000000000000000  0.000000000000000  0.000000000000000  0.000000000000000  0.000000000000000  0.032531924927628  0.000000000000000  0.000000000000000  0.023633874957562  0.058557590429527  0.000000000000000  0.000000000000000  0.000000000000000  0.034818551588104  0.132218870452303  0.000000000000000  1.000000000000000  0.000000000000000  0.000000000000000  0.000000000000000  0.000000000000000  0.000000000000000  1.000000000000000  0.158878961163208  1.000000000000000  0.495514781632040 
34.0    N  0.014219356626264  0.000000000000000  0.114704985288921  0.029360085912938  0.000000000000000  0.023683071351725  0.024264652343782  0.000000000000000  0.309283119671793  0.000000000000000  0.000000000000000  0.197784325296362  0.000000000000000  0.048327896090957  0.178872065002864  0.059416193826864  0.000000000000000  0.000000000000000  0.000000000000000  0.000000000000000  1.000000000000000  0.000000000000000  0.000000000000000  1.000000000000000  0.000000000000000  0.000000000000000  1.000000000000000  0.158878961163208  0.495514781632040  0.495514781632040 
35.0    L  0.014219356626264  0.000000000000000  0.000000000000000  0.089436032501432  0.000000000000000  0.042747978246953  0.000000000000000  0.032554482156507  0.079219532627152  0.109120948891720  0.000000000000000  0.000000000000000  0.041463910643661  0.508035071496851  0.043404847992660  0.000000000000000  0.023683071351725  0.015953314464175  0.000000000000000  0.000000000000000  0.969289816935065  0.000000000000000  0.030437633391976  0.000000000000000  0.000000000000000  1.000000000000000  0.000000000000000  0.158878961163208  1.000000000000000  0.495514781632040 
36.0    G  0.026941985781800  0.000000000000000  0.045091521464426  0.264804583670969  0.000000000000000  0.399149193178325  0.000000000000000  0.000000000000000  0.000000000000000  0.034315400430845  0.000000000000000  0.000000000000000  0.000000000000000  0.095921631000055  0.000000000000000  0.000000000000000  0.000000000000000  0.000000000000000  0.133693385985656  0.000000000000000  1.000000000000000  0.000000000000000  0.000000000000000  1.000000000000000  0.000000000000000  1.000000000000000  0.000000000000000  0.189333289484622  0.498270131413934  0.498270131413934 
37.0    E  0.055939066932998  0.000000000000000  0.032849153408991  0.629378586752429  0.000000000000000  0.033655824256033  0.000000000000000  0.000000000000000  0.053809324271181  0.000000000000000  0.000000000000000  0.000000000000000  0.000000000000000  0.194521294138855  0.000000000000000  0.000000000000000  0.000000000000000  0.000000000000000  0.000000000000000  0.000000000000000  0.980099415341871  0.020207014560742  0.000000000000000  0.199990032083188  0.799960128332753  0.000000000000000  0.000000000000000  0.182377543030022  0.498270131413934  1.000000000000000 
38.0    E  0.000000000000000  0.000000000000000  0.139757731370733  0.675018992561373  0.000000000000000  0.068726009332159  0.000000000000000  0.000000000000000  0.000000000000000  0.000000000000000  0.000000000000000  0.000000000000000  0.016792955825867  0.018478609378815  0.012508043916505  0.021853376292788  0.000000000000000  0.046746429948825  0.000000000000000  0.000000000000000  0.943438250895360  0.056484545421943  0.000000000000000  1.000000000000000  0.000000000000000  0.000000000000000  1.000000000000000  0.182377543030022  0.489031736723670  0.498270131413934 
39.0    I  0.000000000000000  0.000000000000000  0.000000000000000  0.000000000000000  0.000000000000000  0.000000000000000  0.000000000000000  0.455334916795989  0.000000000000000  0.318861097919636  0.000000000000000  0.000000000000000  0.000000000000000  0.000000000000000  0.000000000000000  0.000000000000000  0.225625181865607  0.000000000000000  0.000000000000000  0.000000000000000  1.000000000000000  0.000000000000000  0.000000000000000  0.000000000000000  0.000000000000000  0.000000000000000  1.000000000000000  0.182377543030022  1.000000000000000  0.498270131413934 
40.0    L  0.000000000000000  0.000000000000000  0.000000000000000  0.000000000000000  0.000000000000000  0.000000000000000  0.062413416631314  0.061853541025950  0.000000000000000  0.590496330714765  0.000000000000000  0.000000000000000  0.047596523115727  0.117603263439223  0.100203166174924  0.019627224705368  0.000000000000000  0.000000000000000  0.000000000000000  0.000000000000000  1.000000000000000  0.000000000000000  0.000000000000000  0.000000000000000  0.000000000000000  0.000000000000000  1.000000000000000  0.185051662250006  1.000000000000000  0.498270131413934 
41.0    S  0.039554893561571  0.010934264574962  0.000000000000000  0.316000774613202  0.062413416631314  0.000000000000000  0.000000000000000  0.000000000000000  0.018300159081544  0.022577037467555  0.000000000000000  0.000000000000000  0.000000000000000  0.035378090690959  0.019491649561157  0.292194312140311  0.000000000000000  0.000000000000000  0.037603219562484  0.145490816800267  1.000000000000000  0.000000000000000  0.000000000000000  0.250000000000000  0.750019494642909  1.000000000000000  0.000000000000000  0.185051662250006  0.498270131413934  0.498270131413934 
42.0    Q  0.017836792298856  0.000000000000000  0.161096828810627  0.246900215361343  0.000000000000000  0.000000000000000  0.000000000000000  0.000000000000000  0.037265902260332  0.028577034046872  0.000000000000000  0.068821349881123  0.000000000000000  0.408384495555011  0.031358492140922  0.000000000000000  0.000000000000000  0.000000000000000  0.000000000000000  0.000000000000000  1.000000000000000  0.000000000000000  0.000000000000000  0.000000000000000  0.000000000000000  0.000000000000000  0.000000000000000  0.183646079159789  1.000000000000000  1.000000000000000 
43.0    L  0.021974893748642  0.000000000000000  0.000000000000000  0.017277041458129  0.000000000000000  0.000000000000000  0.000000000000000  0.024877753086837  0.000000000000000  0.612592665952338  0.000000000000000  0.000000000000000  0.186726682139043  0.000000000000000  0.000000000000000  0.000000000000000  0.000000000000000  0.056877426505056  0.000000000000000  0.079549683454746  1.000000000000000  0.000000000000000  0.000000000000000  0.000000000000000  0.000000000000000  0.000000000000000  0.000000000000000  0.179617522068008  1.000000000000000  1.000000000000000 
44.0    Y  0.027872766231878  0.000000000000000  0.000000000000000  0.000000000000000  0.196690611338391  0.000000000000000  0.112111019957752  0.000000000000000  0.038902319855693  0.000000000000000  0.000000000000000  0.000000000000000  0.000000000000000  0.066430979647410  0.057511728164055  0.109196611989587  0.061554152680972  0.000000000000000  0.000000000000000  0.329648403623092  0.940826107513788  0.059416193826864  0.000000000000000  1.000000000000000  0.000000000000000  0.000000000000000  0.000000000000000  0.179617522068008  0.489710148793463  1.000000000000000 
45.0    R  0.011654250208527  0.000000000000000  0.007314626933082  0.000000000000000  0.007499447351866  0.020193012978711  0.011040887842834  0.000000000000000  0.066247048962330  0.003445669395301  0.000000000000000  0.000000000000000  0.000000000000000  0.659753955386447  0.190782401120070  0.007055675860561  0.014833470639852  0.000000000000000  0.000000000000000  0.000000000000000  0.971307495541633  0.029016151634585  0.000000000000000  1.000000000000000  0.000000000000000  0.000000000000000  0.000000000000000  0.138696184008481  0.465547409915115  1.000000000000000 
46.0    P  0.013184621814532  0.000000000000000  0.011140825916907  0.000000000000000  0.000000000000000  0.011156281091290  0.039664715188119  0.000000000000000  0.008217982650030  0.000000000000000  0.000000000000000  0.008614602836476  0.848507901705896  0.000000000000000  0.000000000000000  0.017566858184041  0.032690154368517  0.000000000000000  0.000000000000000  0.009080578964985  1.000000000000000  0.000000000000000  0.000000000000000  0.000000000000000  0.000000000000000  0.000000000000000  0.000000000000000  0.138696184008481  1.000000000000000  1.000000000000000 
47.0    L  0.040190546357206  0.000000000000000  0.000000000000000  0.011102281587354  0.000000000000000  0.005613047564625  0.000000000000000  0.000000000000000  0.352086056728020  0.206040521238310  0.000000000000000  0.005806964782934  0.013763583970734  0.063153215405423  0.152406886759538  0.025808677029241  0.106579361470995  0.017566858184041  0.000000000000000  0.000000000000000  1.000000000000000  0.000000000000000  0.000000000000000  0.000000000000000  0.000000000000000  0.000000000000000  0.000000000000000  0.138696184008481  1.000000000000000  1.000000000000000 
48.0    E  0.007720981652349  0.000000000000000  0.000000000000000  0.122342706299679  0.000000000000000  0.004537143484085  0.000000000000000  0.003111875376116  0.013322420183874  0.000000000000000  0.000000000000000  0.004635690615846  0.008116086744513  0.055861572647299  0.033077637339848  0.031445556984306  0.715984370600572  0.000000000000000  0.000000000000000  0.000000000000000  1.000000000000000  0.000000000000000  0.000000000000000  0.000000000000000  0.000000000000000  0.000000000000000  0.000000000000000  0.138696184008481  1.000000000000000  1.000000000000000 
49.0    A  0.508739846051343  0.000000000000000  0.022955759894974  0.010187896369208  0.000000000000000  0.002575378153305  0.000000000000000  0.000000000000000  0.008578850107711  0.000000000000000  0.000000000000000  0.015997607819194  0.312949114663499  0.000000000000000  0.005652089397932  0.009888723390393  0.087292408279212  0.015250496262129  0.000000000000000  0.000000000000000  1.000000000000000  0.000000000000000  0.000000000000000  0.000000000000000  0.000000000000000  0.000000000000000  0.000000000000000  0.138696184008481  1.000000000000000  1.000000000000000 
50.0    C  0.000000000000000  0.894404901782606  0.000000000000000  0.000000000000000  0.000000000000000  0.000000000000000  0.000000000000000  0.000000000000000  0.000000000000000  0.000000000000000  0.000000000000000  0.011156281091290  0.034987902770445  0.000000000000000  0.004752821713414  0.049377581991461  0.000000000000000  0.000000000000000  0.000000000000000  0.005172222306232  0.985549336939371  0.000000000000000  0.014578640492763  0.000000000000000  0.000000000000000  0.000000000000000  0.000000000000000  0.138696184008481  1.000000000000000  1.000000000000000 
51.0    Y  0.005104551773020  0.080158537672641  0.042276507220321  0.015810206266046  0.000000000000000  0.002290693260219  0.000000000000000  0.000000000000000  0.005240789940946  0.000000000000000  0.000000000000000  0.437999157533563  0.020645912588410  0.014170161389580  0.013545899429917  0.060622619396358  0.284204243309004  0.000000000000000  0.000000000000000  0.018073252873520  0.366021423986406  0.000000000000000  0.633756261017212  0.000000000000000  0.000000000000000  1.000000000000000  0.000000000000000  0.139951611081780  1.000000000000000  0.496202187342909 
52.0    N  0.000000000000000  0.000000000000000  0.034410674940561  0.000000000000000  0.000000000000000  0.000000000000000  0.057871626407958  0.000000000000000  0.000000000000000  0.000000000000000  0.000000000000000  0.704172113456040  0.116145084281364  0.000000000000000  0.000000000000000  0.034244117701490  0.053142135004012  0.000000000000000  0.000000000000000  0.000000000000000  0.747942879181195  0.000000000000000  0.251913440102626  0.000000000000000  0.000000000000000  0.995849753094458  0.004021640950914  0.150621539374348  1.000000000000000  0.334945900606960 
53.0    T  0.039145763707004  0.000000000000000  0.000000000000000  0.000000000000000  0.000000000000000  0.003030979899511  0.016538818669924  0.000000000000000  0.297920643643512  0.000000000000000  0.000000000000000  0.271683715631515  0.043706752585577  0.025102937398657  0.050730598811080  0.076946525834057  0.175312406330300  0.000000000000000  0.000000000000000  0.000000000000000  1.000000000000000  0.000000000000000  0.000000000000000  0.000000000000000  0.000000000000000  1.000000000000000  0.000000000000000  0.146198458006493  1.000000000000000  0.468136123717246 
54.0    C  0.023519480428298  0.955282936382437  0.000000000000000  0.000000000000000  0.000000000000000  0.000000000000000  0.000000000000000  0.000000000000000  0.000000000000000  0.000000000000000  0.000000000000000  0.000000000000000  0.000000000000000  0.000000000000000  0.013267128850732  0.000000000000000  0.000000000000000  0.000000000000000  0.000000000000000  0.007921558435860  1.000000000000000  0.000000000000000  0.000000000000000  0.000000000000000  0.000000000000000  0.000000000000000  0.000000000000000  0.154641559835897  1.000000000000000  1.000000000000000 
55.0    Y  0.000000000000000  0.027110583973502  0.000000000000000  0.000000000000000  0.120324305387719  0.009957504900932  0.045784402331604  0.000000000000000  0.000000000000000  0.000000000000000  0.009992074853730  0.000000000000000  0.000000000000000  0.000000000000000  0.008065613558463  0.015292838287460  0.000000000000000  0.000000000000000  0.036423162441705  0.726986258660155  1.000000000000000  0.000000000000000  0.000000000000000  0.000000000000000  0.000000000000000  0.000000000000000  0.000000000000000  0.154641559835897  1.000000000000000  1.000000000000000 
56.0    C  0.023519480428298  0.929804942613162  0.000000000000000  0.000000000000000  0.000000000000000  0.000000000000000  0.000000000000000  0.000000000000000  0.000000000000000  0.000000000000000  0.000000000000000  0.000000000000000  0.000000000000000  0.000000000000000  0.005982648426150  0.000000000000000  0.000000000000000  0.029421202016913  0.000000000000000  0.011382805577328  1.000000000000000  0.000000000000000  0.000000000000000  0.000000000000000  0.000000000000000  0.000000000000000  0.000000000000000  0.154641559835897  1.000000000000000  1.000000000000000 
57.0    K  0.000000000000000  0.000000000000000  0.000000000000000  0.003670010739117  0.000000000000000  0.006104124063846  0.000000000000000  0.000000000000000  0.877821797609519  0.000000000000000  0.000000000000000  0.000000000000000  0.022483337187669  0.000000000000000  0.017676788481967  0.018893057434896  0.029421202016913  0.014033318326311  0.000000000000000  0.009957504900932  0.970634469769547  0.029421202016913  0.000000000000000  1.000000000000000  0.000000000000000  0.000000000000000  0.000000000000000  0.154641559835897  0.490049707670935  1.000000000000000 
58.0    K  0.086030975099419  0.021196942616370  0.000000000000000  0.010194960528820  0.002322670146490  0.005065779510356  0.011981895778696  0.050977343333688  0.544121220835402  0.012115518849172  0.005734963422008  0.006245358049629  0.000000000000000  0.018984949873516  0.117766409238101  0.040302132832996  0.000000000000000  0.039118639332937  0.002968603235159  0.025016087833009  1.000000000000000  0.000000000000000  0.000000000000000  0.000000000000000  0.000000000000000  0.000000000000000  1.000000000000000  0.160539476123678  1.000000000000000  0.490049707670935 
59.0    C  0.000000000000000  0.945402116750744  0.000000000000000  0.000000000000000  0.000000000000000  0.004849326138774  0.000000000000000  0.000000000000000  0.000000000000000  0.000000000000000  0.000000000000000  0.000000000000000  0.000000000000000  0.000000000000000  0.005168638437141  0.029116888415774  0.000000000000000  0.010265872087104  0.000000000000000  0.005179397501167  1.000000000000000  0.000000000000000  0.000000000000000  0.000000000000000  0.000000000000000  1.000000000000000  0.000000000000000  0.160539476123678  1.000000000000000  0.490049707670935 
60.0    C  0.103664943226805  0.690158676698315  0.000000000000000  0.000000000000000  0.000000000000000  0.000000000000000  0.000000000000000  0.013221228071880  0.029421202016913  0.000000000000000  0.000000000000000  0.018173750649185  0.000000000000000  0.000000000000000  0.000000000000000  0.080660155653236  0.013175486097658  0.037891025595679  0.009558500321343  0.003996630741150  0.990342871933025  0.000000000000000  0.009316475565083  0.000000000000000  0.000000000000000  0.000000000000000  0.000000000000000  0.154534407615119  1.000000000000000  1.000000000000000 
61.0    Y  0.000000000000000  0.018749552849581  0.000000000000000  0.000000000000000  0.332862903309093  0.009565128065627  0.000000000000000  0.000000000000000  0.000000000000000  0.081842838942723  0.007894151925678  0.000000000000000  0.000000000000000  0.000000000000000  0.000000000000000  0.004192422993724  0.000000000000000  0.000000000000000  0.088941466327162  0.455966582759885  1.000000000000000  0.000000000000000  0.000000000000000  0.000000000000000  0.000000000000000  1.000000000000000  0.000000000000000  0.154427329640866  1.000000000000000  0.498615625676035 
62.0    H  0.009316475565083  0.000000000000000  0.004680894614607  0.000000000000000  0.000000000000000  0.000000000000000  0.894404901782606  0.000000000000000  0.000000000000000  0.017289021142067  0.000000000000000  0.000000000000000  0.029421202016913  0.000000000000000  0.000000000000000  0.026626377971090  0.000000000000000  0.000000000000000  0.000000000000000  0.018173750649185  1.000000000000000  0.000000000000000  0.000000000000000  0.000000000000000  0.000000000000000  0.000000000000000  0.000000000000000  0.154534407615119  1.000000000000000  1.000000000000000 
63.0    C  0.000000000000000  0.879039560911787  0.000000000000000  0.000000000000000  0.000000000000000  0.000000000000000  0.000000000000000  0.000000000000000  0.000000000000000  0.065018766657624  0.000000000000000  0.000000000000000  0.000000000000000  0.000000000000000  0.008390659934532  0.023131457781251  0.000000000000000  0.000000000000000  0.005695349136002  0.018906157644051  0.991029563264079  0.008930768245422  0.000000000000000  1.000000000000000  0.000000000000000  0.000000000000000  0.000000000000000  0.154534407615119  0.498615625676035  1.000000000000000 
64.0    Q  0.000000000000000  0.002534646029178  0.000000000000000  0.005648173025569  0.000000000000000  0.000000000000000  0.013139006488339  0.040246300922182  0.018173750649185  0.064614421015498  0.021463066147338  0.000000000000000  0.044010757091003  0.638164384414476  0.000000000000000  0.062154385542076  0.010365977660915  0.019956464987428  0.000000000000000  0.059333882559407  1.000000000000000  0.000000000000000  0.000000000000000  0.000000000000000  0.000000000000000  0.000000000000000  0.000000000000000  0.154534407615119  1.000000000000000  1.000000000000000 
65.0    F  0.028975954576108  0.006036801169125  0.001965347311519  0.000000000000000  0.016700093612672  0.006024261036750  0.012456132445946  0.011210543239115  0.023357019509921  0.399149193178325  0.006684336138145  0.004552895305213  0.001682707343188  0.005900283537355  0.011981895778696  0.072846324883410  0.000000000000000  0.368056715542045  0.014023594541676  0.008555097428075  0.982139595263391  0.018161157929971  0.000000000000000  0.199990032083188  0.799960128332753  0.000000000000000  0.000000000000000  0.154534407615119  0.496202187342909  1.000000000000000 
66.0    C  0.023099412988654  0.906890328933143  0.000000000000000  0.000000000000000  0.000000000000000  0.004772629303412  0.000000000000000  0.000000000000000  0.000000000000000  0.046714039019842  0.000000000000000  0.000000000000000  0.008906041192918  0.000000000000000  0.009558500321343  0.000000000000000  0.000000000000000  0.000000000000000  0.000000000000000  0.000000000000000  1.000000000000000  0.000000000000000  0.000000000000000  0.000000000000000  0.000000000000000  0.000000000000000  0.000000000000000  0.154534407615119  1.000000000000000  1.000000000000000 
67.0    F  0.000000000000000  0.000000000000000  0.000000000000000  0.000000000000000  0.953298545288159  0.000000000000000  0.000000000000000  0.000000000000000  0.000000000000000  0.046714039019842  0.000000000000000  0.000000000000000  0.000000000000000  0.000000000000000  0.000000000000000  0.000000000000000  0.000000000000000  0.000000000000000  0.000000000000000  0.000000000000000  1.000000000000000  0.000000000000000  0.000000000000000  0.000000000000000  0.000000000000000  0.000000000000000  0.000000000000000  0.154534407615119  1.000000000000000  1.000000000000000 
68.0    L  0.009571760405505  0.000000000000000  0.000000000000000  0.007742418463001  0.000000000000000  0.008906041192918  0.028996046139728  0.175190931135093  0.000000000000000  0.423372656181264  0.047861187409199  0.013350152201402  0.000000000000000  0.069060280299994  0.000000000000000  0.035427169149326  0.143587294374629  0.036880448229256  0.000000000000000  0.000000000000000  1.000000000000000  0.000000000000000  0.000000000000000  0.000000000000000  0.000000000000000  0.000000000000000  0.000000000000000  0.154534407615119  1.000000000000000  1.000000000000000 
69.0    K  0.003577084712571  0.000000000000000  0.029421202016913  0.013257935964155  0.000000000000000  0.000000000000000  0.006796463693036  0.002968603235159  0.275094652341534  0.000000000000000  0.006024261036750  0.096455010941183  0.002939935053537  0.243838865381910  0.066477042055824  0.022987605403996  0.230046912656219  0.000000000000000  0.000000000000000  0.000000000000000  1.000000000000000  0.000000000000000  0.000000000000000  0.000000000000000  0.000000000000000  0.000000000000000  0.000000000000000  0.154534407615119  1.000000000000000  1.000000000000000 
70.0    K  0.000000000000000  0.000000000000000  0.000000000000000  0.000000000000000  0.000000000000000  0.000000000000000  0.000000000000000  0.000000000000000  0.952637998043937  0.000000000000000  0.000000000000000  0.006758880395195  0.022020636799094  0.000000000000000  0.018893057434896  0.000000000000000  0.000000000000000  0.000000000000000  0.000000000000000  0.000000000000000  1.000000000000000  0.000000000000000  0.000000000000000  0.000000000000000  0.000000000000000  0.000000000000000  0.000000000000000  0.154534407615119  1.000000000000000  1.000000000000000 
71.0    G  0.146198458006493  0.000000000000000  0.000000000000000  0.000000000000000  0.000000000000000  0.747942879181195  0.000000000000000  0.000000000000000  0.000000000000000  0.000000000000000  0.000000000000000  0.015788303851356  0.022020636799094  0.000000000000000  0.046714039019842  0.008384845987449  0.013257935964155  0.000000000000000  0.000000000000000  0.000000000000000  0.978063473447339  0.000000000000000  0.022020636799094  0.000000000000000  0.000000000000000  0.000000000000000  0.000000000000000  0.154534407615119  1.000000000000000  1.000000000000000 
72.0    L  0.000000000000000  0.000000000000000  0.000000000000000  0.000000000000000  0.009213723377041  0.000000000000000  0.000000000000000  0.019424213576624  0.000000000000000  0.971307495541633  0.000000000000000  0.000000000000000  0.000000000000000  0.000000000000000  0.000000000000000  0.000000000000000  0.000000000000000  0.000000000000000  0.000000000000000  0.000000000000000  1.000000000000000  0.000000000000000  0.000000000000000  0.000000000000000  0.000000000000000  0.000000000000000  1.000000000000000  0.156474557331749  1.000000000000000  0.493458272942921 
73.0    G  0.000000000000000  0.000000000000000  0.000000000000000  0.005648173025569  0.000000000000000  0.926588061890371  0.000000000000000  0.000000000000000  0.000000000000000  0.000000000000000  0.000000000000000  0.000000000000000  0.000000000000000  0.000000000000000  0.051367511705928  0.006815333638834  0.000000000000000  0.000000000000000  0.009571760405505  0.000000000000000  1.000000000000000  0.000000000000000  0.000000000000000  0.000000000000000  0.000000000000000  1.000000000000000  0.000000000000000  0.156474557331749  1.000000000000000  0.493458272942921 
74.0    I  0.000000000000000  0.000000000000000  0.000000000000000  0.000000000000000  0.000000000000000  0.000000000000000  0.000000000000000  0.915733686418126  0.000000000000000  0.015865095326085  0.000000000000000  0.000000000000000  0.020631606890859  0.000000000000000  0.000000000000000  0.000000000000000  0.005020337255740  0.042985681816867  0.000000000000000  0.000000000000000  1.000000000000000  0.000000000000000  0.000000000000000  0.000000000000000  0.000000000000000  0.000000000000000  0.000000000000000  0.149166967878965  1.000000000000000  1.000000000000000 
75.0    C  0.004832548744872  0.058112808913323  0.000000000000000  0.000000000000000  0.035402621415494  0.000000000000000  0.028795755818709  0.000000000000000  0.000000000000000  0.005896195189533  0.000000000000000  0.039472726932681  0.000000000000000  0.017738157846032  0.071644511608024  0.650220073274240  0.038075320739850  0.004903406215948  0.025719385789960  0.019397304555096  1.000000000000000  0.000000000000000  0.000000000000000  0.000000000000000  0.000000000000000  0.000000000000000  0.000000000000000  0.149166967878965  1.000000000000000  1.000000000000000 
76.0    Y  0.000000000000000  0.000000000000000  0.000000000000000  0.000000000000000  0.000000000000000  0.000000000000000  0.048428495684948  0.000000000000000  0.000000000000000  0.026663315566002  0.000000000000000  0.016527358806538  0.000000000000000  0.000000000000000  0.000000000000000  0.000000000000000  0.000000000000000  0.000000000000000  0.000000000000000  0.908148417721510  0.991029563264079  0.000000000000000  0.008949358577967  0.000000000000000  0.000000000000000  0.000000000000000  0.000000000000000  0.149166967878965  1.000000000000000  1.000000000000000 
77.0    E  0.052048485680034  0.000000000000000  0.048260945818237  0.057791454882106  0.000000000000000  0.683020128377198  0.052738487258126  0.000000000000000  0.006407600868724  0.000000000000000  0.000000000000000  0.011533706294397  0.000000000000000  0.000000000000000  0.000000000000000  0.017948411796829  0.000000000000000  0.010294374622923  0.000000000000000  0.059870951138919  1.000000000000000  0.000000000000000  0.000000000000000  1.000000000000000  0.000000000000000  0.762072415169885  0.237829569082950  0.148960321821756  0.487339815445774  0.483303048532487 
78.0    Q  0.027814866664141  0.000000000000000  0.000000000000000  0.000000000000000  0.000000000000000  0.030122806491895  0.012516716837338  0.000000000000000  0.010445316370353  0.000000000000000  0.000000000000000  0.000000000000000  0.009175484150107  0.018363692631559  0.730522189272838  0.064659223844932  0.004613252583709  0.091886708524315  0.000000000000000  0.000000000000000  0.961260928388761  0.001391638295067  0.037085524926767  0.500000000000000  0.500000000000000  1.000000000000000  0.000000000000000  0.150935073935812  0.500000000000000  0.496890546661277 
79.0    S  0.009169126392823  0.000000000000000  0.000000000000000  0.011249463425896  0.000000000000000  0.025916235806701  0.023051429016919  0.000000000000000  0.712518807074392  0.000000000000000  0.000000000000000  0.014710601008456  0.043344717785356  0.006328152137750  0.065789447169340  0.042926132294676  0.000000000000000  0.000000000000000  0.020277168233425  0.024705909893873  0.957271458195298  0.000000000000000  0.043015487549709  0.000000000000000  0.000000000000000  0.000000000000000  1.000000000000000  0.153893051668115  1.000000000000000  0.442883759551180 
80.0    R  0.008999122205854  0.000000000000000  0.000000000000000  0.008638520729065  0.008680536942618  0.068203992315933  0.000000000000000  0.004089102663963  0.683493725970905  0.000000000000000  0.003713512114179  0.000000000000000  0.020503300852999  0.002647781888281  0.187115373349086  0.003876579588616  0.000000000000000  0.000000000000000  0.000000000000000  0.000000000000000  0.996540262827868  0.000000000000000  0.003614470422023  0.000000000000000  0.000000000000000  0.947370070599268  0.052775055463986  0.158658860752476  1.000000000000000  0.428094142273228 
81.0    K  0.000000000000000  0.000000000000000  0.000000000000000  0.000000000000000  0.000000000000000  0.004512053845912  0.003817913150042  0.009264957026648  0.040079268836320  0.000000000000000  0.000000000000000  0.016379101179952  0.030948214747907  0.020039634418160  0.823020345278708  0.019050860844942  0.015030116479137  0.000000000000000  0.017799740269096  0.000000000000000  0.608361179317034  0.391477148128271  0.000000000000000  0.500000000000000  0.500000000000000  1.000000000000000  0.000000000000000  0.153254357506645  0.398320048142791  0.496202187342909 
82.0    R  0.000000000000000  0.000000000000000  0.018840747307668  0.000000000000000  0.000000000000000  0.026774436086518  0.003436129202822  0.000000000000000  0.068251284109103  0.000000000000000  0.000000000000000  0.000000000000000  0.014843755982420  0.000000000000000  0.847919964633148  0.003407666819417  0.016470178488918  0.000000000000000  0.000000000000000  0.000000000000000  0.986916545885842  0.004819168632068  0.008402299925448  0.653835674268380  0.346277367027731  0.000000000000000  0.000000000000000  0.156800275565124  0.499653546495226  1.000000000000000 
83.0    R  0.003710938995605  0.000000000000000  0.000000000000000  0.018840747307668  0.000000000000000  0.000000000000000  0.030248344590429  0.000000000000000  0.042807280623924  0.000000000000000  0.000000000000000  0.004684140288247  0.030798416779355  0.199160024071396  0.652929893544459  0.016758072137780  0.000000000000000  0.000000000000000  0.000000000000000  0.000000000000000  0.928516852306729  0.068440779424598  0.002744958398841  0.541112322262857  0.458819941155683  0.000000000000000  1.000000000000000  0.157781504014014  0.474013482564323  0.495514781632040 
84.0    R  0.021314809919990  0.000000000000000  0.007309558576808  0.000000000000000  0.000000000000000  0.124481219136807  0.005974360460480  0.000000000000000  0.026811579075897  0.000000000000000  0.000000000000000  0.003069033268233  0.038128140946007  0.041665583659100  0.646624465943743  0.050942020775164  0.033609199701793  0.000000000000000  0.000000000000000  0.000000000000000  0.725979139951947  0.273763117698394  0.000000000000000  0.530711604474897  0.469435873657726  1.000000000000000  0.000000000000000  0.160205990520024  0.430773079856009  0.494828328207603 
85.0    P  0.291385299533640  0.000000000000000  0.013489680602725  0.000000000000000  0.002317845307923  0.008795613954193  0.006479058951675  0.000000000000000  0.015549370653439  0.009394291007017  0.000000000000000  0.017787406704295  0.184028357771022  0.000000000000000  0.053437636118248  0.078945453865362  0.309068815230238  0.009226505167418  0.000000000000000  0.000000000000000  0.997922718999051  0.000000000000000  0.002141741383961  0.000000000000000  0.000000000000000  0.000000000000000  0.000000000000000  0.162667731930242  1.000000000000000  1.000000000000000 
86.0    P  0.064257114166004  0.000000000000000  0.007203930608692  0.000000000000000  0.002798753223385  0.011272880366106  0.018287478773040  0.000000000000000  0.066800374450688  0.009335868787944  0.000000000000000  0.003542540347395  0.627201102260497  0.000000000000000  0.011156281091290  0.150725978461345  0.008686555918102  0.015570941606685  0.000000000000000  0.003022587878012  0.992404374685819  0.000000000000000  0.007406460665068  0.000000000000000  0.000000000000000  1.000000000000000  0.000000000000000  0.175433965754884  1.000000000000000  0.500000000000000 
87.0    K  0.048697786228781  0.002140257356343  0.003969023996069  0.046487930076078  0.000000000000000  0.010145614083827  0.042511589137686  0.000000000000000  0.206755842110816  0.006592310907266  0.000000000000000  0.016676958406874  0.079109787123142  0.434371092575312  0.052665426843947  0.019901210551977  0.007938047992138  0.007662335968661  0.003802067867806  0.010532560404196  1.000000000000000  0.000000000000000  0.000000000000000  0.000000000000000  0.000000000000000  1.000000000000000  0.000000000000000  0.175433965754884  1.000000000000000  0.499307333050514 
88.0    K  0.009258537272981  0.000000000000000  0.193713982739793  0.018198962288570  0.005723050291451  0.187504873660727  0.032849153408991  0.000000000000000  0.180491149440312  0.000000000000000  0.000000000000000  0.052811649025782  0.000000000000000  0.000000000000000  0.053623158151793  0.251390145099617  0.006801176275751  0.000000000000000  0.000000000000000  0.007657026682358  1.000000000000000  0.000000000000000  0.000000000000000  0.000000000000000  0.000000000000000  0.000000000000000  0.000000000000000  0.175312406330300  1.000000000000000  1.000000000000000 
89.0    A  0.053215856734309  0.007489058113226  0.039968299414920  0.000000000000000  0.000000000000000  0.065743861200242  0.033192474577980  0.046552420722584  0.000000000000000  0.002522377637309  0.007609408347994  0.130308220105140  0.009518830184962  0.000000000000000  0.046038990181765  0.456599125005996  0.092333628973910  0.003619484616759  0.000000000000000  0.005376935943714  1.000000000000000  0.000000000000000  0.000000000000000  0.000000000000000  0.000000000000000  0.000000000000000  0.000000000000000  0.175190931135093  1.000000000000000  1.000000000000000 
90.0    K  0.004518313218380  0.000000000000000  0.000000000000000  0.119824929811622  0.000000000000000  0.000000000000000  0.003228321555290  0.000000000000000  0.303128204765434  0.000000000000000  0.000000000000000  0.012551468699329  0.069492447344819  0.389852421305662  0.038875364165577  0.022828818414776  0.018945512797840  0.000000000000000  0.016886334406865  0.000000000000000  1.000000000000000  0.000000000000000  0.000000000000000  0.000000000000000  0.000000000000000  0.000000000000000  0.000000000000000  0.176531800548094  1.000000000000000  1.000000000000000 
91.0    A  0.138312169136534  0.000000000000000  0.299162240807679  0.003828513341179  0.000000000000000  0.003770574315905  0.019330194979487  0.047169561516268  0.000000000000000  0.002843729587889  0.000000000000000  0.087231922757635  0.004856053394156  0.003073290802162  0.000000000000000  0.027261334555336  0.328052813647990  0.035231262879544  0.000000000000000  0.000000000000000  1.000000000000000  0.000000000000000  0.000000000000000  0.000000000000000  0.000000000000000  0.000000000000000  0.000000000000000  0.184028357771022  1.000000000000000  1.000000000000000 
92.0    N  0.016019800592009  0.000000000000000  0.054108535344979  0.000000000000000  0.000000000000000  0.000000000000000  0.671286251390132  0.000000000000000  0.000000000000000  0.000000000000000  0.000000000000000  0.151459082553780  0.020977695355942  0.020460709735681  0.007504647374637  0.003377098559796  0.023568438698228  0.000000000000000  0.000000000000000  0.031380235726218  0.922103117912631  0.077804639711386  0.000000000000000  1.000000000000000  0.000000000000000  0.000000000000000  0.000000000000000  0.183391668020915  0.495514781632040  1.000000000000000 
93.0    T  0.067685940345370  0.000000000000000  0.000000000000000  0.000000000000000  0.000000000000000  0.000000000000000  0.000000000000000  0.000000000000000  0.055245470691479  0.000000000000000  0.000000000000000  0.000000000000000  0.327598350964591  0.105257869201052  0.000000000000000  0.272438028053332  0.171823586946504  0.000000000000000  0.000000000000000  0.000000000000000  1.000000000000000  0.000000000000000  0.000000000000000  1.000000000000000  0.000000000000000  0.000000000000000  0.000000000000000  0.218090676442690  1.000000000000000  1.000000000000000 
