No:  residues  hmm_col_1  hmm_col_2  hmm_col_3  hmm_col_4  hmm_col_5  hmm_col_6  hmm_col_7  hmm_col_8  hmm_col_9  hmm_col_10  hmm_col_11  hmm_col_12  hmm_col_13  hmm_col_14  hmm_col_15  hmm_col_16  hmm_col_17  hmm_col_18  hmm_col_19  hmm_col_20  hmm_col_21   hmm_col_22   hmm_col_23   hmm_col_24   hmm_col_25   hmm_col_26   hmm_col_27   hmm_col_28   hmm_col_29   hmm_col_30   
1.0    M  0.000000000000000  0.000000000000000  0.000000000000000  0.000000000000000  0.000000000000000  0.000000000000000  0.000000000000000  0.000000000000000  0.000000000000000  0.000000000000000  1.000000000000000  0.000000000000000  0.000000000000000  0.000000000000000  0.000000000000000  0.000000000000000  0.000000000000000  0.000000000000000  0.000000000000000  0.000000000000000  1.000000000000000  0.000000000000000  0.000000000000000  0.000000000000000  0.000000000000000  0.000000000000000  0.000000000000000  0.194656172765415  1.000000000000000  1.000000000000000 
2.0    D  0.000000000000000  0.000000000000000  0.852634891767957  0.083388948104861  0.000000000000000  0.064212589961185  0.000000000000000  0.000000000000000  0.000000000000000  0.000000000000000  0.000000000000000  0.000000000000000  0.000000000000000  0.000000000000000  0.000000000000000  0.000000000000000  0.000000000000000  0.000000000000000  0.000000000000000  0.000000000000000  1.000000000000000  0.000000000000000  0.000000000000000  0.000000000000000  0.000000000000000  0.000000000000000  0.000000000000000  0.194656172765415  1.000000000000000  1.000000000000000 
3.0    P  0.000000000000000  0.000000000000000  0.000000000000000  0.000000000000000  0.000000000000000  0.000000000000000  0.000000000000000  0.000000000000000  0.000000000000000  0.408951029278891  0.000000000000000  0.000000000000000  0.591315500122071  0.000000000000000  0.000000000000000  0.000000000000000  0.000000000000000  0.000000000000000  0.000000000000000  0.000000000000000  1.000000000000000  0.000000000000000  0.000000000000000  0.000000000000000  0.000000000000000  0.000000000000000  0.000000000000000  0.194656172765415  1.000000000000000  1.000000000000000 
4.0    Q  0.000000000000000  0.083388948104861  0.000000000000000  0.000000000000000  0.000000000000000  0.000000000000000  0.000000000000000  0.000000000000000  0.065972107352373  0.081164912670618  0.000000000000000  0.000000000000000  0.000000000000000  0.705148980242195  0.064212589961185  0.000000000000000  0.000000000000000  0.000000000000000  0.000000000000000  0.000000000000000  1.000000000000000  0.000000000000000  0.000000000000000  0.000000000000000  0.000000000000000  0.000000000000000  0.000000000000000  0.194656172765415  1.000000000000000  1.000000000000000 
5.0    T  0.083388948104861  0.000000000000000  0.000000000000000  0.000000000000000  0.000000000000000  0.000000000000000  0.000000000000000  0.000000000000000  0.313166109656032  0.000000000000000  0.126306430810845  0.000000000000000  0.000000000000000  0.000000000000000  0.000000000000000  0.000000000000000  0.476979775273779  0.000000000000000  0.000000000000000  0.000000000000000  1.000000000000000  0.000000000000000  0.000000000000000  0.000000000000000  0.000000000000000  0.000000000000000  0.000000000000000  0.194656172765415  1.000000000000000  1.000000000000000 
6.0    A  0.671751712860648  0.000000000000000  0.000000000000000  0.000000000000000  0.000000000000000  0.000000000000000  0.000000000000000  0.000000000000000  0.000000000000000  0.000000000000000  0.000000000000000  0.000000000000000  0.000000000000000  0.000000000000000  0.000000000000000  0.000000000000000  0.073965688859536  0.254193668322989  0.000000000000000  0.000000000000000  1.000000000000000  0.000000000000000  0.000000000000000  0.000000000000000  0.000000000000000  0.000000000000000  0.000000000000000  0.194656172765415  1.000000000000000  1.000000000000000 
7.0    P  0.000000000000000  0.000000000000000  0.000000000000000  0.000000000000000  0.000000000000000  0.000000000000000  0.000000000000000  0.000000000000000  0.000000000000000  0.784040454075739  0.000000000000000  0.000000000000000  0.123707082051901  0.000000000000000  0.000000000000000  0.092461719328052  0.000000000000000  0.000000000000000  0.000000000000000  0.000000000000000  1.000000000000000  0.000000000000000  0.000000000000000  0.000000000000000  0.000000000000000  0.000000000000000  0.000000000000000  0.194656172765415  1.000000000000000  1.000000000000000 
8.0    S  0.000000000000000  0.000000000000000  0.000000000000000  0.000000000000000  0.000000000000000  0.000000000000000  0.000000000000000  0.000000000000000  0.000000000000000  0.047596523115727  0.000000000000000  0.000000000000000  0.413798408039103  0.000000000000000  0.000000000000000  0.538493188096524  0.000000000000000  0.000000000000000  0.000000000000000  0.000000000000000  1.000000000000000  0.000000000000000  0.000000000000000  0.000000000000000  0.000000000000000  0.000000000000000  0.000000000000000  0.203626890767554  1.000000000000000  1.000000000000000 
9.0    R  0.000000000000000  0.000000000000000  0.000000000000000  0.000000000000000  0.000000000000000  0.070218743939478  0.000000000000000  0.167356907122305  0.000000000000000  0.000000000000000  0.000000000000000  0.000000000000000  0.000000000000000  0.132861959294819  0.629814989973700  0.000000000000000  0.000000000000000  0.000000000000000  0.000000000000000  0.000000000000000  0.941478464541206  0.000000000000000  0.058557590429527  0.000000000000000  0.000000000000000  0.000000000000000  0.000000000000000  0.203626890767554  1.000000000000000  1.000000000000000 
10.0    A  0.491751037013124  0.000000000000000  0.000000000000000  0.000000000000000  0.000000000000000  0.000000000000000  0.000000000000000  0.000000000000000  0.000000000000000  0.000000000000000  0.213306524528017  0.000000000000000  0.000000000000000  0.000000000000000  0.000000000000000  0.000000000000000  0.215088157652860  0.079660039207454  0.000000000000000  0.000000000000000  1.000000000000000  0.000000000000000  0.000000000000000  0.000000000000000  0.000000000000000  1.000000000000000  0.000000000000000  0.206612579538553  1.000000000000000  0.498270131413934 
11.0    L  0.000000000000000  0.000000000000000  0.000000000000000  0.000000000000000  0.000000000000000  0.000000000000000  0.000000000000000  0.113125807860363  0.000000000000000  0.616426162731903  0.000000000000000  0.000000000000000  0.000000000000000  0.000000000000000  0.000000000000000  0.000000000000000  0.000000000000000  0.270556161131429  0.000000000000000  0.000000000000000  1.000000000000000  0.000000000000000  0.000000000000000  0.000000000000000  0.000000000000000  0.000000000000000  0.000000000000000  0.173499089876949  1.000000000000000  1.000000000000000 
12.0    L  0.000000000000000  0.000000000000000  0.000000000000000  0.000000000000000  0.000000000000000  0.120825762133122  0.000000000000000  0.000000000000000  0.000000000000000  0.648869383469592  0.054863862350595  0.000000000000000  0.000000000000000  0.000000000000000  0.000000000000000  0.175433965754884  0.000000000000000  0.000000000000000  0.000000000000000  0.000000000000000  1.000000000000000  0.000000000000000  0.000000000000000  0.084964265119171  0.915099168127928  0.000000000000000  0.000000000000000  0.173499089876949  0.429282718218877  1.000000000000000 
13.0    L  0.000000000000000  0.025755065154789  0.000000000000000  0.000000000000000  0.231807636608866  0.000000000000000  0.000000000000000  0.015527829583165  0.000000000000000  0.558256480991286  0.017074652173452  0.000000000000000  0.000000000000000  0.000000000000000  0.000000000000000  0.000000000000000  0.000000000000000  0.079274462457867  0.000000000000000  0.072343138561883  0.981459063853479  0.018249490540830  0.000000000000000  1.000000000000000  0.000000000000000  0.000000000000000  0.000000000000000  0.041607862913637  0.497235084336607  1.000000000000000 
14.0    L  0.000000000000000  0.022734073181793  0.000000000000000  0.000000000000000  0.111723145294598  0.000000000000000  0.022923958502614  0.028183605574445  0.000000000000000  0.767373048000443  0.013499034178129  0.000000000000000  0.015799251263302  0.000000000000000  0.000000000000000  0.000000000000000  0.000000000000000  0.017775081685508  0.000000000000000  0.000000000000000  1.000000000000000  0.000000000000000  0.000000000000000  0.000000000000000  0.000000000000000  0.000000000000000  0.000000000000000  0.038473262917029  1.000000000000000  1.000000000000000 
15.0    L  0.102379587232478  0.000000000000000  0.000000000000000  0.000000000000000  0.076045147414629  0.000000000000000  0.000000000000000  0.021657341963288  0.000000000000000  0.677362488742684  0.015625000000000  0.000000000000000  0.000000000000000  0.000000000000000  0.000000000000000  0.000000000000000  0.014477938467037  0.092525831125003  0.000000000000000  0.000000000000000  0.982820598545251  0.017385158134138  0.000000000000000  1.000000000000000  0.000000000000000  0.000000000000000  0.000000000000000  0.038473262917029  0.497579860910041  1.000000000000000 
16.0    F  0.000000000000000  0.028203147733201  0.000000000000000  0.000000000000000  0.390122740086852  0.000000000000000  0.000000000000000  0.094012734461793  0.000000000000000  0.395294558301972  0.012081974022739  0.000000000000000  0.000000000000000  0.000000000000000  0.000000000000000  0.011226095129250  0.022734073181793  0.046294993688135  0.000000000000000  0.000000000000000  0.988285651500733  0.000000000000000  0.011686607487206  0.000000000000000  0.000000000000000  0.000000000000000  0.000000000000000  0.038473262917029  1.000000000000000  1.000000000000000 
17.0    L  0.000000000000000  0.000000000000000  0.000000000000000  0.000000000000000  0.042688758023575  0.000000000000000  0.000000000000000  0.116306207212877  0.000000000000000  0.789493886700555  0.000000000000000  0.000000000000000  0.000000000000000  0.000000000000000  0.000000000000000  0.012191335627714  0.000000000000000  0.039554893561571  0.000000000000000  0.000000000000000  1.000000000000000  0.000000000000000  0.000000000000000  0.000000000000000  0.000000000000000  0.000000000000000  1.000000000000000  0.038580081465423  1.000000000000000  0.500000000000000 
18.0    H  0.093234001668217  0.155933196489256  0.011957006014240  0.029319412390646  0.021359178936591  0.026681803574726  0.160873655912659  0.000000000000000  0.010467059393968  0.076521024525013  0.000000000000000  0.144085793349858  0.000000000000000  0.089498046325071  0.012191335627714  0.019209982300853  0.047006367230897  0.036171569280941  0.031315050158739  0.034172983046395  1.000000000000000  0.000000000000000  0.000000000000000  0.000000000000000  0.000000000000000  1.000000000000000  0.000000000000000  0.038580081465423  1.000000000000000  0.500000000000000 
19.0    L  0.000000000000000  0.008116086744513  0.000000000000000  0.000000000000000  0.205612517178116  0.000000000000000  0.000000000000000  0.033215489823705  0.000000000000000  0.418703243754213  0.000000000000000  0.016642315678022  0.000000000000000  0.145188591490715  0.000000000000000  0.029217974929733  0.051118878659861  0.071347169195423  0.000000000000000  0.020775111065339  1.000000000000000  0.000000000000000  0.000000000000000  0.000000000000000  0.000000000000000  0.000000000000000  0.000000000000000  0.038473262917029  1.000000000000000  1.000000000000000 
20.0    A  0.052120690239060  0.000000000000000  0.000000000000000  0.013129902378645  0.000000000000000  0.000000000000000  0.076680311078363  0.000000000000000  0.016642315678022  0.118914784541475  0.000000000000000  0.000000000000000  0.034101996157967  0.456282744271726  0.000000000000000  0.161656116485936  0.000000000000000  0.029217974929733  0.020446532366485  0.020775111065339  0.833353207159218  0.000000000000000  0.166546853136503  0.000000000000000  0.000000000000000  0.000000000000000  0.000000000000000  0.038473262917029  1.000000000000000  1.000000000000000 
21.0    F  0.019654452684938  0.018814646581741  0.000000000000000  0.000000000000000  0.063901783163120  0.000000000000000  0.023584780758134  0.018427446754082  0.000000000000000  0.377618146390706  0.000000000000000  0.026114592466308  0.165855642574645  0.000000000000000  0.062673527243817  0.032307210507749  0.103449602009776  0.087534770055450  0.000000000000000  0.000000000000000  0.973329374158238  0.008832270055661  0.017812082385835  0.333324669272800  0.666649338545599  0.000000000000000  1.000000000000000  0.043980261728919  0.500000000000000  0.380508345209840 
22.0    L  0.015711884068726  0.000000000000000  0.000000000000000  0.000000000000000  0.016413196000168  0.025418099941629  0.000000000000000  0.033936933010072  0.000000000000000  0.437695664847132  0.055168937268166  0.000000000000000  0.146097156070156  0.090183042928852  0.000000000000000  0.108592773143828  0.039418044025977  0.031423768137452  0.000000000000000  0.000000000000000  0.582366793234228  0.000000000000000  0.417543959714185  0.000000000000000  0.000000000000000  1.000000000000000  0.000000000000000  0.043465061615937  1.000000000000000  0.369334515895640 
23.0    G  0.028261855548784  0.024998754010399  0.062283766426742  0.000000000000000  0.000000000000000  0.443498152576075  0.052012420919470  0.000000000000000  0.000000000000000  0.123621364547616  0.020545980628204  0.000000000000000  0.025970183174801  0.000000000000000  0.029769937438873  0.097665985021540  0.040190546357206  0.039940605100095  0.011202775375124  0.000000000000000  0.713012858682070  0.286975603463751  0.000000000000000  0.719965659257343  0.280097303548544  0.650220073274240  0.349896466398799  0.058760887656820  0.354780839050096  0.278162530146209 
24.0    G  0.084494427064258  0.154641559835897  0.000000000000000  0.000000000000000  0.034410674940561  0.180866860733816  0.000000000000000  0.030926770512975  0.000000000000000  0.000000000000000  0.024113752735296  0.013574096642978  0.018073252873520  0.000000000000000  0.000000000000000  0.112578247480991  0.094469995519764  0.251913440102626  0.000000000000000  0.000000000000000  1.000000000000000  0.000000000000000  0.000000000000000  0.000000000000000  0.000000000000000  1.000000000000000  0.000000000000000  0.042482132559586  1.000000000000000  0.411225034356232 
25.0    R  0.114387396015991  0.053326631132004  0.000000000000000  0.000000000000000  0.000000000000000  0.060287386536509  0.099718154976129  0.000000000000000  0.040051497630006  0.054334035005626  0.000000000000000  0.014639397607382  0.000000000000000  0.029016151634585  0.319968103461077  0.142694338390847  0.071495685825238  0.000000000000000  0.000000000000000  0.000000000000000  0.948026965128645  0.000000000000000  0.051688960527704  0.000000000000000  0.000000000000000  0.000000000000000  0.000000000000000  0.037891025595679  1.000000000000000  1.000000000000000 
26.0    S  0.475000191437443  0.000000000000000  0.000000000000000  0.000000000000000  0.000000000000000  0.123621364547616  0.000000000000000  0.000000000000000  0.000000000000000  0.000000000000000  0.000000000000000  0.000000000000000  0.024399577893981  0.000000000000000  0.000000000000000  0.279709275258928  0.097193254485320  0.000000000000000  0.000000000000000  0.000000000000000  1.000000000000000  0.000000000000000  0.000000000000000  0.000000000000000  0.000000000000000  0.000000000000000  1.000000000000000  0.040779842115280  1.000000000000000  0.465224828851508 
27.0    H  0.000000000000000  0.000000000000000  0.017098339082199  0.000000000000000  0.053363607149453  0.026848773592100  0.448755025333631  0.000000000000000  0.000000000000000  0.000000000000000  0.000000000000000  0.233258247884202  0.000000000000000  0.000000000000000  0.000000000000000  0.075415244982548  0.028895727441053  0.024281477149502  0.000000000000000  0.092014178885511  1.000000000000000  0.000000000000000  0.000000000000000  0.000000000000000  0.000000000000000  1.000000000000000  0.000000000000000  0.040808118346529  1.000000000000000  0.465224828851508 
28.0    P  0.000000000000000  0.000000000000000  0.000000000000000  0.000000000000000  0.000000000000000  0.000000000000000  0.020305297850866  0.028478165019911  0.000000000000000  0.000000000000000  0.000000000000000  0.000000000000000  0.794985250948974  0.000000000000000  0.000000000000000  0.000000000000000  0.048866852695537  0.084611642440779  0.000000000000000  0.022608357591727  0.964598184584138  0.000000000000000  0.035402621415494  0.000000000000000  0.000000000000000  0.000000000000000  0.000000000000000  0.037917298757772  1.000000000000000  1.000000000000000 
29.0    L  0.045657636829552  0.000000000000000  0.000000000000000  0.000000000000000  0.000000000000000  0.000000000000000  0.000000000000000  0.194386508970640  0.000000000000000  0.486664687079119  0.015538596385519  0.000000000000000  0.023748825881274  0.000000000000000  0.000000000000000  0.000000000000000  0.000000000000000  0.233905874457850  0.000000000000000  0.000000000000000  0.986232704493359  0.013517760790390  0.000000000000000  0.333324669272800  0.666649338545599  0.758383772687221  0.241651524266243  0.039281667953807  0.500000000000000  0.482299092292069 
30.0    G  0.022081775685668  0.000000000000000  0.000000000000000  0.000000000000000  0.042130241616783  0.327371355770891  0.016968466505036  0.000000000000000  0.000000000000000  0.030374405874417  0.021226348196077  0.034506213973847  0.000000000000000  0.018060729789919  0.000000000000000  0.114466710802266  0.028975954576108  0.000000000000000  0.000000000000000  0.343885454534936  0.993781093322555  0.006193626067268  0.000000000000000  0.166662334636400  0.833353207159218  0.000000000000000  1.000000000000000  0.037655384843587  0.500000000000000  0.500000000000000 
31.0    S  0.027091798859834  0.000000000000000  0.055977854380678  0.009162773040874  0.000000000000000  0.157235621479502  0.000000000000000  0.011915637916065  0.000000000000000  0.000000000000000  0.011367036590897  0.147624082678691  0.000000000000000  0.000000000000000  0.141218401821265  0.376572616658453  0.050136322897030  0.011613929565867  0.000000000000000  0.000000000000000  1.000000000000000  0.000000000000000  0.000000000000000  0.000000000000000  0.000000000000000  0.000000000000000  1.000000000000000  0.037655384843587  1.000000000000000  0.500000000000000 
32.0    P  0.082469244423306  0.000000000000000  0.094797971585903  0.000000000000000  0.011915637916065  0.107172004579271  0.015614173327976  0.000000000000000  0.020789516266886  0.100342173589494  0.000000000000000  0.000000000000000  0.334945900606960  0.000000000000000  0.044780051574159  0.148650889375340  0.030248344590429  0.008292368819920  0.000000000000000  0.000000000000000  1.000000000000000  0.000000000000000  0.000000000000000  0.000000000000000  0.000000000000000  1.000000000000000  0.000000000000000  0.037655384843587  1.000000000000000  0.500000000000000 
33.0    G  0.053697547184199  0.000000000000000  0.043105028807096  0.000000000000000  0.014407861217385  0.092589987376270  0.000000000000000  0.000000000000000  0.012788580962356  0.111878133865997  0.045342256494818  0.038419964601706  0.012656304275501  0.000000000000000  0.026941985781800  0.263705579267015  0.039336161672027  0.144686277123765  0.000000000000000  0.100481373842894  0.931094819830229  0.038956287321097  0.029894004940371  1.000000000000000  0.000000000000000  0.000000000000000  0.000000000000000  0.037786114869793  0.475329550614909  1.000000000000000 
34.0    S  0.000000000000000  0.000000000000000  0.000000000000000  0.000000000000000  0.000000000000000  0.000000000000000  0.020039634418160  0.013396500572409  0.021792869786725  0.143289023216047  0.000000000000000  0.070707153927869  0.193177637411997  0.031467360939272  0.000000000000000  0.328507906787343  0.140145759753564  0.023292349793733  0.014367969471120  0.000000000000000  1.000000000000000  0.000000000000000  0.000000000000000  0.000000000000000  0.000000000000000  0.000000000000000  1.000000000000000  0.038580081465423  1.000000000000000  0.483638164806966 
35.0    A  0.269807059126107  0.000000000000000  0.126744934973754  0.000000000000000  0.000000000000000  0.017445515030978  0.000000000000000  0.000000000000000  0.000000000000000  0.000000000000000  0.000000000000000  0.227667458397995  0.023260082111977  0.000000000000000  0.000000000000000  0.133046272806670  0.078345813777543  0.123707082051901  0.000000000000000  0.000000000000000  0.965267024871757  0.034987902770445  0.000000000000000  1.000000000000000  0.000000000000000  0.000000000000000  1.000000000000000  0.038580081465423  0.480630464194381  0.483638164806966 
36.0    S  0.131852789633508  0.000000000000000  0.076097876166437  0.026259804757290  0.000000000000000  0.000000000000000  0.000000000000000  0.000000000000000  0.091759414752131  0.023633874957562  0.000000000000000  0.040302132832996  0.051510130309578  0.070707153927869  0.067685940345370  0.327371355770891  0.063197005053207  0.029708096913432  0.000000000000000  0.000000000000000  1.000000000000000  0.000000000000000  0.000000000000000  0.000000000000000  0.000000000000000  1.000000000000000  0.000000000000000  0.038580081465423  1.000000000000000  0.483638164806966 
37.0    D  0.000000000000000  0.000000000000000  0.599985691186608  0.341036958719839  0.000000000000000  0.000000000000000  0.000000000000000  0.000000000000000  0.028915763376183  0.000000000000000  0.000000000000000  0.030269318413332  0.000000000000000  0.000000000000000  0.000000000000000  0.000000000000000  0.000000000000000  0.000000000000000  0.000000000000000  0.000000000000000  1.000000000000000  0.000000000000000  0.000000000000000  0.000000000000000  0.000000000000000  0.000000000000000  0.000000000000000  0.037786114869793  1.000000000000000  1.000000000000000 
38.0    L  0.036347501298370  0.000000000000000  0.000000000000000  0.000000000000000  0.000000000000000  0.000000000000000  0.000000000000000  0.013129902378645  0.000000000000000  0.647072827241427  0.107023535568307  0.000000000000000  0.028915763376183  0.062847536274904  0.000000000000000  0.014407861217385  0.022545760732213  0.067685940345370  0.000000000000000  0.000000000000000  1.000000000000000  0.000000000000000  0.000000000000000  0.000000000000000  0.000000000000000  0.000000000000000  0.000000000000000  0.037786114869793  1.000000000000000  1.000000000000000 
39.0    E  0.194791144915125  0.000000000000000  0.225156494961982  0.115023456328109  0.033077637339848  0.018010724168732  0.000000000000000  0.000000000000000  0.000000000000000  0.000000000000000  0.108142086323124  0.022923958502614  0.028419007868773  0.000000000000000  0.010949433195943  0.175312406330300  0.030926770512975  0.037291741969741  0.000000000000000  0.000000000000000  0.074171049853533  0.000000000000000  0.925946022527324  0.000000000000000  0.000000000000000  0.000000000000000  0.000000000000000  0.037786114869793  1.000000000000000  1.000000000000000 
40.0    T  0.000000000000000  0.000000000000000  0.000000000000000  0.322417062663971  0.000000000000000  0.000000000000000  0.000000000000000  0.000000000000000  0.000000000000000  0.000000000000000  0.000000000000000  0.000000000000000  0.000000000000000  0.000000000000000  0.000000000000000  0.000000000000000  0.677362488742684  0.000000000000000  0.000000000000000  0.000000000000000  0.677362488742684  0.322417062663971  0.000000000000000  0.142892291926755  0.857376036634172  0.000000000000000  1.000000000000000  0.342220953272960  0.484980955170867  0.101250434204006 
41.0    S  0.000000000000000  0.000000000000000  0.000000000000000  0.000000000000000  0.000000000000000  0.000000000000000  0.000000000000000  0.000000000000000  0.000000000000000  0.000000000000000  0.000000000000000  0.000000000000000  0.000000000000000  0.000000000000000  0.000000000000000  0.677362488742684  0.000000000000000  0.000000000000000  0.322417062663971  0.000000000000000  1.000000000000000  0.000000000000000  0.000000000000000  0.000000000000000  0.000000000000000  1.000000000000000  0.000000000000000  0.342220953272960  1.000000000000000  0.101250434204006 
42.0    G  0.065108964313014  0.000000000000000  0.231647015472593  0.000000000000000  0.013129902378645  0.079549683454746  0.000000000000000  0.049997508020797  0.048327896090957  0.000000000000000  0.000000000000000  0.101320639985664  0.000000000000000  0.107693269964002  0.039527485698561  0.104385989928546  0.072795849154279  0.086509357253217  0.000000000000000  0.000000000000000  1.000000000000000  0.000000000000000  0.000000000000000  0.000000000000000  0.000000000000000  0.000000000000000  0.000000000000000  0.037786114869793  1.000000000000000  1.000000000000000 
43.0    L  0.000000000000000  0.000000000000000  0.000000000000000  0.000000000000000  0.191577495025973  0.000000000000000  0.000000000000000  0.068821349881123  0.000000000000000  0.569591688611057  0.146604368653985  0.000000000000000  0.000000000000000  0.000000000000000  0.000000000000000  0.000000000000000  0.000000000000000  0.023357019509921  0.000000000000000  0.000000000000000  1.000000000000000  0.000000000000000  0.000000000000000  0.000000000000000  0.000000000000000  0.000000000000000  0.000000000000000  0.037786114869793  1.000000000000000  1.000000000000000 
44.0    Q  0.000000000000000  0.000000000000000  0.000000000000000  0.095325103328518  0.000000000000000  0.000000000000000  0.000000000000000  0.000000000000000  0.682073917439677  0.000000000000000  0.000000000000000  0.016042024151875  0.000000000000000  0.206612579538553  0.000000000000000  0.000000000000000  0.000000000000000  0.000000000000000  0.000000000000000  0.000000000000000  1.000000000000000  0.000000000000000  0.000000000000000  0.000000000000000  0.000000000000000  0.000000000000000  0.000000000000000  0.037786114869793  1.000000000000000  1.000000000000000 
45.0    E  0.102806258589058  0.000000000000000  0.149270398384324  0.179493063827929  0.017615631439772  0.051868411599374  0.000000000000000  0.000000000000000  0.036880448229256  0.016424576704495  0.000000000000000  0.154856087222989  0.000000000000000  0.008490116113485  0.000000000000000  0.082354996983384  0.078563335907614  0.121329308721193  0.000000000000000  0.000000000000000  1.000000000000000  0.000000000000000  0.000000000000000  0.000000000000000  0.000000000000000  0.000000000000000  0.000000000000000  0.037577164028068  1.000000000000000  1.000000000000000 
46.0    Q  0.006142322594846  0.000000000000000  0.000000000000000  0.000000000000000  0.016642315678022  0.013946046429265  0.000000000000000  0.047071577082307  0.000000000000000  0.828170661334546  0.000000000000000  0.000000000000000  0.000000000000000  0.043404847992660  0.000000000000000  0.000000000000000  0.000000000000000  0.041810236087066  0.003030979899511  0.000000000000000  1.000000000000000  0.000000000000000  0.000000000000000  0.000000000000000  0.000000000000000  0.000000000000000  0.000000000000000  0.037577164028068  1.000000000000000  1.000000000000000 
47.0    R  0.000000000000000  0.000000000000000  0.000000000000000  0.000000000000000  0.000000000000000  0.000000000000000  0.000000000000000  0.047333322371155  0.000000000000000  0.891310495896971  0.000000000000000  0.000000000000000  0.014348065035952  0.023914012028479  0.023083407243478  0.000000000000000  0.000000000000000  0.000000000000000  0.000000000000000  0.000000000000000  0.985549336939371  0.000000000000000  0.014348065035952  0.000000000000000  0.000000000000000  0.000000000000000  0.000000000000000  0.037629293163482  1.000000000000000  1.000000000000000 
48.0    N  0.000000000000000  0.000000000000000  0.247757390816020  0.352574490121097  0.000000000000000  0.067078767899591  0.114387396015991  0.000000000000000  0.000000000000000  0.000000000000000  0.028875705388963  0.033330805650993  0.000000000000000  0.120491225967580  0.000000000000000  0.035574813408590  0.000000000000000  0.000000000000000  0.000000000000000  0.000000000000000  1.000000000000000  0.000000000000000  0.000000000000000  0.000000000000000  0.000000000000000  0.000000000000000  1.000000000000000  0.037864770638445  1.000000000000000  0.496202187342909 
49.0    H  0.000000000000000  0.000000000000000  0.000000000000000  0.000000000000000  0.000000000000000  0.012895397008010  0.150621539374348  0.000000000000000  0.025683755852964  0.050730598811080  0.000000000000000  0.000000000000000  0.000000000000000  0.053734780390188  0.706127202192377  0.000000000000000  0.000000000000000  0.000000000000000  0.000000000000000  0.000000000000000  1.000000000000000  0.000000000000000  0.000000000000000  0.000000000000000  0.000000000000000  0.000000000000000  1.000000000000000  0.037864770638445  1.000000000000000  0.496202187342909 
50.0    L  0.000000000000000  0.000000000000000  0.000000000000000  0.000000000000000  0.141414307855738  0.000000000000000  0.000000000000000  0.037473122305972  0.000000000000000  0.772175133091785  0.000000000000000  0.000000000000000  0.028875705388963  0.000000000000000  0.000000000000000  0.000000000000000  0.000000000000000  0.000000000000000  0.000000000000000  0.019818615614467  1.000000000000000  0.000000000000000  0.000000000000000  0.000000000000000  0.000000000000000  0.000000000000000  1.000000000000000  0.037864770638445  1.000000000000000  0.496202187342909 
51.0    Q  0.000000000000000  0.000000000000000  0.029339742103608  0.691116103264291  0.019818615614467  0.011800567074710  0.000000000000000  0.000000000000000  0.023115429832013  0.000000000000000  0.000000000000000  0.000000000000000  0.000000000000000  0.087231922757635  0.137452018664319  0.000000000000000  0.000000000000000  0.000000000000000  0.000000000000000  0.000000000000000  1.000000000000000  0.000000000000000  0.000000000000000  0.000000000000000  0.000000000000000  0.000000000000000  1.000000000000000  0.037864770638445  1.000000000000000  0.496202187342909 
52.0    G  0.000000000000000  0.000000000000000  0.375790369516391  0.499653546495226  0.000000000000000  0.034578042284134  0.000000000000000  0.000000000000000  0.015920174947136  0.000000000000000  0.000000000000000  0.017337023001060  0.000000000000000  0.000000000000000  0.000000000000000  0.056759276107594  0.000000000000000  0.000000000000000  0.000000000000000  0.000000000000000  1.000000000000000  0.000000000000000  0.000000000000000  0.000000000000000  0.000000000000000  0.000000000000000  1.000000000000000  0.037864770638445  1.000000000000000  0.496202187342909 
53.0    K  0.089622203000989  0.000000000000000  0.000000000000000  0.000000000000000  0.000000000000000  0.000000000000000  0.000000000000000  0.044625124365158  0.437089310205187  0.000000000000000  0.000000000000000  0.034101996157967  0.000000000000000  0.000000000000000  0.112422289018469  0.170400325910313  0.111723145294598  0.000000000000000  0.000000000000000  0.000000000000000  1.000000000000000  0.000000000000000  0.000000000000000  0.000000000000000  0.000000000000000  0.000000000000000  1.000000000000000  0.037864770638445  1.000000000000000  0.496202187342909 
54.0    L  0.013267128850732  0.000000000000000  0.000000000000000  0.000000000000000  0.070707153927869  0.000000000000000  0.000000000000000  0.096455010941183  0.000000000000000  0.344840230456765  0.126306430810845  0.000000000000000  0.012551468699329  0.000000000000000  0.000000000000000  0.052775055463986  0.000000000000000  0.260616440210280  0.000000000000000  0.022436632978491  0.908778116448520  0.051296350550656  0.039719740290802  0.090810315598211  0.909408251800733  0.000000000000000  1.000000000000000  0.037864770638445  0.465224828851508  0.496202187342909 
55.0    S  0.186856156079367  0.000000000000000  0.037395280100960  0.068773663085384  0.000000000000000  0.036473690681827  0.000000000000000  0.000000000000000  0.000000000000000  0.050066867349351  0.000000000000000  0.000000000000000  0.253665636645220  0.000000000000000  0.000000000000000  0.312949114663499  0.041492661199451  0.012370091654239  0.000000000000000  0.000000000000000  0.815637493339010  0.000000000000000  0.184539300710354  0.000000000000000  0.000000000000000  0.000000000000000  1.000000000000000  0.038714021805747  1.000000000000000  0.457549584063964 
56.0    E  0.106579361470995  0.000000000000000  0.000000000000000  0.441657525740733  0.008906041192918  0.038260512262506  0.000000000000000  0.000000000000000  0.000000000000000  0.185694115082604  0.034626010870779  0.000000000000000  0.000000000000000  0.011296346051139  0.009840859218339  0.027185854772145  0.031511014215456  0.104675810938553  0.000000000000000  0.000000000000000  0.901875378382250  0.000000000000000  0.097937148368668  0.000000000000000  0.000000000000000  0.129767408817882  0.869947352708651  0.045689295262501  1.000000000000000  0.333555792419442 
57.0    L  0.000000000000000  0.000000000000000  0.018684684324627  0.322417062663971  0.000000000000000  0.000000000000000  0.000000000000000  0.098005056759467  0.000000000000000  0.233096621609208  0.190914687245088  0.000000000000000  0.033562639738129  0.103377921055408  0.000000000000000  0.000000000000000  0.000000000000000  0.000000000000000  0.000000000000000  0.000000000000000  0.959929261038908  0.022718320583130  0.017349044275447  0.318198733818986  0.681601303641254  0.091568804663209  0.908148417721510  0.050765774772265  0.483638164806966  0.303759197976254 
58.0    Q  0.091823039579894  0.000000000000000  0.171704529178703  0.312515575646302  0.000000000000000  0.000000000000000  0.000000000000000  0.000000000000000  0.000000000000000  0.012081974022739  0.013202912256446  0.000000000000000  0.031884520601514  0.272438028053332  0.029502888098445  0.049686578184311  0.015145153389610  0.000000000000000  0.000000000000000  0.000000000000000  0.926588061890371  0.017145811524676  0.056211144509235  1.000000000000000  0.000000000000000  0.877213548732822  0.122767449407924  0.050800975124020  0.500000000000000  0.309068815230238 
59.0    V  0.302708270987638  0.000000000000000  0.066338950559362  0.337275633584925  0.000000000000000  0.013111713079790  0.000000000000000  0.000000000000000  0.000000000000000  0.000000000000000  0.017750457262292  0.050136322897030  0.066846692992828  0.035747842912619  0.018161157929971  0.050625217102003  0.016198454703433  0.025068161448515  0.000000000000000  0.000000000000000  0.986916545885842  0.000000000000000  0.013285533751003  0.000000000000000  0.000000000000000  0.000000000000000  1.000000000000000  0.039637231228933  1.000000000000000  0.438606774366411 
60.0    E  0.116629123942101  0.000000000000000  0.016862941195382  0.328052813647990  0.000000000000000  0.021552514403548  0.000000000000000  0.000000000000000  0.000000000000000  0.153254357506645  0.045562793088018  0.032712821311705  0.000000000000000  0.000000000000000  0.000000000000000  0.051012690384431  0.019316800951890  0.215088157652860  0.000000000000000  0.000000000000000  0.917004043204671  0.083331167318200  0.000000000000000  0.132218870452303  0.867538687152068  0.124394965227510  0.875391329694264  0.039774841727373  0.440434687063490  0.428985265214345 
61.0    Q  0.103664943226805  0.000000000000000  0.124394965227510  0.237994477124383  0.000000000000000  0.027834153143959  0.000000000000000  0.008229383093397  0.011382805577328  0.000000000000000  0.008632535037499  0.000000000000000  0.037034149091924  0.296684199414133  0.056406295466402  0.000000000000000  0.014101573866600  0.073709787016326  0.000000000000000  0.000000000000000  0.948684315140454  0.051154323849425  0.000000000000000  0.423372656181264  0.576742802530011  0.000000000000000  1.000000000000000  0.039857637239955  0.467487598875728  0.429282718218877 
62.0    T  0.063460381304339  0.000000000000000  0.025683755852964  0.111645731544095  0.000000000000000  0.034818551588104  0.000000000000000  0.000000000000000  0.000000000000000  0.074946244611945  0.049755506173674  0.086269834587289  0.142102121654502  0.138216331665034  0.082070070339009  0.089746531913965  0.083042863381032  0.018262144508769  0.000000000000000  0.000000000000000  0.806082831492968  0.176043028364010  0.018048215383650  0.264804583670969  0.735093668194520  0.000000000000000  1.000000000000000  0.039857637239955  0.377879982079057  0.429282718218877 
63.0    S  0.165281825642822  0.000000000000000  0.100970097201201  0.097328086382708  0.033261568201667  0.013489680602725  0.000000000000000  0.000000000000000  0.060538636826664  0.000000000000000  0.000000000000000  0.063372467486877  0.067078767899591  0.036196650193583  0.022545760732213  0.229569040575231  0.014782150730087  0.041839226780576  0.000000000000000  0.053697547184199  0.862143545017596  0.032758202359904  0.104966436618018  0.091062444618626  0.908778116448520  0.371388230165207  0.628942485918009  0.040949793870574  0.481964903870322  0.400257405328151 
64.0    L  0.042042725266307  0.000000000000000  0.076999879590360  0.126744934973754  0.000000000000000  0.026078415036107  0.000000000000000  0.017530366883289  0.000000000000000  0.288371401265006  0.000000000000000  0.016688522000748  0.052556025953357  0.194117218750260  0.000000000000000  0.061044283060139  0.028656376350146  0.069252021741558  0.000000000000000  0.000000000000000  0.464580337125457  0.535515411595727  0.000000000000000  0.077912574642194  0.922103117912631  0.000000000000000  1.000000000000000  0.040864729641774  0.229092161168838  0.368567304322775 
65.0    E  0.044687030823803  0.000000000000000  0.100760353936621  0.463294030945185  0.000000000000000  0.048127323389754  0.000000000000000  0.000000000000000  0.049480366616954  0.000000000000000  0.000000000000000  0.049514675682811  0.000000000000000  0.017530366883289  0.073454770526236  0.141806935616994  0.011280696840020  0.000000000000000  0.000000000000000  0.000000000000000  0.974004268543241  0.010387555532670  0.015733680469636  0.199990032083188  0.799960128332753  0.211686328090632  0.788400174056278  0.040864729641774  0.500000000000000  0.368567304322775 
66.0    P  0.090245574720156  0.000000000000000  0.118339203904589  0.073760896458513  0.000000000000000  0.017923547253534  0.015517070241204  0.015282241772615  0.014629253866164  0.000000000000000  0.000000000000000  0.051976381148432  0.334250123851284  0.115023456328109  0.019330194979487  0.118093380124651  0.000000000000000  0.015690117863109  0.000000000000000  0.000000000000000  0.915099168127928  0.000000000000000  0.085082132281217  0.000000000000000  0.000000000000000  0.000000000000000  1.000000000000000  0.040358042196948  1.000000000000000  0.385820043764734 
67.0    L  0.088204740213043  0.000000000000000  0.030458738465361  0.059457392270737  0.000000000000000  0.046487930076078  0.000000000000000  0.033609199701793  0.000000000000000  0.401925495371576  0.000000000000000  0.000000000000000  0.075415244982548  0.028656376350146  0.028557232819669  0.162780523696129  0.000000000000000  0.044439919080852  0.000000000000000  0.000000000000000  0.942131273904809  0.035378090690959  0.022374511581268  0.199990032083188  0.799960128332753  0.669891801213920  0.330105710253750  0.043434944370073  0.484980955170867  0.340564508660122 
68.0    Q  0.011932167952818  0.000000000000000  0.144485838319350  0.114387396015991  0.000000000000000  0.041120453907157  0.023666661185578  0.000000000000000  0.014710601008456  0.081899587741148  0.000000000000000  0.052229184932616  0.094012734461793  0.243501067135810  0.037969899747032  0.106801217611217  0.010033717257730  0.023324662239015  0.000000000000000  0.000000000000000  1.000000000000000  0.000000000000000  0.000000000000000  0.000000000000000  0.000000000000000  0.000000000000000  1.000000000000000  0.038687196588670  1.000000000000000  0.433769343576034 
69.0    E  0.081956375888478  0.000000000000000  0.011857962913860  0.243163736853071  0.017301009132567  0.063990431276778  0.000000000000000  0.041579032533771  0.091252000665908  0.033400187225344  0.000000000000000  0.000000000000000  0.087838668762920  0.124567532853483  0.063813257856700  0.051760666333409  0.058760887656820  0.000000000000000  0.000000000000000  0.028716027608720  0.896266699569405  0.000000000000000  0.103664943226805  0.000000000000000  0.000000000000000  0.307359716813645  0.692554734055462  0.038687196588670  1.000000000000000  0.433769343576034 
70.0    S  0.079054971397121  0.000000000000000  0.131578894338680  0.090684512989636  0.000000000000000  0.129139298460517  0.000000000000000  0.033562639738129  0.000000000000000  0.046908721797324  0.021373989123476  0.000000000000000  0.025559439329931  0.043919334381460  0.000000000000000  0.278162530146209  0.000000000000000  0.119991157629863  0.000000000000000  0.000000000000000  1.000000000000000  0.000000000000000  0.000000000000000  0.000000000000000  0.000000000000000  0.103449602009776  0.896266699569405  0.040051497630006  1.000000000000000  0.383154990051946 
71.0    P  0.029811235954611  0.000000000000000  0.000000000000000  0.047695600280017  0.000000000000000  0.000000000000000  0.069060280299994  0.000000000000000  0.020847237026215  0.061639544030835  0.000000000000000  0.000000000000000  0.347479554960584  0.265171935342054  0.084202098554106  0.057911753868148  0.016232173489026  0.000000000000000  0.000000000000000  0.000000000000000  0.942784535918240  0.000000000000000  0.056956330039821  0.000000000000000  0.000000000000000  0.000000000000000  1.000000000000000  0.040246300922182  1.000000000000000  0.394746943350277 
72.0    R  0.029197729590099  0.000000000000000  0.073505703143185  0.093752436830364  0.000000000000000  0.225781627537956  0.028955876934074  0.000000000000000  0.000000000000000  0.000000000000000  0.000000000000000  0.000000000000000  0.232129213076682  0.000000000000000  0.044102370106522  0.223601225445651  0.048900736358532  0.000000000000000  0.000000000000000  0.000000000000000  1.000000000000000  0.000000000000000  0.000000000000000  0.000000000000000  0.000000000000000  0.000000000000000  1.000000000000000  0.042955896736626  1.000000000000000  0.360732171715407 
73.0    P  0.056172195413189  0.000000000000000  0.044687030823803  0.010664794670978  0.000000000000000  0.000000000000000  0.000000000000000  0.015166163590149  0.000000000000000  0.097733705391074  0.000000000000000  0.024399577893981  0.164140140678019  0.079000193653300  0.043737058299850  0.033423346496414  0.000000000000000  0.000000000000000  0.430773079856009  0.000000000000000  0.984866442895551  0.000000000000000  0.015166163590149  0.000000000000000  0.000000000000000  0.260255399421028  0.739693754624419  0.042955896736626  1.000000000000000  0.360732171715407 
74.0    T  0.124481219136807  0.000000000000000  0.130308220105140  0.010694404789780  0.000000000000000  0.029873291174804  0.000000000000000  0.030060232958274  0.019290040732712  0.061128967090459  0.000000000000000  0.057432055217441  0.033008925792246  0.020963159763785  0.000000000000000  0.070560275300383  0.372419365780676  0.023324662239015  0.000000000000000  0.016413196000168  1.000000000000000  0.000000000000000  0.000000000000000  0.000000000000000  0.000000000000000  0.107618648542363  0.892546971472977  0.040554336466849  1.000000000000000  0.378141999320990 
75.0    G  0.079384436408674  0.000000000000000  0.044563303667629  0.148650889375340  0.000000000000000  0.297507924076669  0.000000000000000  0.000000000000000  0.044224817510208  0.074171049853533  0.000000000000000  0.000000000000000  0.000000000000000  0.015777364024948  0.259894858793820  0.015239929086369  0.020588749245846  0.000000000000000  0.000000000000000  0.000000000000000  1.000000000000000  0.000000000000000  0.000000000000000  0.039996012932635  0.959929261038908  0.111568371434122  0.888226795842405  0.040246300922182  0.497579860910041  0.390393246303696 
76.0    V  0.149788627667427  0.000000000000000  0.138984894689638  0.353063601096189  0.000000000000000  0.035402621415494  0.000000000000000  0.000000000000000  0.039527485698561  0.074531804520664  0.024399577893981  0.026886019706607  0.017157700215423  0.020731955321831  0.000000000000000  0.026644840367749  0.023699492896476  0.069204036530268  0.000000000000000  0.000000000000000  0.933032991536807  0.022749836703111  0.044010757091003  0.180241108932528  0.819604607637517  0.727994774499543  0.271872097713721  0.039145763707004  0.494142825750366  0.402204185470958 
77.0    W  0.052701944390632  0.000000000000000  0.125173406963917  0.153679858406823  0.000000000000000  0.028320685570854  0.000000000000000  0.000000000000000  0.028379638053797  0.025808677029241  0.000000000000000  0.017193415771346  0.111028349480301  0.098550021757035  0.059251685320540  0.035060733766578  0.000000000000000  0.102308647698850  0.148650889375340  0.013888166893228  0.954621014139717  0.000000000000000  0.045436641166260  0.000000000000000  0.000000000000000  0.000000000000000  1.000000000000000  0.039857637239955  1.000000000000000  0.437392382452911 
78.0    K  0.084202098554106  0.000000000000000  0.010510681316577  0.386891248385597  0.000000000000000  0.043615961378818  0.009978232493714  0.034818551588104  0.092397651954615  0.011630041055989  0.000000000000000  0.082870360018666  0.054484889971066  0.028066636652623  0.049446081324091  0.060580613558442  0.022452190258501  0.028086097706595  0.000000000000000  0.000000000000000  0.957935218222696  0.000000000000000  0.041984482053791  0.066661611301985  0.933032991536807  0.092847057541302  0.906890328933143  0.039227249727583  0.500000000000000  0.405001736816023 
79.0    S  0.232935107326193  0.000000000000000  0.040442051702589  0.165167300707283  0.000000000000000  0.076045147414629  0.000000000000000  0.000000000000000  0.064659223844932  0.013030172559765  0.000000000000000  0.000000000000000  0.108969779942133  0.105916554368265  0.082812938565325  0.041120453907157  0.068821349881123  0.000000000000000  0.000000000000000  0.000000000000000  0.305872010282967  0.642157904494713  0.051796556530500  0.263888429409492  0.736113431084089  0.689680460913530  0.310141824428847  0.040751585476830  0.184795303909230  0.381564802240140 
80.0    R  0.041177498491692  0.000000000000000  0.000000000000000  0.034818551588104  0.000000000000000  0.037421209519342  0.000000000000000  0.084318908396231  0.000000000000000  0.022639721164920  0.027872766231878  0.015367219906660  0.198058702731242  0.192242603908784  0.147521792917025  0.077589218220382  0.104603280335424  0.016390458243359  0.000000000000000  0.000000000000000  0.955282936382437  0.044718016250716  0.000000000000000  0.275667290767228  0.724471077277439  0.290377182981431  0.709561678100191  0.040023745666555  0.468785548228555  0.416676603579609 
81.0    E  0.059375023929680  0.000000000000000  0.090810315598211  0.104241380478121  0.021627339313304  0.039692218204337  0.000000000000000  0.000000000000000  0.044163551371335  0.074171049853533  0.000000000000000  0.000000000000000  0.073658712988230  0.111105335145821  0.307572836187786  0.030564483545229  0.025330159996416  0.017603425445270  0.000000000000000  0.000000000000000  0.862143545017596  0.000000000000000  0.138120560599989  0.000000000000000  0.000000000000000  0.000000000000000  1.000000000000000  0.039091533753540  1.000000000000000  0.429282718218877 
82.0    V  0.216434141379915  0.000000000000000  0.094666644742311  0.114943755768957  0.013470992890900  0.103306289769276  0.000000000000000  0.016619260513956  0.020263118041422  0.051617354058483  0.052048485680034  0.017985773301996  0.081333865965121  0.032963197408377  0.000000000000000  0.024046987815013  0.026774436086518  0.069927318814732  0.039308905369876  0.024247839196089  0.967276329613932  0.000000000000000  0.033054717613076  0.500000000000000  0.500000000000000  0.390663940086159  0.609205131837596  0.044966674375338  0.497579860910041  0.329419987933535 
83.0    A  0.274332984394811  0.000000000000000  0.014629253866164  0.011477879947487  0.021582413252248  0.107395094368398  0.058720171825876  0.000000000000000  0.023486898094774  0.079274462457867  0.010019817209080  0.070952631384129  0.117684808067651  0.076362068854594  0.014895289770127  0.035109371969739  0.038234001285371  0.024912264891892  0.000000000000000  0.020919613390288  1.000000000000000  0.000000000000000  0.000000000000000  0.000000000000000  0.000000000000000  0.157890907730725  0.842062953608416  0.041665583659100  1.000000000000000  0.371130892657262 
84.0    T  0.088204740213043  0.000000000000000  0.044997853703584  0.038287041622021  0.000000000000000  0.051403129294529  0.000000000000000  0.100551046367739  0.000000000000000  0.141806935616994  0.030479858172739  0.000000000000000  0.319746395319357  0.000000000000000  0.057074890625749  0.029076551803219  0.089808761034004  0.008692579067069  0.000000000000000  0.000000000000000  0.986232704493359  0.000000000000000  0.013859317268002  0.000000000000000  0.000000000000000  0.120407736752519  0.879649075922436  0.041177498491692  1.000000000000000  0.390393246303696 
85.0    E  0.244685412599359  0.000000000000000  0.060329189054485  0.131305568001344  0.014338123161115  0.048900736358532  0.000000000000000  0.035085044439800  0.085259239679960  0.000000000000000  0.015061403245948  0.031120304784202  0.053437636118248  0.000000000000000  0.070707153927869  0.164367845025634  0.023980407750014  0.021448194238358  0.000000000000000  0.000000000000000  1.000000000000000  0.000000000000000  0.000000000000000  0.000000000000000  0.000000000000000  0.088510964888409  0.911301280637141  0.040723348417603  1.000000000000000  0.393926943024673 
86.0    G  0.070072879876782  0.000000000000000  0.093363341069521  0.140827403562160  0.007535923317064  0.237500095718722  0.000000000000000  0.015239929086369  0.020545980628204  0.050415109951383  0.000000000000000  0.026811579075897  0.067826835742613  0.013763583970734  0.130037533315248  0.015431263460084  0.067779838052691  0.000000000000000  0.000000000000000  0.042926132294676  0.915733686418126  0.054334035005626  0.030206440533280  0.680657058249737  0.319303439798847  0.000000000000000  1.000000000000000  0.040582456335309  0.468460723436213  0.403041415746484 
87.0    I  0.114546080584419  0.000000000000000  0.014926295880976  0.000000000000000  0.083910781423766  0.075677067746910  0.030777076340486  0.045752677998301  0.015314053364717  0.032195436050627  0.012208248127692  0.034149304346905  0.095589767367673  0.052012420919470  0.114387396015991  0.078400137782562  0.029482445340480  0.122597375498569  0.000000000000000  0.048160694272400  1.000000000000000  0.000000000000000  0.000000000000000  0.000000000000000  0.000000000000000  0.176043028364010  0.824162084953241  0.041320456410705  1.000000000000000  0.383154990051946 
88.0    R  0.034770316268276  0.000000000000000  0.009499056899868  0.000000000000000  0.085082132281217  0.000000000000000  0.000000000000000  0.068678388598555  0.035255691795516  0.358737383651676  0.000000000000000  0.000000000000000  0.016198454703433  0.020179021098474  0.221441879775590  0.071545260037418  0.010949433195943  0.037395280100960  0.000000000000000  0.030206440533280  0.871758239537062  0.128336193215000  0.000000000000000  0.200962747685788  0.798851916449148  0.000000000000000  1.000000000000000  0.040582456335309  0.408667664244142  0.403041415746484 
89.0    G  0.122937759253281  0.000000000000000  0.022097086912080  0.069252021741558  0.000000000000000  0.265908168223296  0.000000000000000  0.000000000000000  0.034842694335241  0.015997607819194  0.000000000000000  0.027073026762503  0.081052472165688  0.042393885232740  0.091505355996602  0.227037104430377  0.000000000000000  0.000000000000000  0.000000000000000  0.000000000000000  0.945402116750744  0.019037660369925  0.035550163371016  1.000000000000000  0.000000000000000  0.000000000000000  1.000000000000000  0.039692218204337  0.498961359499525  0.403041415746484 
90.0    H  0.056406295466402  0.000000000000000  0.082985322398902  0.031928752584822  0.008144263756571  0.020617311105826  0.021418481327808  0.025790794016021  0.000000000000000  0.162667731930242  0.000000000000000  0.037786114869793  0.297920643643512  0.014915953345933  0.000000000000000  0.152724137709188  0.017373111836205  0.014998894703733  0.000000000000000  0.054296386571914  0.703196599956560  0.286379474494939  0.010679589468295  0.197647279150986  0.802181166352486  1.000000000000000  0.000000000000000  0.050906722691888  0.312515575646302  0.380772184925815 
91.0    R  0.038606832410217  0.016075417310837  0.014812921330135  0.145793671223558  0.012949139132625  0.052921582022658  0.035574813408590  0.025242524300300  0.050485048600601  0.017554685984869  0.000000000000000  0.026442456143759  0.023179608341268  0.055900306361413  0.286181040149671  0.107842668067832  0.040638754579640  0.000000000000000  0.000000000000000  0.049790006017849  0.957271458195298  0.030290306779221  0.012115518849172  0.131396613635963  0.868742185150623  1.000000000000000  0.000000000000000  0.035847094507068  0.480630464194381  0.500000000000000 
92.0    K  0.063240825064183  0.000000000000000  0.250520401269908  0.000000000000000  0.070121467533155  0.019077289260455  0.009978232493714  0.000000000000000  0.057791454882106  0.044163551371335  0.000000000000000  0.129947429396910  0.012647534633553  0.090120554466264  0.000000000000000  0.172539669174579  0.042955896736626  0.036854893508163  0.000000000000000  0.000000000000000  0.927230546435463  0.007509851003037  0.065561832973434  1.000000000000000  0.000000000000000  1.000000000000000  0.000000000000000  0.036071419297401  0.500000000000000  0.499307333050514 
93.0    M  0.102877543159839  0.000000000000000  0.012806321994336  0.010926688146394  0.008009900296005  0.070805242830987  0.000000000000000  0.000000000000000  0.025207554975691  0.189070999660495  0.022266212721075  0.046102858033839  0.151354135493819  0.000000000000000  0.027374947345848  0.298127218082658  0.022005378545501  0.013066349998657  0.000000000000000  0.000000000000000  1.000000000000000  0.000000000000000  0.000000000000000  0.000000000000000  0.000000000000000  0.000000000000000  1.000000000000000  0.037786114869793  1.000000000000000  0.444113397921202 
94.0    V  0.076893209046947  0.000000000000000  0.060412881066561  0.013602352551502  0.131305568001344  0.000000000000000  0.000000000000000  0.028242272710971  0.000000000000000  0.197100043514070  0.000000000000000  0.000000000000000  0.026774436086518  0.164595865257405  0.014427848605147  0.108292107050011  0.032871930600121  0.145490816800267  0.000000000000000  0.000000000000000  0.993092495437036  0.007006938747359  0.000000000000000  1.000000000000000  0.000000000000000  1.000000000000000  0.000000000000000  0.037786114869793  0.500000000000000  0.444113397921202 
95.0    L  0.068773663085384  0.000000000000000  0.000000000000000  0.000000000000000  0.039692218204337  0.015560152392101  0.000000000000000  0.000000000000000  0.083910781423766  0.429580377473592  0.000000000000000  0.008980428500271  0.000000000000000  0.000000000000000  0.223756267731993  0.089871033302935  0.000000000000000  0.039857637239955  0.000000000000000  0.000000000000000  1.000000000000000  0.000000000000000  0.000000000000000  0.000000000000000  0.000000000000000  0.000000000000000  0.000000000000000  0.046294993688135  1.000000000000000  1.000000000000000 
96.0    Y  0.000000000000000  0.000000000000000  0.014377932041014  0.010561803383032  0.000000000000000  0.020531744174209  0.000000000000000  0.021314809919990  0.278355404557172  0.000000000000000  0.000000000000000  0.056133273305246  0.000000000000000  0.110567554416443  0.142200653484063  0.308854659281732  0.017762765206813  0.000000000000000  0.000000000000000  0.019276674528273  0.934975197751455  0.064928693956104  0.000000000000000  1.000000000000000  0.000000000000000  0.000000000000000  0.000000000000000  0.055514174740150  0.450000964896756  1.000000000000000 
97.0    T  0.092975860152157  0.000000000000000  0.047104215923699  0.000000000000000  0.000000000000000  0.036778335538086  0.036854893508163  0.017676788481967  0.160985203688728  0.031620412532092  0.000000000000000  0.061001985048514  0.046327094056339  0.000000000000000  0.276816146121071  0.009374776424791  0.106579361470995  0.060538636826664  0.015229369232680  0.000000000000000  0.959929261038908  0.000000000000000  0.040162698045918  0.000000000000000  0.000000000000000  0.000000000000000  0.000000000000000  0.060917476930722  1.000000000000000  1.000000000000000 
98.0    L  0.000000000000000  0.000000000000000  0.000000000000000  0.000000000000000  0.016992006107108  0.000000000000000  0.000000000000000  0.000000000000000  0.000000000000000  0.862143545017596  0.041521431690516  0.000000000000000  0.022189177477241  0.056956330039821  0.000000000000000  0.000000000000000  0.000000000000000  0.000000000000000  0.000000000000000  0.000000000000000  1.000000000000000  0.000000000000000  0.000000000000000  0.000000000000000  0.000000000000000  0.000000000000000  1.000000000000000  0.062326953209504  1.000000000000000  0.453130969133667 
99.0    R  0.000000000000000  0.000000000000000  0.017948411796829  0.066800374450688  0.000000000000000  0.020432364820887  0.000000000000000  0.000000000000000  0.135090675254919  0.085318357367823  0.000000000000000  0.000000000000000  0.000000000000000  0.128158404736074  0.546388869550476  0.000000000000000  0.000000000000000  0.000000000000000  0.000000000000000  0.000000000000000  1.000000000000000  0.000000000000000  0.000000000000000  0.000000000000000  0.000000000000000  0.000000000000000  1.000000000000000  0.062326953209504  1.000000000000000  0.453130969133667 
100.0    A  0.154213396226187  0.000000000000000  0.211393071844379  0.055784185717061  0.017948411796829  0.204050761537725  0.000000000000000  0.000000000000000  0.009329399899020  0.000000000000000  0.000000000000000  0.067498534989555  0.000000000000000  0.000000000000000  0.151459082553780  0.094273754792911  0.034078366645789  0.000000000000000  0.000000000000000  0.000000000000000  0.857376036634172  0.066523136403335  0.075939799494064  0.326012683814640  0.674083865868528  1.000000000000000  0.000000000000000  0.062326953209504  0.441657525740733  0.453130969133667 
101.0    P  0.000000000000000  0.000000000000000  0.000000000000000  0.019183370061173  0.016470178488918  0.000000000000000  0.022577037467555  0.092333628973910  0.000000000000000  0.629814989973700  0.000000000000000  0.000000000000000  0.064123634083571  0.000000000000000  0.028815722434770  0.031034140482407  0.000000000000000  0.095788747512986  0.000000000000000  0.000000000000000  0.915733686418126  0.000000000000000  0.084143754329799  0.000000000000000  0.000000000000000  0.000000000000000  1.000000000000000  0.062891113968611  1.000000000000000  0.434973676354325 
102.0    R  0.061001985048514  0.000000000000000  0.000000000000000  0.000000000000000  0.000000000000000  0.013994463595170  0.027911432886024  0.035158077646525  0.007535923317064  0.284204243309004  0.000000000000000  0.027622735345740  0.000000000000000  0.164026406823995  0.357000994921266  0.000000000000000  0.021463066147338  0.000000000000000  0.000000000000000  0.000000000000000  1.000000000000000  0.000000000000000  0.000000000000000  0.000000000000000  0.000000000000000  0.000000000000000  1.000000000000000  0.038234001285371  1.000000000000000  0.387965427137428 
103.0    S  0.097733705391074  0.000000000000000  0.008183875992967  0.028735938942239  0.019928818619977  0.091125586176036  0.000000000000000  0.014377932041014  0.021226348196077  0.060580613558442  0.134716643130459  0.214939121560752  0.015821168864851  0.000000000000000  0.000000000000000  0.189464570813800  0.062586703481958  0.040582456335309  0.000000000000000  0.000000000000000  0.524131237758464  0.435577096071128  0.040470093714201  0.609627547038152  0.390393246303696  0.580351957191860  0.419865746472070  0.048832992510770  0.222673225151670  0.387965427137428 
104.0    P  0.129318447689864  0.000000000000000  0.041377778449856  0.000000000000000  0.000000000000000  0.025844480263852  0.000000000000000  0.000000000000000  0.109956134490304  0.052921582022658  0.000000000000000  0.000000000000000  0.389042588277709  0.000000000000000  0.065063849855257  0.077160162930846  0.109272327551297  0.000000000000000  0.000000000000000  0.000000000000000  1.000000000000000  0.000000000000000  0.000000000000000  0.000000000000000  0.000000000000000  0.446892581178393  0.552865326660134  0.116386852478779  1.000000000000000  0.429878243121503 
105.0    K  0.000000000000000  0.000000000000000  0.000000000000000  0.000000000000000  0.000000000000000  0.013583508751407  0.000000000000000  0.000000000000000  0.435879119768531  0.000000000000000  0.000000000000000  0.035871950432969  0.000000000000000  0.000000000000000  0.455966582759885  0.058760887656820  0.000000000000000  0.000000000000000  0.000000000000000  0.000000000000000  0.965936328924846  0.034339194299277  0.000000000000000  0.758909626487027  0.241316756217939  1.000000000000000  0.000000000000000  0.112266546610492  0.465547409915115  0.465224828851508 
106.0    M  0.000000000000000  0.000000000000000  0.020095273178603  0.046294993688135  0.009387781636929  0.000000000000000  0.017337023001060  0.000000000000000  0.119991157629863  0.078345813777543  0.155825149284387  0.009978232493714  0.034939432842683  0.000000000000000  0.018788582014034  0.331251754261302  0.117766409238101  0.020803931456818  0.000000000000000  0.019130256131253  0.935623497831400  0.000000000000000  0.064301669243348  0.000000000000000  0.000000000000000  1.000000000000000  0.000000000000000  0.111182374192237  1.000000000000000  0.497579860910041 
107.0    V  0.120993378361717  0.000000000000000  0.000000000000000  0.000000000000000  0.000000000000000  0.051367511705928  0.000000000000000  0.000000000000000  0.132310549359392  0.155393708612992  0.229887511537915  0.012387252134536  0.000000000000000  0.043888902366812  0.129049816935405  0.023195680791079  0.021433332634228  0.014387901518829  0.016642315678022  0.049002528379734  0.918912883479050  0.000000000000000  0.081052472165688  0.000000000000000  0.000000000000000  0.000000000000000  1.000000000000000  0.116467553663097  1.000000000000000  0.411225034356232 
108.0    Q  0.049962864397030  0.000000000000000  0.057951909152216  0.000000000000000  0.000000000000000  0.027469986278493  0.051868411599374  0.000000000000000  0.119991157629863  0.067873866020143  0.000000000000000  0.000000000000000  0.159873197659679  0.023963791557392  0.399980064166376  0.041006601705999  0.000000000000000  0.000000000000000  0.000000000000000  0.000000000000000  1.000000000000000  0.000000000000000  0.000000000000000  0.000000000000000  0.000000000000000  0.398320048142791  0.601651512999751  0.118585539392557  1.000000000000000  0.337509496280686 
109.0    G  0.085852264589351  0.000000000000000  0.101320639985664  0.051083458030518  0.000000000000000  0.244177132240557  0.000000000000000  0.021477948368313  0.008596707885673  0.026904662135591  0.016064278541501  0.019518689463334  0.034915223064757  0.000000000000000  0.199022024694695  0.127538082406057  0.020503300852999  0.000000000000000  0.000000000000000  0.042955896736626  0.903126510151822  0.096655792181915  0.000000000000000  1.000000000000000  0.000000000000000  1.000000000000000  0.000000000000000  0.116871899718932  0.410940093647425  0.397492625474487 
110.0    S  0.000000000000000  0.000000000000000  0.083562530962821  0.018123432101647  0.000000000000000  0.017003788151106  0.000000000000000  0.000000000000000  0.030819772015417  0.013084476367319  0.000000000000000  0.088941466327162  0.000000000000000  0.000000000000000  0.000000000000000  0.730016005327261  0.018542762463383  0.000000000000000  0.000000000000000  0.000000000000000  0.971980987981352  0.027969533466499  0.000000000000000  0.333324669272800  0.666649338545599  0.000000000000000  0.000000000000000  0.110797712399358  0.494828328207603  1.000000000000000 
111.0    G  0.000000000000000  0.000000000000000  0.037759932605936  0.000000000000000  0.000000000000000  0.595015848153338  0.000000000000000  0.000000000000000  0.000000000000000  0.000000000000000  0.000000000000000  0.010561803383032  0.015625000000000  0.000000000000000  0.013536513381251  0.327598350964591  0.000000000000000  0.000000000000000  0.000000000000000  0.000000000000000  0.982820598545251  0.017469716421342  0.000000000000000  1.000000000000000  0.000000000000000  0.000000000000000  0.000000000000000  0.110874538144019  0.487002134271620  1.000000000000000 
112.0    C  0.000000000000000  1.000000000000000  0.000000000000000  0.000000000000000  0.000000000000000  0.000000000000000  0.000000000000000  0.000000000000000  0.000000000000000  0.000000000000000  0.000000000000000  0.000000000000000  0.000000000000000  0.000000000000000  0.000000000000000  0.000000000000000  0.000000000000000  0.000000000000000  0.000000000000000  0.000000000000000  1.000000000000000  0.000000000000000  0.000000000000000  0.000000000000000  0.000000000000000  0.000000000000000  0.000000000000000  0.110874538144019  1.000000000000000  1.000000000000000 
113.0    F  0.000000000000000  0.000000000000000  0.000000000000000  0.000000000000000  1.000000000000000  0.000000000000000  0.000000000000000  0.000000000000000  0.000000000000000  0.000000000000000  0.000000000000000  0.000000000000000  0.000000000000000  0.000000000000000  0.000000000000000  0.000000000000000  0.000000000000000  0.000000000000000  0.000000000000000  0.000000000000000  1.000000000000000  0.000000000000000  0.000000000000000  0.000000000000000  0.000000000000000  0.000000000000000  0.000000000000000  0.110874538144019  1.000000000000000  1.000000000000000 
114.0    G  0.000000000000000  0.000000000000000  0.000000000000000  0.000000000000000  0.000000000000000  0.961260928388761  0.000000000000000  0.000000000000000  0.000000000000000  0.000000000000000  0.000000000000000  0.000000000000000  0.000000000000000  0.000000000000000  0.000000000000000  0.000000000000000  0.038929294236546  0.000000000000000  0.000000000000000  0.000000000000000  1.000000000000000  0.000000000000000  0.000000000000000  0.000000000000000  0.000000000000000  0.000000000000000  0.000000000000000  0.110874538144019  1.000000000000000  1.000000000000000 
115.0    R  0.072493728406590  0.000000000000000  0.000000000000000  0.000000000000000  0.000000000000000  0.204050761537725  0.055207190717592  0.000000000000000  0.000000000000000  0.035896823593657  0.021838233935173  0.079770548051810  0.000000000000000  0.120574773073017  0.291991848653279  0.060706718471352  0.015810206266046  0.041723384477997  0.000000000000000  0.000000000000000  1.000000000000000  0.000000000000000  0.000000000000000  0.000000000000000  0.000000000000000  0.000000000000000  0.000000000000000  0.110874538144019  1.000000000000000  1.000000000000000 
116.0    K  0.000000000000000  0.000000000000000  0.000000000000000  0.000000000000000  0.000000000000000  0.000000000000000  0.000000000000000  0.000000000000000  0.303969820795774  0.000000000000000  0.000000000000000  0.000000000000000  0.000000000000000  0.000000000000000  0.643494623650635  0.052410511527558  0.000000000000000  0.000000000000000  0.000000000000000  0.000000000000000  1.000000000000000  0.000000000000000  0.000000000000000  0.000000000000000  0.000000000000000  0.000000000000000  0.000000000000000  0.110874538144019  1.000000000000000  1.000000000000000 
117.0    M  0.000000000000000  0.000000000000000  0.000000000000000  0.000000000000000  0.000000000000000  0.000000000000000  0.000000000000000  0.382624192455667  0.000000000000000  0.266461684016986  0.333787075823977  0.000000000000000  0.000000000000000  0.000000000000000  0.000000000000000  0.000000000000000  0.000000000000000  0.017098339082199  0.000000000000000  0.000000000000000  1.000000000000000  0.000000000000000  0.000000000000000  0.000000000000000  0.000000000000000  0.000000000000000  0.000000000000000  0.110874538144019  1.000000000000000  1.000000000000000 
118.0    D  0.000000000000000  0.000000000000000  0.925304428037852  0.074480160910878  0.000000000000000  0.000000000000000  0.000000000000000  0.000000000000000  0.000000000000000  0.000000000000000  0.000000000000000  0.000000000000000  0.000000000000000  0.000000000000000  0.000000000000000  0.000000000000000  0.000000000000000  0.000000000000000  0.000000000000000  0.000000000000000  1.000000000000000  0.000000000000000  0.000000000000000  0.000000000000000  0.000000000000000  0.000000000000000  0.000000000000000  0.110874538144019  1.000000000000000  1.000000000000000 
119.0    R  0.000000000000000  0.000000000000000  0.000000000000000  0.000000000000000  0.000000000000000  0.000000000000000  0.000000000000000  0.000000000000000  0.027584468634083  0.000000000000000  0.000000000000000  0.000000000000000  0.000000000000000  0.000000000000000  0.933679944915313  0.038956287321097  0.000000000000000  0.000000000000000  0.000000000000000  0.000000000000000  1.000000000000000  0.000000000000000  0.000000000000000  0.000000000000000  0.000000000000000  0.000000000000000  0.000000000000000  0.110874538144019  1.000000000000000  1.000000000000000 
120.0    I  0.000000000000000  0.000000000000000  0.000000000000000  0.000000000000000  0.000000000000000  0.000000000000000  0.000000000000000  0.973329374158238  0.000000000000000  0.000000000000000  0.000000000000000  0.000000000000000  0.000000000000000  0.000000000000000  0.000000000000000  0.000000000000000  0.000000000000000  0.026497498894786  0.000000000000000  0.000000000000000  1.000000000000000  0.000000000000000  0.000000000000000  0.000000000000000  0.000000000000000  0.000000000000000  0.000000000000000  0.110874538144019  1.000000000000000  1.000000000000000 
121.0    S  0.000000000000000  0.017145811524676  0.028438713252528  0.000000000000000  0.000000000000000  0.880869374126979  0.000000000000000  0.000000000000000  0.000000000000000  0.000000000000000  0.000000000000000  0.000000000000000  0.000000000000000  0.000000000000000  0.038956287321097  0.034578042284134  0.000000000000000  0.000000000000000  0.000000000000000  0.000000000000000  1.000000000000000  0.000000000000000  0.000000000000000  0.000000000000000  0.000000000000000  0.000000000000000  0.000000000000000  0.110874538144019  1.000000000000000  1.000000000000000 
122.0    S  0.260075066630496  0.000000000000000  0.018161157929971  0.000000000000000  0.018581361171918  0.000000000000000  0.030543305200338  0.000000000000000  0.000000000000000  0.000000000000000  0.000000000000000  0.076150641479699  0.000000000000000  0.000000000000000  0.000000000000000  0.519429551648832  0.076946525834057  0.000000000000000  0.000000000000000  0.000000000000000  1.000000000000000  0.000000000000000  0.000000000000000  0.000000000000000  0.000000000000000  0.000000000000000  0.000000000000000  0.110874538144019  1.000000000000000  1.000000000000000 
123.0    S  0.058801631719612  0.000000000000000  0.000000000000000  0.000000000000000  0.029977003728915  0.000000000000000  0.016992006107108  0.009394291007017  0.000000000000000  0.127096834161495  0.173018714506435  0.000000000000000  0.000000000000000  0.188678246065070  0.021094343517543  0.123707082051901  0.013782677581206  0.178500497460633  0.042718357873182  0.016220926102235  1.000000000000000  0.000000000000000  0.000000000000000  0.000000000000000  0.000000000000000  0.000000000000000  0.000000000000000  0.110874538144019  1.000000000000000  1.000000000000000 
124.0    S  0.000000000000000  0.000000000000000  0.000000000000000  0.000000000000000  0.000000000000000  0.000000000000000  0.000000000000000  0.000000000000000  0.000000000000000  0.000000000000000  0.000000000000000  0.000000000000000  0.000000000000000  0.000000000000000  0.000000000000000  0.971980987981352  0.027911432886024  0.000000000000000  0.000000000000000  0.000000000000000  1.000000000000000  0.000000000000000  0.000000000000000  0.000000000000000  0.000000000000000  0.000000000000000  0.000000000000000  0.110874538144019  1.000000000000000  1.000000000000000 
125.0    G  0.030060232958274  0.000000000000000  0.000000000000000  0.000000000000000  0.000000000000000  0.739181215636921  0.000000000000000  0.000000000000000  0.000000000000000  0.000000000000000  0.000000000000000  0.021868529149925  0.000000000000000  0.000000000000000  0.039802421103953  0.152618314083642  0.016254691664406  0.000000000000000  0.000000000000000  0.000000000000000  1.000000000000000  0.000000000000000  0.000000000000000  0.000000000000000  0.000000000000000  0.000000000000000  0.000000000000000  0.110874538144019  1.000000000000000  1.000000000000000 
126.0    L  0.000000000000000  0.000000000000000  0.000000000000000  0.000000000000000  0.000000000000000  0.000000000000000  0.000000000000000  0.000000000000000  0.000000000000000  0.750539548757186  0.249653666525257  0.000000000000000  0.000000000000000  0.000000000000000  0.000000000000000  0.000000000000000  0.000000000000000  0.000000000000000  0.000000000000000  0.000000000000000  1.000000000000000  0.000000000000000  0.000000000000000  0.000000000000000  0.000000000000000  0.000000000000000  0.000000000000000  0.110874538144019  1.000000000000000  1.000000000000000 
127.0    G  0.000000000000000  0.000000000000000  0.000000000000000  0.000000000000000  0.000000000000000  1.000000000000000  0.000000000000000  0.000000000000000  0.000000000000000  0.000000000000000  0.000000000000000  0.000000000000000  0.000000000000000  0.000000000000000  0.000000000000000  0.000000000000000  0.000000000000000  0.000000000000000  0.000000000000000  0.000000000000000  1.000000000000000  0.000000000000000  0.000000000000000  0.000000000000000  0.000000000000000  0.000000000000000  0.000000000000000  0.110874538144019  1.000000000000000  1.000000000000000 
128.0    C  0.000000000000000  1.000000000000000  0.000000000000000  0.000000000000000  0.000000000000000  0.000000000000000  0.000000000000000  0.000000000000000  0.000000000000000  0.000000000000000  0.000000000000000  0.000000000000000  0.000000000000000  0.000000000000000  0.000000000000000  0.000000000000000  0.000000000000000  0.000000000000000  0.000000000000000  0.000000000000000  0.960594863953477  0.030991147835572  0.008698606392412  1.000000000000000  0.000000000000000  0.000000000000000  0.000000000000000  0.110874538144019  0.467487598875728  1.000000000000000 
129.0    K  0.000000000000000  0.000000000000000  0.020277168233425  0.000000000000000  0.000000000000000  0.045657636829552  0.000000000000000  0.000000000000000  0.071644511608024  0.000000000000000  0.000000000000000  0.743291492215508  0.000000000000000  0.000000000000000  0.091378590525002  0.015788303851356  0.011825131195075  0.000000000000000  0.000000000000000  0.000000000000000  0.971307495541633  0.000000000000000  0.028596849003998  0.000000000000000  0.000000000000000  1.000000000000000  0.000000000000000  0.112578247480991  1.000000000000000  0.487002134271620 
130.0    V  0.031995215638389  0.000000000000000  0.000000000000000  0.000000000000000  0.000000000000000  0.173499089876949  0.018048215383650  0.000000000000000  0.039363436873356  0.000000000000000  0.012482061194518  0.071001829049168  0.030164594527242  0.000000000000000  0.020645912588410  0.364249778474503  0.140632310586101  0.097869287032068  0.000000000000000  0.000000000000000  1.000000000000000  0.000000000000000  0.000000000000000  0.000000000000000  0.000000000000000  0.315125847895746  0.684916489982783  0.112656307826354  1.000000000000000  0.475329550614909 
131.0    L  0.038821508805764  0.000000000000000  0.000000000000000  0.000000000000000  0.131852789633508  0.115183023274838  0.029238234307231  0.027110583973502  0.039912929974856  0.197100043514070  0.000000000000000  0.000000000000000  0.034818551588104  0.010896434893363  0.069588851139293  0.111105335145821  0.000000000000000  0.173619391970639  0.000000000000000  0.020717590004667  1.000000000000000  0.000000000000000  0.000000000000000  0.000000000000000  0.000000000000000  1.000000000000000  0.000000000000000  0.036727385263118  1.000000000000000  0.487002134271620 
132.0    R  0.000000000000000  0.000000000000000  0.000000000000000  0.000000000000000  0.000000000000000  0.166777896209721  0.000000000000000  0.000000000000000  0.127892183716804  0.000000000000000  0.000000000000000  0.000000000000000  0.000000000000000  0.000000000000000  0.605416541975277  0.099925728794059  0.000000000000000  0.000000000000000  0.000000000000000  0.000000000000000  0.789493886700555  0.210515738402104  0.000000000000000  0.288971676638700  0.711038705293637  0.000000000000000  0.000000000000000  0.037786114869793  0.354535008919865  1.000000000000000 
133.0    R  0.000000000000000  0.000000000000000  0.000000000000000  0.028775803037658  0.000000000000000  0.203485796267609  0.000000000000000  0.000000000000000  0.170755032094299  0.048799155787962  0.000000000000000  0.067685940345370  0.000000000000000  0.000000000000000  0.480630464194381  0.000000000000000  0.000000000000000  0.000000000000000  0.000000000000000  0.000000000000000  1.000000000000000  0.000000000000000  0.000000000000000  0.000000000000000  0.000000000000000  0.000000000000000  0.000000000000000  0.042071877164899  1.000000000000000  1.000000000000000 
134.0    H  0.000000000000000  0.000000000000000  0.000000000000000  0.000000000000000  0.129857387912208  0.000000000000000  0.127626515713399  0.000000000000000  0.000000000000000  0.108818820412016  0.000000000000000  0.000000000000000  0.000000000000000  0.000000000000000  0.037369368649254  0.114704985288921  0.000000000000000  0.000000000000000  0.000000000000000  0.481630947010074  1.000000000000000  0.000000000000000  0.000000000000000  1.000000000000000  0.000000000000000  0.000000000000000  0.000000000000000  0.079660039207454  1.000000000000000  1.000000000000000 
