No:  residues  hmm_col_1  hmm_col_2  hmm_col_3  hmm_col_4  hmm_col_5  hmm_col_6  hmm_col_7  hmm_col_8  hmm_col_9  hmm_col_10  hmm_col_11  hmm_col_12  hmm_col_13  hmm_col_14  hmm_col_15  hmm_col_16  hmm_col_17  hmm_col_18  hmm_col_19  hmm_col_20  hmm_col_21   hmm_col_22   hmm_col_23   hmm_col_24   hmm_col_25   hmm_col_26   hmm_col_27   hmm_col_28   hmm_col_29   hmm_col_30   
1.0    M  0.015909143746322  0.000000000000000  0.000000000000000  0.000000000000000  0.000000000000000  0.000000000000000  0.000000000000000  0.018389167769043  0.000000000000000  0.050730598811080  0.868140227601043  0.000000000000000  0.000000000000000  0.000000000000000  0.000000000000000  0.000000000000000  0.000000000000000  0.017591227908387  0.000000000000000  0.029543816148461  1.000000000000000  0.000000000000000  0.000000000000000  0.000000000000000  0.000000000000000  0.000000000000000  0.000000000000000  0.002669897367074  1.000000000000000  1.000000000000000 
2.0    K  0.015909143746322  0.000000000000000  0.000000000000000  0.000000000000000  0.000000000000000  0.000000000000000  0.000000000000000  0.023633874957562  0.660211420507500  0.015367219906660  0.000000000000000  0.018453010334836  0.000000000000000  0.026387527731993  0.188809073195353  0.018389167769043  0.015176679617838  0.000000000000000  0.017591227908387  0.000000000000000  0.910038824080899  0.090058109302370  0.000000000000000  0.706616821941365  0.293412044570338  0.000000000000000  0.000000000000000  0.002669897367074  0.412652704256329  1.000000000000000 
3.0    Q  0.087111077417967  0.000000000000000  0.018414678247058  0.000000000000000  0.000000000000000  0.000000000000000  0.030926770512975  0.014298424501999  0.311434353892368  0.014298424501999  0.000000000000000  0.098823639575493  0.030081076346930  0.108592773143828  0.116386852478779  0.051688960527704  0.082583650353642  0.017457611532378  0.000000000000000  0.017836792298856  0.982139595263391  0.000000000000000  0.017873921456309  0.000000000000000  0.000000000000000  0.000000000000000  0.000000000000000  0.002582528525669  1.000000000000000  1.000000000000000 
4.0    I  0.079825859949712  0.000000000000000  0.000000000000000  0.000000000000000  0.077213664820433  0.000000000000000  0.000000000000000  0.309068815230238  0.022734073181793  0.270743761381481  0.000000000000000  0.000000000000000  0.016676958406874  0.000000000000000  0.018287478773040  0.070024325887136  0.031293351740979  0.071149626817180  0.000000000000000  0.032963197408377  1.000000000000000  0.000000000000000  0.000000000000000  0.000000000000000  0.000000000000000  1.000000000000000  0.000000000000000  0.002649617827046  1.000000000000000  0.469110598250336 
5.0    C  0.053883971563600  0.024877753086837  0.000000000000000  0.000000000000000  0.089312133733818  0.000000000000000  0.000000000000000  0.261521234948132  0.009505643426829  0.296273192735396  0.016700093612672  0.000000000000000  0.000000000000000  0.000000000000000  0.014782150730087  0.066201145917742  0.043164826504496  0.119327626767465  0.000000000000000  0.004400856361317  0.991716730738293  0.008286622979439  0.000000000000000  0.265171935342054  0.734584316639154  0.000000000000000  0.000000000000000  0.002527628231412  0.440129506781575  1.000000000000000 
6.0    L  0.082526427563438  0.014528202228331  0.000000000000000  0.000000000000000  0.091695834010458  0.011678509754960  0.000000000000000  0.172300644121954  0.000000000000000  0.333555792419442  0.024569290379385  0.000000000000000  0.000000000000000  0.000000000000000  0.000000000000000  0.043919334381460  0.131761427911342  0.077912574642194  0.000000000000000  0.015506318354466  1.000000000000000  0.000000000000000  0.000000000000000  0.111105335145821  0.888842681166570  0.000000000000000  0.000000000000000  0.002517137950166  0.496890546661277  1.000000000000000 
7.0    V  0.029852591761951  0.026848773592100  0.000000000000000  0.000000000000000  0.083100444261357  0.000000000000000  0.000000000000000  0.147317425976460  0.000000000000000  0.531447837179277  0.015570941606685  0.000000000000000  0.000000000000000  0.000000000000000  0.000000000000000  0.061896429495814  0.000000000000000  0.086509357253217  0.000000000000000  0.017566858184041  0.959929261038908  0.015484836926001  0.024467321758017  1.000000000000000  0.000000000000000  0.000000000000000  0.000000000000000  0.002241996902061  0.496202187342909  1.000000000000000 
8.0    L  0.068393356328796  0.005083366622820  0.000000000000000  0.000000000000000  0.206899204019551  0.025260027150174  0.000000000000000  0.105550110927973  0.000000000000000  0.294226684304692  0.012673861805891  0.000000000000000  0.030311309698179  0.000000000000000  0.000000000000000  0.103234708116965  0.061128967090459  0.061426287409078  0.025790794016021  0.000000000000000  0.956608158091874  0.031336763621909  0.011833330592789  0.349169633116849  0.651122094784514  0.000000000000000  1.000000000000000  0.002257591223740  0.474671060475260  0.480297431976738 
9.0    L  0.202220337090435  0.014407861217385  0.000000000000000  0.000000000000000  0.036752851571593  0.044071811265137  0.000000000000000  0.088021514182005  0.000000000000000  0.256316809472148  0.082013203411998  0.000000000000000  0.011398596439376  0.000000000000000  0.000000000000000  0.060833085884890  0.050205874797315  0.139274206352417  0.014457881688091  0.000000000000000  0.986916545885842  0.000000000000000  0.013405789537948  0.000000000000000  0.000000000000000  0.628071190571764  0.372161313791635  0.001889211581277  1.000000000000000  0.464580337125457 
10.0    A  0.156474557331749  0.025085543397374  0.000000000000000  0.000000000000000  0.123792858991628  0.015261070765035  0.000000000000000  0.072997962163320  0.000000000000000  0.383420664918273  0.039719740290802  0.000000000000000  0.000000000000000  0.000000000000000  0.000000000000000  0.042985681816867  0.027699428099840  0.112656307826354  0.000000000000000  0.000000000000000  0.952637998043937  0.036957218757629  0.010409178321031  0.784584097896751  0.215535886254399  0.623300597137549  0.376572616658453  0.001772498350229  0.450000964896756  0.481630947010074 
11.0    L  0.052665426843947  0.025120343460723  0.000000000000000  0.000000000000000  0.099649059567567  0.028996046139728  0.000000000000000  0.098892162648181  0.000000000000000  0.515484159397394  0.036322315859941  0.000000000000000  0.000000000000000  0.000000000000000  0.000000000000000  0.045122787360078  0.014690221914205  0.083100444261357  0.000000000000000  0.000000000000000  0.954621014139717  0.033562639738129  0.011735311929226  0.226408495754456  0.773782496771195  0.641712948781452  0.358488812003957  0.001752949317709  0.445964259710046  0.480297431976738 
12.0    V  0.063548417080747  0.051868411599374  0.000000000000000  0.011010318399547  0.079329430376238  0.011549706494327  0.000000000000000  0.156800275565124  0.000000000000000  0.352330188785505  0.045626000332954  0.010294374622923  0.000000000000000  0.009479324689443  0.000000000000000  0.054447137008891  0.062847536274904  0.076256281892014  0.000000000000000  0.014700407929903  0.918276162300924  0.081899587741148  0.000000000000000  0.622868707784737  0.377095019171645  0.597081593537295  0.402762145524375  0.001601900217181  0.400534938794811  0.483303048532487 
13.0    S  0.238324636322040  0.011573748422034  0.000000000000000  0.000000000000000  0.072846324883410  0.103091693576260  0.000000000000000  0.033469713224733  0.000000000000000  0.091062444618626  0.010605820155313  0.022452190258501  0.011816937478781  0.045975210807992  0.032195436050627  0.262793227271927  0.038929294236546  0.011296346051139  0.000000000000000  0.013470992890900  0.840896415253715  0.159209684415812  0.000000000000000  0.538120062391899  0.462011286223412  0.000000000000000  1.000000000000000  0.001580941829194  0.282436803642531  0.497924876547229 
14.0    M  0.114943755768957  0.162329825341235  0.000000000000000  0.000000000000000  0.057671405790862  0.022097086912080  0.000000000000000  0.010554485035435  0.000000000000000  0.037577164028068  0.102948877158447  0.065835064747177  0.032374461361251  0.000000000000000  0.000000000000000  0.170046356550744  0.121245238792717  0.068630800861691  0.025400487562010  0.008419790195654  0.957271458195298  0.005288227652549  0.037681494615336  0.500000000000000  0.500000000000000  0.000000000000000  1.000000000000000  0.001447721689261  0.490049707670935  0.497924876547229 
15.0    T  0.200128702664076  0.037240080455439  0.000000000000000  0.044194173824159  0.004524581274198  0.161544103829687  0.010467059393968  0.011825131195075  0.042807280623924  0.010237448467643  0.025033433674676  0.056877426505056  0.067685940345370  0.032106294980593  0.000000000000000  0.105039219029160  0.120909541201742  0.057631444869539  0.000000000000000  0.011719054603795  0.890692900606681  0.083910781423766  0.025120343460723  0.576742802530011  0.423372656181264  0.867538687152068  0.132402291835485  0.001458802204211  0.365514362100008  0.436483795566881 
16.0    A  0.304813773519076  0.068916822691807  0.000000000000000  0.000000000000000  0.020333466491280  0.008076802626937  0.010110512925647  0.000000000000000  0.017998244411709  0.040638754579640  0.000000000000000  0.013611784252223  0.060245612983790  0.061341191490842  0.000000000000000  0.124481219136807  0.155070912214424  0.069782060123911  0.000000000000000  0.044563303667629  0.742261785314525  0.227037104430377  0.030649343874642  0.678302163723836  0.321747311825318  0.000000000000000  1.000000000000000  0.001341441634209  0.251913440102626  0.452816991508911 
17.0    L  0.054560474445860  0.008235089244459  0.007473501235093  0.054825846795801  0.193579756963305  0.032217759962337  0.016992006107108  0.007971130150379  0.031511014215456  0.095855166229568  0.051154323849425  0.044594203303684  0.088449635020416  0.064346255214625  0.018338252785646  0.035673584597712  0.074686950303549  0.070952631384129  0.008478354467827  0.040134869030920  0.906261938267334  0.067218399403586  0.026793001144818  0.165740720037332  0.833931043824964  0.000000000000000  1.000000000000000  0.001163752514232  0.379717922453632  0.417543959714185 
18.0    A  0.399702915176236  0.007164094087536  0.033609199701793  0.012310216969521  0.017787406704295  0.067218399403586  0.007927051145163  0.007134361328219  0.027185854772145  0.016792955825867  0.026060345119530  0.042305821220389  0.110032376695394  0.030606884299591  0.007662335968661  0.108743419088581  0.055054335882936  0.022592692102277  0.000000000000000  0.000000000000000  0.978063473447339  0.017039183322895  0.004913613171234  0.198608600024026  0.801625329399394  0.282241101201533  0.717972255311718  0.001108634865377  0.463615273217731  0.386891248385597 
19.0    D  0.117766409238101  0.000000000000000  0.047927583114784  0.083388948104861  0.032307210507749  0.036498981081660  0.021359178936591  0.013792234317041  0.109423916211783  0.013621222492767  0.014013877494719  0.023051429016919  0.051189793616239  0.264621098718783  0.034674046002120  0.062847536274904  0.050171086794747  0.016688522000748  0.000000000000000  0.006670450893682  0.902500727462430  0.084494427064258  0.012762015486094  0.386355274823994  0.613442488626902  0.362235538638720  0.637722195839272  0.001009600328367  0.335875856430324  0.410940093647425 
20.0    D  0.192509293559018  0.011890885787807  0.232773704957557  0.106727214298906  0.000000000000000  0.037577164028068  0.005182988830458  0.000000000000000  0.020948634243443  0.011630041055989  0.000000000000000  0.045436641166260  0.034078366645789  0.054787857582252  0.052120690239060  0.065607292726442  0.103736823198748  0.015420571029466  0.000000000000000  0.009479324689443  0.902500727462430  0.068062313458507  0.029217974929733  0.216734390878672  0.782954296256543  0.248101093671455  0.752101875694344  0.000736513709320  0.299369676154732  0.424253950852948 
21.0    V  0.095457343622544  0.000000000000000  0.098277161517541  0.082698214994258  0.004316267518750  0.047563543151230  0.011414409207388  0.041377778449856  0.048060650977196  0.098892162648181  0.035723072981689  0.036448417805890  0.051545846788130  0.041955390711883  0.013093548979187  0.168754748140343  0.085082132281217  0.039281667953807  0.000000000000000  0.000000000000000  0.934975197751455  0.046876218415182  0.018350968300213  0.611744020565933  0.388503634392025  0.674551267169849  0.325335463860483  0.000667011844118  0.340800651820627  0.331941289595609 
22.0    M  0.158548924915733  0.000000000000000  0.097463105326415  0.152195752332873  0.003860490826175  0.012850782323632  0.012259126529637  0.022718320583130  0.072543994648983  0.050765774772265  0.021552514403548  0.037707622491274  0.065516404719808  0.047894373756493  0.023568438698228  0.118667765118815  0.073454770526236  0.026060345119530  0.002402912782717  0.000000000000000  0.969289816935065  0.014258835758491  0.016142412307565  0.376833727389595  0.623300597137549  0.356259403537196  0.643940814754913  0.000553933342254  0.430773079856009  0.369846877312209 
23.0    L  0.122088566120278  0.002074529661124  0.338916081700000  0.088572337281764  0.007641120886307  0.009624984948795  0.006610614035940  0.055207190717592  0.000000000000000  0.133046272806670  0.005539609514373  0.016550286479436  0.022734073181793  0.041320456410705  0.015420571029466  0.022892201165802  0.033679160782615  0.078020659306351  0.000000000000000  0.000000000000000  0.981459063853479  0.015431263460084  0.002952187359993  0.324659650682471  0.675487042267819  0.913198250011992  0.086869888740146  0.000510783662008  0.403320879611063  0.338681244371342 
24.0    A  0.051796556530500  0.001572199487541  0.028875705388963  0.194386508970640  0.021152910610195  0.014268722656437  0.022923958502614  0.069878865685366  0.110567554416443  0.049721030234682  0.012815201737449  0.021108970070869  0.022749836703111  0.063504383937106  0.167821562847533  0.032667503131411  0.041463910643661  0.041955390711883  0.000000000000000  0.030862526920168  0.982820598545251  0.016333751565706  0.001123331927100  0.230685623163450  0.769503610080431  0.437392382452911  0.562529242344405  0.000449310376282  0.391205890868256  0.467487598875728 
25.0    D  0.171110476636480  0.000000000000000  0.106801217611217  0.160985203688728  0.009297122627396  0.010813669656652  0.012430257558671  0.014229216149875  0.069588851139293  0.052483218309009  0.016493026838093  0.028301061969307  0.015646675870490  0.125086673432823  0.066939426449466  0.053697547184199  0.056328153913177  0.020305297850866  0.004733096329806  0.004733096329806  0.984184022033800  0.012335841979696  0.003296155453633  0.279515462741465  0.720464874418961  0.000000000000000  1.000000000000000  0.000440979741285  0.401646998378517  0.464580337125457 
26.0    T  0.279515462741465  0.000000000000000  0.081503170953660  0.246046005508450  0.001501895343037  0.013157233650131  0.009505643426829  0.024013674707625  0.037240080455439  0.029339742103608  0.003971776067547  0.017615631439772  0.016042024151875  0.096588818705998  0.024365776331604  0.030164594527242  0.052048485680034  0.029605314706227  0.002316239256662  0.005414335490822  0.995849753094458  0.003393524160745  0.001003321718144  0.221288441144886  0.778624691061662  0.687770909069872  0.312299031413344  0.000437630224399  0.475000191437443  0.400812664699697 
27.0    M  0.043465061615937  0.016367751985934  0.001094888748075  0.001177546706729  0.021152910610195  0.005924873224119  0.000000000000000  0.444113397921202  0.007499447351866  0.207329886453610  0.011833330592789  0.015250496262129  0.020603025226443  0.001548406516817  0.003982803449212  0.006354524985407  0.012065236454559  0.176899270040832  0.001809742308380  0.001496699179890  0.996540262827868  0.001068646192637  0.002146199643705  0.441045682598588  0.559030925482931  0.305448275418375  0.694477567882555  0.000350329476222  0.477972658796871  0.464902471306581 
28.0    K  0.084611642440779  0.013193763865997  0.031141883213371  0.108217070689957  0.011973593439123  0.017122058850745  0.035847094507068  0.052701944390632  0.104966436618018  0.115984184558910  0.015517070241204  0.028577034046872  0.018775563273857  0.066893043651664  0.142694338390847  0.034770316268276  0.056406295466402  0.032195436050627  0.012107123921237  0.016311123865964  0.988285651500733  0.006193626067268  0.005325010184697  0.197236710213116  0.802737388715953  0.000000000000000  1.000000000000000  0.000341222405237  0.449377563305515  0.450937689191125 
29.0    A  0.242322454233766  0.000000000000000  0.114466710802266  0.167937928215162  0.002737358298986  0.030374405874417  0.013659040943912  0.006297522121039  0.069204036530268  0.012779719664965  0.003881957395791  0.034363004666080  0.013649576498698  0.105696535922190  0.067311648512066  0.051510130309578  0.042393885232740  0.015964376292411  0.001607461611872  0.003802067867806  0.994470168673214  0.004822510183178  0.000721856655895  0.577542892276792  0.422493192206257  0.466839972457657  0.533292890415882  0.000346465663135  0.446273485736488  0.419574818553271 
30.0    L  0.144085793349858  0.013003105229868  0.001393568853240  0.003530284088871  0.033330805650993  0.006104124063846  0.008801712722635  0.076150641479699  0.018827692421794  0.348927691030542  0.027318081887824  0.013102627881890  0.010467059393968  0.019103754338939  0.037317599596081  0.017640068825096  0.057352492644460  0.149063609041329  0.002889428729002  0.011776053980925  0.986916545885842  0.009909307807233  0.002927733597179  0.277200160900767  0.722966147272874  0.262611136002688  0.737645728541420  0.000340749698272  0.420156876116641  0.450937689191125 
31.0    D  0.056172195413189  0.009651708102554  0.033146491917757  0.123535706437592  0.055629733328281  0.005182988830458  0.009745824780578  0.141806935616994  0.021255794568843  0.131305568001344  0.048260945818237  0.043828101582575  0.012806321994336  0.010040674511479  0.024298313621330  0.020861692238999  0.041435180009333  0.177636505397670  0.002128422094167  0.031380235726218  0.995849753094458  0.001622011765803  0.002709044861585  0.496890546661277  0.502780290199234  0.688725023191569  0.311002913324617  0.000339335502891  0.495171435966512  0.445346450303340 
32.0    T  0.155501456662309  0.008344261000374  0.092461719328052  0.120240931833097  0.004038401313469  0.019750048413325  0.031796240378209  0.013975076590353  0.087111077417967  0.037864770638445  0.017039183322895  0.037943590137345  0.005395603313062  0.090370768409109  0.109499789383391  0.055861572647299  0.062934721878545  0.027718634536005  0.002384661157557  0.019818615614467  0.994470168673214  0.000697751044795  0.005037766604125  0.287373712008669  0.712518807074392  0.320411981040048  0.679714120953369  0.000336758037555  0.476649272644080  0.461691155364697 
33.0    A  0.166777896209721  0.002624030128362  0.076786686277853  0.102806258589058  0.003947075962839  0.033377044001495  0.019750048413325  0.013424386796050  0.062630100317477  0.053252755942179  0.014467906601989  0.029749309640548  0.000000000000000  0.082812938565325  0.210369870571345  0.057671405790862  0.046876218415182  0.013461658745500  0.002688467971857  0.006524124370534  0.995849753094458  0.000700173460945  0.003241775724961  0.862741344542656  0.137166492197405  0.753667454779191  0.246216610723888  0.000337225207066  0.474013482564323  0.425726853874473 
34.0    V  0.020746330599726  0.003525393466650  0.000000000000000  0.015832139064986  0.189727406621757  0.010836179446339  0.018998113799736  0.042718357873182  0.005161478147103  0.156149515706672  0.032667503131411  0.004940935712320  0.000000000000000  0.027393928791126  0.028696130071904  0.014947002470186  0.007154169425142  0.030564483545229  0.114864110434881  0.275094652341534  0.995849753094458  0.001601900217181  0.002552275886510  0.381829374490175  0.618137630460476  0.313817997820661  0.686342215627455  0.000334895822410  0.475659138165900  0.459456441739525 
35.0    F  0.133508176005981  0.036676505571292  0.020517517584752  0.049962864397030  0.129857387912208  0.026960667016958  0.032963197408377  0.053068515402927  0.008572905762338  0.082070070339009  0.034866853822655  0.049070507417098  0.002570028369197  0.033585911651734  0.038419964601706  0.037265902260332  0.025952188252840  0.067405026980903  0.057193698007996  0.079494562921473  0.970634469769547  0.021868529149925  0.007817917089551  0.837406487508427  0.162442382806930  0.650670927720967  0.349169633116849  0.000335592943255  0.364249778474503  0.449066186441967 
36.0    D  0.135747732040287  0.001776187991798  0.143886186415970  0.145894762727308  0.012015162744299  0.009303569135664  0.043495199744722  0.012508043916505  0.068869069742288  0.026886019706607  0.008390659934532  0.038340155539181  0.005421846558655  0.088818252698835  0.120324305387719  0.043706752585577  0.064704057740086  0.013075410041928  0.004713452811409  0.012123919598045  0.971307495541633  0.019050860844942  0.009745824780578  0.694477567882555  0.305448275418375  0.145490816800267  0.854409740889733  0.000336758037555  0.361232599480881  0.427501088945986 
37.0    S  0.498270131413934  0.029956232452906  0.019249969897590  0.010813669656652  0.015986522964601  0.086990399489444  0.014170161389580  0.014558444207887  0.011179504062679  0.067592172717726  0.007085080694790  0.007016659163156  0.013129902378645  0.002806523782313  0.025970183174801  0.071100326742032  0.045122787360078  0.028775803037658  0.005154327776457  0.025172634095273  0.996540262827868  0.000000000000000  0.003314483991039  1.000000000000000  0.000000000000000  0.512633618944297  0.487339815445774  0.000335592943255  0.451250363731215  0.370873733460280 
38.0    F  0.047927583114784  0.013340901787363  0.010525262319263  0.029482445340480  0.168637816792462  0.011825131195075  0.014278616409834  0.090873282332519  0.006053561960619  0.161656116485936  0.069878865685366  0.009598335784732  0.001965347311519  0.016458766186794  0.018568486016515  0.026830169888680  0.022860487823505  0.112344390826379  0.109803808529795  0.057074890625749  0.992404374685819  0.005497532716115  0.002008034817688  0.808320868805567  0.191710332459137  0.228774792031982  0.771105412703970  0.000334431879874  0.456282744271726  0.417254640577705 
39.0    N  0.086869888740146  0.013267128850732  0.209496783666987  0.056211144509235  0.012717862266726  0.031467360939272  0.015399208389678  0.018749552849581  0.037059828106592  0.045689295262501  0.015865095326085  0.186338798349865  0.004819168632068  0.034125642054552  0.055591187096119  0.053511767784154  0.039445376003504  0.055668306287918  0.006470083291676  0.021167577773209  0.985549336939371  0.006129563264818  0.008355836624103  0.258278596921033  0.741747466920561  0.330563651285644  0.669427628489221  0.000334200149681  0.456282744271726  0.424842499569325 
40.0    H  0.162667731930242  0.008698606392412  0.061426287409078  0.063197005053207  0.006007581372149  0.031928752584822  0.037473122305972  0.003887342663360  0.072493728406590  0.016131227116926  0.003958034766246  0.076097876166437  0.002877436886360  0.063109456099793  0.156149515706672  0.111568371434122  0.098892162648181  0.017985773301996  0.000000000000000  0.005444442338623  0.988970916380931  0.001244688112616  0.009532035236502  0.500000000000000  0.500000000000000  0.357248534935273  0.642603168734686  0.000340749698272  0.492092011016900  0.401925495371576 
41.0    C  0.066615421004246  0.029935475569459  0.011335564123705  0.023227859131735  0.018060729789919  0.298747801214196  0.060538636826664  0.003993861447695  0.119741902277837  0.031401994388243  0.011957006014240  0.056956330039821  0.016435965300061  0.046843737554861  0.131487722400484  0.043224707156593  0.011654250208527  0.007530701622974  0.002174651598103  0.008149910886952  0.067171823303469  0.000000000000000  0.933032991536807  0.000000000000000  0.000000000000000  0.406407800992160  0.593779833036705  0.000337927176770  1.000000000000000  0.371388230165207 
42.0    Q  0.091252000665908  0.030862526920168  0.121497623497669  0.000000000000000  0.000000000000000  0.027680234971949  0.000000000000000  0.000000000000000  0.062760471452436  0.159873197659679  0.000000000000000  0.050066867349351  0.164026406823995  0.063197005053207  0.057711394420587  0.113361291116643  0.000000000000000  0.027853452996780  0.000000000000000  0.029769937438873  0.563700206072711  0.108818820412016  0.327598350964591  1.000000000000000  0.000000000000000  0.003293871524415  0.996540262827868  0.003071161297423  0.440129506781575  0.000640728151656 
43.0    N  0.038740865623093  0.000000000000000  0.000000000000000  0.079604842207906  0.051118878659861  0.120240931833097  0.000000000000000  0.000000000000000  0.000000000000000  0.082927821287323  0.000000000000000  0.093040328447909  0.000000000000000  0.080604265665993  0.000000000000000  0.086629367853151  0.285784583853509  0.081390261848064  0.000000000000000  0.000000000000000  0.871154192142256  0.043858491438721  0.084905392784309  1.000000000000000  0.000000000000000  0.006185045827119  0.993781093322555  0.006133813427137  0.480963727332387  0.000619761174814 
44.0    P  0.064704057740086  0.000000000000000  0.063153215405423  0.162442382806930  0.000000000000000  0.036473690681827  0.000000000000000  0.000000000000000  0.000000000000000  0.145390005193481  0.000000000000000  0.041035035169505  0.185565446328631  0.047398985792951  0.074068298183849  0.035871950432969  0.077374393177340  0.066477042055824  0.000000000000000  0.000000000000000  1.000000000000000  0.000000000000000  0.000000000000000  0.000000000000000  0.000000000000000  0.013907433332070  0.986232704493359  0.005020337255740  1.000000000000000  0.000624504678358 
45.0    Q  0.076574083244042  0.000000000000000  0.056211144509235  0.191710332459137  0.000000000000000  0.259175275254930  0.023276210361292  0.000000000000000  0.000000000000000  0.000000000000000  0.000000000000000  0.073556671076173  0.055514174740150  0.031774208540374  0.146604368653985  0.022514527325593  0.038848427153248  0.024298313621330  0.000000000000000  0.000000000000000  0.981459063853479  0.018658799798040  0.000000000000000  0.333324669272800  0.666649338545599  0.980099415341871  0.020025748815003  0.003094667230176  0.500000000000000  0.000640728151656 
46.0    E  0.013754047086924  0.003212695580908  0.628942485918009  0.042688758023575  0.003300728064111  0.019478143660548  0.004648561313698  0.002584319218571  0.029482445340480  0.011915637916065  0.000000000000000  0.112812590932804  0.003537632746163  0.022143084320441  0.035451733904249  0.045405157799105  0.011866185076676  0.004886441719192  0.002718449984045  0.001344233985928  0.987600861445373  0.002958332648197  0.009459633468364  0.271683715631515  0.727994774499543  0.678772489940003  0.321078952247356  0.000337693024661  0.438606774366411  0.369334515895640 
47.0    L  0.136313466583157  0.003410029652866  0.014741222670240  0.019901210551977  0.064704057740086  0.036574957546081  0.014111351721122  0.085971363633734  0.021123606766064  0.144586022988161  0.025559439329931  0.004319260364532  0.078508898821470  0.016596237288990  0.032061817041786  0.031185084968720  0.045879707376066  0.109956134490304  0.079054971397121  0.035427169149326  0.991716730738293  0.002270144741246  0.006155108484761  0.773246337455317  0.227037104430377  0.606676780124346  0.393108646070166  0.000342882049741  0.484309094613314  0.396117405462485 
48.0    D  0.146604368653985  0.000000000000000  0.297920643643512  0.199298119135134  0.003647187284825  0.027393928791126  0.012387252134536  0.006345721846533  0.042777619159120  0.005790886757042  0.004515182447480  0.027641888604111  0.029831906691866  0.051154323849425  0.025898278265250  0.056172195413189  0.044904380517002  0.015625000000000  0.000000000000000  0.002036065939143  0.987600861445373  0.003537632746163  0.008662505028149  0.613442488626902  0.386623168727659  0.535886731268147  0.464258426153364  0.000340985969841  0.481964903870322  0.412938832467860 
49.0    K  0.268873597614345  0.001873562733057  0.034386831542692  0.069637103176208  0.028915763376183  0.098481735756168  0.009024107691825  0.020703234641331  0.064659223844932  0.073709787016326  0.014843755982420  0.016700093612672  0.016607744911852  0.037577164028068  0.091505355996602  0.039802421103953  0.059251685320540  0.038660389958974  0.007036140467562  0.007828762539685  0.997231251352069  0.000781752744782  0.002063057862015  0.469761374607006  0.530343870684108  0.552482242399956  0.447512535463986  0.000344072449986  0.454389058224260  0.393926943024673 
50.0    H  0.051083458030518  0.005251699195909  0.001363943879363  0.001121775737302  0.123450107680672  0.002722221169311  0.010452559021767  0.103664943226805  0.000000000000000  0.343171107813728  0.089374061647606  0.001418911181222  0.003379440197598  0.008246513419047  0.003367748222725  0.007483868892365  0.008899870134548  0.121750533567905  0.033866436463899  0.079936598829839  0.994470168673214  0.001865786985122  0.003836482793998  1.000000000000000  0.000000000000000  0.083736475151740  0.916368644675351  0.000344072449986  0.493458272942921  0.435275281648062 
51.0    A  0.191179534735346  0.003654779288404  0.079494562921473  0.068821349881123  0.030227385300435  0.046584699587466  0.006867496569623  0.036752851571593  0.048495678392179  0.114387396015991  0.057911753868148  0.015975445790780  0.007427024228358  0.020109206989082  0.112969090843886  0.040666932982560  0.034842694335241  0.079274462457867  0.000000000000000  0.004328251358847  0.997231251352069  0.001799734738669  0.000686715429645  1.000000000000000  0.000000000000000  0.727490341817379  0.272249253834027  0.000344549766457  0.474342157570227  0.412081042476620 
52.0    S  0.231647015472593  0.000000000000000  0.097193254485320  0.132769898311922  0.000000000000000  0.039363436873356  0.008980428500271  0.003016309113640  0.064838746035351  0.011990203875007  0.002688467971857  0.039363436873356  0.019640833976904  0.053289680735497  0.072343138561883  0.151249261152412  0.057511728164055  0.006011746953753  0.000000000000000  0.008088007217511  0.991029563264079  0.004364402883095  0.004610056028657  0.320411981040048  0.679714120953369  0.217035056900261  0.782954296256543  0.000342407043614  0.469435873657726  0.469435873657726 
53.0    F  0.037733768483953  0.057671405790862  0.012378668920703  0.001987265023638  0.071001829049168  0.010858736092518  0.044563303667629  0.071347169195423  0.005269931774764  0.372677596699730  0.035402621415494  0.020760715845258  0.005467132287481  0.012797448404060  0.008844522672740  0.018414678247058  0.038101721689884  0.095722374818399  0.013396500572409  0.065743861200242  0.985549336939371  0.011071542160220  0.003268852510482  0.733566672083662  0.266277050848354  0.422786143688758  0.577142708758419  0.000343357714823  0.394473420426233  0.418413121341696 
54.0    F  0.020333466491280  0.022923958502614  0.000000000000000  0.003440895992684  0.325110036637120  0.003644660123191  0.011981895778696  0.038983299122314  0.003677650252114  0.190386092462908  0.047695600280017  0.002384661157557  0.001271722841376  0.001349836139188  0.000000000000000  0.008413956064008  0.016909760070714  0.041091961256408  0.067685940345370  0.192776353175993  0.980099415341871  0.019156794688331  0.001024403640210  0.533292890415882  0.466839972457657  0.779164579660500  0.220828762870366  0.000342644464365  0.345079338349157  0.423666217473059 
55.0    A  0.293819082104943  0.008881382603406  0.094339123032535  0.017664540111322  0.003841804976665  0.018958649378886  0.116145084281364  0.004307301418238  0.000000000000000  0.029400815859806  0.007546377569725  0.004163463812765  0.006461120065963  0.009030364894959  0.010813669656652  0.124913386623807  0.210807777562528  0.020588749245846  0.012994095287108  0.005317633267576  0.984866442895551  0.014629253866164  0.000625371026040  0.629378586752429  0.370873733460280  0.192642777089602  0.807201074504765  0.000342644464365  0.399980064166376  0.473028823362798 
56.0    A  0.067545337627459  0.000000000000000  0.233096621609208  0.232290168562728  0.002958332648197  0.009024107691825  0.008525499039492  0.003419497381618  0.047333322371155  0.003569654102459  0.000000000000000  0.025382887386132  0.259894858793820  0.019818615614467  0.020207014560742  0.037707622491274  0.019763742849280  0.007678285926135  0.000000000000000  0.001804731586810  0.992404374685819  0.005851409900094  0.001498775484376  0.214939121560752  0.785128118673572  1.000000000000000  0.000000000000000  0.000341932695529  0.454389058224260  0.455019412040450 
57.0    D  0.020081349022959  0.000000000000000  0.576343173399432  0.089808761034004  0.000000000000000  0.042807280623924  0.020517517584752  0.001734817960630  0.022876338999150  0.006163647194160  0.001580941829194  0.082240907814313  0.012098734810207  0.030798416779355  0.016851256745226  0.039554893561571  0.028203147733201  0.004616451355212  0.000000000000000  0.003690418128895  0.978063473447339  0.017518219969195  0.004189518034445  0.426908857195622  0.573156092864189  1.000000000000000  0.000000000000000  0.000339806248006  0.381829374490175  0.493458272942921 
58.0    V  0.303338390062173  0.061213768599183  0.005165057051338  0.003030979899511  0.138792354203580  0.104966436618018  0.001874861837967  0.068109507013333  0.001885287157953  0.067125279476258  0.018249490540830  0.000000000000000  0.013129902378645  0.000000000000000  0.003114033111486  0.030628106729433  0.018517074545962  0.123108305361944  0.007026393063654  0.030649343874642  0.976708528962227  0.008326927625531  0.014936645587402  0.456282744271726  0.543744195427441  0.840896415253715  0.159099366909493  0.000340513590418  0.424548123223420  0.434973676354325 
59.0    E  0.035304600455316  0.006262697885933  0.025612643988672  0.067218399403586  0.023438109207591  0.006772949714958  0.021314809919990  0.097193254485320  0.037681494615336  0.078672323344054  0.015356571852270  0.010308655552913  0.003703230332534  0.029543816148461  0.061596833558711  0.080102995260012  0.129139298460517  0.245364765963370  0.009759344731667  0.015635834179103  0.990342871933025  0.002684743546039  0.007269137950805  0.656560562712076  0.343171107813728  0.181243354109856  0.818469181590804  0.000340749698272  0.487339815445774  0.377095019171645 
60.0    F  0.027622735345740  0.032128557083002  0.020560226953578  0.049206748535575  0.145894762727308  0.024013674707625  0.013499034178129  0.093557686674543  0.002223425838037  0.151354135493819  0.067732872927799  0.006350121890502  0.002792939426488  0.011040887842834  0.009150079540772  0.036071419297401  0.018529914053296  0.104385989928546  0.091568804663209  0.092397651954615  0.972654947412286  0.013470992890900  0.013878543685038  0.588861394797491  0.411225034356232  0.138888591081887  0.860949188338904  0.000342169787373  0.409234590795402  0.353553390593274 
61.0    Y  0.030101934188130  0.007839623035230  0.056759276107594  0.049997508020797  0.082469244423306  0.015722778492153  0.039037378926668  0.170755032094299  0.018853811245637  0.072795849154279  0.042541066140609  0.020731955321831  0.004917020209003  0.020291228167654  0.027318081887824  0.026681803574726  0.073048578035078  0.160205990520024  0.012832979699251  0.067171823303469  0.974679630891549  0.012318752719629  0.013239569296033  0.535144349213312  0.464902471306581  0.208482760956241  0.791685865871272  0.000342407043614  0.396117405462485  0.286379474494939 
62.0    H  0.048664043191354  0.003736750617546  0.090873282332519  0.044439919080852  0.055822865772048  0.163572258931876  0.085555238318240  0.024929538744032  0.010337276874282  0.042335155546418  0.015733680469636  0.053178983094159  0.058638824781292  0.019143520811011  0.037214276542655  0.066155274679696  0.082240907814313  0.039582320428851  0.018363692631559  0.039445376003504  0.952637998043937  0.014082038478294  0.033192474577980  0.341510064188599  0.658383461029622  0.347479554960584  0.652477473844479  0.000345985692507  0.380772184925815  0.256672386430000 
63.0    D  0.096588818705998  0.003804704173997  0.050625217102003  0.053734780390188  0.022749836703111  0.079660039207454  0.020746330599726  0.030018589498546  0.015324671937321  0.028066636652623  0.017062821027276  0.036397924577139  0.217486838177163  0.023083407243478  0.027091798859834  0.107618648542363  0.109956134490304  0.040470093714201  0.006116830439504  0.013470992890900  0.913198250011992  0.062803988776487  0.024298313621330  0.391477148128271  0.608361179317034  0.539988279916441  0.460093825312437  0.000352033415884  0.170755032094299  0.192910021882367 
64.0    N  0.074946244611945  0.004406961474439  0.102237757319723  0.038128140946007  0.024860515117341  0.208771979857092  0.020207014560742  0.023781771575615  0.025988190574216  0.031141883213371  0.021732530807969  0.072695002596741  0.042926132294676  0.020474896935287  0.033725882390763  0.123535706437592  0.050066867349351  0.039582320428851  0.023535788541153  0.017301009132567  0.656560562712076  0.087050717541815  0.256494536334285  0.418413121341696  0.581560020773925  0.526315577354719  0.473685035299634  0.000350086730473  0.115342811581725  0.202360554136852 
65.0    G  0.096722812096399  0.003786288347403  0.049859077488065  0.043525358770907  0.028183605574445  0.405844790488639  0.016792955825867  0.011621982519020  0.044749023162536  0.018023212579063  0.010987446874321  0.033609199701793  0.048428495684948  0.023083407243478  0.030841142058933  0.059333882559407  0.026774436086518  0.016243428674614  0.007737053686977  0.023765293019391  0.815637493339010  0.103952762296863  0.080269738061839  0.573156092864189  0.426908857195622  0.859160754947185  0.140827403562160  0.000365966699647  0.165052855126875  0.014802657353114 
66.0    G  0.050032175666019  0.002409584316034  0.041234622211653  0.093687475109722  0.007355300504228  0.346037429012870  0.027795593548059  0.007233953300995  0.043737058299850  0.019263317585372  0.013294745773540  0.048934643516034  0.089003137224817  0.040358042196948  0.043888902366812  0.048462075396688  0.045216715183454  0.022452190258501  0.003726404494326  0.005920767837931  0.811689580977279  0.150935073935812  0.037655384843587  0.519069635271529  0.480963727332387  0.645728675151168  0.354289349127054  0.000354973759111  0.069927318814732  0.099098017076286 
67.0    V  0.068440779424598  0.004766017618251  0.026681803574726  0.068916822691807  0.051260806949795  0.022592692102277  0.038473262917029  0.036423162441705  0.046746429948825  0.063153215405423  0.028996046139728  0.021359178936591  0.105916554368265  0.049446081324091  0.101110168545217  0.041291825176821  0.099029351365621  0.084905392784309  0.009875024206663  0.030585676574920  0.964598184584138  0.026460791011329  0.008728805766189  0.444113397921202  0.555939578758553  0.360232437209480  0.639492790638714  0.000370818283646  0.274904037328638  0.153573372555706 
68.0    T  0.066063627535086  0.013480333508479  0.009220112057314  0.027091798859834  0.064480198706335  0.013801797679398  0.032554482156507  0.109651693591603  0.022452190258501  0.141905262768258  0.020489093972119  0.012250632094933  0.022452190258501  0.017627845897758  0.067779838052691  0.039118639332937  0.069637103176208  0.158109942794242  0.015690117863109  0.076256281892014  0.961260928388761  0.020919613390288  0.017506081471784  0.389852421305662  0.610050255136112  0.193311584363829  0.806641759222126  0.000365459713572  0.353553390593274  0.202781788894261 
69.0    W  0.037786114869793  0.008195229121679  0.043224707156593  0.062716984281844  0.027508094173848  0.024912264891892  0.051976381148432  0.053586002289636  0.080381092714413  0.065063849855257  0.023470623858452  0.033960464453939  0.011002689272751  0.056641371141708  0.090558884659680  0.046007089442756  0.094273754792911  0.097193254485320  0.032352028870043  0.059169601952295  0.969961910341735  0.027054267672489  0.002769804757186  0.403600537252382  0.596667871515861  0.832198734711525  0.168054374269078  0.000363690786895  0.327144517863753  0.189202099121197 
70.0    D  0.020746330599726  0.001527089146736  0.104821023055116  0.015527829583165  0.001979017383123  0.527776858818983  0.004552895305213  0.007304493732433  0.015700997194122  0.004322255285517  0.001697938593926  0.056995822844986  0.022219959540426  0.003879267560301  0.012717862266726  0.084729020425000  0.103020260619155  0.006293158523818  0.000000000000000  0.004072131878286  0.988285651500733  0.003337538050351  0.008121714337307  0.354780839050096  0.645281245225889  0.406971592535217  0.592957249705474  0.000340985969841  0.448444079831007  0.403320879611063 
71.0    R  0.054978067245152  0.003210469481621  0.001850332169139  0.015570941606685  0.016980232226970  0.049583365199446  0.038101721689884  0.039037378926668  0.173619391970639  0.079604842207906  0.010701820155981  0.013111713079790  0.058435949859466  0.012647534633553  0.298127218082658  0.019011286853657  0.015082297263621  0.046198825977308  0.023980407750014  0.030122806491895  0.980099415341871  0.004852688600720  0.014741222670240  0.571173123424273  0.428688018317086  0.214939121560752  0.785128118673572  0.000341459004575  0.458184322337676  0.386087566545892 
72.0    D  0.159984051730538  0.001588631246352  0.231807636608866  0.240148715988369  0.002311427776860  0.015314053364717  0.013470992890900  0.004091937996484  0.069492447344819  0.009074286968170  0.007614684616340  0.022189177477241  0.025952188252840  0.062370169937441  0.028008334361544  0.045436641166260  0.039802421103953  0.019613624863791  0.000000000000000  0.001688549279898  0.994470168673214  0.003767961658532  0.001490487508751  0.695923195915551  0.304391504665747  0.556710809114343  0.443190849597434  0.000344549766457  0.457232544749951  0.326012683814640 
73.0    S  0.268687293213875  0.003775805066660  0.110032376695394  0.204050761537725  0.001894456856136  0.075206439124969  0.006642766875502  0.005215423059750  0.031315050158739  0.003654779288404  0.008110463051118  0.031995215638389  0.008930768245422  0.085852264589351  0.029036271070341  0.063065727115293  0.040442051702589  0.016030908520893  0.001535580648712  0.004629268636491  0.967276329613932  0.016758072137780  0.016254691664406  0.426908857195622  0.573156092864189  0.305872010282967  0.693996359507796  0.000340749698272  0.384751805040216  0.393926943024673 
74.0    M  0.051653144884638  0.007350203964951  0.011557714916007  0.008936960728155  0.146401272652351  0.011743449047387  0.005065779510356  0.277584708407160  0.004937512103331  0.138120560599989  0.028636520146105  0.011549706494327  0.002989251503560  0.013687473672924  0.008321157839011  0.006997231797585  0.022112408755104  0.133138525424177  0.041781265481410  0.067451764781527  0.985549336939371  0.002861525145725  0.011359160291565  0.576742802530011  0.423372656181264  0.587638164209885  0.412366774305041  0.000345027745089  0.476318999021969  0.327371355770891 
75.0    I  0.099580012035698  0.005953690743515  0.011998517732048  0.054863862350595  0.024998754010399  0.016573245958878  0.012473412286823  0.133138525424177  0.050205874797315  0.163232473386115  0.031489180012828  0.009698652277548  0.002750672318188  0.033539383949795  0.185822873053877  0.015953314464175  0.038128140946007  0.094012734461793  0.001345166060921  0.014140725982545  0.990342871933025  0.005172222306232  0.004358356727832  0.217035056900261  0.782954296256543  0.173378871141423  0.826450318154212  0.000344072449986  0.463615273217731  0.341983825975623 
76.0    T  0.229092161168838  0.001744464555376  0.110032376695394  0.170400325910313  0.001383942770028  0.050380176968310  0.018478609378815  0.004245058056742  0.093817443594648  0.007149212250999  0.001313835164572  0.046552420722584  0.006497047643554  0.078508898821470  0.065199287095616  0.055245470691479  0.046584699587466  0.012413037501502  0.000987453203956  0.000000000000000  0.989656656415207  0.000667937160109  0.009505643426829  0.595841287287023  0.404160434402784  0.567227742467977  0.432568345292494  0.000346225594648  0.442883759551180  0.325786787340824 
77.0    N  0.139564120247822  0.003775805066660  0.036600318163088  0.028458432299749  0.116064606538341  0.078074757853336  0.038393343138927  0.026923317491001  0.021182255106250  0.070462525759089  0.036498981081660  0.038660389958974  0.015581738302376  0.029036271070341  0.040330077826618  0.077160162930846  0.035280137650192  0.042541066140609  0.045531222309313  0.079936598829839  0.996540262827868  0.002439836182917  0.001362998793088  0.260075066630496  0.739693754624419  0.388773017941279  0.611320138846034  0.000343357714823  0.452189688780544  0.358986127655859 
78.0    T  0.032061817041786  0.013396500572409  0.004143311489720  0.005069292058356  0.173739777480292  0.004775938584735  0.045594385757505  0.091441951294020  0.013868927144836  0.168287508659598  0.064569649230258  0.016356410655853  0.004292399287410  0.012438876543418  0.026241609154504  0.020039634418160  0.019668080836013  0.082870360018666  0.086629367853151  0.114387396015991  0.984184022033800  0.005908468739390  0.009813612352684  0.632878296985140  0.367037659008526  0.176899270040832  0.823020345278708  0.000341222405237  0.466839972457657  0.394746943350277 
79.0    K  0.137071448573487  0.001814766941896  0.025559439329931  0.118257205840699  0.035304600455316  0.037395280100960  0.007228940844046  0.021929245719361  0.119327626767465  0.048428495684948  0.013965393161825  0.026332713421973  0.013443009853304  0.076680311078363  0.139951611081780  0.069012427947693  0.051474438579223  0.041723384477997  0.003395877187852  0.011767894270577  0.960594863953477  0.015975445790780  0.023227859131735  0.431370672271328  0.568802613936252  0.457549584063964  0.542614685940904  0.000344549766457  0.366529189297302  0.342220953272960 
80.0    N  0.141610485661975  0.001623136448425  0.059539874877746  0.104241380478121  0.003567180664109  0.094143154164613  0.013212066990274  0.012665079998208  0.108592773143828  0.022173802440631  0.010280113476789  0.072745408400134  0.026886019706607  0.069060280299994  0.094601049560599  0.091950421615984  0.041607862913637  0.018010724168732  0.005354620331952  0.008138620539127  0.809442216547408  0.002083175353187  0.188286308329227  0.334018519597525  0.666187412546011  0.466193243218416  0.534032704023926  0.000349601743457  0.469761374607006  0.240815473505037 
81.0    N  0.104530799989258  0.005069292058356  0.055822865772048  0.055283777208221  0.058598193528569  0.126832818322610  0.015711884068726  0.022876338999150  0.028438713252528  0.123364568235730  0.028261855548784  0.047169561516268  0.028320685570854  0.031598502526603  0.090684512989636  0.045531222309313  0.043585739573450  0.049721030234682  0.017652300227658  0.020963159763785  0.586011141837257  0.009472756398920  0.404440674180870  0.327598350964591  0.672217497076313  0.628071190571764  0.371903440608626  0.000339335502891  0.440434687063490  0.024998754010399 
82.0    A  0.068062313458507  0.005193777766335  0.015625000000000  0.012806321994336  0.160539476123678  0.038499939795180  0.014487977288054  0.117277649562584  0.014548356559847  0.213454428597811  0.061001985048514  0.020389921057640  0.019183370061173  0.028086097706595  0.027412923397901  0.014802657353114  0.023519480428298  0.073607674349686  0.019545766876770  0.051832471613403  0.799405830352472  0.005778857458003  0.194791144915125  0.589678296130608  0.410086455598363  0.356012548899268  0.643940814754913  0.000426845029497  0.448133349784702  0.005920767837931 
83.0    C  0.137166492197405  0.032352028870043  0.036271997324491  0.037603219562484  0.125347054487635  0.061639544030835  0.032419373017675  0.022112408755104  0.042305821220389  0.084377374070172  0.024826075003003  0.022892201165802  0.082240907814313  0.022359008125358  0.052483218309009  0.062891113968611  0.045154074935110  0.025137761591935  0.035624164771671  0.014751444049223  0.927230546435463  0.029914733068603  0.042629619839980  0.446582926176380  0.553248676546136  0.280485870132621  0.719466790005410  0.000415748880737  0.368822864270710  0.007345110957103 
84.0    G  0.167705278110283  0.000000000000000  0.091315273659105  0.075206439124969  0.003844468836070  0.159984051730538  0.007045901393611  0.004106144176124  0.078183067507079  0.024416496255385  0.015377875344278  0.032039601184019  0.043980261728919  0.045216715183454  0.054863862350595  0.123964591342287  0.053660339777360  0.011808749439971  0.001939633780150  0.005288227652549  0.945402116750744  0.036347501298370  0.018249490540830  0.304602565918798  0.695440985854994  0.825305408512657  0.174584816558425  0.000392505366574  0.292802545304702  0.013331657783001 
85.0    H  0.113047422195136  0.001108634865377  0.062456693311903  0.073556671076173  0.009355302379835  0.088265900274047  0.020263118041422  0.014072280935124  0.110567554416443  0.020095273178603  0.016758072137780  0.065154110052570  0.085141127165031  0.067685940345370  0.079274462457867  0.068869069742288  0.068583246098703  0.030206440533280  0.001559176535853  0.003952551566511  0.846745312362527  0.061213768599183  0.092141826080694  0.390663940086159  0.609627547038152  0.669427628489221  0.330563651285644  0.000337693024661  0.184795303909230  0.188939991039528 
86.0    Y  0.063504383937106  0.007641120886307  0.019586453444386  0.034794425569646  0.118997238562191  0.042452696392155  0.012040173568100  0.073302184326992  0.019859870145401  0.131032809439616  0.046649324478030  0.019736363466341  0.120574773073017  0.020832791829550  0.030798416779355  0.040779842115280  0.043797732783773  0.085377516047150  0.017373111836205  0.050942020775164  0.584388624280623  0.385552706351985  0.030122806491895  0.643494623650635  0.356506429341035  0.688247800795349  0.311650298568774  0.000425663202899  0.008460742543171  0.100551046367739 
87.0    T  0.069300040225192  0.006488047063210  0.044409126349417  0.035476315692065  0.078508898821470  0.071843428002167  0.017325010056298  0.040442051702589  0.089995707407168  0.044873265956982  0.018775563273857  0.030081076346930  0.045531222309313  0.039363436873356  0.070218743939478  0.062586703481958  0.059210629412454  0.084260483233566  0.034530140149997  0.056759276107594  0.920187650624875  0.069782060123911  0.010187896369208  0.579949827252717  0.420156876116641  0.547146850630370  0.452816991508911  0.000335360408552  0.188025468923586  0.162555018318560 
88.0    R  0.069108165832517  0.015755507107728  0.049686578184311  0.051438771579919  0.033984012214215  0.086389512908036  0.023438109207591  0.055514174740150  0.049962864397030  0.058638824781292  0.012318752719629  0.019290040732712  0.077160162930846  0.024197469620413  0.085436715746363  0.079109787123142  0.095523532547823  0.054522669110672  0.017086491523197  0.041492661199451  0.953298545288159  0.038313589376661  0.008531410513638  0.432268615653933  0.567621051073032  0.581560020773925  0.418703243754213  0.000331431879854  0.269620107923613  0.255430020678575 
89.0    K  0.064838746035351  0.005280901691516  0.091568804663209  0.122767449407924  0.004759415092481  0.046973796189549  0.052229184932616  0.023831275832129  0.090120554466264  0.019437682082789  0.016573245958878  0.036246864203295  0.026442456143759  0.082526427563438  0.099580012035698  0.079881210200191  0.085318357367823  0.044935516651467  0.003518070233781  0.003073290802162  0.935623497831400  0.059581159080510  0.004893220463375  0.429878243121503  0.569986636346731  0.471392267959120  0.528509020280690  0.000330972736035  0.175433965754884  0.306933920978765 
90.0    L  0.045029054651185  0.004756117260402  0.004394759705816  0.015832139064986  0.085971363633734  0.014782150730087  0.176409480426087  0.152195752332873  0.006515086279883  0.147215348699373  0.035996488823417  0.008043281901828  0.017566858184041  0.013157233650131  0.021762679385454  0.017433426911328  0.017530366883289  0.115103212150630  0.037162722343835  0.063153215405423  0.975355461527642  0.013744516811288  0.010957025395644  0.633317126861609  0.366783336041831  0.642603168734686  0.357248534935273  0.000327322410054  0.413225159077106  0.345079338349157 
91.0    V  0.044224817510208  0.004756117260402  0.085023178275372  0.138600080450384  0.026060345119530  0.018998113799736  0.062111318332660  0.045657636829552  0.078345813777543  0.033655824256033  0.013303964183577  0.020151066416498  0.006083005398919  0.066063627535086  0.072846324883410  0.065972107352373  0.129139298460517  0.069060280299994  0.006049367405103  0.013897796774030  0.925304428037852  0.057671405790862  0.017050998078983  0.373712312158735  0.626332219312064  0.359982829628671  0.639936206922154  0.000324836191670  0.232935107326193  0.368056715542045 
92.0    E  0.053511767784154  0.006159376359815  0.020531744174209  0.035500914524584  0.071100326742032  0.033679160782615  0.016493026838093  0.151144459479170  0.009895580107213  0.159651719899424  0.046584699587466  0.023131457781251  0.051260806949795  0.018801609781242  0.024214247842474  0.045911519789947  0.046520164223954  0.134250558952516  0.016804599850897  0.034746223672410  0.951977908497532  0.007943552135093  0.040107059298841  0.806082831492968  0.193982713568714  0.071347169195423  0.928516852306729  0.000323263894140  0.448755025333631  0.299162240807679 
93.0    G  0.041492661199451  0.009213723377041  0.084085450532614  0.169340622185671  0.012850782323632  0.062240609568404  0.062111318332660  0.026150820083856  0.045720975647010  0.046941247716904  0.008217982650030  0.034434534871144  0.007284269425288  0.046038990181765  0.048327896090957  0.123878695408010  0.120407736752519  0.035304600455316  0.003833824468178  0.012123919598045  0.961260928388761  0.019722688001752  0.018697640050480  0.752623373705534  0.247242729095233  0.683020128377198  0.317097849831467  0.000329827657357  0.379454813243513  0.178872065002864 
94.0    S  0.039500096826650  0.004431466738031  0.157453747493425  0.078726873746712  0.016700093612672  0.027508094173848  0.019818615614467  0.072393300387165  0.022671128247409  0.035158077646525  0.009558500321343  0.147521792917025  0.057911753868148  0.032262454233851  0.034172983046395  0.068440779424598  0.064212589961185  0.079329430376238  0.018048215383650  0.014199658069508  0.986232704493359  0.003012130518375  0.010964622859680  0.307999518361439  0.692074858025740  0.617281303446769  0.382889499273596  0.000327095606061  0.469761374607006  0.277392368016961 
95.0    F  0.047828024056958  0.009840859218339  0.022797192878753  0.059210629412454  0.080325396091836  0.014649548382142  0.045879707376066  0.095325103328518  0.017385158134138  0.152301282959399  0.022561393680039  0.008590751166520  0.089126607335259  0.042364510212500  0.052811649025782  0.023003544721378  0.044224817510208  0.126131454230585  0.000000000000000  0.045657636829552  0.992404374685819  0.003137867174832  0.004364402883095  0.487677730763821  0.512278411516401  0.679243142274472  0.320856474390726  0.000324386185082  0.438606774366411  0.334481888696528 
96.0    N  0.043676467870346  0.003855142757367  0.087474116599700  0.153148166488085  0.009271381231692  0.015538596385519  0.058883204619051  0.020703234641331  0.078945453865362  0.038660389958974  0.012174446557195  0.044625124365158  0.005459558483793  0.068773663085384  0.131123665946868  0.078237278665875  0.079660039207454  0.054636163775648  0.005313948642211  0.009840859218339  0.977385766410805  0.009374776424791  0.013129902378645  0.754190038343289  0.246046005508450  0.227667458397995  0.772175133091785  0.000327549371309  0.440129506781575  0.403880388804804 
97.0    V  0.062586703481958  0.019818615614467  0.002662505092349  0.010957025395644  0.047038960856596  0.005090418552200  0.007630535382517  0.277008086966231  0.004626060983803  0.088327102742671  0.024080347136200  0.001981762786291  0.008656502717695  0.010843693117309  0.007411596212035  0.020123150461091  0.051189793616239  0.328052813647990  0.007114608074937  0.014915953345933  0.982820598545251  0.004239177233913  0.012949139132625  0.476318999021969  0.523768063549899  0.757333157938488  0.242658617442387  0.000330514228284  0.467811748915700  0.329191730514811 
98.0    H  0.040470093714201  0.002191295860411  0.070121467533155  0.086809695985319  0.034196678164398  0.018338252785646  0.048260945818237  0.076733480244691  0.032917532373589  0.049962864397030  0.014558444207887  0.016596237288990  0.001469967526769  0.071248329543341  0.145289263439765  0.060454770600871  0.099166730398893  0.080884103405178  0.014936645587402  0.035500914524584  0.970634469769547  0.006665828891501  0.022514527325593  0.682546858942583  0.317317721504951  0.201381072762188  0.798851916449148  0.000329142512631  0.439824537961218  0.352818960852173 
99.0    S  0.089312133733818  0.006735496445450  0.019077289260455  0.058842404033825  0.072846324883410  0.028164076956588  0.004687388212395  0.094143154164613  0.021567458646822  0.103664943226805  0.023980407750014  0.008949358577967  0.073505703143185  0.050836199883258  0.056680645558321  0.054674047806614  0.041781265481410  0.167472950303480  0.008127345832203  0.015009294749273  0.963929807740643  0.022020636799094  0.013830527571555  0.542238704421532  0.457866843209063  0.685866644295299  0.314253343630457  0.000330285212659  0.334250123851284  0.268501117905031 
100.0    I  0.061810682273808  0.005640348420010  0.102096123888753  0.065063849855257  0.048428495684948  0.022718320583130  0.027834153143959  0.096254646779509  0.018287478773040  0.149581120403839  0.016356410655853  0.036676505571292  0.015441963304699  0.027776333786455  0.029894004940371  0.084494427064258  0.041377778449856  0.083794536973771  0.006288797950165  0.060203868376259  0.965267024871757  0.012542771698687  0.022235366581791  0.396392068305142  0.603740295743248  0.634195699662934  0.365767805176082  0.000327549371309  0.390122740086852  0.334250123851284 
101.0    K  0.057591511637419  0.004923841373371  0.109348095613228  0.045562793088018  0.008501894075553  0.467487598875728  0.015920174947136  0.003815267691259  0.024843289092155  0.001750520897596  0.003052062031923  0.037891025595679  0.026626377971090  0.015986522964601  0.020193012978711  0.093234001668217  0.041810236087066  0.008869078923016  0.002909526295162  0.009551877169469  0.969289816935065  0.024197469620413  0.006412043818832  0.442883759551180  0.557096825409666  0.849684999138650  0.150412878249938  0.000326642469430  0.338916081700000  0.297507924076669 
102.0    D  0.057711394420587  0.005616939581433  0.385820043764734  0.118339203904589  0.001532390816205  0.086090627898946  0.006944083446614  0.005933092538338  0.040134869030920  0.007124477855623  0.000000000000000  0.070903467808497  0.097260647069427  0.018161157929971  0.017591227908387  0.037786114869793  0.037343475151774  0.005601387687562  0.000000000000000  0.000000000000000  0.540362701019676  0.023147496844068  0.436181352885379  0.459138081150462  0.540737381741809  0.442576882289773  0.557096825409666  0.000326642469430  0.306508715013289  0.424842499569325 
103.0    F  0.032940356977836  0.007055675860561  0.325561047392257  0.072242919159675  0.008765183441644  0.085911793473252  0.017313005435389  0.005051753640185  0.048900736358532  0.018671737575887  0.011343424061749  0.122088566120278  0.007396200244037  0.025400487562010  0.024197469620413  0.036046425158126  0.091188771515011  0.022734073181793  0.010664794670978  0.026534257701464  0.964598184584138  0.023115429832013  0.012065236454559  0.568408486618007  0.431669779287206  0.984184022033800  0.015843116871719  0.000447445627283  0.408667664244142  0.003794169904460 
104.0    G  0.084260483233566  0.017039183322895  0.016921485086343  0.040554336466849  0.014013877494719  0.059416193826864  0.019196671569463  0.078128893911576  0.023715925827720  0.111800612722826  0.035451733904249  0.007473501235093  0.000000000000000  0.018971795068673  0.071943093207985  0.063813257856700  0.160985203688728  0.154106540682976  0.013257935964155  0.008986655416802  0.986232704493359  0.008507789182313  0.005175808660333  0.479299719246488  0.520871714504111  0.866937563514687  0.132954084111648  0.000327095606061  0.425431864753270  0.403880388804804 
105.0    A  0.616853584904748  0.026571067502006  0.005478512697822  0.003179465566681  0.014649548382142  0.041435180009333  0.005774853247163  0.044904380517002  0.003601965304346  0.024535253708549  0.007525483547032  0.001196470050688  0.001572199487541  0.004937512103331  0.006601456128223  0.011565728890625  0.015592542484360  0.140925051518178  0.005182988830458  0.018161157929971  0.981459063853479  0.005365766536834  0.013066349998657  0.472373520498603  0.527776858818983  0.409234590795402  0.590905773467183  0.000327322410054  0.462973011263662  0.455966582759885 
106.0    I  0.036600318163088  0.005687459175778  0.006381007743047  0.024080347136200  0.054863862350595  0.008722757515489  0.025488671666844  0.141708676597303  0.012913286221160  0.144085793349858  0.025594896808120  0.007365504186861  0.000000000000000  0.028203147733201  0.029036271070341  0.038956287321097  0.105916554368265  0.231647015472593  0.023454360898662  0.049275010878517  0.950000382874886  0.023131457781251  0.026644840367749  0.161320311306472  0.838568184440931  0.118997238562191  0.880869374126979  0.000327322410054  0.350624812660600  0.385285554179204 
107.0    T  0.174222154835934  0.028716027608720  0.014033318326311  0.052337905469277  0.009631658792686  0.046166814486955  0.006829520471956  0.063990431276778  0.001730014685747  0.103521332666818  0.015061403245948  0.009156424091207  0.000000000000000  0.014854048456716  0.004052421627209  0.044132950137024  0.066985841408518  0.333093706273005  0.010380357922629  0.001214855130174  0.965936328924846  0.015431263460084  0.018645870984871  0.302498522304823  0.697371833175203  0.418413121341696  0.581560020773925  0.000332121790138  0.369590607818461  0.235206526878447 
108.0    E  0.052048485680034  0.011312016971715  0.013239569296033  0.107693269964002  0.029894004940371  0.013878543685038  0.046778843337272  0.068062313458507  0.030883926609398  0.045816148662163  0.015997607819194  0.017530366883289  0.004859420520697  0.020053529649420  0.115823507736296  0.082640912821411  0.159099366909493  0.083968964107581  0.028086097706595  0.052301640167712  0.939522749214012  0.057671405790862  0.002845701394332  0.610473256334567  0.389312345530831  0.288171586699716  0.712025097798536  0.000331202228381  0.223911417522712  0.193445624192799 
109.0    G  0.104675810938553  0.044997853703584  0.009074286968170  0.004391714546010  0.052994997789572  0.336341802130457  0.008704637897026  0.017289021142067  0.010761328487368  0.030458738465361  0.020053529649420  0.014518135535171  0.000000000000000  0.003428991396912  0.019942637012952  0.057432055217441  0.042335155546418  0.050520054300348  0.016653855251062  0.155501456662309  0.965267024871757  0.022655419263732  0.012031830847439  0.464258426153364  0.535886731268147  0.590087171668101  0.409802303818759  0.000330285212659  0.373194595824238  0.241316756217939 
110.0    V  0.033960464453939  0.006087223278598  0.063990431276778  0.064883704408941  0.024552266145862  0.015452670568452  0.041349107497129  0.050906722691888  0.060580613558442  0.065199287095616  0.013545899429917  0.044966674375338  0.019736363466341  0.043314683926575  0.165625877130651  0.035723072981689  0.098209064583448  0.086990399489444  0.005373210227108  0.059622471909222  0.942131273904809  0.037034149091924  0.020560226953578  0.499653546495226  0.500346693731290  0.294226684304692  0.705637921704346  0.000391418617871  0.275858435010490  0.308640651723385 
111.0    H  0.089933348750676  0.020263118041422  0.028975954576108  0.058072542140682  0.066846692992828  0.021373989123476  0.042247213532129  0.053252755942179  0.007899625631651  0.073302184326992  0.034891030061955  0.017469716421342  0.000000000000000  0.052337905469277  0.015282241772615  0.059622471909222  0.050871449066902  0.095391200560035  0.078781461973937  0.133230842008493  0.963261894020148  0.020446532366485  0.016401823181610  0.681601303641254  0.318419368831625  0.382094130191292  0.618137630460476  0.000410025143039  0.363997387249772  0.254722799154181 
112.0    I  0.056523711097568  0.008698606392412  0.038207508677877  0.084318908396231  0.020277168233425  0.018098325096791  0.060748811748835  0.055977854380678  0.044286168640882  0.078020659306351  0.008566965535843  0.035182455816774  0.000000000000000  0.039445376003504  0.115262889739079  0.064659223844932  0.152090294829258  0.073863221683398  0.018161157929971  0.027546254934599  0.978063473447339  0.012216713173884  0.009565128065627  0.437392382452911  0.562529242344405  0.579146403097322  0.420739741142690  0.000405784112106  0.381036207584942  0.263522855822684 
113.0    F  0.101954686667376  0.012395841299862  0.016401823181610  0.015208271471222  0.126481650128366  0.054146053525005  0.011171757705951  0.099511012347347  0.023373214974412  0.178253214670518  0.050415109951383  0.021270533070304  0.007546377569725  0.026205255763779  0.010843693117309  0.026241609154504  0.035206850890540  0.119162318161020  0.014558444207887  0.049721030234682  0.903752726751086  0.031163476604752  0.064838746035351  1.000000000000000  0.000000000000000  0.238986329398436  0.761016690419679  0.000407475234939  0.326691313473293  0.308213081365952 
114.0    C  0.042836962655616  0.012081974022739  0.044966674375338  0.059788009880742  0.020446532366485  0.064390872101255  0.056328153913177  0.039609766313576  0.050032175666019  0.041463910643661  0.019077289260455  0.016862941195382  0.020389921057640  0.047994070928191  0.085200162955157  0.081672828368323  0.135184345435452  0.076946525834057  0.009813612352684  0.074894313833714  0.623300597137549  0.189070999660495  0.187504873660727  0.570777353563387  0.428985265214345  0.246216610723888  0.753667454779191  0.000430410233353  0.050345268190547  0.150725978461345 
115.0    Q  0.093363341069521  0.004556052225736  0.039802421103953  0.067639040282857  0.030862526920168  0.059829466137206  0.027091798859834  0.033123524481165  0.035648866120888  0.062500000000000  0.016345077184258  0.037291741969741  0.043706752585577  0.049686578184311  0.071297732241776  0.072293011494080  0.152830034711509  0.079660039207454  0.010467059393968  0.012098734810207  0.659296807246183  0.262429170905767  0.078074757853336  0.602486157497393  0.397492625474487  0.456282744271726  0.543744195427441  0.000483565855436  0.034101996157967  0.023486898094774 
116.0    N  0.075729541276890  0.003280201144313  0.045436641166260  0.037240080455439  0.043434944370073  0.036957218757629  0.023276210361292  0.039637231228933  0.105843164045316  0.104169150894902  0.029666941279704  0.049206748535575  0.069204036530268  0.026552656223083  0.091823039579894  0.046198825977308  0.032986053676186  0.067592172717726  0.022545760732213  0.049206748535575  0.878430468238362  0.056133273305246  0.065698306817982  0.400257405328151  0.599569956895556  0.581560020773925  0.418413121341696  0.000473286043425  0.268687293213875  0.035822255804012 
117.0    K  0.115743252815915  0.000000000000000  0.173258735706302  0.130398574191232  0.003649716198762  0.109803808529795  0.011517728260087  0.004876291206647  0.069975805540890  0.011998517732048  0.006740166754239  0.065516404719808  0.083388948104861  0.034339194299277  0.059663813383732  0.041955390711883  0.052519609514580  0.024688790995731  0.000000000000000  0.000000000000000  0.942131273904809  0.036549614501623  0.021021362633154  0.522317881432116  0.477641468191219  0.599985691186608  0.399980064166376  0.000438845276666  0.284007316196672  0.069108165832517 
118.0    T  0.063109456099793  0.000000000000000  0.166893537911988  0.065743861200242  0.003966273831521  0.317097849831467  0.006398724202030  0.005493723437161  0.043344717785356  0.007726335284226  0.001814766941896  0.041955390711883  0.059912464905811  0.020081349022959  0.021507743774855  0.083794536973771  0.073556671076173  0.008955563951003  0.001562422125650  0.007085080694790  0.881480157907170  0.084085450532614  0.034149304346905  0.454389058224260  0.545631938527468  0.307786103336229  0.692074858025740  0.000422722932383  0.143587294374629  0.164253953393671 
119.0    N  0.054221167947004  0.000000000000000  0.082927821287323  0.083504629899381  0.000000000000000  0.377356492130140  0.011654250208527  0.007715631730042  0.072293011494080  0.009604991150426  0.005966083976409  0.050310383601320  0.021373989123476  0.060120465916548  0.042013593567270  0.052301640167712  0.039281667953807  0.023227859131735  0.000000000000000  0.006172197748933  0.587230985606827  0.325110036637120  0.087413505171154  0.537747195228689  0.462331639056850  0.350139080221801  0.649769531227720  0.000423016043164  0.013792234317041  0.143090520074836 
120.0    Q  0.084611642440779  0.002877436886360  0.072092850316251  0.107842668067832  0.012850782323632  0.054863862350595  0.021807980689409  0.033008925792246  0.053846634982001  0.063636574985289  0.011485838565539  0.033984012214215  0.142102121654502  0.045029054651185  0.060622619396358  0.062716984281844  0.058760887656820  0.055168937268166  0.007060568177743  0.015603354157829  0.893165852352760  0.033353916813749  0.073505703143185  0.519069635271529  0.480963727332387  0.701735863019538  0.298333935757930  0.000422722932383  0.323536413620713  0.068726009332159 
121.0    C  0.047761766273911  0.007604135735611  0.017193415771346  0.033562639738129  0.100064351332038  0.035996488823417  0.027299152997397  0.086389512908036  0.062197482613755  0.111568371434122  0.029441602309525  0.024860515117341  0.058517015464656  0.035255691795516  0.052048485680034  0.043194756454018  0.047333322371155  0.126657112519886  0.020109206989082  0.032986053676186  0.953298545288159  0.022467758325734  0.023963791557392  0.371388230165207  0.628506687260914  0.415522930796824  0.584388624280623  0.000419802971798  0.369078601420708  0.110108671765872 
122.0    E  0.059046690062325  0.004900008611410  0.068062313458507  0.105112051906714  0.023847800140009  0.030269318413332  0.037629293163482  0.049755506173674  0.041435180009333  0.056328153913177  0.009806812431896  0.039912929974856  0.059292769696278  0.033819520141429  0.063857505169644  0.094077921713192  0.109196611989587  0.098823639575493  0.008490116113485  0.006310631075075  0.957935218222696  0.017603425445270  0.024315161767357  0.255430020678575  0.744838731561351  0.690158676698315  0.309926924984747  0.000418930923061  0.373712312158735  0.139660892259028 
123.0    G  0.073914437515259  0.012931200251222  0.053958722410901  0.030227385300435  0.061982295671143  0.125782227937223  0.029421202016913  0.059416193826864  0.022734073181793  0.078836088051953  0.053548872173036  0.025172634095273  0.013574096642978  0.029584800976147  0.063240825064183  0.068726009332159  0.048462075396688  0.083968964107581  0.023454360898662  0.041120453907157  0.971980987981352  0.016367751985934  0.011581773514085  0.525222272005377  0.474671060475260  0.443498152576075  0.556325060292417  0.000408889886479  0.370616752450709  0.243332343539560 
124.0    K  0.080492601844364  0.015092755139451  0.072997962163320  0.069637103176208  0.014619117153616  0.071347169195423  0.043949787497285  0.021762679385454  0.066523136403335  0.033307710502123  0.007119541254978  0.040246300922182  0.041320456410705  0.038606832410217  0.092077980363530  0.081786129465938  0.074531804520664  0.056838015737546  0.033169475279681  0.044501568612408  0.978741650397436  0.019316800951890  0.001924901048710  0.842062953608416  0.157781504014014  0.687294347786015  0.312732270028317  0.000408040507286  0.375529981735232  0.279903222163560 
125.0    A  0.133046272806670  0.019464647118273  0.010828670981644  0.013368672276291  0.054371709544291  0.298540796768647  0.006425391161816  0.036651092163496  0.003363082766949  0.059005776196891  0.025988190574216  0.023963791557392  0.006992383366625  0.028497911422493  0.030269318413332  0.082070070339009  0.064928693956104  0.063592480756418  0.014720801154763  0.023930593704600  0.997922718999051  0.002278026112868  0.000000000000000  0.611320138846034  0.388503634392025  0.788946840852465  0.211246596103128  0.000404380205730  0.454389058224260  0.408951029278891 
126.0    D  0.032894723584670  0.008650504566283  0.044224817510208  0.032374461361251  0.016642315678022  0.010467059393968  0.048127323389754  0.036246864203295  0.070854338298651  0.077804639711386  0.019451159927846  0.031467360939272  0.020977695355942  0.030458738465361  0.329419987933535  0.030143693268254  0.054071043161562  0.061810682273808  0.015920174947136  0.028008334361544  0.992404374685819  0.000933540349213  0.006924857024960  0.290175978595930  0.709561678100191  0.792784136610284  0.207186226121998  0.000403540194411  0.494142825750366  0.484980955170867 
127.0    F  0.058233776831548  0.032826392000336  0.011727180449331  0.036727385263118  0.140729823267095  0.030311309698179  0.019143520811011  0.023035456520173  0.033585911651734  0.052848267961095  0.022971677131079  0.032531924927628  0.003736750617546  0.021035938582450  0.049549008538143  0.034101996157967  0.031620412532092  0.075415244982548  0.023798261557863  0.266092545613340  0.989656656415207  0.004524581274198  0.005986796719562  0.538493188096524  0.461691155364697  0.488692883205403  0.511568734867216  0.000405502941451  0.450625231305415  0.437392382452911 
128.0    V  0.035673584597712  0.018249490540830  0.030311309698179  0.028222703442244  0.024535253708549  0.002073092204980  0.036600318163088  0.056877426505056  0.005023818294651  0.107172004579271  0.024013674707625  0.013120804577252  0.000000000000000  0.013267128850732  0.042688758023575  0.161656116485936  0.295248165357383  0.093428078039684  0.000000000000000  0.011833330592789  0.993781093322555  0.000000000000000  0.006108356586942  1.000000000000000  0.000000000000000  0.534402995605504  0.465547409915115  0.000404941184480  0.500000000000000  0.430474594169452 
129.0    M  0.074894313833714  0.007124477855623  0.181620631196421  0.043555538708983  0.085436715746363  0.029036271070341  0.041177498491692  0.041320456410705  0.003007957711860  0.080047491333111  0.036880448229256  0.038181034427297  0.000000000000000  0.044255482444204  0.037629293163482  0.093947592379098  0.043555538708983  0.057831526752366  0.016356410655853  0.044132950137024  0.969961910341735  0.011071542160220  0.018998113799736  0.623300597137549  0.376572616658453  0.145289263439765  0.854409740889733  0.000405221965620  0.407253781535108  0.422200443711891 
130.0    V  0.017652300227658  0.015061403245948  0.018984949873516  0.045531222309313  0.013480333508479  0.017493951385222  0.017836792298856  0.134343646606938  0.018023212579063  0.107917444821801  0.008315392050417  0.005414335490822  0.000000000000000  0.026042287723726  0.057591511637419  0.020688889224928  0.100064351332038  0.351598299978280  0.003388822996688  0.020588749245846  0.991716730738293  0.004739662344721  0.003664926548831  0.489031736723670  0.511214265304961  0.879649075922436  0.120574773073017  0.000410025143039  0.455019412040450  0.328963631257252 
131.0    W  0.031598502526603  0.015155654849090  0.000000000000000  0.000000000000000  0.190650206657036  0.000000000000000  0.009591685030586  0.025471010387582  0.002686605113554  0.229251010801168  0.021138253610161  0.000000000000000  0.000000000000000  0.002006643436287  0.004239177233913  0.002343694106198  0.003488929110753  0.046294993688135  0.268873597614345  0.147317425976460  0.979420297586927  0.016921485086343  0.003384128345313  0.614293490222825  0.385552706351985  0.211100221855945  0.788946840852465  0.000404100007851  0.401090583176243  0.457866843209063 
132.0    R  0.049172652834598  0.004403907859943  0.007694269085121  0.111413811987121  0.005691402788664  0.005347202394890  0.022498926851792  0.051083458030518  0.122597375498569  0.042541066140609  0.015603354157829  0.006146581604325  0.000000000000000  0.075992455198944  0.217035056900261  0.015484836926001  0.056133273305246  0.184539300710354  0.002396259721199  0.004298353942836  0.989656656415207  0.006862738033112  0.003749723675933  0.573156092864189  0.426908857195622  0.492774668469685  0.507331273290440  0.000406910745683  0.452816991508911  0.415235012045447 
133.0    K  0.009772883438385  0.012464769372016  0.011040887842834  0.028359973603661  0.031293351740979  0.002564689698094  0.015832139064986  0.017762765206813  0.312515575646302  0.065108964313014  0.012595044242078  0.027110583973502  0.005990947889348  0.044163551371335  0.318198733818986  0.008680536942618  0.010474317121721  0.030649343874642  0.015517070241204  0.019859870145401  0.908778116448520  0.089995707407168  0.000930955610633  0.812252396356236  0.187764990867616  0.558643569036110  0.441351498145327  0.000406910745683  0.138024855895387  0.432568345292494 
134.0    V  0.051976381148432  0.005601387687562  0.054334035005626  0.160317075345281  0.011751591807724  0.017873921456309  0.014130927774392  0.074998211398326  0.041897268486885  0.019196671569463  0.011493802701998  0.028975954576108  0.016688522000748  0.075206439124969  0.131761427911342  0.044378354954482  0.128336193215000  0.100830219902766  0.002841759147724  0.007463147940488  0.959264119325264  0.037499105699163  0.003237284783156  0.718968266423479  0.280874975757911  0.714497069870547  0.285586561712136  0.000405221965620  0.257028456664017  0.460412848602520 
135.0    D  0.078183067507079  0.000000000000000  0.339857060476685  0.102096123888753  0.001417928007719  0.160094982666221  0.014062530153024  0.001893144173701  0.040246300922182  0.000000000000000  0.000000000000000  0.119410367047805  0.061044283060139  0.022955759894974  0.007905103133023  0.040386025957422  0.008460742543171  0.001985888033773  0.000000000000000  0.000000000000000  0.987600861445373  0.011549706494327  0.000910533678161  0.732042847972813  0.267943365634073  0.597909898388062  0.401925495371576  0.000404660597895  0.417543959714185  0.473685035299634 
136.0    E  0.029157280985525  0.001372479199421  0.122852574818156  0.070609200910633  0.002316239256662  0.581560020773925  0.014387901518829  0.001506065259187  0.019887420863687  0.004779250160671  0.001604122462406  0.049997508020797  0.006987538295177  0.028340322779161  0.016573245958878  0.034149304346905  0.013994463595170  0.000000000000000  0.000000000000000  0.000000000000000  0.965936328924846  0.028047189083352  0.005734963422008  0.610896550836750  0.388773017941279  0.683967651951245  0.316000774613202  0.000405784112106  0.319082192207238  0.464902471306581 
137.0    K  0.057193698007996  0.001312015064181  0.036880448229256  0.092975860152157  0.002368189099730  0.200823499189258  0.021657341963288  0.013499034178129  0.134250558952516  0.026607928367155  0.004490214250135  0.023601134149419  0.003339852257391  0.102877543159839  0.145793671223558  0.037059828106592  0.038526635170744  0.053660339777360  0.000000000000000  0.003041502699460  0.986232704493359  0.013452331067795  0.000000000000000  0.469110598250336  0.531079593247686  0.501040802539816  0.498961359499525  0.000405784112106  0.422786143688758  0.440740078953585 
138.0    W  0.003804704173997  0.002522377637309  0.000000000000000  0.006003418676906  0.009678505451437  0.000000000000000  0.002529380857138  0.010054603494541  0.001739634571497  0.037162722343835  0.002433080889784  0.000000000000000  0.005974360460480  0.000000000000000  0.001560257649315  0.000000000000000  0.001594146574513  0.010488847677971  0.894404901782606  0.010040674511479  0.997231251352069  0.002642281701270  0.000000000000000  1.000000000000000  0.000000000000000  0.604158921694971  0.395842932935636  0.000401586947614  0.491410299272626  0.473028823362798 
139.0    Q  0.012157580883678  0.005582008358364  0.000000000000000  0.011581773514085  0.015766431778823  0.006284440397984  0.015997607819194  0.013148116910709  0.306721244313451  0.153573372555706  0.012691443693066  0.002993398359781  0.001373430859290  0.109575715164504  0.258636895379727  0.009861344000876  0.012841877926482  0.020876157474845  0.010474317121721  0.019846109102169  0.993781093322555  0.002881428627115  0.003627018954323  1.000000000000000  0.000000000000000  0.000000000000000  1.000000000000000  0.000401586947614  0.490729531926740  0.494142825750366 
140.0    I  0.035500914524584  0.021642335439233  0.000000000000000  0.000000000000000  0.075258586326963  0.000000000000000  0.011525714508460  0.427204870444866  0.001748095841656  0.184795303909230  0.062111318332660  0.003604462861929  0.002467045433293  0.008037708655419  0.009854511006494  0.004515182447480  0.011662331119507  0.105330853687894  0.008740914851841  0.025898278265250  0.998614666101029  0.001236090423799  0.000000000000000  0.186209682890338  0.813943185070435  0.603740295743248  0.396117405462485  0.000402981156500  0.476318999021969  0.469435873657726 
141.0    P  0.180241108932528  0.015314053364717  0.014189819026899  0.020674553748564  0.033400187225344  0.004556052225736  0.018440224114628  0.105696535922190  0.035133716368082  0.091315273659105  0.006425391161816  0.009950605275988  0.003582047043768  0.034339194299277  0.053215856734309  0.071297732241776  0.064793818813733  0.211979991158287  0.005758864130043  0.019640833976904  0.990342871933025  0.004815829396343  0.004866161779568  0.860949188338904  0.139177702278586  1.000000000000000  0.000000000000000  0.000414597776585  0.474342157570227  0.492433221447775 
142.0    R  0.131032809439616  0.002228054132556  0.017133931071686  0.046007089442756  0.033446521825832  0.025033433674676  0.207329886453610  0.031973045929201  0.022467758325734  0.051260806949795  0.014802657353114  0.043434944370073  0.000000000000000  0.036448417805890  0.116871899718932  0.129318447689864  0.030143693268254  0.026998068356259  0.002057345773349  0.032061817041786  0.995849753094458  0.001702652811596  0.002238890987751  0.125000000000000  0.874784764905822  0.000000000000000  1.000000000000000  0.000427437172702  0.500000000000000  0.468460723436213 
143.0    V  0.039719740290802  0.005570412958454  0.165855642574645  0.113754853010112  0.037917298757772  0.012056876367648  0.089995707407168  0.091441951294020  0.029523345031163  0.070462525759089  0.047038960856596  0.003363082766949  0.002472180847598  0.039254449410735  0.071396640428034  0.031445556984306  0.020631606890859  0.078454499455165  0.008496003053554  0.041120453907157  0.997922718999051  0.000000000000000  0.001931583821057  1.000000000000000  0.000000000000000  0.477641468191219  0.522317881432116  0.000431605239777  0.495514781632040  0.456599125005996 
144.0    L  0.049411819787746  0.026205255763779  0.020095273178603  0.022173802440631  0.025826572442319  0.008484233252518  0.325561047392257  0.083158065067543  0.009329399899020  0.044656066866909  0.052665426843947  0.039940605100095  0.000000000000000  0.090120554466264  0.049070507417098  0.020361674208801  0.073505703143185  0.048934643516034  0.000000000000000  0.010452559021767  1.000000000000000  0.000000000000000  0.000000000000000  0.000000000000000  0.000000000000000  0.000000000000000  1.000000000000000  0.000460025036086  1.000000000000000  0.466839972457657 
145.0    S  0.080772051914843  0.008402299925448  0.037111239564794  0.020847237026215  0.125000000000000  0.018198962288570  0.012149156810665  0.025970183174801  0.005332397335489  0.055822865772048  0.006461120065963  0.077320779917948  0.065972107352373  0.014639397607382  0.015197733553317  0.162893393670412  0.049824529783784  0.045911519789947  0.132861959294819  0.039281667953807  0.986232704493359  0.009813612352684  0.003736750617546  1.000000000000000  0.000000000000000  0.660669202829133  0.339386244970002  0.000557786253344  0.480297431976738  0.466839972457657 
146.0    Y  0.019859870145401  0.011597840395539  0.045499673406221  0.014915953345933  0.032509383328812  0.011932167952818  0.015549370653439  0.007350203964951  0.000000000000000  0.018814646581741  0.011525714508460  0.132585967671027  0.019024469041609  0.013555291986751  0.018401918587422  0.395020655931689  0.150204506190856  0.033913417871306  0.000000000000000  0.047695600280017  1.000000000000000  0.000000000000000  0.000000000000000  0.000000000000000  0.000000000000000  1.000000000000000  0.000000000000000  0.000687668079547  1.000000000000000  0.483303048532487 
147.0    G  0.045122787360078  0.000000000000000  0.144385723069198  0.054901904264898  0.041897268486885  0.114546080584419  0.091252000665908  0.000000000000000  0.000000000000000  0.013517760790390  0.000000000000000  0.071149626817180  0.126306430810845  0.025952188252840  0.085023178275372  0.125260200634954  0.028222703442244  0.019024469041609  0.006610614035940  0.006744840301363  0.974679630891549  0.018236845340914  0.007094909513449  1.000000000000000  0.000000000000000  0.000000000000000  0.000000000000000  0.000969144897154  0.489710148793463  1.000000000000000 
148.0    H  0.062025273417864  0.010452559021767  0.081956375888478  0.091695834010458  0.021762679385454  0.000000000000000  0.189333289484622  0.067639040282857  0.042423280621250  0.020489093972119  0.022097086912080  0.049206748535575  0.020179021098474  0.000000000000000  0.055283777208221  0.034054753506667  0.076150641479699  0.127184961512836  0.000000000000000  0.028047189083352  0.986232704493359  0.000000000000000  0.014013877494719  0.000000000000000  0.000000000000000  0.000000000000000  1.000000000000000  0.001622011765803  1.000000000000000  0.493116352246680 
149.0    Q  0.153679858406823  0.000000000000000  0.043888902366812  0.041291825176821  0.000000000000000  0.059581159080510  0.017998244411709  0.000000000000000  0.070756181381917  0.039037378926668  0.000000000000000  0.035304600455316  0.044625124365158  0.131214585452883  0.177390419525048  0.103808753011362  0.034698088550895  0.046681670534761  0.000000000000000  0.000000000000000  1.000000000000000  0.000000000000000  0.000000000000000  0.000000000000000  0.000000000000000  0.308426792452374  0.691595314505482  0.002270144741246  1.000000000000000  0.486664687079119 
150.0    E  0.027431931175297  0.000000000000000  0.024774504269071  0.051083458030518  0.000000000000000  0.000000000000000  0.000000000000000  0.000000000000000  0.032173127607312  0.000000000000000  0.000000000000000  0.000000000000000  0.721964597761248  0.017554685984869  0.000000000000000  0.084318908396231  0.040921419471361  0.000000000000000  0.000000000000000  0.000000000000000  0.904379377561088  0.095722374818399  0.000000000000000  0.409234590795402  0.590496330714765  1.000000000000000  0.000000000000000  0.003474449193507  0.468460723436213  0.493116352246680 
151.0    N  0.497924876547229  0.000000000000000  0.032352028870043  0.000000000000000  0.000000000000000  0.000000000000000  0.000000000000000  0.028996046139728  0.000000000000000  0.078345813777543  0.037136972033029  0.088449635020416  0.000000000000000  0.000000000000000  0.029769937438873  0.000000000000000  0.000000000000000  0.207186226121998  0.000000000000000  0.000000000000000  0.918276162300924  0.081672828368323  0.000000000000000  0.500000000000000  0.500000000000000  0.000000000000000  0.000000000000000  0.009175484150107  0.496202187342909  1.000000000000000 
152.0    K  0.000000000000000  0.000000000000000  0.000000000000000  0.000000000000000  0.000000000000000  0.000000000000000  0.000000000000000  0.000000000000000  0.817902058557781  0.000000000000000  0.000000000000000  0.000000000000000  0.000000000000000  0.000000000000000  0.000000000000000  0.000000000000000  0.181998693624886  0.000000000000000  0.000000000000000  0.000000000000000  1.000000000000000  0.000000000000000  0.000000000000000  1.000000000000000  0.000000000000000  0.000000000000000  0.000000000000000  0.043404847992660  1.000000000000000  1.000000000000000 
