No:  residues  hmm_col_1  hmm_col_2  hmm_col_3  hmm_col_4  hmm_col_5  hmm_col_6  hmm_col_7  hmm_col_8  hmm_col_9  hmm_col_10  hmm_col_11  hmm_col_12  hmm_col_13  hmm_col_14  hmm_col_15  hmm_col_16  hmm_col_17  hmm_col_18  hmm_col_19  hmm_col_20  hmm_col_21   hmm_col_22   hmm_col_23   hmm_col_24   hmm_col_25   hmm_col_26   hmm_col_27   hmm_col_28   hmm_col_29   hmm_col_30   
1.0    V  0.008373230176065  0.000000000000000  0.003562238927812  0.000000000000000  0.000000000000000  0.005819052590323  0.000000000000000  0.143985955293670  0.023147496844068  0.577542892276792  0.151669195031087  0.000000000000000  0.003791540897537  0.000000000000000  0.028203147733201  0.019196671569463  0.000000000000000  0.024382671255428  0.000000000000000  0.010124538792448  0.992404374685819  0.005819052590323  0.002084619800859  0.500000000000000  0.500000000000000  0.000000000000000  0.000000000000000  0.111182374192237  0.497235084336607  1.000000000000000 
2.0    K  0.014427848605147  0.000000000000000  0.000000000000000  0.004209895097827  0.000000000000000  0.018749552849581  0.000000000000000  0.014298424501999  0.872362705770759  0.000000000000000  0.000000000000000  0.034101996157967  0.000000000000000  0.005493723437161  0.036246864203295  0.000000000000000  0.000000000000000  0.000000000000000  0.000000000000000  0.000000000000000  0.999307092990453  0.000675386049322  0.000000000000000  0.099995016041594  0.900001929793512  0.000000000000000  1.000000000000000  0.109272327551297  0.500000000000000  0.500000000000000 
3.0    H  0.000000000000000  0.000000000000000  0.027950153180706  0.000000000000000  0.000000000000000  0.000000000000000  0.937571096457110  0.005421846558655  0.011501772360689  0.000000000000000  0.000000000000000  0.000000000000000  0.004587742075053  0.000000000000000  0.002002475074001  0.000000000000000  0.005953690743515  0.000000000000000  0.000000000000000  0.005072807041914  1.000000000000000  0.000000000000000  0.000000000000000  0.000000000000000  0.000000000000000  0.000000000000000  1.000000000000000  0.109272327551297  1.000000000000000  0.500000000000000 
4.0    I  0.000000000000000  0.000000000000000  0.000000000000000  0.009433442120988  0.010716666317114  0.000000000000000  0.001739634571497  0.215834889643603  0.004954653903617  0.630688704415625  0.000000000000000  0.000000000000000  0.002198903488548  0.013984766733250  0.000000000000000  0.003303016747568  0.000000000000000  0.107395094368398  0.000000000000000  0.000000000000000  0.984866442895551  0.015239929086369  0.000000000000000  0.361733721467631  0.638164384414476  0.000000000000000  1.000000000000000  0.109499789383391  0.491751037013124  0.500000000000000 
5.0    V  0.012233660879008  0.007604135735611  0.008460742543171  0.007360400577381  0.004581386520437  0.000000000000000  0.000000000000000  0.098550021757035  0.015187202937209  0.010012874407502  0.008286622979439  0.000000000000000  0.000000000000000  0.000000000000000  0.028596849003998  0.010635266535152  0.009426905622818  0.779164579660500  0.000000000000000  0.000000000000000  0.986916545885842  0.005810991259510  0.007583081795075  0.279903222163560  0.719965659257343  0.000000000000000  1.000000000000000  0.109727724701190  0.496546247718518  0.500000000000000 
6.0    W  0.000000000000000  0.000000000000000  0.000000000000000  0.000000000000000  0.008093615340313  0.011422323815625  0.000000000000000  0.002733566143741  0.008229383093397  0.029605314706227  0.010230354867840  0.000000000000000  0.000000000000000  0.000000000000000  0.000000000000000  0.000000000000000  0.000000000000000  0.000000000000000  0.929804942613162  0.000000000000000  1.000000000000000  0.000000000000000  0.000000000000000  0.000000000000000  0.000000000000000  0.223911417522712  0.775930854274856  0.110644220572443  1.000000000000000  0.495514781632040 
7.0    A  0.856188284546457  0.007494250932229  0.018186352100033  0.000000000000000  0.000000000000000  0.022765611154656  0.000000000000000  0.000000000000000  0.000000000000000  0.021898866391887  0.015592542484360  0.000000000000000  0.013917076571979  0.008223680896167  0.008088007217511  0.008326927625531  0.004038401313469  0.015229369232680  0.000000000000000  0.000000000000000  0.993092495437036  0.006758880395195  0.000000000000000  1.000000000000000  0.000000000000000  0.628506687260914  0.371388230165207  0.111182374192237  0.497579860910041  0.496890546661277 
8.0    S  0.072644631719882  0.024298313621330  0.000000000000000  0.000000000000000  0.000000000000000  0.058314561971050  0.000000000000000  0.004149059322248  0.031511014215456  0.000000000000000  0.000000000000000  0.002301834780882  0.004295375583260  0.016550286479436  0.016333751565706  0.713507252858939  0.007208925723858  0.038340155539181  0.010746420454217  0.000000000000000  0.998614666101029  0.001423837284001  0.000000000000000  0.721464343430814  0.278355404557172  0.000000000000000  1.000000000000000  0.111413811987121  0.494142825750366  0.500000000000000 
9.0    R  0.020703234641331  0.004024429506328  0.000000000000000  0.000000000000000  0.000000000000000  0.032374461361251  0.000000000000000  0.000000000000000  0.151564102382717  0.000000000000000  0.017923547253534  0.052519609514580  0.000000000000000  0.024620433939042  0.645281245225889  0.031228346655952  0.014823192424070  0.005034275900332  0.000000000000000  0.000000000000000  0.997231251352069  0.002679166579279  0.000000000000000  0.500000000000000  0.500000000000000  0.000000000000000  1.000000000000000  0.110337874536332  0.499653546495226  0.500000000000000 
10.0    E  0.000000000000000  0.000000000000000  0.000000000000000  0.935623497831400  0.000000000000000  0.018274807250812  0.000000000000000  0.000000000000000  0.020963159763785  0.000000000000000  0.000000000000000  0.000000000000000  0.000000000000000  0.005675644724888  0.000000000000000  0.014457881688091  0.000000000000000  0.005111633091621  0.000000000000000  0.000000000000000  0.982820598545251  0.010096506489355  0.007421877991210  1.000000000000000  0.000000000000000  0.000000000000000  1.000000000000000  0.110567554416443  0.495514781632040  0.500000000000000 
11.0    L  0.007094909513449  0.000000000000000  0.000000000000000  0.005147187311461  0.000000000000000  0.007213924302573  0.000000000000000  0.002503218601875  0.000000000000000  0.878430468238362  0.047695600280017  0.000000000000000  0.000000000000000  0.000000000000000  0.011998517732048  0.000000000000000  0.000000000000000  0.022639721164920  0.017003788151106  0.000000000000000  1.000000000000000  0.000000000000000  0.000000000000000  0.000000000000000  0.000000000000000  0.741233504901418  0.258995690890005  0.110337874536332  1.000000000000000  0.494828328207603 
12.0    E  0.014140725982545  0.000000000000000  0.181620631196421  0.683967651951245  0.000000000000000  0.019600034445641  0.000000000000000  0.000000000000000  0.044439919080852  0.000000000000000  0.000000000000000  0.011343424061749  0.000000000000000  0.022143084320441  0.003906250000000  0.014792400488074  0.000000000000000  0.004137571619859  0.000000000000000  0.000000000000000  0.993092495437036  0.007036140467562  0.000000000000000  0.500000000000000  0.500000000000000  0.000000000000000  1.000000000000000  0.110337874536332  0.495171435966512  0.500000000000000 
13.0    R  0.000000000000000  0.000000000000000  0.010187896369208  0.000000000000000  0.000000000000000  0.000000000000000  0.014700407929903  0.000000000000000  0.088510964888409  0.000000000000000  0.000000000000000  0.008116086744513  0.000000000000000  0.018945512797840  0.846158596600290  0.000000000000000  0.013545899429917  0.000000000000000  0.000000000000000  0.000000000000000  1.000000000000000  0.000000000000000  0.000000000000000  1.000000000000000  0.000000000000000  1.000000000000000  0.000000000000000  0.107992273425035  0.500000000000000  0.500000000000000 
14.0    F  0.000000000000000  0.014864348067684  0.000000000000000  0.000000000000000  0.859160754947185  0.000000000000000  0.004349303196206  0.014967737784730  0.005501344636375  0.049446081324091  0.000000000000000  0.000000000000000  0.000000000000000  0.000000000000000  0.000000000000000  0.013975076590353  0.000000000000000  0.000000000000000  0.006354524985407  0.031228346655952  0.999307092990453  0.000000000000000  0.000977239636194  0.000000000000000  0.000000000000000  0.000000000000000  0.000000000000000  0.107842668067832  1.000000000000000  1.000000000000000 
15.0    A  0.686342215627455  0.031730190652170  0.000000000000000  0.000000000000000  0.000000000000000  0.183900843231967  0.009131072254385  0.000000000000000  0.000000000000000  0.000000000000000  0.000000000000000  0.000000000000000  0.024791682599723  0.000000000000000  0.009499056899868  0.026259804757290  0.000000000000000  0.026078415036107  0.002407914698171  0.000000000000000  0.991029563264079  0.000000000000000  0.009194583884522  0.000000000000000  0.000000000000000  1.000000000000000  0.000000000000000  0.107246316303586  1.000000000000000  0.500000000000000 
16.0    V  0.011312016971715  0.041035035169505  0.000000000000000  0.000000000000000  0.011288518733778  0.005945442893904  0.000000000000000  0.087292408279212  0.000000000000000  0.675955416514063  0.010995065432230  0.000000000000000  0.002941973567644  0.000000000000000  0.000000000000000  0.003955292216213  0.006555856539895  0.138024855895387  0.000000000000000  0.004667934393972  1.000000000000000  0.000000000000000  0.000000000000000  0.000000000000000  0.000000000000000  0.000000000000000  1.000000000000000  0.108442335894008  1.000000000000000  0.494485458190466 
17.0    N  0.069012427947693  0.000000000000000  0.075415244982548  0.000000000000000  0.000000000000000  0.015145153389610  0.029666941279704  0.015292838287460  0.021314809919990  0.000000000000000  0.000000000000000  0.682073917439677  0.000000000000000  0.000000000000000  0.000000000000000  0.083100444261357  0.000000000000000  0.000000000000000  0.000000000000000  0.008862933476062  1.000000000000000  0.000000000000000  0.000000000000000  0.000000000000000  0.000000000000000  0.000000000000000  1.000000000000000  0.108592773143828  1.000000000000000  0.494485458190466 
18.0    P  0.010941846256931  0.000000000000000  0.061639544030835  0.106137030805855  0.015292838287460  0.017812082385835  0.016909760070714  0.000000000000000  0.006159376359815  0.006772949714958  0.000000000000000  0.000000000000000  0.725979139951947  0.000000000000000  0.000000000000000  0.032106294980593  0.000000000000000  0.000000000000000  0.000000000000000  0.000000000000000  1.000000000000000  0.000000000000000  0.000000000000000  0.000000000000000  0.000000000000000  0.000000000000000  1.000000000000000  0.108743419088581  1.000000000000000  0.494485458190466 
19.0    G  0.020890632740705  0.002939935053537  0.054146053525005  0.039912929974856  0.000000000000000  0.545253866332629  0.004493327708401  0.000000000000000  0.039500096826650  0.000000000000000  0.000000000000000  0.013377941946038  0.000000000000000  0.024637505439259  0.020703234641331  0.195874296737335  0.023699492896476  0.000000000000000  0.014338123161115  0.000000000000000  0.995849753094458  0.004304316858893  0.000000000000000  1.000000000000000  0.000000000000000  0.000000000000000  1.000000000000000  0.108743419088581  0.498615625676035  0.494485458190466 
20.0    L  0.014338123161115  0.000000000000000  0.011549706494327  0.000000000000000  0.003908958544776  0.015592542484360  0.001936946739723  0.000000000000000  0.000000000000000  0.934327346883180  0.000000000000000  0.000000000000000  0.006958538285990  0.000000000000000  0.011304178795863  0.000000000000000  0.000000000000000  0.000000000000000  0.000000000000000  0.000000000000000  1.000000000000000  0.000000000000000  0.000000000000000  0.000000000000000  0.000000000000000  0.000000000000000  1.000000000000000  0.108743419088581  1.000000000000000  0.494485458190466 
21.0    L  0.000000000000000  0.000000000000000  0.000000000000000  0.000000000000000  0.016573245958878  0.000000000000000  0.000000000000000  0.043434944370073  0.006232384686008  0.862741344542656  0.047464740306704  0.000000000000000  0.000000000000000  0.000000000000000  0.000000000000000  0.006857982793824  0.000000000000000  0.014150530984653  0.000000000000000  0.002545209276100  1.000000000000000  0.000000000000000  0.000000000000000  0.000000000000000  0.000000000000000  0.000000000000000  1.000000000000000  0.108818820412016  1.000000000000000  0.494485458190466 
22.0    E  0.008566965535843  0.000000000000000  0.029217974929733  0.835666958921854  0.000000000000000  0.014298424501999  0.000000000000000  0.000000000000000  0.077213664820433  0.000000000000000  0.000000000000000  0.000000000000000  0.000000000000000  0.001887902533330  0.008704637897026  0.011613929565867  0.001667612723420  0.011218316489246  0.000000000000000  0.000000000000000  1.000000000000000  0.000000000000000  0.000000000000000  0.000000000000000  0.000000000000000  0.000000000000000  1.000000000000000  0.108818820412016  1.000000000000000  0.494485458190466 
23.0    T  0.002571810394647  0.000000000000000  0.000000000000000  0.000000000000000  0.000000000000000  0.000000000000000  0.000000000000000  0.015592542484360  0.016265962463814  0.000000000000000  0.000000000000000  0.048731552663208  0.000000000000000  0.004180815228229  0.000000000000000  0.161544103829687  0.747424624317469  0.000000000000000  0.000000000000000  0.003457631892889  0.985549336939371  0.014338123161115  0.000000000000000  0.125000000000000  0.874784764905822  0.000000000000000  1.000000000000000  0.108818820412016  0.492774668469685  0.494485458190466 
24.0    S  0.383154990051946  0.000000000000000  0.000000000000000  0.023798261557863  0.000000000000000  0.025453361345944  0.000000000000000  0.015592542484360  0.140827403562160  0.003794169904460  0.001739634571497  0.000000000000000  0.014278616409834  0.034770316268276  0.008519591661447  0.220522841299294  0.085082132281217  0.019777446780786  0.000000000000000  0.022749836703111  1.000000000000000  0.000000000000000  0.000000000000000  0.000000000000000  0.000000000000000  0.000000000000000  1.000000000000000  0.108818820412016  1.000000000000000  0.494485458190466 
25.0    E  0.007060568177743  0.000000000000000  0.053697547184199  0.760489376620505  0.000000000000000  0.025207554975691  0.015271652600169  0.004201149962724  0.061341191490842  0.000000000000000  0.000000000000000  0.004667934393972  0.000000000000000  0.020193012978711  0.010926688146394  0.000000000000000  0.031928752584822  0.005108091205222  0.000000000000000  0.000000000000000  1.000000000000000  0.000000000000000  0.000000000000000  0.000000000000000  0.000000000000000  0.000000000000000  1.000000000000000  0.108818820412016  1.000000000000000  0.494485458190466 
26.0    G  0.000000000000000  0.000000000000000  0.000000000000000  0.019887420863687  0.000000000000000  0.936272247434492  0.000000000000000  0.000000000000000  0.000000000000000  0.000000000000000  0.000000000000000  0.000000000000000  0.000000000000000  0.000000000000000  0.009779659833234  0.034267862143372  0.000000000000000  0.000000000000000  0.000000000000000  0.000000000000000  1.000000000000000  0.000000000000000  0.000000000000000  0.000000000000000  0.000000000000000  0.000000000000000  1.000000000000000  0.105989995579143  1.000000000000000  0.494485458190466 
27.0    C  0.000000000000000  0.906890328933143  0.000000000000000  0.000000000000000  0.000000000000000  0.000000000000000  0.000000000000000  0.003938876776932  0.000000000000000  0.000000000000000  0.009779659833234  0.013564691056266  0.000000000000000  0.000000000000000  0.000000000000000  0.015082297263621  0.011187255790634  0.030039404012149  0.009732323559137  0.000000000000000  1.000000000000000  0.000000000000000  0.000000000000000  0.000000000000000  0.000000000000000  0.000000000000000  1.000000000000000  0.105989995579143  1.000000000000000  0.494485458190466 
28.0    R  0.017566858184041  0.000000000000000  0.015187202937209  0.073149915092162  0.000000000000000  0.001356401499771  0.009834040418007  0.003634568975402  0.267572174606656  0.031120304784202  0.001868375308773  0.013276328111541  0.000000000000000  0.355026839635857  0.169928530238342  0.009881871424640  0.006189334460351  0.010438078737423  0.011117683290895  0.002741155714920  1.000000000000000  0.000000000000000  0.000000000000000  0.000000000000000  0.000000000000000  0.000000000000000  1.000000000000000  0.103449602009776  1.000000000000000  0.494485458190466 
29.0    Q  0.000000000000000  0.000000000000000  0.003752323687318  0.011923900070004  0.000000000000000  0.002016403389616  0.035476315692065  0.000000000000000  0.239483804555674  0.000000000000000  0.000000000000000  0.008212288352248  0.018932385319223  0.610050255136112  0.061767853218796  0.000000000000000  0.008292368819920  0.000000000000000  0.000000000000000  0.000000000000000  1.000000000000000  0.000000000000000  0.000000000000000  0.000000000000000  0.000000000000000  0.000000000000000  1.000000000000000  0.106137030805855  1.000000000000000  0.494485458190466 
30.0    I  0.012482061194518  0.000000000000000  0.009779659833234  0.000000000000000  0.000000000000000  0.000000000000000  0.000000000000000  0.787307976569203  0.000000000000000  0.154213396226187  0.003472041723307  0.000000000000000  0.000000000000000  0.000000000000000  0.006288797950165  0.000000000000000  0.002368189099730  0.024348893114391  0.000000000000000  0.000000000000000  1.000000000000000  0.000000000000000  0.000000000000000  0.000000000000000  0.000000000000000  0.000000000000000  1.000000000000000  0.106137030805855  1.000000000000000  0.494485458190466 
31.0    L  0.000000000000000  0.011257263662796  0.000000000000000  0.000000000000000  0.013139006488339  0.000000000000000  0.000000000000000  0.362235538638720  0.001813509477162  0.409518348929914  0.181117769319360  0.009779659833234  0.000000000000000  0.000000000000000  0.000000000000000  0.000000000000000  0.000000000000000  0.011086901220315  0.000000000000000  0.000000000000000  1.000000000000000  0.000000000000000  0.000000000000000  0.000000000000000  0.000000000000000  0.000000000000000  1.000000000000000  0.106137030805855  1.000000000000000  0.494485458190466 
32.0    G  0.034626010870779  0.000000000000000  0.019984149707460  0.351111218934499  0.000000000000000  0.162893393670412  0.004903406215948  0.018594245254792  0.109272327551297  0.012098734810207  0.002164125679424  0.014477938467037  0.000000000000000  0.058314561971050  0.067732872927799  0.057591511637419  0.059087632296921  0.027261334555336  0.000000000000000  0.000000000000000  1.000000000000000  0.000000000000000  0.000000000000000  0.000000000000000  0.000000000000000  0.000000000000000  1.000000000000000  0.103521332666818  1.000000000000000  0.494485458190466 
33.0    Q  0.013583508751407  0.000000000000000  0.000000000000000  0.006350121890502  0.000000000000000  0.000000000000000  0.027950153180706  0.004829200237972  0.028755864082027  0.015103220266640  0.000000000000000  0.000000000000000  0.001460825935901  0.683493725970905  0.014377932041014  0.001792265395139  0.023552107961850  0.178500497460633  0.000000000000000  0.000000000000000  1.000000000000000  0.000000000000000  0.000000000000000  0.000000000000000  0.000000000000000  0.000000000000000  1.000000000000000  0.103593113060999  1.000000000000000  0.494485458190466 
34.0    L  0.000000000000000  0.018035709648701  0.000000000000000  0.013359409029562  0.003168465451473  0.014957366534302  0.000000000000000  0.069540632536552  0.000000000000000  0.819036697859828  0.002543445682752  0.000000000000000  0.000000000000000  0.000000000000000  0.000000000000000  0.000000000000000  0.006049367405103  0.053548872173036  0.000000000000000  0.000000000000000  0.994470168673214  0.005679580145782  0.000000000000000  1.000000000000000  0.000000000000000  0.000000000000000  1.000000000000000  0.103808753011362  0.497924876547229  0.494485458190466 
35.0    Q  0.066017851584491  0.004515182447480  0.006624374723696  0.059210629412454  0.017433426911328  0.005376935943714  0.034506213973847  0.003232800062805  0.026571067502006  0.050485048600601  0.000000000000000  0.015303442149796  0.014771908074230  0.613017430026578  0.001302952314138  0.023276210361292  0.033008925792246  0.003496191683312  0.018010724168732  0.003647187284825  1.000000000000000  0.000000000000000  0.000000000000000  0.000000000000000  0.000000000000000  0.000000000000000  1.000000000000000  0.103952762296863  1.000000000000000  0.494485458190466 
36.0    P  0.000000000000000  0.000000000000000  0.000000000000000  0.000000000000000  0.000000000000000  0.015986522964601  0.000000000000000  0.000000000000000  0.000000000000000  0.014447863720527  0.000000000000000  0.001891832400833  0.791137301185450  0.025898278265250  0.021329589341956  0.126832818322610  0.002510168627870  0.000000000000000  0.000000000000000  0.000000000000000  1.000000000000000  0.000000000000000  0.000000000000000  0.000000000000000  0.000000000000000  0.000000000000000  1.000000000000000  0.101884041550328  1.000000000000000  0.494485458190466 
37.0    A  0.431969093700139  0.000000000000000  0.000000000000000  0.000000000000000  0.000000000000000  0.000000000000000  0.000000000000000  0.000000000000000  0.000000000000000  0.244346441602701  0.000000000000000  0.002292281598206  0.012090351512050  0.002741155714920  0.005667782061852  0.210369870571345  0.083678453561153  0.006896117158521  0.000000000000000  0.000000000000000  1.000000000000000  0.000000000000000  0.000000000000000  0.000000000000000  0.000000000000000  0.000000000000000  1.000000000000000  0.101954686667376  1.000000000000000  0.494485458190466 
38.0    L  0.000000000000000  0.000000000000000  0.000000000000000  0.092014178885511  0.008350046806336  0.000000000000000  0.000000000000000  0.077213664820433  0.000000000000000  0.617709318563465  0.016075417310837  0.000000000000000  0.004206978032004  0.008490116113485  0.000000000000000  0.005810991259510  0.000000000000000  0.136691932185579  0.000000000000000  0.033238521027912  0.986916545885842  0.000000000000000  0.013193763865997  0.000000000000000  0.000000000000000  0.000000000000000  1.000000000000000  0.101742898133804  1.000000000000000  0.494485458190466 
39.0    Q  0.032622247731929  0.000000000000000  0.032803646363221  0.023947186878247  0.000000000000000  0.007334935525902  0.001465897556166  0.011613929565867  0.265908168223296  0.001311105959746  0.000000000000000  0.015229369232680  0.189202099121197  0.338212057762569  0.053511767784154  0.023831275832129  0.002956282798769  0.000000000000000  0.000000000000000  0.000000000000000  0.984184022033800  0.015711884068726  0.000000000000000  0.073251392729657  0.926588061890371  0.000000000000000  1.000000000000000  0.103091693576260  0.487677730763821  0.485653747770817 
40.0    T  0.008478354467827  0.000000000000000  0.008472479756586  0.013754047086924  0.000000000000000  0.011469926844016  0.003815267691259  0.021021362633154  0.000000000000000  0.005508976408142  0.000000000000000  0.023847800140009  0.000000000000000  0.016688522000748  0.014278616409834  0.013849714049920  0.857376036634172  0.001654946162004  0.000000000000000  0.000000000000000  0.984866442895551  0.000000000000000  0.015208271471222  0.000000000000000  0.000000000000000  0.000000000000000  1.000000000000000  0.103163176064082  1.000000000000000  0.485653747770817 
41.0    G  0.037034149091924  0.000000000000000  0.000000000000000  0.010244546986060  0.000000000000000  0.933679944915313  0.000000000000000  0.000000000000000  0.000000000000000  0.005154327776457  0.000000000000000  0.000000000000000  0.000000000000000  0.000000000000000  0.007667648936355  0.002987180230240  0.000000000000000  0.003103259375375  0.000000000000000  0.000000000000000  1.000000000000000  0.000000000000000  0.000000000000000  0.000000000000000  0.000000000000000  0.000000000000000  1.000000000000000  0.103306289769276  1.000000000000000  0.474013482564323 
42.0    S  0.003922529465777  0.000000000000000  0.000000000000000  0.000000000000000  0.000000000000000  0.000000000000000  0.000000000000000  0.003069033268233  0.005154327776457  0.000000000000000  0.000000000000000  0.014936645587402  0.000000000000000  0.000000000000000  0.000000000000000  0.681601303641254  0.289172045976322  0.000000000000000  0.000000000000000  0.001938289794308  0.995159721820083  0.005154327776457  0.000000000000000  0.333324669272800  0.666649338545599  0.000000000000000  1.000000000000000  0.103306289769276  0.497235084336607  0.474013482564323 
43.0    E  0.002429710260349  0.000000000000000  0.015679246070461  0.819604607637517  0.000000000000000  0.001851615166267  0.000000000000000  0.000000000000000  0.079715274479909  0.000000000000000  0.000000000000000  0.000000000000000  0.015953314464175  0.013994463595170  0.018517074545962  0.026442456143759  0.000000000000000  0.005597506446770  0.000000000000000  0.000000000000000  0.993092495437036  0.007085080694790  0.000000000000000  1.000000000000000  0.000000000000000  0.434672280045011  0.565265283562296  0.104603280335424  0.497579860910041  0.474013482564323 
44.0    E  0.009485897534336  0.000000000000000  0.017824433060444  0.610896550836750  0.000000000000000  0.085436715746363  0.000000000000000  0.000000000000000  0.045531222309313  0.000000000000000  0.000000000000000  0.120742041115606  0.028125060306047  0.000000000000000  0.000000000000000  0.042718357873182  0.010503398391817  0.028577034046872  0.000000000000000  0.000000000000000  0.997922718999051  0.000000000000000  0.002099119478233  0.000000000000000  0.000000000000000  0.000000000000000  1.000000000000000  0.100970097201201  1.000000000000000  0.485653747770817 
45.0    L  0.000000000000000  0.000000000000000  0.000000000000000  0.000000000000000  0.039418044025977  0.000000000000000  0.000000000000000  0.112266546610492  0.004518313218380  0.799960128332753  0.003863167642113  0.000000000000000  0.002710923279327  0.000000000000000  0.000000000000000  0.012387252134536  0.000000000000000  0.021732530807969  0.000000000000000  0.003190503871524  1.000000000000000  0.000000000000000  0.000000000000000  0.000000000000000  0.000000000000000  0.395568650592725  0.604577837916681  0.100970097201201  1.000000000000000  0.479632059662632 
46.0    K  0.000000000000000  0.000000000000000  0.018198962288570  0.001800982652173  0.000000000000000  0.000000000000000  0.000000000000000  0.067218399403586  0.545253866332629  0.000000000000000  0.000000000000000  0.012387252134536  0.000000000000000  0.040893064732969  0.302288918958340  0.000000000000000  0.008032139270751  0.003752323687318  0.000000000000000  0.000000000000000  1.000000000000000  0.000000000000000  0.000000000000000  0.500000000000000  0.500000000000000  0.479964630519454  0.520150133260993  0.099649059567567  0.495171435966512  0.488015880388112 
47.0    S  0.036297147872679  0.007011797270838  0.023814762974059  0.000000000000000  0.000000000000000  0.000000000000000  0.017836792298856  0.000000000000000  0.000000000000000  0.000000000000000  0.000000000000000  0.000000000000000  0.000000000000000  0.000000000000000  0.000000000000000  0.912565488543452  0.000000000000000  0.002688467971857  0.000000000000000  0.000000000000000  1.000000000000000  0.000000000000000  0.000000000000000  0.000000000000000  0.000000000000000  0.000000000000000  1.000000000000000  0.099787298294581  1.000000000000000  0.494485458190466 
48.0    L  0.000000000000000  0.000000000000000  0.000000000000000  0.000000000000000  0.014328188175073  0.000000000000000  0.000000000000000  0.014568538850576  0.000000000000000  0.899378312147752  0.000000000000000  0.000000000000000  0.006905683836435  0.000000000000000  0.000000000000000  0.029421202016913  0.000000000000000  0.010187896369208  0.000000000000000  0.024998754010399  1.000000000000000  0.000000000000000  0.000000000000000  0.000000000000000  0.000000000000000  0.000000000000000  1.000000000000000  0.099787298294581  1.000000000000000  0.494485458190466 
49.0    Y  0.000000000000000  0.004862789981962  0.000000000000000  0.000000000000000  0.459138081150462  0.000000000000000  0.015690117863109  0.013230395505664  0.000000000000000  0.020165038913309  0.000000000000000  0.001732414658500  0.004462290026752  0.000000000000000  0.000000000000000  0.017530366883289  0.000000000000000  0.027622735345740  0.041752314949691  0.393926943024673  0.988285651500733  0.000000000000000  0.011759740214149  0.000000000000000  0.000000000000000  0.000000000000000  1.000000000000000  0.099787298294581  1.000000000000000  0.494485458190466 
50.0    N  0.000000000000000  0.000000000000000  0.000000000000000  0.000000000000000  0.000000000000000  0.118503370641081  0.000000000000000  0.006647372886770  0.000000000000000  0.000000000000000  0.000000000000000  0.823591017267573  0.000000000000000  0.007159130036526  0.007406460665068  0.023179608341268  0.000000000000000  0.000000000000000  0.000000000000000  0.013359409029562  0.985549336939371  0.000000000000000  0.014219356626264  0.000000000000000  0.000000000000000  0.000000000000000  1.000000000000000  0.101110168545217  1.000000000000000  0.481964903870322 
51.0    T  0.097937148368668  0.000000000000000  0.000000000000000  0.000000000000000  0.000000000000000  0.000000000000000  0.000000000000000  0.062197482613755  0.007504647374637  0.084494427064258  0.019491649561157  0.000000000000000  0.013878543685038  0.000000000000000  0.000000000000000  0.008999122205854  0.705637921704346  0.000000000000000  0.000000000000000  0.000000000000000  1.000000000000000  0.000000000000000  0.000000000000000  0.000000000000000  0.000000000000000  0.335875856430324  0.663882579191219  0.103952762296863  1.000000000000000  0.472373520498603 
52.0    I  0.028795755818709  0.065108964313014  0.000000000000000  0.004388671496217  0.000000000000000  0.003433748284812  0.000000000000000  0.174222154835934  0.000000000000000  0.037369368649254  0.011033237534256  0.000000000000000  0.000000000000000  0.000000000000000  0.019183370061173  0.002368189099730  0.022781396544009  0.618995145418723  0.000000000000000  0.012525395771866  1.000000000000000  0.000000000000000  0.000000000000000  0.000000000000000  0.000000000000000  0.644834125327943  0.355273010795340  0.100690536381094  1.000000000000000  0.481964903870322 
53.0    A  0.626766510220345  0.165052855126875  0.011156281091290  0.008578850107711  0.000000000000000  0.001636693622398  0.000000000000000  0.010843693117309  0.000000000000000  0.004403907859943  0.000000000000000  0.011565728890625  0.008229383093397  0.000000000000000  0.006805892126111  0.060875266783953  0.021717472185037  0.062326953209504  0.000000000000000  0.000000000000000  1.000000000000000  0.000000000000000  0.000000000000000  0.000000000000000  0.000000000000000  0.000000000000000  1.000000000000000  0.099442060469365  1.000000000000000  0.494485458190466 
54.0    T  0.023683071351725  0.003508329581578  0.000000000000000  0.007269137950805  0.000000000000000  0.013212066990274  0.000000000000000  0.008116086744513  0.004769322315114  0.000000000000000  0.000000000000000  0.001863202247163  0.005459558483793  0.006542238183660  0.011148550825921  0.000000000000000  0.473028823362798  0.441657525740733  0.000000000000000  0.000000000000000  1.000000000000000  0.000000000000000  0.000000000000000  0.000000000000000  0.000000000000000  0.000000000000000  1.000000000000000  0.099442060469365  1.000000000000000  0.494485458190466 
55.0    L  0.000000000000000  0.014062530153024  0.000000000000000  0.000000000000000  0.014782150730087  0.000000000000000  0.001721640933412  0.106063487713237  0.000000000000000  0.785128118673572  0.001818544569981  0.000000000000000  0.002022001804378  0.000000000000000  0.009766111738947  0.000000000000000  0.013212066990274  0.051296350550656  0.000000000000000  0.000000000000000  1.000000000000000  0.000000000000000  0.000000000000000  0.000000000000000  0.000000000000000  0.000000000000000  1.000000000000000  0.099442060469365  1.000000000000000  0.494485458190466 
56.0    Y  0.031884520601514  0.017542522219900  0.006180760165511  0.000000000000000  0.028557232819669  0.000000000000000  0.000000000000000  0.000000000000000  0.000000000000000  0.018427446754082  0.000000000000000  0.007269137950805  0.011565728890625  0.000000000000000  0.013212066990274  0.001360167461591  0.000000000000000  0.000000000000000  0.253314225039771  0.610896550836750  1.000000000000000  0.000000000000000  0.000000000000000  0.000000000000000  0.000000000000000  0.000000000000000  1.000000000000000  0.099442060469365  1.000000000000000  0.494485458190466 
57.0    C  0.030206440533280  0.845572287377516  0.000000000000000  0.000000000000000  0.005995101937503  0.008596707885673  0.000000000000000  0.000000000000000  0.024365776331604  0.000000000000000  0.003273387244797  0.000000000000000  0.011565728890625  0.000000000000000  0.007269137950805  0.004769322315114  0.000000000000000  0.000000000000000  0.029997789407466  0.028438713252528  0.988970916380931  0.011148550825921  0.000000000000000  1.000000000000000  0.000000000000000  0.000000000000000  1.000000000000000  0.099442060469365  0.489031736723670  0.494485458190466 
58.0    V  0.000000000000000  0.028996046139728  0.000000000000000  0.013230395505664  0.000000000000000  0.013975076590353  0.000000000000000  0.068298608693810  0.004769322315114  0.126306430810845  0.000000000000000  0.000000000000000  0.000000000000000  0.000000000000000  0.013212066990274  0.000000000000000  0.000000000000000  0.727994774499543  0.000000000000000  0.003164076068875  0.999307092990453  0.000839605943597  0.000000000000000  0.500000000000000  0.500000000000000  0.000000000000000  1.000000000000000  0.099442060469365  0.500000000000000  0.494485458190466 
59.0    H  0.000000000000000  0.000000000000000  0.012499377005199  0.004769322315114  0.000000000000000  0.000000000000000  0.877213548732822  0.003164076068875  0.013212066990274  0.014447863720527  0.000000000000000  0.000000000000000  0.002300239823428  0.020081349022959  0.025102937398657  0.003741934446182  0.000000000000000  0.000000000000000  0.000000000000000  0.023765293019391  0.988285651500733  0.011646174896867  0.000000000000000  0.333324669272800  0.666649338545599  0.000000000000000  1.000000000000000  0.099442060469365  0.491751037013124  0.494485458190466 
60.0    Q  0.186985719795299  0.014649548382142  0.000000000000000  0.087960523457837  0.000000000000000  0.012612516789137  0.018287478773040  0.000000000000000  0.066523136403335  0.009512234520805  0.000000000000000  0.036498981081660  0.020319377289820  0.453130969133667  0.065972107352373  0.019722688001752  0.004446851676074  0.003250776307467  0.000000000000000  0.000000000000000  1.000000000000000  0.000000000000000  0.000000000000000  0.000000000000000  0.000000000000000  0.000000000000000  1.000000000000000  0.099373156368622  1.000000000000000  0.494485458190466 
61.0    K  0.004587742075053  0.000000000000000  0.029217974929733  0.109196611989587  0.000000000000000  0.135278080565714  0.001295747207614  0.000000000000000  0.196418129166895  0.013396500572409  0.007667648936355  0.044780051574159  0.012744335833422  0.044132950137024  0.391748593474670  0.004739662344721  0.004684140288247  0.000000000000000  0.000000000000000  0.000000000000000  1.000000000000000  0.000000000000000  0.000000000000000  0.000000000000000  0.000000000000000  0.000000000000000  1.000000000000000  0.101180277068426  1.000000000000000  0.494485458190466 
62.0    I  0.004319260364532  0.000000000000000  0.003833824468178  0.047894373756493  0.007002083590386  0.000000000000000  0.000000000000000  0.712518807074392  0.034007576302213  0.039747281460737  0.022971677131079  0.000000000000000  0.000000000000000  0.017518219969195  0.013415084944340  0.000000000000000  0.000000000000000  0.075258586326963  0.013248749447393  0.008099227351717  1.000000000000000  0.000000000000000  0.000000000000000  0.000000000000000  0.000000000000000  0.000000000000000  1.000000000000000  0.099304300012013  1.000000000000000  0.494485458190466 
63.0    E  0.023470623858452  0.000000000000000  0.208193942720137  0.409234590795402  0.000000000000000  0.012551468699329  0.007391075365044  0.000000000000000  0.195874296737335  0.000000000000000  0.000000000000000  0.021285281791258  0.029977003728915  0.039091533753540  0.012726680672972  0.025934205799687  0.005436899968090  0.002724108723341  0.006087223278598  0.000000000000000  1.000000000000000  0.000000000000000  0.000000000000000  0.000000000000000  0.000000000000000  0.000000000000000  1.000000000000000  0.099235491366457  1.000000000000000  0.494485458190466 
64.0    V  0.005295563776563  0.007572576694805  0.000000000000000  0.003426615424738  0.000000000000000  0.014905617977306  0.000000000000000  0.210515738402104  0.002155144023519  0.004370457425921  0.006693609021629  0.000000000000000  0.000000000000000  0.000000000000000  0.000000000000000  0.013415084944340  0.000000000000000  0.731535610352163  0.000000000000000  0.000000000000000  1.000000000000000  0.000000000000000  0.000000000000000  0.000000000000000  0.000000000000000  0.000000000000000  1.000000000000000  0.099304300012013  1.000000000000000  0.494485458190466 
65.0    K  0.025347723611783  0.000000000000000  0.006958538285990  0.085614561247848  0.000000000000000  0.001658391106341  0.005002968208319  0.000000000000000  0.554016173932463  0.016019800592009  0.000000000000000  0.008472479756586  0.000000000000000  0.057791454882106  0.177882932654324  0.019627224705368  0.041665583659100  0.000000000000000  0.000000000000000  0.000000000000000  1.000000000000000  0.000000000000000  0.000000000000000  0.000000000000000  0.000000000000000  1.000000000000000  0.000000000000000  0.099235491366457  1.000000000000000  0.494485458190466 
66.0    D  0.000000000000000  0.000000000000000  0.848507901705896  0.008918396149428  0.000000000000000  0.002779420822724  0.034698088550895  0.000000000000000  0.012647534633553  0.000000000000000  0.000000000000000  0.076521024525013  0.000000000000000  0.000000000000000  0.008138620539127  0.005193777766335  0.002729779241897  0.000000000000000  0.000000000000000  0.000000000000000  1.000000000000000  0.000000000000000  0.000000000000000  0.000000000000000  0.000000000000000  0.000000000000000  0.000000000000000  0.098073012237094  1.000000000000000  1.000000000000000 
67.0    T  0.033960464453939  0.000000000000000  0.000000000000000  0.000000000000000  0.000000000000000  0.009732323559137  0.008138620539127  0.001865786985122  0.003436129202822  0.005219039368711  0.000000000000000  0.000000000000000  0.011759740214149  0.000000000000000  0.010054603494541  0.000000000000000  0.915733686418126  0.000000000000000  0.000000000000000  0.000000000000000  0.995849753094458  0.004233304557987  0.000000000000000  1.000000000000000  0.000000000000000  0.000000000000000  0.000000000000000  0.098073012237094  0.498615625676035  1.000000000000000 
68.0    K  0.002677310165976  0.000000000000000  0.000000000000000  0.180241108932528  0.000000000000000  0.006801176275751  0.017157700215423  0.010896434893363  0.618566239343586  0.000000000000000  0.000000000000000  0.003639611051972  0.003289308412533  0.105623298051564  0.018919266936727  0.003428991396912  0.028815722434770  0.000000000000000  0.000000000000000  0.000000000000000  0.997922718999051  0.000000000000000  0.001782354469811  0.000000000000000  0.000000000000000  0.000000000000000  0.000000000000000  0.098073012237094  1.000000000000000  1.000000000000000 
69.0    E  0.014437852694482  0.000000000000000  0.010716666317114  0.846745312362527  0.000000000000000  0.013350152201402  0.012586317047637  0.000000000000000  0.022876338999150  0.009732323559137  0.000000000000000  0.000000000000000  0.000000000000000  0.069782060123911  0.000000000000000  0.000000000000000  0.000000000000000  0.000000000000000  0.000000000000000  0.000000000000000  1.000000000000000  0.000000000000000  0.000000000000000  0.125000000000000  0.874784764905822  0.000000000000000  1.000000000000000  0.098073012237094  0.500000000000000  0.495171435966512 
70.0    A  0.958599438492977  0.000000000000000  0.000000000000000  0.005219039368711  0.001819805525986  0.007421877991210  0.000000000000000  0.000000000000000  0.003436129202822  0.000000000000000  0.000000000000000  0.000000000000000  0.005652089397932  0.000000000000000  0.004274584770550  0.011541703621739  0.000000000000000  0.001897084952230  0.000000000000000  0.000000000000000  0.985549336939371  0.000000000000000  0.014179986801831  0.000000000000000  0.000000000000000  0.000000000000000  1.000000000000000  0.098073012237094  1.000000000000000  0.495171435966512 
71.0    L  0.000000000000000  0.000000000000000  0.000000000000000  0.020235046857100  0.015657525079369  0.000000000000000  0.000000000000000  0.039609766313576  0.123792858991628  0.703196599956560  0.000000000000000  0.004331252514074  0.003111875376116  0.005358333158557  0.015570941606685  0.005656008485858  0.000000000000000  0.063240825064183  0.000000000000000  0.000000000000000  1.000000000000000  0.000000000000000  0.000000000000000  0.000000000000000  0.000000000000000  0.508035071496851  0.492092011016900  0.098960733233909  1.000000000000000  0.483638164806966 
72.0    E  0.028125060306047  0.000000000000000  0.474671060475260  0.167356907122305  0.000000000000000  0.015239929086369  0.000000000000000  0.004310288047039  0.140534865472327  0.000000000000000  0.001441713286800  0.040358042196948  0.000000000000000  0.065108964313014  0.019984149707460  0.007577827424545  0.010510681316577  0.019777446780786  0.000000000000000  0.005211809256554  0.990342871933025  0.009793226722193  0.000000000000000  0.250000000000000  0.750019494642909  0.731535610352163  0.268687293213875  0.098141014834197  0.485653747770817  0.492774668469685 
73.0    K  0.014548356559847  0.000000000000000  0.015345931175990  0.061767853218796  0.000000000000000  0.007085080694790  0.007149212250999  0.032577055026285  0.670821112441131  0.019873640730368  0.000000000000000  0.006810611246383  0.004024429506328  0.061767853218796  0.060538636826664  0.000000000000000  0.018788582014034  0.012647534633553  0.000000000000000  0.006087223278598  1.000000000000000  0.000000000000000  0.000000000000000  0.000000000000000  0.000000000000000  1.000000000000000  0.000000000000000  0.098141014834197  1.000000000000000  0.499307333050514 
74.0    I  0.018645870984871  0.000000000000000  0.008292368819920  0.000000000000000  0.003455236075514  0.000000000000000  0.000000000000000  0.509445598308361  0.010791206626124  0.116952937228925  0.022749836703111  0.000000000000000  0.000000000000000  0.000000000000000  0.000000000000000  0.015176679617838  0.000000000000000  0.289172045976322  0.005197379066721  0.000000000000000  0.999307092990453  0.000000000000000  0.000479560349250  0.000000000000000  0.000000000000000  0.000000000000000  0.000000000000000  0.099925728794059  1.000000000000000  1.000000000000000 
75.0    E  0.004893220463375  0.000000000000000  0.001722834697651  0.612592665952338  0.000000000000000  0.010344444612464  0.000000000000000  0.000000000000000  0.207473646397496  0.000000000000000  0.000000000000000  0.000000000000000  0.000000000000000  0.065471007943737  0.063636574985289  0.000000000000000  0.007164094087536  0.019791160214425  0.000000000000000  0.006982696580912  0.963261894020148  0.034915223064757  0.001787303062750  0.192776353175993  0.807201074504765  0.000000000000000  1.000000000000000  0.100272645794061  0.475329550614909  0.500000000000000 
76.0    E  0.012490716099257  0.000000000000000  0.012499377005199  0.644834125327943  0.000000000000000  0.031950891581560  0.000000000000000  0.026168952734638  0.121245238792717  0.014967737784730  0.003228321555290  0.000000000000000  0.000000000000000  0.036021448337465  0.043224707156593  0.008869078923016  0.007509851003037  0.037008487870426  0.000000000000000  0.000000000000000  0.976708528962227  0.000000000000000  0.023195680791079  1.000000000000000  0.000000000000000  0.936272247434492  0.063548417080747  0.098481735756168  0.495171435966512  0.494828328207603 
77.0    E  0.065607292726442  0.022436632978491  0.017289021142067  0.369846877312209  0.002802635809779  0.004923841373371  0.047006367230897  0.148136596367698  0.051581588032041  0.026132699997314  0.034434534871144  0.006796463693036  0.000000000000000  0.015865095326085  0.092847057541302  0.000000000000000  0.010934264574962  0.080996310339583  0.000000000000000  0.002350201222655  0.851453707748945  0.146706022285169  0.001798487689854  0.270931491711195  0.729004689408289  0.562139461889309  0.437999157533563  0.100203166174924  0.389042588277709  0.483638164806966 
78.0    Q  0.000000000000000  0.004954653903617  0.033725882390763  0.075729541276890  0.000000000000000  0.012612516789137  0.016839580391307  0.000000000000000  0.048529304687565  0.042985681816867  0.026024242840017  0.007976657232087  0.012824087637664  0.643048741715302  0.032039601184019  0.007694269085121  0.014812921330135  0.009631658792686  0.010620533139896  0.000000000000000  0.955945317593742  0.032667503131411  0.011374918351555  0.320634150690562  0.679243142274472  0.059498619281096  0.940826107513788  0.098755163982922  0.477310507069858  0.487339815445774 
79.0    N  0.027603595358796  0.000000000000000  0.017169597149639  0.042188687035086  0.000000000000000  0.026150820083856  0.014358013804360  0.015898120189104  0.204759174464957  0.004094775294988  0.005738939973743  0.484644908467533  0.004160578919506  0.027129382112533  0.014690221914205  0.039940605100095  0.063548417080747  0.006698250286204  0.000000000000000  0.001346098782203  0.971307495541633  0.013048248741068  0.015821168864851  0.356012548899268  0.643940814754913  0.359235044136016  0.640823962080096  0.098892162648181  0.491069797631696  0.475988954248766 
80.0    K  0.028222703442244  0.009854511006494  0.000000000000000  0.080269738061839  0.012031830847439  0.044439919080852  0.000000000000000  0.000000000000000  0.626766510220345  0.002346945409232  0.000000000000000  0.055016188347697  0.005601387687562  0.047136877396456  0.028716027608720  0.042807280623924  0.011390698272005  0.005478512697822  0.000000000000000  0.000000000000000  0.878430468238362  0.044409126349417  0.077213664820433  0.428688018317086  0.571173123424273  0.542990928161147  0.457232544749951  0.099166730398893  0.468136123717246  0.473685035299634 
81.0    S  0.025559439329931  0.061426287409078  0.015898120189104  0.070267432736164  0.016816251949747  0.056250120612095  0.010828670981644  0.019464647118273  0.024231037698344  0.000000000000000  0.001562422125650  0.056759276107594  0.006032618227280  0.030311309698179  0.032735503971869  0.503826880205252  0.054484889971066  0.008275143239718  0.000000000000000  0.005444442338623  0.882702996290655  0.105112051906714  0.011965296852300  0.289573201548661  0.710546021590680  0.287373712008669  0.712518807074392  0.112890813768978  0.391748593474670  0.428985265214345 
82.0    K  0.028835702895431  0.000000000000000  0.012949139132625  0.035673584597712  0.000000000000000  0.001731214256240  0.002484205091296  0.025559439329931  0.447822835045425  0.009971318506476  0.013111713079790  0.011010318399547  0.005339794734148  0.287772372831941  0.063592480756418  0.027737854289672  0.026460791011329  0.000000000000000  0.000000000000000  0.000000000000000  0.951318276331799  0.022892201165802  0.025862400502444  0.634635443009902  0.365514362100008  0.132954084111648  0.866937563514687  0.111800612722826  0.488015880388112  0.422493192206257 
83.0    K  0.012913286221160  0.000000000000000  0.019236631458514  0.105550110927973  0.000000000000000  0.004954653903617  0.001752949317709  0.000000000000000  0.258636895379727  0.006670450893682  0.003809982271592  0.027872766231878  0.029914733068603  0.483973513446869  0.018325546081748  0.012149156810665  0.014140725982545  0.000000000000000  0.000000000000000  0.000000000000000  0.979420297586927  0.012107123921237  0.008572905762338  0.634195699662934  0.365767805176082  0.341273429471292  0.658839975867070  0.114228931278675  0.488354264481114  0.415522930796824 
84.0    K  0.032871930600121  0.000000000000000  0.001710934209115  0.035550163371016  0.000000000000000  0.030798416779355  0.002611329092588  0.008644510571033  0.633756261017212  0.003752323687318  0.018060729789919  0.021597378227009  0.020095273178603  0.072543994648983  0.058557590429527  0.013592927386073  0.042101049277053  0.003705798106017  0.000000000000000  0.000000000000000  0.897510050667261  0.036829356494115  0.065835064747177  0.397492625474487  0.602486157497393  0.022765611154656  0.977385766410805  0.108442335894008  0.463294030945185  0.434973676354325 
85.0    A  0.261521234948132  0.004271622880799  0.019586453444386  0.031620412532092  0.000000000000000  0.008189550589976  0.012542771698687  0.025400487562010  0.066939426449466  0.007630535382517  0.019064070473003  0.017554685984869  0.031862427593693  0.055168937268166  0.001635559545915  0.040051497630006  0.371388230165207  0.025471010387582  0.000000000000000  0.000000000000000  0.954621014139717  0.029749309640548  0.015377875344278  0.392564059336786  0.607518395952508  0.407536166201313  0.592546385470791  0.112188756333408  0.482299092292069  0.396117405462485 
86.0    Q  0.041955390711883  0.000000000000000  0.028066636652623  0.020919613390288  0.000000000000000  0.032084048303750  0.008093615340313  0.000000000000000  0.062630100317477  0.000000000000000  0.000000000000000  0.036473690681827  0.050836199883258  0.604997044609646  0.021552514403548  0.063680699788545  0.024298313621330  0.000000000000000  0.000000000000000  0.004250947037777  0.986232704493359  0.008608633717786  0.005489916797682  0.645728675151168  0.354535008919865  0.025701564647265  0.974004268543241  0.108592773143828  0.493116352246680  0.424842499569325 
87.0    Q  0.069878865685366  0.000000000000000  0.017812082385835  0.054334035005626  0.000000000000000  0.029831906691866  0.014598864795050  0.000000000000000  0.087960523457837  0.001226701544085  0.010423618513108  0.026350972195316  0.014508075817293  0.595428424682484  0.038526635170744  0.017229205672952  0.019505164826588  0.002220345650852  0.000000000000000  0.000000000000000  0.917639882311365  0.024912264891892  0.057312752700292  0.405282559942655  0.594603557501361  0.169458040850000  0.830470024090894  0.108517528450130  0.468460723436213  0.422786143688758 
88.0    A  0.602068690615708  0.000000000000000  0.014915953345933  0.068488235402981  0.000000000000000  0.021035938582450  0.000000000000000  0.000000000000000  0.039091533753540  0.000000000000000  0.000000000000000  0.012525395771866  0.053105312446166  0.026552656223083  0.000000000000000  0.026241609154504  0.119493164699218  0.016630784100834  0.000000000000000  0.000000000000000  0.736623842908240  0.095788747512986  0.167589073947542  0.865136690584988  0.135090675254919  0.214195488692142  0.785672516667580  0.105403888781264  0.423666217473059  0.399149193178325 
89.0    T  0.607097442197523  0.004739662344721  0.026187097958373  0.050066867349351  0.015495573917786  0.009752582413294  0.003049947236748  0.000000000000000  0.031055659166330  0.005723050291451  0.008116086744513  0.005306587049019  0.013888166893228  0.030248344590429  0.002861525145725  0.059169601952295  0.121329308721193  0.006057759424586  0.000000000000000  0.000000000000000  0.914465089499901  0.067873866020143  0.017676788481967  0.743806881217253  0.255961725107111  0.176899270040832  0.823020345278708  0.121413436942704  0.450000964896756  0.337275633584925 
90.0    A  0.613017430026578  0.016401823181610  0.017886315009354  0.022923958502614  0.014967737784730  0.022987605403996  0.000000000000000  0.002376410856707  0.026024242840017  0.003799433388329  0.016968466505036  0.014004167180772  0.022987605403996  0.033307710502123  0.061896429495814  0.034674046002120  0.058274155402302  0.012216713173884  0.005474716597972  0.000000000000000  0.868742185150623  0.096121301954392  0.034963659407366  0.424253950852948  0.575544745663881  0.116790918360398  0.883315051481465  0.125956720051313  0.436786447958347  0.347238783941278 
91.0    D  0.107320679554719  0.000000000000000  0.407536166201313  0.049206748535575  0.000000000000000  0.104313660144426  0.001585331212846  0.000000000000000  0.048093975630027  0.004706923105448  0.005742919282770  0.087777804733625  0.069060280299994  0.028735938942239  0.011965296852300  0.022876338999150  0.046714039019842  0.004316267518750  0.000000000000000  0.000000000000000  0.864537231307865  0.053363607149453  0.082126976696836  0.456599125005996  0.543367431263029  0.582770599067280  0.416965521912482  0.121497623497669  0.468785548228555  0.343171107813728 
92.0    T  0.121413436942704  0.000000000000000  0.018594245254792  0.101390894447130  0.000000000000000  0.038393343138927  0.004459198074714  0.006716847548773  0.107395094368398  0.000000000000000  0.007075265492327  0.008472479756586  0.051653144884638  0.016064278541501  0.010054603494541  0.033539383949795  0.463615273217731  0.011048543456040  0.000000000000000  0.000000000000000  0.989656656415207  0.002309826172352  0.008263679403269  0.367546834097260  0.632439771176968  0.324659650682471  0.675487042267819  0.096321388544801  0.494142825750366  0.375529981735232 
93.0    G  0.171347850622463  0.006483551449922  0.018581361171918  0.081108672933699  0.000000000000000  0.505926600513464  0.000000000000000  0.000000000000000  0.021241066279793  0.000000000000000  0.000000000000000  0.009698652277548  0.018010724168732  0.036196650193583  0.036171569280941  0.045657636829552  0.025880333166705  0.023715925827720  0.000000000000000  0.000000000000000  0.857970530428691  0.007932547663042  0.134343646606938  0.858565436437754  0.141414307855738  0.302708270987638  0.697371833175203  0.107618648542363  0.491069797631696  0.397492625474487 
94.0    N  0.060078808024298  0.000000000000000  0.045911519789947  0.031293351740979  0.000000000000000  0.044010757091003  0.026811579075897  0.013443009853304  0.086509357253217  0.009479324689443  0.000000000000000  0.288171586699716  0.071992977646835  0.039554893561571  0.024998754010399  0.178996092650143  0.063022028430912  0.015821168864851  0.000000000000000  0.000000000000000  0.925304428037852  0.014377932041014  0.060078808024298  0.350139080221801  0.649769531227720  0.105257869201052  0.895025070927972  0.107023535568307  0.493116352246680  0.343647173893007 
95.0    D  0.110414381435183  0.004746237468379  0.046294993688135  0.010075533208249  0.000000000000000  0.031708204580653  0.004410017206274  0.000000000000000  0.020039634418160  0.000000000000000  0.000000000000000  0.101320639985664  0.084435880283477  0.049480366616954  0.018363692631559  0.438302860658018  0.063636574985289  0.016758072137780  0.000000000000000  0.000000000000000  0.926588061890371  0.014548356559847  0.059169601952295  0.295043585834050  0.705148980242195  0.213158722941989  0.786762445353566  0.104169150894902  0.491410299272626  0.327598350964591 
96.0    S  0.057352492644460  0.009518830184962  0.004319260364532  0.009964409309989  0.000000000000000  0.078237278665875  0.003852471501927  0.000000000000000  0.095855166229568  0.000000000000000  0.000000000000000  0.112422289018469  0.016470178488918  0.031293351740979  0.020081349022959  0.497579860910041  0.054258764225065  0.008740914851841  0.000000000000000  0.000000000000000  0.914465089499901  0.012182888165802  0.073099229003247  0.434070113800521  0.566049451055337  0.423666217473059  0.576343173399432  0.104024841838941  0.489031736723670  0.334481888696528 
97.0    K  0.029462016747445  0.000000000000000  0.002725997586176  0.041839226780576  0.011849746448238  0.170873431492726  0.002554045602611  0.000000000000000  0.263888429409492  0.001475070884339  0.001269081115679  0.036473690681827  0.022035905632569  0.305448275418375  0.013820944302055  0.072293011494080  0.017725866952124  0.006202218210404  0.000000000000000  0.000000000000000  0.975355461527642  0.010459806695144  0.014101573866600  0.338916081700000  0.661127302571287  0.328507906787343  0.671751712860648  0.110261420649647  0.487339815445774  0.361232599480881 
98.0    V  0.042247213532129  0.003734161396851  0.004785880202753  0.021929245719361  0.005493723437161  0.098345305669196  0.008537326086726  0.079881210200191  0.007208925723858  0.013322420183874  0.001145346630109  0.002350201222655  0.007457976672967  0.031250000000000  0.059046690062325  0.063592480756418  0.047136877396456  0.493458272942921  0.003291589177747  0.005566553180269  0.974679630891549  0.021990130864459  0.003498615898792  0.359235044136016  0.640823962080096  0.796088098778780  0.203909373334752  0.106949378210325  0.484644908467533  0.395294558301972 
99.0    S  0.039527485698561  0.002383008809125  0.003168465451473  0.006155108484761  0.000000000000000  0.103020260619155  0.004322255285517  0.000000000000000  0.017074652173452  0.000000000000000  0.001340512139897  0.008138620539127  0.021359178936591  0.016607744911852  0.021108970070869  0.739181215636921  0.004792519442398  0.007845058931554  0.000000000000000  0.003767961658532  0.984866442895551  0.015113692650218  0.000000000000000  0.071100326742032  0.929160674250913  0.784040454075739  0.215834889643603  0.097058609375130  0.487339815445774  0.475329550614909 
100.0    Q  0.017824433060444  0.002456806585617  0.008650504566283  0.021373989123476  0.002038890483246  0.088021514182005  0.013936383115939  0.003120515298629  0.042511589137686  0.017003788151106  0.000000000000000  0.002933827982307  0.020305297850866  0.659296807246183  0.066430979647410  0.013470992890900  0.001479166324099  0.015050967094065  0.000000000000000  0.003960779217930  0.940826107513788  0.051225287977345  0.008212288352248  0.086269834587289  0.913831450229400  0.624598062826688  0.375269774378593  0.096187951260054  0.463936738235641  0.495858365369147 
101.0    N  0.013725476066224  0.000000000000000  0.015506318354466  0.000000000000000  0.000000000000000  0.005486112795852  0.006528648116577  0.038048938083218  0.021868529149925  0.008561029425373  0.000000000000000  0.863339558574412  0.003855142757367  0.003144398975083  0.008728805766189  0.005122273493030  0.000000000000000  0.005843303743603  0.000000000000000  0.000000000000000  0.992404374685819  0.005671712030875  0.001918241396999  0.199990032083188  0.799960128332753  0.807760777609608  0.192242603908784  0.095921631000055  0.495514781632040  0.490389501994276 
102.0    Y  0.002232692061356  0.009868181733170  0.000990194804482  0.002543445682752  0.066754088002991  0.000000000000000  0.006319385534076  0.020717590004667  0.000000000000000  0.017241152188156  0.043224707156593  0.012464769372016  0.000000000000000  0.001799734738669  0.000000000000000  0.007193950759414  0.002695932330853  0.005663854815933  0.010979833595365  0.789493886700555  0.965267024871757  0.030585676574920  0.004198238956467  0.323985241358333  0.675955416514063  0.000000000000000  1.000000000000000  0.095523532547823  0.471719125447680  0.497579860910041 
103.0    P  0.006293158523818  0.000000000000000  0.003710938995605  0.000000000000000  0.000000000000000  0.000000000000000  0.000000000000000  0.008009900296005  0.000000000000000  0.006180760165511  0.000000000000000  0.000000000000000  0.946713631236714  0.014417851447716  0.000000000000000  0.014608987464866  0.000000000000000  0.000000000000000  0.000000000000000  0.000000000000000  0.924663278113700  0.013048248741068  0.061982295671143  0.339151081861918  0.660669202829133  0.427501088945986  0.572362080299342  0.089871033302935  0.492433221447775  0.493116352246680 
104.0    I  0.015865095326085  0.000000000000000  0.000000000000000  0.000000000000000  0.007334935525902  0.000000000000000  0.006533174999329  0.702709350103360  0.002919627438740  0.048529304687565  0.011589804170634  0.006358931133363  0.000000000000000  0.005451995172352  0.002933827982307  0.015898120189104  0.000000000000000  0.130851285246822  0.000000000000000  0.042896388476716  0.990342871933025  0.009394291007017  0.000000000000000  0.143886186415970  0.856188284546457  0.906261938267334  0.093622558401511  0.095193046231454  0.495171435966512  0.456599125005996 
105.0    V  0.007259067767585  0.006336930902946  0.000000000000000  0.002270144741246  0.000000000000000  0.015409886007709  0.000000000000000  0.098345305669196  0.000000000000000  0.046908721797324  0.018684684324627  0.003148761060519  0.000000000000000  0.051225287977345  0.007370611335120  0.056367211148891  0.001551629687688  0.684916489982783  0.000000000000000  0.000000000000000  1.000000000000000  0.000000000000000  0.000000000000000  0.000000000000000  0.000000000000000  0.492433221447775  0.507683050434715  0.089995707407168  1.000000000000000  0.497235084336607 
106.0    Q  0.027699428099840  0.000000000000000  0.000000000000000  0.000000000000000  0.000000000000000  0.014608987464866  0.013111713079790  0.005190178961314  0.017873921456309  0.000000000000000  0.000000000000000  0.003723822442532  0.001253345603089  0.687770909069872  0.137929217505245  0.004635690615846  0.072846324883410  0.013248749447393  0.000000000000000  0.000000000000000  0.997922718999051  0.000000000000000  0.002073092204980  0.000000000000000  0.000000000000000  0.000000000000000  1.000000000000000  0.089871033302935  1.000000000000000  0.499307333050514 
107.0    N  0.003194929916241  0.001897084952230  0.029278795214763  0.038313589376661  0.000000000000000  0.046908721797324  0.002658816633788  0.014619117153616  0.024981432198515  0.007504647374637  0.009348820025240  0.637722195839272  0.003264324058288  0.094929480613408  0.004069310269563  0.001505021696013  0.051796556530500  0.025120343460723  0.000000000000000  0.002722221169311  0.976031760776225  0.015388538170243  0.008765183441644  0.542990928161147  0.457232544749951  0.000000000000000  1.000000000000000  0.090558884659680  0.490389501994276  0.496202187342909 
108.0    L  0.388234437500520  0.020876157474845  0.000000000000000  0.000000000000000  0.001889211581277  0.039940605100095  0.003609463173620  0.059622471909222  0.000000000000000  0.257028456664017  0.036498981081660  0.046617000834108  0.045531222309313  0.008813922948879  0.015517070241204  0.017518219969195  0.011469926844016  0.041723384477997  0.005129379396188  0.000000000000000  0.872362705770759  0.000000000000000  0.127715010339288  0.000000000000000  0.000000000000000  0.626332219312064  0.373712312158735  0.090308149870220  1.000000000000000  0.490389501994276 
109.0    Q  0.021657341963288  0.000000000000000  0.000000000000000  0.001961264732889  0.000000000000000  0.073353011142585  0.011866185076676  0.000000000000000  0.012886461697033  0.003491348290456  0.004766017618251  0.011727180449331  0.017923547253534  0.774855930959171  0.019156794688331  0.000000000000000  0.029584800976147  0.010972225591703  0.000000000000000  0.005679580145782  0.996540262827868  0.003744529056613  0.000000000000000  1.000000000000000  0.000000000000000  0.957935218222696  0.041897268486885  0.101320639985664  0.499653546495226  0.410086455598363 
110.0    G  0.018211581220852  0.000000000000000  0.000000000000000  0.000000000000000  0.000000000000000  0.788946840852465  0.009705377201441  0.000000000000000  0.000000000000000  0.000000000000000  0.000000000000000  0.049962864397030  0.000000000000000  0.089250248730317  0.029852591761951  0.003135692924672  0.005306587049019  0.005839254877480  0.000000000000000  0.000000000000000  0.988970916380931  0.006601456128223  0.004687388212395  1.000000000000000  0.000000000000000  0.000000000000000  1.000000000000000  0.089188406607367  0.495858365369147  0.497235084336607 
111.0    Q  0.039996012932635  0.005266280202098  0.000000000000000  0.006877023543462  0.000000000000000  0.045342256494818  0.007254037908646  0.012006837353813  0.009310020113860  0.000000000000000  0.000000000000000  0.101954686667376  0.008449021589716  0.729004689408289  0.008344261000374  0.007045901393611  0.008596707885673  0.010561803383032  0.000000000000000  0.000000000000000  0.995849753094458  0.003807342308170  0.000000000000000  0.350624812660600  0.649319301364942  0.312299031413344  0.687770909069872  0.088879838161705  0.499307333050514  0.494485458190466 
112.0    M  0.022097086912080  0.000000000000000  0.006963363249195  0.000000000000000  0.041694474052430  0.000000000000000  0.000000000000000  0.028281451965091  0.005406834828326  0.028242272710971  0.578344091952644  0.020847237026215  0.064883704408941  0.005648173025569  0.003212695580908  0.001840100144345  0.001322056913137  0.009093176050017  0.072092850316251  0.110185019738396  0.986232704493359  0.013782677581206  0.000000000000000  1.000000000000000  0.000000000000000  0.410655350376033  0.589269703905841  0.088449635020416  0.488354264481114  0.496546247718518 
113.0    V  0.005663854815933  0.005266280202098  0.003637089139962  0.027622735345740  0.000000000000000  0.014598864795050  0.000000000000000  0.089684345912919  0.000000000000000  0.010964622859680  0.009277809891199  0.000000000000000  0.016886334406865  0.071001829049168  0.019613624863791  0.019956464987428  0.047136877396456  0.640823962080096  0.000000000000000  0.017738157846032  0.996540262827868  0.003349125143102  0.000000000000000  0.500000000000000  0.500000000000000  1.000000000000000  0.000000000000000  0.088143622530274  0.499307333050514  0.498615625676035 
114.0    H  0.012370091654239  0.000000000000000  0.000000000000000  0.000000000000000  0.000000000000000  0.000000000000000  0.836826242683391  0.015560152392101  0.003255285965466  0.012940166583352  0.007401328676557  0.001309289640215  0.013443009853304  0.025970183174801  0.000000000000000  0.007807086663988  0.012464769372016  0.000000000000000  0.020375792738415  0.030332327180298  0.987600861445373  0.007218926347241  0.005310266569948  0.408951029278891  0.590905773467183  0.000000000000000  0.000000000000000  0.087777804733625  0.496546247718518  1.000000000000000 
115.0    Q  0.000000000000000  0.003268852510482  0.009303569135664  0.016758072137780  0.000000000000000  0.014629253866164  0.011171757705951  0.003467231786209  0.000000000000000  0.036246864203295  0.013239569296033  0.018440224114628  0.021418481327808  0.701249625321201  0.014751444049223  0.050836199883258  0.033353916813749  0.052012420919470  0.000000000000000  0.000000000000000  1.000000000000000  0.000000000000000  0.000000000000000  0.000000000000000  0.000000000000000  0.000000000000000  1.000000000000000  0.087171479146900  1.000000000000000  0.495514781632040 
116.0    A  0.338916081700000  0.002831927407967  0.000000000000000  0.000000000000000  0.000000000000000  0.035550163371016  0.000000000000000  0.000000000000000  0.000000000000000  0.002109329218424  0.000000000000000  0.026042287723726  0.400257405328151  0.000000000000000  0.025207554975691  0.131214585452883  0.037786114869793  0.000000000000000  0.000000000000000  0.000000000000000  0.979420297586927  0.019559319666469  0.001353583872705  0.157453747493425  0.842646829503152  0.169575540930959  0.830470024090894  0.087413505171154  0.487677730763821  0.495514781632040 
117.0    I  0.004749528449934  0.000000000000000  0.000000000000000  0.000000000000000  0.016804599850897  0.000000000000000  0.002096211496862  0.341746862985452  0.000000000000000  0.473356815618357  0.062197482613755  0.000000000000000  0.020137103601328  0.000000000000000  0.000000000000000  0.003624505767466  0.015527829583165  0.032871930600121  0.003431369016556  0.023470623858452  0.967276329613932  0.032780916486717  0.000000000000000  0.504875648798343  0.495171435966512  0.000000000000000  1.000000000000000  0.087838668762920  0.483303048532487  0.495858365369147 
118.0    S  0.018414678247058  0.004746237468379  0.000000000000000  0.029177498278604  0.000000000000000  0.000000000000000  0.020277168233425  0.006258358418669  0.000000000000000  0.000000000000000  0.000000000000000  0.026848773592100  0.022281651833815  0.001890521536902  0.002613139755442  0.831622098374906  0.018919266936727  0.000000000000000  0.007304493732433  0.009834040418007  0.993092495437036  0.001985888033773  0.005093948184604  1.000000000000000  0.000000000000000  0.000000000000000  1.000000000000000  0.081729459283547  0.500000000000000  0.495858365369147 
119.0    P  0.015953314464175  0.000000000000000  0.000000000000000  0.000000000000000  0.000000000000000  0.000000000000000  0.000000000000000  0.000000000000000  0.000000000000000  0.009239304689407  0.000000000000000  0.000000000000000  0.893165852352760  0.000000000000000  0.019586453444386  0.011148550825921  0.038929294236546  0.012233660879008  0.000000000000000  0.000000000000000  0.969289816935065  0.030628106729433  0.000000000000000  0.259354984141403  0.740719899010160  1.000000000000000  0.000000000000000  0.080604265665993  0.482633512435878  0.493458272942921 
120.0    R  0.010866265403984  0.000000000000000  0.000000000000000  0.006896117158521  0.000000000000000  0.012199788946990  0.000000000000000  0.003445669395301  0.040949793870574  0.000000000000000  0.000000000000000  0.000000000000000  0.005667782061852  0.005354620331952  0.886381699194867  0.002694064300443  0.025648175275328  0.000000000000000  0.000000000000000  0.000000000000000  0.997922718999051  0.002131374759873  0.000000000000000  0.500000000000000  0.500000000000000  0.000000000000000  0.000000000000000  0.088756709908964  0.500000000000000  1.000000000000000 
121.0    T  0.035971546603993  0.000000000000000  0.000000000000000  0.003577084712571  0.000000000000000  0.000000000000000  0.000000000000000  0.045499673406221  0.000000000000000  0.017445515030978  0.000000000000000  0.004035603076891  0.017289021142067  0.000000000000000  0.000000000000000  0.017313005435389  0.835087919428369  0.023519480428298  0.000000000000000  0.000000000000000  1.000000000000000  0.000000000000000  0.000000000000000  1.000000000000000  0.000000000000000  0.000000000000000  0.000000000000000  0.090308149870220  1.000000000000000  1.000000000000000 
