No:  residues  hmm_col_1  hmm_col_2  hmm_col_3  hmm_col_4  hmm_col_5  hmm_col_6  hmm_col_7  hmm_col_8  hmm_col_9  hmm_col_10  hmm_col_11  hmm_col_12  hmm_col_13  hmm_col_14  hmm_col_15  hmm_col_16  hmm_col_17  hmm_col_18  hmm_col_19  hmm_col_20  hmm_col_21   hmm_col_22   hmm_col_23   hmm_col_24   hmm_col_25   hmm_col_26   hmm_col_27   hmm_col_28   hmm_col_29   hmm_col_30   
1.0    M  0.000000000000000  0.000000000000000  0.000000000000000  0.000000000000000  0.000000000000000  0.000000000000000  0.000000000000000  0.000000000000000  0.000000000000000  0.000000000000000  1.000000000000000  0.000000000000000  0.000000000000000  0.000000000000000  0.000000000000000  0.000000000000000  0.000000000000000  0.000000000000000  0.000000000000000  0.000000000000000  1.000000000000000  0.000000000000000  0.000000000000000  0.000000000000000  0.000000000000000  0.000000000000000  0.000000000000000  0.330792859977030  1.000000000000000  1.000000000000000 
2.0    P  0.000000000000000  0.000000000000000  0.000000000000000  0.000000000000000  0.000000000000000  0.000000000000000  0.000000000000000  0.000000000000000  0.000000000000000  0.000000000000000  0.000000000000000  0.000000000000000  0.873572895916694  0.000000000000000  0.000000000000000  0.126131454230585  0.000000000000000  0.000000000000000  0.000000000000000  0.000000000000000  1.000000000000000  0.000000000000000  0.000000000000000  0.000000000000000  0.000000000000000  0.000000000000000  0.000000000000000  0.330792859977030  1.000000000000000  1.000000000000000 
3.0    G  0.000000000000000  0.000000000000000  0.000000000000000  0.000000000000000  0.000000000000000  0.869344560090022  0.000000000000000  0.000000000000000  0.000000000000000  0.000000000000000  0.000000000000000  0.000000000000000  0.000000000000000  0.000000000000000  0.000000000000000  0.000000000000000  0.130488990927715  0.000000000000000  0.000000000000000  0.000000000000000  1.000000000000000  0.000000000000000  0.000000000000000  0.000000000000000  0.000000000000000  0.000000000000000  0.000000000000000  0.330792859977030  1.000000000000000  1.000000000000000 
4.0    R  0.000000000000000  0.000000000000000  0.000000000000000  0.000000000000000  0.000000000000000  0.000000000000000  0.000000000000000  0.000000000000000  0.218090676442690  0.000000000000000  0.000000000000000  0.000000000000000  0.000000000000000  0.000000000000000  0.781869643128594  0.000000000000000  0.000000000000000  0.000000000000000  0.000000000000000  0.000000000000000  1.000000000000000  0.000000000000000  0.000000000000000  0.000000000000000  0.000000000000000  0.000000000000000  0.000000000000000  0.330792859977030  1.000000000000000  1.000000000000000 
5.0    K  0.000000000000000  0.000000000000000  0.000000000000000  0.000000000000000  0.000000000000000  0.000000000000000  0.000000000000000  0.000000000000000  0.622868707784737  0.000000000000000  0.000000000000000  0.000000000000000  0.000000000000000  0.000000000000000  0.244007940194056  0.000000000000000  0.132954084111648  0.000000000000000  0.000000000000000  0.000000000000000  0.873572895916694  0.126131454230585  0.000000000000000  0.125000000000000  0.874784764905822  0.000000000000000  0.000000000000000  0.330792859977030  0.500000000000000  1.000000000000000 
6.0    A  0.866937563514687  0.000000000000000  0.000000000000000  0.000000000000000  0.000000000000000  0.000000000000000  0.000000000000000  0.132954084111648  0.000000000000000  0.000000000000000  0.000000000000000  0.000000000000000  0.000000000000000  0.000000000000000  0.000000000000000  0.000000000000000  0.000000000000000  0.000000000000000  0.000000000000000  0.000000000000000  1.000000000000000  0.000000000000000  0.000000000000000  0.000000000000000  0.000000000000000  0.000000000000000  0.000000000000000  0.330792859977030  1.000000000000000  1.000000000000000 
7.0    R  0.000000000000000  0.000000000000000  0.000000000000000  0.000000000000000  0.000000000000000  0.000000000000000  0.000000000000000  0.000000000000000  0.000000000000000  0.000000000000000  0.000000000000000  0.000000000000000  0.000000000000000  0.000000000000000  1.000000000000000  0.000000000000000  0.000000000000000  0.000000000000000  0.000000000000000  0.000000000000000  1.000000000000000  0.000000000000000  0.000000000000000  0.000000000000000  0.000000000000000  0.000000000000000  0.000000000000000  0.330792859977030  1.000000000000000  1.000000000000000 
8.0    R  0.000000000000000  0.000000000000000  0.000000000000000  0.000000000000000  0.000000000000000  0.000000000000000  0.000000000000000  0.000000000000000  0.702222437868999  0.000000000000000  0.000000000000000  0.000000000000000  0.000000000000000  0.000000000000000  0.297714212341242  0.000000000000000  0.000000000000000  0.000000000000000  0.000000000000000  0.000000000000000  0.866937563514687  0.000000000000000  0.132954084111648  0.000000000000000  0.000000000000000  0.000000000000000  0.000000000000000  0.330792859977030  1.000000000000000  1.000000000000000 
9.0    N  0.000000000000000  0.000000000000000  0.000000000000000  0.000000000000000  0.000000000000000  0.000000000000000  0.000000000000000  0.000000000000000  0.000000000000000  0.000000000000000  0.000000000000000  0.458819941155683  0.000000000000000  0.000000000000000  0.000000000000000  0.541112322262857  0.000000000000000  0.000000000000000  0.000000000000000  0.000000000000000  1.000000000000000  0.000000000000000  0.000000000000000  0.000000000000000  0.000000000000000  0.000000000000000  1.000000000000000  0.353063601096189  1.000000000000000  0.499307333050514 
10.0    A  0.847919964633148  0.000000000000000  0.000000000000000  0.000000000000000  0.000000000000000  0.151879598988127  0.000000000000000  0.000000000000000  0.000000000000000  0.000000000000000  0.000000000000000  0.000000000000000  0.000000000000000  0.000000000000000  0.000000000000000  0.000000000000000  0.000000000000000  0.000000000000000  0.000000000000000  0.000000000000000  1.000000000000000  0.000000000000000  0.000000000000000  0.000000000000000  0.000000000000000  0.000000000000000  1.000000000000000  0.353063601096189  1.000000000000000  0.499307333050514 
11.0    P  0.000000000000000  0.000000000000000  0.000000000000000  0.000000000000000  0.000000000000000  0.000000000000000  0.000000000000000  0.000000000000000  0.000000000000000  0.000000000000000  0.000000000000000  0.000000000000000  0.197236710213116  0.802737388715953  0.000000000000000  0.000000000000000  0.000000000000000  0.000000000000000  0.000000000000000  0.000000000000000  1.000000000000000  0.000000000000000  0.000000000000000  0.000000000000000  0.000000000000000  1.000000000000000  0.000000000000000  0.353063601096189  1.000000000000000  0.499307333050514 
12.0    V  0.120157616048595  0.000000000000000  0.000000000000000  0.000000000000000  0.000000000000000  0.000000000000000  0.000000000000000  0.000000000000000  0.000000000000000  0.000000000000000  0.000000000000000  0.000000000000000  0.708087719107272  0.000000000000000  0.000000000000000  0.000000000000000  0.000000000000000  0.171704529178703  0.000000000000000  0.000000000000000  0.866937563514687  0.000000000000000  0.132954084111648  0.000000000000000  0.000000000000000  0.000000000000000  0.000000000000000  0.330792859977030  1.000000000000000  1.000000000000000 
13.0    N  0.000000000000000  0.000000000000000  0.000000000000000  0.000000000000000  0.000000000000000  0.118257205840699  0.000000000000000  0.000000000000000  0.000000000000000  0.000000000000000  0.000000000000000  0.197236710213116  0.000000000000000  0.000000000000000  0.000000000000000  0.684441906545919  0.000000000000000  0.000000000000000  0.000000000000000  0.000000000000000  1.000000000000000  0.000000000000000  0.000000000000000  0.000000000000000  0.000000000000000  0.000000000000000  1.000000000000000  0.353063601096189  1.000000000000000  0.499307333050514 
14.0    P  0.000000000000000  0.000000000000000  0.000000000000000  0.000000000000000  0.000000000000000  0.000000000000000  0.000000000000000  0.000000000000000  0.000000000000000  0.000000000000000  0.000000000000000  0.000000000000000  1.000000000000000  0.000000000000000  0.000000000000000  0.000000000000000  0.000000000000000  0.000000000000000  0.000000000000000  0.000000000000000  1.000000000000000  0.000000000000000  0.000000000000000  0.000000000000000  0.000000000000000  0.000000000000000  1.000000000000000  0.353063601096189  1.000000000000000  0.499307333050514 
15.0    T  0.282436803642531  0.000000000000000  0.000000000000000  0.000000000000000  0.000000000000000  0.000000000000000  0.000000000000000  0.000000000000000  0.000000000000000  0.000000000000000  0.000000000000000  0.000000000000000  0.000000000000000  0.000000000000000  0.000000000000000  0.000000000000000  0.717474767303352  0.000000000000000  0.000000000000000  0.000000000000000  1.000000000000000  0.000000000000000  0.000000000000000  0.333324669272800  0.666649338545599  1.000000000000000  0.000000000000000  0.353063601096189  0.499307333050514  0.499307333050514 
16.0    R  0.132954084111648  0.000000000000000  0.000000000000000  0.000000000000000  0.000000000000000  0.000000000000000  0.000000000000000  0.000000000000000  0.000000000000000  0.000000000000000  0.000000000000000  0.000000000000000  0.126131454230585  0.000000000000000  0.740719899010160  0.000000000000000  0.000000000000000  0.000000000000000  0.000000000000000  0.000000000000000  0.775930854274856  0.224222039915504  0.000000000000000  0.500000000000000  0.500000000000000  0.000000000000000  0.000000000000000  0.330792859977030  0.492433221447775  1.000000000000000 
17.0    A  0.762072415169885  0.000000000000000  0.000000000000000  0.000000000000000  0.000000000000000  0.000000000000000  0.000000000000000  0.000000000000000  0.000000000000000  0.000000000000000  0.000000000000000  0.000000000000000  0.000000000000000  0.000000000000000  0.000000000000000  0.000000000000000  0.120157616048595  0.117848066989780  0.000000000000000  0.000000000000000  0.395842932935636  0.604158921694971  0.000000000000000  0.436786447958347  0.562919293068381  0.000000000000000  0.000000000000000  0.330792859977030  0.461371246326899  1.000000000000000 
18.0    E  0.000000000000000  0.000000000000000  0.136124626917013  0.863938187400277  0.000000000000000  0.000000000000000  0.000000000000000  0.000000000000000  0.000000000000000  0.000000000000000  0.000000000000000  0.000000000000000  0.000000000000000  0.000000000000000  0.000000000000000  0.000000000000000  0.000000000000000  0.000000000000000  0.000000000000000  0.000000000000000  1.000000000000000  0.000000000000000  0.000000000000000  0.000000000000000  0.000000000000000  0.000000000000000  1.000000000000000  0.353063601096189  1.000000000000000  0.499307333050514 
19.0    L  0.000000000000000  0.000000000000000  0.000000000000000  0.000000000000000  0.000000000000000  0.000000000000000  0.000000000000000  0.000000000000000  0.000000000000000  0.729004689408289  0.000000000000000  0.000000000000000  0.271119352210766  0.000000000000000  0.000000000000000  0.000000000000000  0.000000000000000  0.000000000000000  0.000000000000000  0.000000000000000  1.000000000000000  0.000000000000000  0.000000000000000  0.000000000000000  0.000000000000000  1.000000000000000  0.000000000000000  0.353063601096189  1.000000000000000  0.499307333050514 
20.0    P  0.000000000000000  0.000000000000000  0.156583054828016  0.519789717587639  0.000000000000000  0.000000000000000  0.000000000000000  0.000000000000000  0.000000000000000  0.000000000000000  0.000000000000000  0.000000000000000  0.175069540110901  0.000000000000000  0.000000000000000  0.000000000000000  0.000000000000000  0.148650889375340  0.000000000000000  0.000000000000000  0.843231110250112  0.156583054828016  0.000000000000000  0.500000000000000  0.500000000000000  0.000000000000000  0.000000000000000  0.310141824428847  0.499307333050514  1.000000000000000 
21.0    P  0.270181350509838  0.000000000000000  0.000000000000000  0.000000000000000  0.000000000000000  0.000000000000000  0.000000000000000  0.000000000000000  0.000000000000000  0.000000000000000  0.000000000000000  0.000000000000000  0.175069540110901  0.000000000000000  0.000000000000000  0.000000000000000  0.000000000000000  0.554784736033923  0.000000000000000  0.000000000000000  1.000000000000000  0.000000000000000  0.000000000000000  0.000000000000000  0.000000000000000  0.000000000000000  0.000000000000000  0.310141824428847  1.000000000000000  1.000000000000000 
22.0    E  0.000000000000000  0.000000000000000  0.000000000000000  1.000000000000000  0.000000000000000  0.000000000000000  0.000000000000000  0.000000000000000  0.000000000000000  0.000000000000000  0.000000000000000  0.000000000000000  0.000000000000000  0.000000000000000  0.000000000000000  0.000000000000000  0.000000000000000  0.000000000000000  0.000000000000000  0.000000000000000  1.000000000000000  0.000000000000000  0.000000000000000  0.000000000000000  0.000000000000000  0.000000000000000  0.000000000000000  0.310141824428847  1.000000000000000  1.000000000000000 
23.0    F  0.000000000000000  0.824733548610081  0.000000000000000  0.000000000000000  0.175069540110901  0.000000000000000  0.000000000000000  0.000000000000000  0.000000000000000  0.000000000000000  0.000000000000000  0.000000000000000  0.000000000000000  0.000000000000000  0.000000000000000  0.000000000000000  0.000000000000000  0.000000000000000  0.000000000000000  0.000000000000000  1.000000000000000  0.000000000000000  0.000000000000000  0.000000000000000  0.000000000000000  0.000000000000000  0.000000000000000  0.310141824428847  1.000000000000000  1.000000000000000 
24.0    A  1.000000000000000  0.000000000000000  0.000000000000000  0.000000000000000  0.000000000000000  0.000000000000000  0.000000000000000  0.000000000000000  0.000000000000000  0.000000000000000  0.000000000000000  0.000000000000000  0.000000000000000  0.000000000000000  0.000000000000000  0.000000000000000  0.000000000000000  0.000000000000000  0.000000000000000  0.000000000000000  1.000000000000000  0.000000000000000  0.000000000000000  0.000000000000000  0.000000000000000  0.000000000000000  0.000000000000000  0.310141824428847  1.000000000000000  1.000000000000000 
25.0    A  0.175069540110901  0.000000000000000  0.000000000000000  0.000000000000000  0.000000000000000  0.000000000000000  0.000000000000000  0.355519352646819  0.000000000000000  0.156583054828016  0.000000000000000  0.000000000000000  0.000000000000000  0.148650889375340  0.000000000000000  0.000000000000000  0.164140140678019  0.000000000000000  0.000000000000000  0.000000000000000  1.000000000000000  0.000000000000000  0.000000000000000  0.000000000000000  0.000000000000000  0.000000000000000  0.000000000000000  0.310141824428847  1.000000000000000  1.000000000000000 
26.0    Q  0.000000000000000  0.000000000000000  0.000000000000000  0.156583054828016  0.000000000000000  0.000000000000000  0.000000000000000  0.000000000000000  0.000000000000000  0.000000000000000  0.000000000000000  0.000000000000000  0.000000000000000  0.843231110250112  0.000000000000000  0.000000000000000  0.000000000000000  0.000000000000000  0.000000000000000  0.000000000000000  1.000000000000000  0.000000000000000  0.000000000000000  0.000000000000000  0.000000000000000  0.000000000000000  0.000000000000000  0.310141824428847  1.000000000000000  1.000000000000000 
27.0    L  0.000000000000000  0.000000000000000  0.000000000000000  0.000000000000000  0.000000000000000  0.000000000000000  0.000000000000000  0.113676031475092  0.000000000000000  0.886381699194867  0.000000000000000  0.000000000000000  0.000000000000000  0.000000000000000  0.000000000000000  0.000000000000000  0.000000000000000  0.000000000000000  0.000000000000000  0.000000000000000  1.000000000000000  0.000000000000000  0.000000000000000  0.000000000000000  0.000000000000000  0.000000000000000  0.000000000000000  0.310141824428847  1.000000000000000  1.000000000000000 
28.0    R  0.000000000000000  0.000000000000000  0.000000000000000  0.000000000000000  0.000000000000000  0.000000000000000  0.000000000000000  0.000000000000000  0.000000000000000  0.000000000000000  0.000000000000000  0.000000000000000  0.000000000000000  0.000000000000000  1.000000000000000  0.000000000000000  0.000000000000000  0.000000000000000  0.000000000000000  0.000000000000000  1.000000000000000  0.000000000000000  0.000000000000000  0.000000000000000  0.000000000000000  0.000000000000000  0.000000000000000  0.310141824428847  1.000000000000000  1.000000000000000 
29.0    K  0.000000000000000  0.000000000000000  0.000000000000000  0.000000000000000  0.000000000000000  0.000000000000000  0.000000000000000  0.000000000000000  0.261158940716058  0.000000000000000  0.000000000000000  0.148650889375340  0.000000000000000  0.000000000000000  0.590087171668101  0.000000000000000  0.000000000000000  0.000000000000000  0.000000000000000  0.000000000000000  1.000000000000000  0.000000000000000  0.000000000000000  0.000000000000000  0.000000000000000  0.000000000000000  0.000000000000000  0.310141824428847  1.000000000000000  1.000000000000000 
30.0    I  0.000000000000000  0.000000000000000  0.000000000000000  0.000000000000000  0.328963631257252  0.000000000000000  0.000000000000000  0.670821112441131  0.000000000000000  0.000000000000000  0.000000000000000  0.000000000000000  0.000000000000000  0.000000000000000  0.000000000000000  0.000000000000000  0.000000000000000  0.000000000000000  0.000000000000000  0.000000000000000  1.000000000000000  0.000000000000000  0.000000000000000  0.000000000000000  0.000000000000000  0.000000000000000  0.000000000000000  0.310141824428847  1.000000000000000  1.000000000000000 
31.0    G  0.000000000000000  0.000000000000000  0.000000000000000  0.000000000000000  0.000000000000000  1.000000000000000  0.000000000000000  0.000000000000000  0.000000000000000  0.000000000000000  0.000000000000000  0.000000000000000  0.000000000000000  0.000000000000000  0.000000000000000  0.000000000000000  0.000000000000000  0.000000000000000  0.000000000000000  0.000000000000000  1.000000000000000  0.000000000000000  0.000000000000000  0.000000000000000  0.000000000000000  0.000000000000000  0.000000000000000  0.310141824428847  1.000000000000000  1.000000000000000 
32.0    D  0.000000000000000  0.000000000000000  1.000000000000000  0.000000000000000  0.000000000000000  0.000000000000000  0.000000000000000  0.000000000000000  0.000000000000000  0.000000000000000  0.000000000000000  0.000000000000000  0.000000000000000  0.000000000000000  0.000000000000000  0.000000000000000  0.000000000000000  0.000000000000000  0.000000000000000  0.000000000000000  1.000000000000000  0.000000000000000  0.000000000000000  0.000000000000000  0.000000000000000  0.000000000000000  0.000000000000000  0.310141824428847  1.000000000000000  1.000000000000000 
33.0    K  0.000000000000000  0.000000000000000  0.000000000000000  0.000000000000000  0.000000000000000  0.000000000000000  0.000000000000000  0.000000000000000  0.851453707748945  0.148650889375340  0.000000000000000  0.000000000000000  0.000000000000000  0.000000000000000  0.000000000000000  0.000000000000000  0.000000000000000  0.000000000000000  0.000000000000000  0.000000000000000  1.000000000000000  0.000000000000000  0.000000000000000  0.000000000000000  0.000000000000000  0.000000000000000  0.000000000000000  0.310141824428847  1.000000000000000  1.000000000000000 
34.0    V  0.156583054828016  0.000000000000000  0.000000000000000  0.000000000000000  0.000000000000000  0.000000000000000  0.000000000000000  0.000000000000000  0.000000000000000  0.668500247702567  0.000000000000000  0.000000000000000  0.000000000000000  0.000000000000000  0.000000000000000  0.000000000000000  0.000000000000000  0.175069540110901  0.000000000000000  0.000000000000000  1.000000000000000  0.000000000000000  0.000000000000000  0.000000000000000  0.000000000000000  0.000000000000000  0.000000000000000  0.310141824428847  1.000000000000000  1.000000000000000 
35.0    Y  0.000000000000000  0.000000000000000  0.000000000000000  0.000000000000000  0.000000000000000  0.000000000000000  0.000000000000000  0.000000000000000  0.000000000000000  0.000000000000000  0.000000000000000  0.676893139526230  0.000000000000000  0.000000000000000  0.000000000000000  0.000000000000000  0.000000000000000  0.000000000000000  0.000000000000000  0.322864337575584  1.000000000000000  0.000000000000000  0.000000000000000  0.000000000000000  0.000000000000000  0.000000000000000  0.000000000000000  0.341510064188599  1.000000000000000  1.000000000000000 
36.0    C  0.000000000000000  0.500000000000000  0.000000000000000  0.000000000000000  0.000000000000000  0.000000000000000  0.000000000000000  0.000000000000000  0.000000000000000  0.000000000000000  0.000000000000000  0.000000000000000  0.000000000000000  0.000000000000000  0.000000000000000  0.000000000000000  0.000000000000000  0.000000000000000  0.500000000000000  0.000000000000000  1.000000000000000  0.000000000000000  0.000000000000000  0.000000000000000  0.000000000000000  0.000000000000000  0.000000000000000  0.349654020684615  1.000000000000000  1.000000000000000 
37.0    T  0.000000000000000  0.000000000000000  0.000000000000000  0.000000000000000  0.000000000000000  0.000000000000000  0.000000000000000  0.000000000000000  0.500000000000000  0.000000000000000  0.000000000000000  0.000000000000000  0.000000000000000  0.000000000000000  0.000000000000000  0.000000000000000  0.500000000000000  0.000000000000000  0.000000000000000  0.000000000000000  1.000000000000000  0.000000000000000  0.000000000000000  0.000000000000000  0.000000000000000  0.000000000000000  0.000000000000000  0.349654020684615  1.000000000000000  1.000000000000000 
38.0    W  0.000000000000000  0.000000000000000  0.000000000000000  0.000000000000000  0.000000000000000  0.000000000000000  0.000000000000000  0.000000000000000  0.000000000000000  0.000000000000000  0.000000000000000  0.000000000000000  0.000000000000000  0.000000000000000  0.000000000000000  0.000000000000000  0.000000000000000  0.000000000000000  0.500000000000000  0.500000000000000  1.000000000000000  0.000000000000000  0.000000000000000  0.000000000000000  0.000000000000000  0.000000000000000  0.000000000000000  0.349654020684615  1.000000000000000  1.000000000000000 
39.0    S  0.000000000000000  0.000000000000000  0.000000000000000  0.000000000000000  0.000000000000000  0.000000000000000  0.000000000000000  0.000000000000000  0.500000000000000  0.000000000000000  0.000000000000000  0.000000000000000  0.000000000000000  0.000000000000000  0.000000000000000  0.500000000000000  0.000000000000000  0.000000000000000  0.000000000000000  0.000000000000000  1.000000000000000  0.000000000000000  0.000000000000000  0.000000000000000  0.000000000000000  0.000000000000000  0.000000000000000  0.349654020684615  1.000000000000000  1.000000000000000 
40.0    A  0.500000000000000  0.000000000000000  0.000000000000000  0.000000000000000  0.000000000000000  0.000000000000000  0.000000000000000  0.000000000000000  0.000000000000000  0.500000000000000  0.000000000000000  0.000000000000000  0.000000000000000  0.000000000000000  0.000000000000000  0.000000000000000  0.000000000000000  0.000000000000000  0.000000000000000  0.000000000000000  1.000000000000000  0.000000000000000  0.000000000000000  0.000000000000000  0.000000000000000  0.000000000000000  0.000000000000000  0.349654020684615  1.000000000000000  1.000000000000000 
41.0    P  0.000000000000000  0.000000000000000  0.000000000000000  0.000000000000000  0.000000000000000  0.000000000000000  0.000000000000000  0.000000000000000  0.000000000000000  0.500000000000000  0.000000000000000  0.000000000000000  0.500000000000000  0.000000000000000  0.000000000000000  0.000000000000000  0.000000000000000  0.000000000000000  0.000000000000000  0.000000000000000  1.000000000000000  0.000000000000000  0.000000000000000  0.000000000000000  0.000000000000000  0.000000000000000  0.000000000000000  0.349654020684615  1.000000000000000  1.000000000000000 
42.0    D  0.000000000000000  0.000000000000000  0.500000000000000  0.500000000000000  0.000000000000000  0.000000000000000  0.000000000000000  0.000000000000000  0.000000000000000  0.000000000000000  0.000000000000000  0.000000000000000  0.000000000000000  0.000000000000000  0.000000000000000  0.000000000000000  0.000000000000000  0.000000000000000  0.000000000000000  0.000000000000000  1.000000000000000  0.000000000000000  0.000000000000000  0.000000000000000  0.000000000000000  0.000000000000000  0.000000000000000  0.349654020684615  1.000000000000000  1.000000000000000 
43.0    I  0.000000000000000  0.000000000000000  0.000000000000000  0.000000000000000  0.368056715542045  0.000000000000000  0.000000000000000  0.305660069423017  0.000000000000000  0.326464946772229  0.000000000000000  0.000000000000000  0.000000000000000  0.000000000000000  0.000000000000000  0.000000000000000  0.000000000000000  0.000000000000000  0.000000000000000  0.000000000000000  1.000000000000000  0.000000000000000  0.000000000000000  0.000000000000000  0.000000000000000  0.000000000000000  0.000000000000000  0.265171935342054  1.000000000000000  1.000000000000000 
44.0    T  0.000000000000000  0.000000000000000  0.000000000000000  0.000000000000000  0.000000000000000  0.000000000000000  0.000000000000000  0.326464946772229  0.000000000000000  0.000000000000000  0.000000000000000  0.000000000000000  0.000000000000000  0.000000000000000  0.368056715542045  0.000000000000000  0.305660069423017  0.000000000000000  0.000000000000000  0.000000000000000  1.000000000000000  0.000000000000000  0.000000000000000  0.000000000000000  0.000000000000000  0.000000000000000  0.000000000000000  0.265171935342054  1.000000000000000  1.000000000000000 
45.0    V  0.000000000000000  0.000000000000000  0.000000000000000  0.000000000000000  0.000000000000000  0.000000000000000  0.000000000000000  0.000000000000000  0.000000000000000  0.368056715542045  0.000000000000000  0.000000000000000  0.000000000000000  0.000000000000000  0.000000000000000  0.000000000000000  0.000000000000000  0.632001549226403  0.000000000000000  0.000000000000000  1.000000000000000  0.000000000000000  0.000000000000000  0.000000000000000  0.000000000000000  0.000000000000000  0.000000000000000  0.265171935342054  1.000000000000000  1.000000000000000 
46.0    V  0.000000000000000  0.000000000000000  0.000000000000000  0.000000000000000  0.000000000000000  0.000000000000000  0.000000000000000  0.000000000000000  0.000000000000000  0.368056715542045  0.000000000000000  0.000000000000000  0.000000000000000  0.000000000000000  0.000000000000000  0.000000000000000  0.326464946772229  0.305660069423017  0.000000000000000  0.000000000000000  1.000000000000000  0.000000000000000  0.000000000000000  0.000000000000000  0.000000000000000  0.000000000000000  0.000000000000000  0.265171935342054  1.000000000000000  1.000000000000000 
47.0    L  0.000000000000000  0.000000000000000  0.000000000000000  0.000000000000000  0.368056715542045  0.000000000000000  0.000000000000000  0.000000000000000  0.000000000000000  0.632001549226403  0.000000000000000  0.000000000000000  0.000000000000000  0.000000000000000  0.000000000000000  0.000000000000000  0.000000000000000  0.000000000000000  0.000000000000000  0.000000000000000  0.673616788432845  0.326464946772229  0.000000000000000  0.500000000000000  0.500000000000000  0.000000000000000  0.000000000000000  0.265171935342054  0.489031736723670  1.000000000000000 
48.0    A  0.673616788432845  0.000000000000000  0.000000000000000  0.000000000000000  0.000000000000000  0.000000000000000  0.000000000000000  0.326464946772229  0.000000000000000  0.000000000000000  0.000000000000000  0.000000000000000  0.000000000000000  0.000000000000000  0.000000000000000  0.000000000000000  0.000000000000000  0.000000000000000  0.000000000000000  0.000000000000000  1.000000000000000  0.000000000000000  0.000000000000000  0.000000000000000  0.000000000000000  0.000000000000000  0.000000000000000  0.265171935342054  1.000000000000000  1.000000000000000 
49.0    Q  0.000000000000000  0.000000000000000  0.000000000000000  0.368056715542045  0.000000000000000  0.000000000000000  0.000000000000000  0.000000000000000  0.000000000000000  0.000000000000000  0.000000000000000  0.000000000000000  0.000000000000000  0.632001549226403  0.000000000000000  0.000000000000000  0.000000000000000  0.000000000000000  0.000000000000000  0.000000000000000  1.000000000000000  0.000000000000000  0.000000000000000  0.000000000000000  0.000000000000000  0.000000000000000  0.000000000000000  0.265171935342054  1.000000000000000  1.000000000000000 
50.0    M  0.000000000000000  0.000000000000000  0.000000000000000  0.000000000000000  0.000000000000000  0.000000000000000  0.000000000000000  0.000000000000000  0.000000000000000  0.000000000000000  1.000000000000000  0.000000000000000  0.000000000000000  0.000000000000000  0.000000000000000  0.000000000000000  0.000000000000000  0.000000000000000  0.000000000000000  0.000000000000000  1.000000000000000  0.000000000000000  0.000000000000000  0.000000000000000  0.000000000000000  0.000000000000000  0.000000000000000  0.329876977693224  1.000000000000000  1.000000000000000 
51.0    P  0.000000000000000  0.000000000000000  0.000000000000000  0.013003105229868  0.000000000000000  0.000000000000000  0.000000000000000  0.000000000000000  0.000000000000000  0.000000000000000  0.000000000000000  0.000000000000000  0.892546971472977  0.000000000000000  0.000000000000000  0.094273754792911  0.000000000000000  0.000000000000000  0.000000000000000  0.000000000000000  1.000000000000000  0.000000000000000  0.000000000000000  0.000000000000000  0.000000000000000  0.000000000000000  0.000000000000000  0.329876977693224  1.000000000000000  1.000000000000000 
52.0    G  0.000000000000000  0.000000000000000  0.000000000000000  0.000000000000000  0.000000000000000  0.903126510151822  0.000000000000000  0.000000000000000  0.000000000000000  0.000000000000000  0.000000000000000  0.000000000000000  0.000000000000000  0.000000000000000  0.000000000000000  0.000000000000000  0.096856991369896  0.000000000000000  0.000000000000000  0.000000000000000  1.000000000000000  0.000000000000000  0.000000000000000  0.000000000000000  0.000000000000000  0.000000000000000  0.000000000000000  0.329876977693224  1.000000000000000  1.000000000000000 
53.0    K  0.000000000000000  0.000000000000000  0.000000000000000  0.000000000000000  0.000000000000000  0.000000000000000  0.000000000000000  0.000000000000000  0.359235044136016  0.000000000000000  0.000000000000000  0.000000000000000  0.000000000000000  0.000000000000000  0.640823962080096  0.000000000000000  0.000000000000000  0.000000000000000  0.000000000000000  0.000000000000000  1.000000000000000  0.000000000000000  0.000000000000000  0.000000000000000  0.000000000000000  0.000000000000000  0.000000000000000  0.329876977693224  1.000000000000000  1.000000000000000 
54.0    S  0.000000000000000  0.000000000000000  0.000000000000000  0.000000000000000  0.000000000000000  0.000000000000000  0.000000000000000  0.000000000000000  0.382094130191292  0.000000000000000  0.000000000000000  0.000000000000000  0.000000000000000  0.000000000000000  0.316658563430804  0.163458918567095  0.137738139484576  0.000000000000000  0.000000000000000  0.000000000000000  0.904379377561088  0.095523532547823  0.000000000000000  0.125000000000000  0.874784764905822  0.000000000000000  0.000000000000000  0.329876977693224  0.500000000000000  1.000000000000000 
55.0    Q  0.582366793234228  0.000000000000000  0.000000000000000  0.000000000000000  0.000000000000000  0.000000000000000  0.000000000000000  0.138504043483116  0.000000000000000  0.000000000000000  0.000000000000000  0.000000000000000  0.000000000000000  0.164938488846612  0.000000000000000  0.114387396015991  0.000000000000000  0.000000000000000  0.000000000000000  0.000000000000000  1.000000000000000  0.000000000000000  0.000000000000000  0.000000000000000  0.000000000000000  0.000000000000000  0.000000000000000  0.330563651285644  1.000000000000000  1.000000000000000 
56.0    K  0.000000000000000  0.000000000000000  0.000000000000000  0.000000000000000  0.000000000000000  0.000000000000000  0.000000000000000  0.000000000000000  0.164938488846612  0.000000000000000  0.000000000000000  0.000000000000000  0.000000000000000  0.000000000000000  0.835087919428369  0.000000000000000  0.000000000000000  0.000000000000000  0.000000000000000  0.000000000000000  1.000000000000000  0.000000000000000  0.000000000000000  0.000000000000000  0.000000000000000  0.000000000000000  0.000000000000000  0.330563651285644  1.000000000000000  1.000000000000000 
57.0    S  0.000000000000000  0.000000000000000  0.000000000000000  0.000000000000000  0.000000000000000  0.000000000000000  0.000000000000000  0.000000000000000  0.622437117691085  0.000000000000000  0.000000000000000  0.000000000000000  0.000000000000000  0.000000000000000  0.212568540016049  0.164938488846612  0.000000000000000  0.000000000000000  0.000000000000000  0.000000000000000  0.164938488846612  0.000000000000000  0.835087919428369  0.000000000000000  0.000000000000000  0.000000000000000  0.000000000000000  0.330563651285644  1.000000000000000  1.000000000000000 
58.0    R  0.000000000000000  0.000000000000000  0.000000000000000  0.000000000000000  0.000000000000000  0.000000000000000  0.000000000000000  0.000000000000000  0.000000000000000  0.000000000000000  0.000000000000000  0.000000000000000  0.000000000000000  0.000000000000000  1.000000000000000  0.000000000000000  0.000000000000000  0.000000000000000  0.000000000000000  0.000000000000000  1.000000000000000  0.000000000000000  0.000000000000000  0.000000000000000  0.000000000000000  0.835666958921854  0.164481815628626  0.500000000000000  1.000000000000000  0.435577096071128 
59.0    M  0.000000000000000  0.000000000000000  0.000000000000000  0.000000000000000  0.000000000000000  0.000000000000000  0.000000000000000  0.000000000000000  0.000000000000000  0.000000000000000  0.192776353175993  0.352330188785505  0.000000000000000  0.000000000000000  0.000000000000000  0.454704125900367  0.000000000000000  0.000000000000000  0.000000000000000  0.000000000000000  1.000000000000000  0.000000000000000  0.000000000000000  0.000000000000000  0.000000000000000  0.000000000000000  1.000000000000000  0.355026839635857  1.000000000000000  0.498615625676035 
60.0    R  0.560194607097088  0.000000000000000  0.000000000000000  0.000000000000000  0.000000000000000  0.115743252815915  0.000000000000000  0.000000000000000  0.000000000000000  0.000000000000000  0.000000000000000  0.000000000000000  0.000000000000000  0.000000000000000  0.192776353175993  0.000000000000000  0.131305568001344  0.000000000000000  0.000000000000000  0.000000000000000  1.000000000000000  0.000000000000000  0.000000000000000  0.000000000000000  0.000000000000000  0.000000000000000  1.000000000000000  0.355026839635857  1.000000000000000  0.498615625676035 
61.0    S  0.000000000000000  0.000000000000000  0.000000000000000  0.000000000000000  0.000000000000000  0.000000000000000  0.000000000000000  0.000000000000000  0.000000000000000  0.000000000000000  0.000000000000000  0.000000000000000  0.000000000000000  0.807201074504765  0.000000000000000  0.192776353175993  0.000000000000000  0.000000000000000  0.000000000000000  0.000000000000000  1.000000000000000  0.000000000000000  0.000000000000000  0.000000000000000  0.000000000000000  1.000000000000000  0.000000000000000  0.355026839635857  1.000000000000000  0.498615625676035 
62.0    P  0.096521891636473  0.000000000000000  0.000000000000000  0.000000000000000  0.000000000000000  0.000000000000000  0.000000000000000  0.000000000000000  0.000000000000000  0.000000000000000  0.000000000000000  0.000000000000000  0.788946840852465  0.000000000000000  0.000000000000000  0.000000000000000  0.114387396015991  0.000000000000000  0.000000000000000  0.000000000000000  0.861546159712017  0.000000000000000  0.138504043483116  0.000000000000000  0.000000000000000  0.000000000000000  0.000000000000000  0.330563651285644  1.000000000000000  1.000000000000000 
63.0    S  0.000000000000000  0.000000000000000  0.000000000000000  0.000000000000000  0.000000000000000  0.117358968414432  0.000000000000000  0.000000000000000  0.000000000000000  0.000000000000000  0.000000000000000  0.131305568001344  0.000000000000000  0.000000000000000  0.000000000000000  0.751059963470465  0.000000000000000  0.000000000000000  0.000000000000000  0.000000000000000  1.000000000000000  0.000000000000000  0.000000000000000  0.000000000000000  0.000000000000000  0.000000000000000  1.000000000000000  0.355026839635857  1.000000000000000  0.498615625676035 
64.0    P  0.000000000000000  0.000000000000000  0.000000000000000  0.000000000000000  0.000000000000000  0.000000000000000  0.000000000000000  0.000000000000000  0.000000000000000  0.000000000000000  0.000000000000000  0.000000000000000  1.000000000000000  0.000000000000000  0.000000000000000  0.000000000000000  0.000000000000000  0.000000000000000  0.000000000000000  0.000000000000000  1.000000000000000  0.000000000000000  0.000000000000000  0.000000000000000  0.000000000000000  0.000000000000000  1.000000000000000  0.355026839635857  1.000000000000000  0.498615625676035 
65.0    T  0.226094844390272  0.000000000000000  0.000000000000000  0.000000000000000  0.000000000000000  0.000000000000000  0.000000000000000  0.000000000000000  0.000000000000000  0.000000000000000  0.000000000000000  0.000000000000000  0.000000000000000  0.000000000000000  0.000000000000000  0.000000000000000  0.773782496771195  0.000000000000000  0.000000000000000  0.000000000000000  1.000000000000000  0.000000000000000  0.000000000000000  0.333324669272800  0.666649338545599  1.000000000000000  0.000000000000000  0.355026839635857  0.498615625676035  0.498615625676035 
66.0    R  0.138504043483116  0.000000000000000  0.000000000000000  0.000000000000000  0.000000000000000  0.000000000000000  0.000000000000000  0.000000000000000  0.000000000000000  0.000000000000000  0.000000000000000  0.000000000000000  0.098209064583448  0.000000000000000  0.763129604480280  0.000000000000000  0.000000000000000  0.000000000000000  0.000000000000000  0.000000000000000  1.000000000000000  0.000000000000000  0.000000000000000  0.000000000000000  0.000000000000000  0.000000000000000  0.000000000000000  0.330563651285644  1.000000000000000  1.000000000000000 
67.0    V  0.526680517977418  0.000000000000000  0.000000000000000  0.000000000000000  0.000000000000000  0.000000000000000  0.000000000000000  0.000000000000000  0.000000000000000  0.000000000000000  0.000000000000000  0.000000000000000  0.000000000000000  0.000000000000000  0.000000000000000  0.000000000000000  0.096521891636473  0.376572616658453  0.000000000000000  0.000000000000000  0.788946840852465  0.114387396015991  0.096521891636473  0.500000000000000  0.500000000000000  0.000000000000000  0.000000000000000  0.330563651285644  0.496546247718518  1.000000000000000 
68.0    P  0.000000000000000  0.000000000000000  0.000000000000000  0.000000000000000  0.000000000000000  0.000000000000000  0.000000000000000  0.000000000000000  0.000000000000000  0.000000000000000  0.000000000000000  0.000000000000000  0.897510050667261  0.102237757319723  0.000000000000000  0.000000000000000  0.000000000000000  0.000000000000000  0.000000000000000  0.000000000000000  1.000000000000000  0.000000000000000  0.000000000000000  0.000000000000000  0.000000000000000  1.000000000000000  0.000000000000000  0.332632260270172  1.000000000000000  0.500000000000000 
69.0    A  0.685866644295299  0.000000000000000  0.000000000000000  0.103377921055408  0.000000000000000  0.000000000000000  0.000000000000000  0.000000000000000  0.000000000000000  0.000000000000000  0.000000000000000  0.000000000000000  0.114387396015991  0.000000000000000  0.096521891636473  0.000000000000000  0.000000000000000  0.000000000000000  0.000000000000000  0.000000000000000  0.861546159712017  0.138504043483116  0.000000000000000  0.500000000000000  0.500000000000000  0.000000000000000  0.000000000000000  0.330563651285644  0.498615625676035  1.000000000000000 
70.0    D  0.000000000000000  0.000000000000000  0.435879119768531  0.564091068728256  0.000000000000000  0.000000000000000  0.000000000000000  0.000000000000000  0.000000000000000  0.000000000000000  0.000000000000000  0.000000000000000  0.000000000000000  0.000000000000000  0.000000000000000  0.000000000000000  0.000000000000000  0.000000000000000  0.000000000000000  0.000000000000000  1.000000000000000  0.000000000000000  0.000000000000000  0.000000000000000  0.000000000000000  0.000000000000000  1.000000000000000  0.355026839635857  1.000000000000000  0.498615625676035 
71.0    L  0.000000000000000  0.000000000000000  0.000000000000000  0.000000000000000  0.000000000000000  0.000000000000000  0.000000000000000  0.000000000000000  0.000000000000000  0.647072827241427  0.000000000000000  0.000000000000000  0.353063601096189  0.000000000000000  0.000000000000000  0.000000000000000  0.000000000000000  0.000000000000000  0.000000000000000  0.000000000000000  1.000000000000000  0.000000000000000  0.000000000000000  0.000000000000000  0.000000000000000  1.000000000000000  0.000000000000000  0.355026839635857  1.000000000000000  0.498615625676035 
72.0    K  0.000000000000000  0.000000000000000  0.123193667117421  0.629378586752429  0.000000000000000  0.000000000000000  0.000000000000000  0.000000000000000  0.153360622156726  0.000000000000000  0.000000000000000  0.000000000000000  0.000000000000000  0.000000000000000  0.000000000000000  0.000000000000000  0.000000000000000  0.094077921713192  0.000000000000000  0.000000000000000  0.876605721316035  0.123193667117421  0.000000000000000  0.500000000000000  0.500000000000000  0.000000000000000  0.000000000000000  0.314689293376214  0.498615625676035  1.000000000000000 
73.0    D  0.211246596103128  0.000000000000000  0.153360622156726  0.000000000000000  0.000000000000000  0.000000000000000  0.000000000000000  0.000000000000000  0.000000000000000  0.000000000000000  0.000000000000000  0.000000000000000  0.000000000000000  0.000000000000000  0.000000000000000  0.000000000000000  0.000000000000000  0.635515844652833  0.000000000000000  0.000000000000000  1.000000000000000  0.000000000000000  0.000000000000000  0.000000000000000  0.000000000000000  0.000000000000000  0.000000000000000  0.314689293376214  1.000000000000000  1.000000000000000 
74.0    E  0.000000000000000  0.000000000000000  0.000000000000000  1.000000000000000  0.000000000000000  0.000000000000000  0.000000000000000  0.000000000000000  0.000000000000000  0.000000000000000  0.000000000000000  0.000000000000000  0.000000000000000  0.000000000000000  0.000000000000000  0.000000000000000  0.000000000000000  0.000000000000000  0.000000000000000  0.000000000000000  1.000000000000000  0.000000000000000  0.000000000000000  0.000000000000000  0.000000000000000  0.000000000000000  0.000000000000000  0.314689293376214  1.000000000000000  1.000000000000000 
75.0    C  0.000000000000000  1.000000000000000  0.000000000000000  0.000000000000000  0.000000000000000  0.000000000000000  0.000000000000000  0.000000000000000  0.000000000000000  0.000000000000000  0.000000000000000  0.000000000000000  0.000000000000000  0.000000000000000  0.000000000000000  0.000000000000000  0.000000000000000  0.000000000000000  0.000000000000000  0.000000000000000  1.000000000000000  0.000000000000000  0.000000000000000  0.000000000000000  0.000000000000000  0.000000000000000  0.000000000000000  0.314689293376214  1.000000000000000  1.000000000000000 
76.0    A  1.000000000000000  0.000000000000000  0.000000000000000  0.000000000000000  0.000000000000000  0.000000000000000  0.000000000000000  0.000000000000000  0.000000000000000  0.000000000000000  0.000000000000000  0.000000000000000  0.000000000000000  0.000000000000000  0.000000000000000  0.000000000000000  0.000000000000000  0.000000000000000  0.000000000000000  0.000000000000000  0.153360622156726  0.846745312362527  0.000000000000000  1.000000000000000  0.000000000000000  0.000000000000000  0.000000000000000  0.314689293376214  0.424548123223420  1.000000000000000 
77.0    Q  0.000000000000000  0.000000000000000  0.000000000000000  0.143985955293670  0.000000000000000  0.000000000000000  0.000000000000000  0.000000000000000  0.000000000000000  0.000000000000000  0.000000000000000  0.000000000000000  0.000000000000000  0.856188284546457  0.000000000000000  0.000000000000000  0.000000000000000  0.000000000000000  0.000000000000000  0.000000000000000  1.000000000000000  0.000000000000000  0.000000000000000  0.000000000000000  0.000000000000000  0.000000000000000  0.000000000000000  0.304602565918798  1.000000000000000  1.000000000000000 
78.0    L  0.000000000000000  0.000000000000000  0.000000000000000  0.000000000000000  0.073403873200853  0.000000000000000  0.000000000000000  0.073403873200853  0.000000000000000  0.853226098112067  0.000000000000000  0.000000000000000  0.000000000000000  0.000000000000000  0.000000000000000  0.000000000000000  0.000000000000000  0.000000000000000  0.000000000000000  0.000000000000000  1.000000000000000  0.000000000000000  0.000000000000000  0.000000000000000  0.000000000000000  0.000000000000000  0.000000000000000  0.304602565918798  1.000000000000000  1.000000000000000 
79.0    R  0.000000000000000  0.000000000000000  0.000000000000000  0.000000000000000  0.000000000000000  0.000000000000000  0.000000000000000  0.000000000000000  0.000000000000000  0.000000000000000  0.000000000000000  0.000000000000000  0.000000000000000  0.000000000000000  1.000000000000000  0.000000000000000  0.000000000000000  0.000000000000000  0.000000000000000  0.000000000000000  1.000000000000000  0.000000000000000  0.000000000000000  0.000000000000000  0.000000000000000  0.000000000000000  0.000000000000000  0.304602565918798  1.000000000000000  1.000000000000000 
80.0    R  0.000000000000000  0.000000000000000  0.000000000000000  0.000000000000000  0.000000000000000  0.000000000000000  0.000000000000000  0.000000000000000  0.074686950303549  0.126920762608679  0.000000000000000  0.146909541052471  0.000000000000000  0.000000000000000  0.651573574681647  0.000000000000000  0.000000000000000  0.000000000000000  0.000000000000000  0.000000000000000  1.000000000000000  0.000000000000000  0.000000000000000  0.000000000000000  0.000000000000000  0.000000000000000  0.000000000000000  0.304602565918798  1.000000000000000  1.000000000000000 
81.0    I  0.000000000000000  0.000000000000000  0.000000000000000  0.000000000000000  0.260075066630496  0.000000000000000  0.000000000000000  0.740206649000025  0.000000000000000  0.000000000000000  0.000000000000000  0.000000000000000  0.000000000000000  0.000000000000000  0.000000000000000  0.000000000000000  0.000000000000000  0.000000000000000  0.000000000000000  0.000000000000000  1.000000000000000  0.000000000000000  0.000000000000000  0.000000000000000  0.000000000000000  0.000000000000000  0.000000000000000  0.304602565918798  1.000000000000000  1.000000000000000 
82.0    G  0.000000000000000  0.000000000000000  0.000000000000000  0.000000000000000  0.000000000000000  1.000000000000000  0.000000000000000  0.000000000000000  0.000000000000000  0.000000000000000  0.000000000000000  0.000000000000000  0.000000000000000  0.000000000000000  0.000000000000000  0.000000000000000  0.000000000000000  0.000000000000000  0.000000000000000  0.000000000000000  1.000000000000000  0.000000000000000  0.000000000000000  0.000000000000000  0.000000000000000  0.000000000000000  0.000000000000000  0.304602565918798  1.000000000000000  1.000000000000000 
83.0    D  0.000000000000000  0.000000000000000  1.000000000000000  0.000000000000000  0.000000000000000  0.000000000000000  0.000000000000000  0.000000000000000  0.000000000000000  0.000000000000000  0.000000000000000  0.000000000000000  0.000000000000000  0.000000000000000  0.000000000000000  0.000000000000000  0.000000000000000  0.000000000000000  0.000000000000000  0.000000000000000  1.000000000000000  0.000000000000000  0.000000000000000  0.000000000000000  0.000000000000000  0.000000000000000  0.000000000000000  0.304602565918798  1.000000000000000  1.000000000000000 
84.0    K  0.000000000000000  0.000000000000000  0.000000000000000  0.000000000000000  0.000000000000000  0.000000000000000  0.000000000000000  0.000000000000000  0.853226098112067  0.146909541052471  0.000000000000000  0.000000000000000  0.000000000000000  0.000000000000000  0.000000000000000  0.000000000000000  0.000000000000000  0.000000000000000  0.000000000000000  0.000000000000000  1.000000000000000  0.000000000000000  0.000000000000000  0.000000000000000  0.000000000000000  0.000000000000000  0.000000000000000  0.304602565918798  1.000000000000000  1.000000000000000 
85.0    V  0.143985955293670  0.126920762608679  0.000000000000000  0.000000000000000  0.000000000000000  0.000000000000000  0.000000000000000  0.000000000000000  0.000000000000000  0.632439771176968  0.000000000000000  0.000000000000000  0.000000000000000  0.000000000000000  0.000000000000000  0.000000000000000  0.000000000000000  0.096722812096399  0.000000000000000  0.000000000000000  1.000000000000000  0.000000000000000  0.000000000000000  0.000000000000000  0.000000000000000  0.000000000000000  0.000000000000000  0.304602565918798  1.000000000000000  1.000000000000000 
86.0    N  0.000000000000000  0.000000000000000  0.270931491711195  0.000000000000000  0.000000000000000  0.000000000000000  0.000000000000000  0.000000000000000  0.000000000000000  0.000000000000000  0.000000000000000  0.729004689408289  0.000000000000000  0.000000000000000  0.000000000000000  0.000000000000000  0.000000000000000  0.000000000000000  0.000000000000000  0.000000000000000  1.000000000000000  0.000000000000000  0.000000000000000  0.000000000000000  0.000000000000000  0.000000000000000  0.000000000000000  0.304602565918798  1.000000000000000  1.000000000000000 
87.0    L  0.000000000000000  0.000000000000000  0.000000000000000  0.000000000000000  0.485653747770817  0.000000000000000  0.000000000000000  0.000000000000000  0.000000000000000  0.240648610775438  0.000000000000000  0.000000000000000  0.000000000000000  0.000000000000000  0.000000000000000  0.000000000000000  0.000000000000000  0.126920762608679  0.146909541052471  0.000000000000000  1.000000000000000  0.000000000000000  0.000000000000000  0.000000000000000  0.000000000000000  0.000000000000000  0.000000000000000  0.304602565918798  1.000000000000000  1.000000000000000 
88.0    R  0.000000000000000  0.000000000000000  0.000000000000000  0.000000000000000  0.000000000000000  0.000000000000000  0.000000000000000  0.000000000000000  0.273763117698394  0.000000000000000  0.000000000000000  0.000000000000000  0.000000000000000  0.143985955293670  0.582366793234228  0.000000000000000  0.000000000000000  0.000000000000000  0.000000000000000  0.000000000000000  1.000000000000000  0.000000000000000  0.000000000000000  0.000000000000000  0.000000000000000  0.000000000000000  0.000000000000000  0.304602565918798  1.000000000000000  1.000000000000000 
89.0    Q  0.000000000000000  0.000000000000000  0.000000000000000  0.000000000000000  0.000000000000000  0.000000000000000  0.000000000000000  0.000000000000000  0.000000000000000  0.000000000000000  0.000000000000000  0.000000000000000  0.000000000000000  0.853226098112067  0.000000000000000  0.000000000000000  0.000000000000000  0.000000000000000  0.000000000000000  0.146909541052471  1.000000000000000  0.000000000000000  0.000000000000000  0.000000000000000  0.000000000000000  0.000000000000000  0.000000000000000  0.304602565918798  1.000000000000000  1.000000000000000 
90.0    K  0.000000000000000  0.000000000000000  0.000000000000000  0.000000000000000  0.000000000000000  0.000000000000000  0.000000000000000  0.000000000000000  0.872967591133763  0.000000000000000  0.000000000000000  0.126920762608679  0.000000000000000  0.000000000000000  0.000000000000000  0.000000000000000  0.000000000000000  0.000000000000000  0.000000000000000  0.000000000000000  1.000000000000000  0.000000000000000  0.000000000000000  0.000000000000000  0.000000000000000  0.000000000000000  0.000000000000000  0.304602565918798  1.000000000000000  1.000000000000000 
91.0    L  0.000000000000000  0.000000000000000  0.000000000000000  0.000000000000000  0.000000000000000  0.000000000000000  0.000000000000000  0.000000000000000  0.000000000000000  0.856188284546457  0.000000000000000  0.000000000000000  0.000000000000000  0.000000000000000  0.000000000000000  0.000000000000000  0.000000000000000  0.143985955293670  0.000000000000000  0.000000000000000  1.000000000000000  0.000000000000000  0.000000000000000  0.000000000000000  0.000000000000000  0.000000000000000  0.000000000000000  0.304602565918798  1.000000000000000  1.000000000000000 
92.0    L  0.000000000000000  0.000000000000000  0.000000000000000  0.000000000000000  0.000000000000000  0.000000000000000  0.000000000000000  0.000000000000000  0.000000000000000  0.794434400096105  0.000000000000000  0.000000000000000  0.000000000000000  0.126920762608679  0.000000000000000  0.000000000000000  0.000000000000000  0.078726873746712  0.000000000000000  0.000000000000000  1.000000000000000  0.000000000000000  0.000000000000000  0.000000000000000  0.000000000000000  0.000000000000000  0.000000000000000  0.304602565918798  1.000000000000000  1.000000000000000 
93.0    N  0.000000000000000  0.000000000000000  0.000000000000000  0.146909541052471  0.000000000000000  0.000000000000000  0.000000000000000  0.000000000000000  0.000000000000000  0.000000000000000  0.000000000000000  0.853226098112067  0.000000000000000  0.000000000000000  0.000000000000000  0.000000000000000  0.000000000000000  0.000000000000000  0.000000000000000  0.000000000000000  1.000000000000000  0.000000000000000  0.000000000000000  0.000000000000000  0.000000000000000  0.000000000000000  0.000000000000000  0.304602565918798  1.000000000000000  1.000000000000000 
94.0    L  0.000000000000000  0.000000000000000  0.000000000000000  0.000000000000000  0.000000000000000  0.000000000000000  0.000000000000000  0.000000000000000  0.000000000000000  1.000000000000000  0.000000000000000  0.000000000000000  0.000000000000000  0.000000000000000  0.000000000000000  0.000000000000000  0.000000000000000  0.000000000000000  0.000000000000000  0.000000000000000  1.000000000000000  0.000000000000000  0.000000000000000  0.000000000000000  0.000000000000000  0.000000000000000  0.000000000000000  0.304602565918798  1.000000000000000  1.000000000000000 
95.0    I  0.000000000000000  0.000000000000000  0.000000000000000  0.000000000000000  0.000000000000000  0.000000000000000  0.000000000000000  0.798298386356650  0.000000000000000  0.201520707873242  0.000000000000000  0.000000000000000  0.000000000000000  0.000000000000000  0.000000000000000  0.000000000000000  0.000000000000000  0.000000000000000  0.000000000000000  0.000000000000000  1.000000000000000  0.000000000000000  0.000000000000000  0.000000000000000  0.000000000000000  0.000000000000000  0.000000000000000  0.304602565918798  1.000000000000000  1.000000000000000 
96.0    S  0.336108748538157  0.000000000000000  0.000000000000000  0.000000000000000  0.000000000000000  0.000000000000000  0.000000000000000  0.000000000000000  0.000000000000000  0.000000000000000  0.000000000000000  0.000000000000000  0.000000000000000  0.000000000000000  0.000000000000000  0.372936006672866  0.143985955293670  0.146909541052471  0.000000000000000  0.000000000000000  1.000000000000000  0.000000000000000  0.000000000000000  0.000000000000000  0.000000000000000  0.000000000000000  0.000000000000000  0.304602565918798  1.000000000000000  1.000000000000000 
97.0    K  0.000000000000000  0.000000000000000  0.000000000000000  0.000000000000000  0.000000000000000  0.000000000000000  0.000000000000000  0.000000000000000  0.853226098112067  0.000000000000000  0.000000000000000  0.000000000000000  0.000000000000000  0.000000000000000  0.000000000000000  0.000000000000000  0.146909541052471  0.000000000000000  0.000000000000000  0.000000000000000  1.000000000000000  0.000000000000000  0.000000000000000  0.000000000000000  0.000000000000000  0.000000000000000  0.000000000000000  0.304602565918798  1.000000000000000  1.000000000000000 
98.0    L  0.000000000000000  0.000000000000000  0.000000000000000  0.000000000000000  0.000000000000000  0.000000000000000  0.000000000000000  0.000000000000000  0.000000000000000  1.000000000000000  0.000000000000000  0.000000000000000  0.000000000000000  0.000000000000000  0.000000000000000  0.000000000000000  0.000000000000000  0.000000000000000  0.000000000000000  0.000000000000000  1.000000000000000  0.000000000000000  0.000000000000000  0.000000000000000  0.000000000000000  0.000000000000000  0.000000000000000  0.304602565918798  1.000000000000000  1.000000000000000 
99.0    F  0.000000000000000  0.000000000000000  0.000000000000000  0.000000000000000  0.829319545814442  0.000000000000000  0.000000000000000  0.000000000000000  0.000000000000000  0.085259239679960  0.000000000000000  0.000000000000000  0.000000000000000  0.000000000000000  0.000000000000000  0.085259239679960  0.000000000000000  0.000000000000000  0.000000000000000  0.000000000000000  1.000000000000000  0.000000000000000  0.000000000000000  0.000000000000000  0.000000000000000  0.000000000000000  0.000000000000000  0.315563008028029  1.000000000000000  1.000000000000000 
100.0    N  0.000000000000000  0.296273192735396  0.000000000000000  0.000000000000000  0.000000000000000  0.000000000000000  0.000000000000000  0.000000000000000  0.000000000000000  0.000000000000000  0.000000000000000  0.154856087222989  0.000000000000000  0.000000000000000  0.463615273217731  0.085259239679960  0.000000000000000  0.000000000000000  0.000000000000000  0.000000000000000  1.000000000000000  0.000000000000000  0.000000000000000  0.000000000000000  0.000000000000000  0.000000000000000  0.000000000000000  0.315563008028029  1.000000000000000  1.000000000000000 
101.0    L  0.000000000000000  0.000000000000000  0.000000000000000  0.000000000000000  0.000000000000000  0.000000000000000  0.000000000000000  0.000000000000000  0.000000000000000  0.262429170905767  0.000000000000000  0.000000000000000  0.122088566120278  0.000000000000000  0.000000000000000  0.615572206672458  0.000000000000000  0.000000000000000  0.000000000000000  0.000000000000000  1.000000000000000  0.000000000000000  0.000000000000000  0.000000000000000  0.000000000000000  0.000000000000000  0.000000000000000  0.315563008028029  1.000000000000000  1.000000000000000 
102.0    V  0.000000000000000  0.000000000000000  0.000000000000000  0.000000000000000  0.000000000000000  0.796640096285583  0.000000000000000  0.000000000000000  0.000000000000000  0.000000000000000  0.000000000000000  0.000000000000000  0.000000000000000  0.000000000000000  0.000000000000000  0.000000000000000  0.000000000000000  0.203063099089059  0.000000000000000  0.000000000000000  1.000000000000000  0.000000000000000  0.000000000000000  0.000000000000000  0.000000000000000  0.000000000000000  0.000000000000000  0.359733395002705  1.000000000000000  1.000000000000000 
103.0    T  0.000000000000000  0.000000000000000  0.000000000000000  0.000000000000000  0.000000000000000  0.000000000000000  0.000000000000000  0.000000000000000  0.000000000000000  0.000000000000000  0.000000000000000  0.000000000000000  0.000000000000000  0.000000000000000  0.000000000000000  0.000000000000000  1.000000000000000  0.000000000000000  0.000000000000000  0.000000000000000  1.000000000000000  0.000000000000000  0.000000000000000  1.000000000000000  0.000000000000000  0.000000000000000  0.000000000000000  0.359733395002705  1.000000000000000  1.000000000000000 
