No:  residues  hmm_col_1  hmm_col_2  hmm_col_3  hmm_col_4  hmm_col_5  hmm_col_6  hmm_col_7  hmm_col_8  hmm_col_9  hmm_col_10  hmm_col_11  hmm_col_12  hmm_col_13  hmm_col_14  hmm_col_15  hmm_col_16  hmm_col_17  hmm_col_18  hmm_col_19  hmm_col_20  hmm_col_21   hmm_col_22   hmm_col_23   hmm_col_24   hmm_col_25   hmm_col_26   hmm_col_27   hmm_col_28   hmm_col_29   hmm_col_30   
1.0    R  0.000000000000000  0.000000000000000  0.000000000000000  0.000000000000000  0.000000000000000  0.000000000000000  0.000000000000000  0.000000000000000  0.000000000000000  0.000000000000000  0.000000000000000  0.000000000000000  0.000000000000000  0.000000000000000  1.000000000000000  0.000000000000000  0.000000000000000  0.000000000000000  0.000000000000000  0.000000000000000  1.000000000000000  0.000000000000000  0.000000000000000  0.000000000000000  0.000000000000000  0.000000000000000  0.000000000000000  0.500000000000000  1.000000000000000  1.000000000000000 
2.0    R  0.042101049277053  0.000000000000000  0.041206050452886  0.067078767899591  0.000000000000000  0.000000000000000  0.105696535922190  0.080996310339583  0.104241380478121  0.011565728890625  0.000000000000000  0.055977854380678  0.000000000000000  0.123792858991628  0.330792859977030  0.008178205327926  0.000000000000000  0.012673861805891  0.000000000000000  0.015635834179103  0.972654947412286  0.027565355162412  0.000000000000000  0.044378354954482  0.955945317593742  0.000000000000000  0.000000000000000  0.019709022012988  0.409518348929914  1.000000000000000 
3.0    L  0.000000000000000  0.000000000000000  0.000000000000000  0.000000000000000  0.052958277184132  0.000000000000000  0.000000000000000  0.237335530237630  0.000000000000000  0.195602945434128  0.109575715164504  0.011509747545441  0.016153605253874  0.084435880283477  0.000000000000000  0.019873640730368  0.018148573936339  0.242826873885408  0.000000000000000  0.011565728890625  1.000000000000000  0.000000000000000  0.000000000000000  0.000000000000000  0.000000000000000  0.000000000000000  0.000000000000000  0.017241152188156  1.000000000000000  1.000000000000000 
4.0    K  0.058476468614463  0.000000000000000  0.037969899747032  0.196963471512337  0.000000000000000  0.051868411599374  0.020489093972119  0.000000000000000  0.276432663330067  0.000000000000000  0.000000000000000  0.136313466583157  0.000000000000000  0.030819772015417  0.073302184326992  0.037786114869793  0.079439480581604  0.000000000000000  0.000000000000000  0.000000000000000  1.000000000000000  0.000000000000000  0.000000000000000  0.000000000000000  0.000000000000000  0.000000000000000  0.000000000000000  0.015832139064986  1.000000000000000  1.000000000000000 
5.0    V  0.144786600774330  0.000000000000000  0.000000000000000  0.000000000000000  0.000000000000000  0.000000000000000  0.037996227599472  0.037265902260332  0.046876218415182  0.052084575447451  0.000000000000000  0.000000000000000  0.000000000000000  0.013677989526473  0.116871899718932  0.064346255214625  0.168520966467132  0.301034345307854  0.000000000000000  0.016700093612672  1.000000000000000  0.000000000000000  0.000000000000000  0.000000000000000  0.000000000000000  0.000000000000000  0.000000000000000  0.015324671937321  1.000000000000000  1.000000000000000 
6.0    T  0.096655792181915  0.000000000000000  0.000000000000000  0.016345077184258  0.000000000000000  0.000000000000000  0.000000000000000  0.072393300387165  0.057992092279455  0.295043585834050  0.060162152693859  0.013129902378645  0.000000000000000  0.000000000000000  0.024180703024100  0.105696535922190  0.187115373349086  0.048697786228781  0.000000000000000  0.022577037467555  1.000000000000000  0.000000000000000  0.000000000000000  0.000000000000000  0.000000000000000  0.000000000000000  0.000000000000000  0.015388538170243  1.000000000000000  1.000000000000000 
7.0    G  0.196010113518935  0.004480886813383  0.007401328676557  0.020876157474845  0.000000000000000  0.074738737298508  0.000000000000000  0.009290680585959  0.075415244982548  0.036957218757629  0.018736561152986  0.094732285406900  0.000000000000000  0.029036271070341  0.069300040225192  0.154963462492373  0.178624267467637  0.029462016747445  0.000000000000000  0.000000000000000  1.000000000000000  0.000000000000000  0.000000000000000  0.000000000000000  0.000000000000000  0.000000000000000  0.000000000000000  0.014498023069864  1.000000000000000  1.000000000000000 
8.0    D  0.021182255106250  0.012841877926482  0.087111077417967  0.072393300387165  0.000000000000000  0.006288797950165  0.009118422670457  0.000000000000000  0.127892183716804  0.000000000000000  0.000000000000000  0.189990607050190  0.000000000000000  0.082126976696836  0.280097303548544  0.036574957546081  0.044255482444204  0.007396200244037  0.000000000000000  0.022939853688033  1.000000000000000  0.000000000000000  0.000000000000000  0.000000000000000  0.000000000000000  0.000000000000000  0.000000000000000  0.014498023069864  1.000000000000000  1.000000000000000 
9.0    L  0.075415244982548  0.014397877909355  0.000000000000000  0.000000000000000  0.011841535675862  0.000000000000000  0.000000000000000  0.230525779478158  0.000000000000000  0.577542892276792  0.015239929086369  0.000000000000000  0.000000000000000  0.000000000000000  0.000000000000000  0.000000000000000  0.011998517732048  0.063022028430912  0.000000000000000  0.000000000000000  1.000000000000000  0.000000000000000  0.000000000000000  0.000000000000000  0.000000000000000  0.000000000000000  0.000000000000000  0.014219356626264  1.000000000000000  1.000000000000000 
10.0    F  0.014771908074230  0.000000000000000  0.000000000000000  0.000000000000000  0.892546971472977  0.000000000000000  0.021838233935173  0.000000000000000  0.000000000000000  0.000000000000000  0.035402621415494  0.000000000000000  0.000000000000000  0.000000000000000  0.000000000000000  0.014649548382142  0.000000000000000  0.000000000000000  0.004889829916617  0.015668381810954  1.000000000000000  0.000000000000000  0.000000000000000  0.000000000000000  0.000000000000000  0.000000000000000  0.000000000000000  0.014219356626264  1.000000000000000  1.000000000000000 
11.0    D  0.009277809891199  0.000000000000000  0.403600537252382  0.289974913626359  0.000000000000000  0.018440224114628  0.000000000000000  0.000000000000000  0.064659223844932  0.000000000000000  0.000000000000000  0.115183023274838  0.000000000000000  0.026793001144818  0.025559439329931  0.037240080455439  0.009355302379835  0.000000000000000  0.000000000000000  0.000000000000000  1.000000000000000  0.000000000000000  0.000000000000000  0.000000000000000  0.000000000000000  0.000000000000000  0.000000000000000  0.014219356626264  1.000000000000000  1.000000000000000 
12.0    I  0.005707204603694  0.019103754338939  0.000000000000000  0.000000000000000  0.010145614083827  0.000000000000000  0.014091802787223  0.591725510876286  0.000000000000000  0.154856087222989  0.014649548382142  0.000000000000000  0.000000000000000  0.000000000000000  0.000000000000000  0.014397877909355  0.044904380517002  0.114864110434881  0.000000000000000  0.015668381810954  1.000000000000000  0.000000000000000  0.000000000000000  0.000000000000000  0.000000000000000  0.000000000000000  0.000000000000000  0.014219356626264  1.000000000000000  1.000000000000000 
13.0    M  0.134436798807172  0.000000000000000  0.000000000000000  0.000000000000000  0.000000000000000  0.000000000000000  0.000000000000000  0.130670012525646  0.000000000000000  0.527411158534031  0.117766409238101  0.000000000000000  0.000000000000000  0.000000000000000  0.000000000000000  0.009030364894959  0.015155654849090  0.065652784000672  0.000000000000000  0.000000000000000  0.948026965128645  0.051868411599374  0.000000000000000  1.000000000000000  0.000000000000000  0.000000000000000  0.000000000000000  0.014219356626264  0.409518348929914  1.000000000000000 
14.0    S  0.000000000000000  0.000000000000000  0.034506213973847  0.000000000000000  0.000000000000000  0.000000000000000  0.000000000000000  0.000000000000000  0.000000000000000  0.000000000000000  0.000000000000000  0.012438876543418  0.000000000000000  0.000000000000000  0.007144258511718  0.831622098374906  0.114149781251499  0.000000000000000  0.000000000000000  0.000000000000000  0.976031760776225  0.023650262390150  0.000000000000000  1.000000000000000  0.000000000000000  0.000000000000000  0.000000000000000  0.014013877494719  0.463615273217731  1.000000000000000 
15.0    G  0.185951720304313  0.000000000000000  0.088021514182005  0.060078808024298  0.000000000000000  0.168404197108211  0.000000000000000  0.000000000000000  0.000000000000000  0.000000000000000  0.000000000000000  0.094601049560599  0.000000000000000  0.000000000000000  0.000000000000000  0.354043859553636  0.049002528379734  0.000000000000000  0.000000000000000  0.000000000000000  0.991029563264079  0.009213723377041  0.000000000000000  0.250000000000000  0.750019494642909  0.000000000000000  0.000000000000000  0.014013877494719  0.497579860910041  1.000000000000000 
16.0    Q  0.000000000000000  0.000000000000000  0.000000000000000  0.050942020775164  0.000000000000000  0.000000000000000  0.005023818294651  0.000000000000000  0.113282742283417  0.039968299414920  0.010627897284422  0.212568540016049  0.014387901518829  0.258995690890005  0.212126975426474  0.022405550750247  0.043980261728919  0.015581738302376  0.000000000000000  0.000000000000000  1.000000000000000  0.000000000000000  0.000000000000000  0.333324669272800  0.666649338545599  0.000000000000000  0.000000000000000  0.013888166893228  0.496202187342909  1.000000000000000 
17.0    T  0.000000000000000  0.000000000000000  0.000000000000000  0.021255794568843  0.034554082916258  0.036600318163088  0.000000000000000  0.028222703442244  0.042217940141739  0.000000000000000  0.000000000000000  0.021657341963288  0.013555291986751  0.060748811748835  0.000000000000000  0.416387885440275  0.306296332976169  0.000000000000000  0.000000000000000  0.018401918587422  0.986232704493359  0.013555291986751  0.000000000000000  1.000000000000000  0.000000000000000  0.000000000000000  0.000000000000000  0.013801797679398  0.487339815445774  1.000000000000000 
18.0    D  0.052120690239060  0.000000000000000  0.306721244313451  0.154427329640866  0.000000000000000  0.008943157504677  0.013994463595170  0.000000000000000  0.037864770638445  0.000000000000000  0.000000000000000  0.120157616048595  0.075939799494064  0.110951417158687  0.022498926851792  0.030777076340486  0.000000000000000  0.043767385027725  0.000000000000000  0.021777769354492  1.000000000000000  0.000000000000000  0.000000000000000  0.000000000000000  0.000000000000000  0.000000000000000  0.000000000000000  0.012985091587401  1.000000000000000  1.000000000000000 
19.0    V  0.025790794016021  0.000000000000000  0.000000000000000  0.000000000000000  0.013248749447393  0.000000000000000  0.000000000000000  0.468136123717246  0.000000000000000  0.065561832973434  0.017086491523197  0.000000000000000  0.000000000000000  0.000000000000000  0.011102281587354  0.033423346496414  0.000000000000000  0.338446569763115  0.000000000000000  0.027223568504446  1.000000000000000  0.000000000000000  0.000000000000000  0.000000000000000  0.000000000000000  0.000000000000000  0.000000000000000  0.012985091587401  1.000000000000000  1.000000000000000 
20.0    D  0.000000000000000  0.000000000000000  0.732042847972813  0.107544078826430  0.000000000000000  0.000000000000000  0.000000000000000  0.000000000000000  0.026168952734638  0.000000000000000  0.000000000000000  0.052884912287518  0.000000000000000  0.013248749447393  0.013677989526473  0.010223266183242  0.014101573866600  0.018186352100033  0.011816937478781  0.000000000000000  1.000000000000000  0.000000000000000  0.000000000000000  0.000000000000000  0.000000000000000  0.000000000000000  0.000000000000000  0.012985091587401  1.000000000000000  1.000000000000000 
21.0    H  0.033423346496414  0.000000000000000  0.000000000000000  0.000000000000000  0.037969899747032  0.026150820083856  0.594603557501361  0.000000000000000  0.000000000000000  0.027223568504446  0.000000000000000  0.000000000000000  0.000000000000000  0.096655792181915  0.008144263756571  0.032894723584670  0.014101573866600  0.013677989526473  0.000000000000000  0.115183023274838  1.000000000000000  0.000000000000000  0.000000000000000  0.000000000000000  0.000000000000000  0.000000000000000  0.000000000000000  0.012985091587401  1.000000000000000  1.000000000000000 
22.0    P  0.000000000000000  0.000000000000000  0.000000000000000  0.000000000000000  0.000000000000000  0.000000000000000  0.000000000000000  0.000000000000000  0.000000000000000  0.000000000000000  0.000000000000000  0.000000000000000  0.982139595263391  0.000000000000000  0.000000000000000  0.018186352100033  0.000000000000000  0.000000000000000  0.000000000000000  0.000000000000000  1.000000000000000  0.000000000000000  0.000000000000000  0.000000000000000  0.000000000000000  0.000000000000000  0.000000000000000  0.012985091587401  1.000000000000000  1.000000000000000 
23.0    L  0.000000000000000  0.000000000000000  0.000000000000000  0.000000000000000  0.000000000000000  0.000000000000000  0.000000000000000  0.147624082678691  0.000000000000000  0.558256480991286  0.095855166229568  0.000000000000000  0.000000000000000  0.000000000000000  0.000000000000000  0.000000000000000  0.000000000000000  0.198196034152571  0.000000000000000  0.000000000000000  1.000000000000000  0.000000000000000  0.000000000000000  0.000000000000000  0.000000000000000  0.000000000000000  0.000000000000000  0.012967102899843  1.000000000000000  1.000000000000000 
24.0    C  0.000000000000000  0.961260928388761  0.000000000000000  0.000000000000000  0.000000000000000  0.000000000000000  0.000000000000000  0.000000000000000  0.000000000000000  0.000000000000000  0.000000000000000  0.000000000000000  0.000000000000000  0.000000000000000  0.000000000000000  0.038902319855693  0.000000000000000  0.000000000000000  0.000000000000000  0.000000000000000  1.000000000000000  0.000000000000000  0.000000000000000  0.000000000000000  0.000000000000000  0.000000000000000  0.000000000000000  0.012967102899843  1.000000000000000  1.000000000000000 
25.0    E  0.040808118346529  0.010351617320666  0.082640912821411  0.221595424798717  0.000000000000000  0.006310631075075  0.009739071830274  0.033146491917757  0.051260806949795  0.127538082406057  0.009055437124254  0.010308655552913  0.000000000000000  0.130942015887475  0.000000000000000  0.031315050158739  0.075729541276890  0.148444958259176  0.000000000000000  0.010753871887427  1.000000000000000  0.000000000000000  0.000000000000000  0.000000000000000  0.000000000000000  0.000000000000000  0.000000000000000  0.012967102899843  1.000000000000000  1.000000000000000 
26.0    E  0.028557232819669  0.000000000000000  0.302708270987638  0.596667871515861  0.000000000000000  0.018073252873520  0.008121714337307  0.000000000000000  0.000000000000000  0.000000000000000  0.000000000000000  0.010911551034902  0.000000000000000  0.000000000000000  0.000000000000000  0.025471010387582  0.000000000000000  0.009739071830274  0.000000000000000  0.000000000000000  1.000000000000000  0.000000000000000  0.000000000000000  0.000000000000000  0.000000000000000  0.000000000000000  0.000000000000000  0.012967102899843  1.000000000000000  1.000000000000000 
27.0    C  0.000000000000000  1.000000000000000  0.000000000000000  0.000000000000000  0.000000000000000  0.000000000000000  0.000000000000000  0.000000000000000  0.000000000000000  0.000000000000000  0.000000000000000  0.000000000000000  0.000000000000000  0.000000000000000  0.000000000000000  0.000000000000000  0.000000000000000  0.000000000000000  0.000000000000000  0.000000000000000  1.000000000000000  0.000000000000000  0.000000000000000  0.000000000000000  0.000000000000000  0.000000000000000  0.000000000000000  0.012967102899843  1.000000000000000  1.000000000000000 
28.0    T  0.201520707873242  0.083215725827273  0.000000000000000  0.000000000000000  0.000000000000000  0.018594245254792  0.000000000000000  0.000000000000000  0.000000000000000  0.009847682746742  0.106875272236497  0.000000000000000  0.013276328111541  0.000000000000000  0.000000000000000  0.090936292727172  0.441045682598588  0.034818551588104  0.000000000000000  0.000000000000000  1.000000000000000  0.000000000000000  0.000000000000000  0.000000000000000  0.000000000000000  0.000000000000000  0.000000000000000  0.012967102899843  1.000000000000000  1.000000000000000 
29.0    D  0.030691862351981  0.000000000000000  0.485653747770817  0.191710332459137  0.000000000000000  0.032217759962337  0.000000000000000  0.000000000000000  0.036071419297401  0.000000000000000  0.000000000000000  0.083446768955994  0.000000000000000  0.033516144275561  0.078183067507079  0.017738157846032  0.010753871887427  0.000000000000000  0.000000000000000  0.000000000000000  1.000000000000000  0.000000000000000  0.000000000000000  0.000000000000000  0.000000000000000  0.000000000000000  0.000000000000000  0.012967102899843  1.000000000000000  1.000000000000000 
30.0    T  0.090496135773722  0.008121714337307  0.000000000000000  0.016874633747389  0.000000000000000  0.018401918587422  0.011581773514085  0.074222479129588  0.020418207092081  0.277777182163773  0.063504383937106  0.042836962655616  0.000000000000000  0.069444295540943  0.035871950432969  0.107320679554719  0.102450575954690  0.041926319527571  0.008844522672740  0.009950605275988  1.000000000000000  0.000000000000000  0.000000000000000  0.000000000000000  0.000000000000000  0.000000000000000  0.000000000000000  0.012967102899843  1.000000000000000  1.000000000000000 
31.0    L  0.010979833595365  0.000000000000000  0.000000000000000  0.000000000000000  0.000000000000000  0.000000000000000  0.000000000000000  0.009618315729257  0.000000000000000  0.822450068712464  0.069733707645310  0.000000000000000  0.000000000000000  0.000000000000000  0.000000000000000  0.000000000000000  0.053586002289636  0.033819520141429  0.000000000000000  0.000000000000000  1.000000000000000  0.000000000000000  0.000000000000000  0.000000000000000  0.000000000000000  0.000000000000000  0.000000000000000  0.012967102899843  1.000000000000000  1.000000000000000 
32.0    L  0.011517728260087  0.000000000000000  0.010401965728409  0.000000000000000  0.000000000000000  0.000000000000000  0.000000000000000  0.155501456662309  0.009055437124254  0.437089310205187  0.057035343033966  0.000000000000000  0.000000000000000  0.000000000000000  0.040526236082844  0.103880732699206  0.037655384843587  0.137261601723381  0.000000000000000  0.000000000000000  1.000000000000000  0.000000000000000  0.000000000000000  0.000000000000000  0.000000000000000  0.000000000000000  0.000000000000000  0.012967102899843  1.000000000000000  1.000000000000000 
33.0    D  0.039664715188119  0.000000000000000  0.231647015472593  0.381829374490175  0.000000000000000  0.023019495090883  0.016030908520893  0.009446528717448  0.051118878659861  0.018010724168732  0.017349044275447  0.054146053525005  0.000000000000000  0.049652150006007  0.000000000000000  0.054484889971066  0.038606832410217  0.015030116479137  0.000000000000000  0.000000000000000  1.000000000000000  0.000000000000000  0.000000000000000  0.000000000000000  0.000000000000000  0.000000000000000  0.000000000000000  0.012967102899843  1.000000000000000  1.000000000000000 
34.0    Q  0.028775803037658  0.000000000000000  0.009840859218339  0.218696191226455  0.008980428500271  0.147726443366796  0.012586317047637  0.036574957546081  0.093622558401511  0.060664654360597  0.021255794568843  0.087231922757635  0.000000000000000  0.139467415290621  0.063065727115293  0.025612643988672  0.000000000000000  0.007541148631811  0.012886461697033  0.025471010387582  1.000000000000000  0.000000000000000  0.000000000000000  0.000000000000000  0.000000000000000  0.000000000000000  0.000000000000000  0.012967102899843  1.000000000000000  1.000000000000000 
35.0    L  0.000000000000000  0.000000000000000  0.000000000000000  0.000000000000000  0.031598502526603  0.000000000000000  0.000000000000000  0.027988927190339  0.011727180449331  0.564482202403066  0.261521234948132  0.000000000000000  0.000000000000000  0.000000000000000  0.000000000000000  0.000000000000000  0.000000000000000  0.030628106729433  0.000000000000000  0.072293011494080  1.000000000000000  0.000000000000000  0.000000000000000  0.000000000000000  0.000000000000000  0.000000000000000  0.000000000000000  0.012967102899843  1.000000000000000  1.000000000000000 
36.0    D  0.006791754375703  0.000000000000000  0.398872619904516  0.147215348699373  0.000000000000000  0.000000000000000  0.017397212784823  0.000000000000000  0.184667257947820  0.000000000000000  0.000000000000000  0.024467321758017  0.005859527301898  0.178129701768598  0.011841535675862  0.010322956294205  0.014558444207887  0.000000000000000  0.000000000000000  0.000000000000000  1.000000000000000  0.000000000000000  0.000000000000000  0.000000000000000  0.000000000000000  0.000000000000000  0.000000000000000  0.012931200251222  1.000000000000000  1.000000000000000 
37.0    T  0.073099229003247  0.000000000000000  0.066109435226152  0.031554728049896  0.018198962288570  0.031686233743438  0.007259067767585  0.000000000000000  0.231005643111706  0.075102253095428  0.000000000000000  0.060875266783953  0.000000000000000  0.153999759180720  0.086930123231874  0.082013203411998  0.074428553085311  0.007614684616340  0.000000000000000  0.000000000000000  1.000000000000000  0.000000000000000  0.000000000000000  0.000000000000000  0.000000000000000  0.000000000000000  0.000000000000000  0.012931200251222  1.000000000000000  1.000000000000000 
38.0    Q  0.000000000000000  0.011662331119507  0.029935475569459  0.236842517649817  0.000000000000000  0.000000000000000  0.032106294980593  0.000000000000000  0.107246316303586  0.000000000000000  0.010026764824710  0.000000000000000  0.000000000000000  0.404160434402784  0.136691932185579  0.000000000000000  0.031185084968720  0.000000000000000  0.000000000000000  0.000000000000000  1.000000000000000  0.000000000000000  0.000000000000000  0.000000000000000  0.000000000000000  0.000000000000000  0.000000000000000  0.012931200251222  1.000000000000000  1.000000000000000 
39.0    L  0.037291741969741  0.000000000000000  0.000000000000000  0.000000000000000  0.094404536597677  0.013039207518053  0.000000000000000  0.058435949859466  0.000000000000000  0.530711604474897  0.021914050791288  0.000000000000000  0.000000000000000  0.007758535120602  0.000000000000000  0.000000000000000  0.024843289092155  0.101461197622160  0.000000000000000  0.110185019738396  1.000000000000000  0.000000000000000  0.000000000000000  0.000000000000000  0.000000000000000  0.000000000000000  0.000000000000000  0.012931200251222  1.000000000000000  1.000000000000000 
40.0    N  0.074325444687670  0.000000000000000  0.150830489965095  0.288771446138396  0.009387781636929  0.030543305200338  0.007614684616340  0.036549614501623  0.077320779917948  0.034434534871144  0.000000000000000  0.041607862913637  0.000000000000000  0.045248067886861  0.108668070011253  0.033984012214215  0.040808118346529  0.019832357594059  0.000000000000000  0.000000000000000  0.991029563264079  0.000000000000000  0.009042892320235  0.000000000000000  0.000000000000000  0.000000000000000  0.000000000000000  0.012931200251222  1.000000000000000  1.000000000000000 
41.0    V  0.068726009332159  0.000000000000000  0.185822873053877  0.128514228332008  0.011710934388715  0.032419373017675  0.008716713455664  0.123450107680672  0.024705909893873  0.080047491333111  0.025612643988672  0.006838994763236  0.000000000000000  0.120658378108970  0.024877753086837  0.045468146363586  0.060120465916548  0.034172983046395  0.000000000000000  0.018198962288570  1.000000000000000  0.000000000000000  0.000000000000000  0.000000000000000  0.000000000000000  0.000000000000000  1.000000000000000  0.013021143861863  1.000000000000000  0.493800430722686 
42.0    T  0.329876977693224  0.000000000000000  0.000000000000000  0.011125392153102  0.000000000000000  0.003993861447695  0.000000000000000  0.020789516266886  0.000000000000000  0.145793671223558  0.017050998078983  0.018236845340914  0.000000000000000  0.011710934388715  0.000000000000000  0.060287386536509  0.226722582233286  0.154534407615119  0.000000000000000  0.000000000000000  1.000000000000000  0.000000000000000  0.000000000000000  0.000000000000000  0.000000000000000  0.000000000000000  1.000000000000000  0.013021143861863  1.000000000000000  0.493800430722686 
43.0    E  0.037343475151774  0.000000000000000  0.085023178275372  0.286379474494939  0.000000000000000  0.023115429832013  0.008716713455664  0.055977854380678  0.090183042928852  0.028855697210294  0.006354524985407  0.063724855187387  0.000000000000000  0.077643017611527  0.041063488348418  0.057273040292209  0.128158404736074  0.010040674511479  0.000000000000000  0.000000000000000  1.000000000000000  0.000000000000000  0.000000000000000  0.000000000000000  0.000000000000000  0.000000000000000  1.000000000000000  0.013021143861863  1.000000000000000  0.493800430722686 
44.0    N  0.061001985048514  0.011932167952818  0.091568804663209  0.129767408817882  0.000000000000000  0.045816148662163  0.018198962288570  0.000000000000000  0.244855074396732  0.015986522964601  0.000000000000000  0.051581588032041  0.000000000000000  0.022686848123498  0.164140140678019  0.088510964888409  0.030819772015417  0.009105790610426  0.000000000000000  0.014043048853297  1.000000000000000  0.000000000000000  0.000000000000000  0.000000000000000  0.000000000000000  0.000000000000000  1.000000000000000  0.013021143861863  1.000000000000000  0.493800430722686 
45.0    E  0.013322420183874  0.000000000000000  0.152195752332873  0.779164579660500  0.000000000000000  0.000000000000000  0.000000000000000  0.000000000000000  0.020905118043533  0.000000000000000  0.000000000000000  0.012770864507629  0.000000000000000  0.008832270055661  0.012976094126420  0.000000000000000  0.000000000000000  0.000000000000000  0.000000000000000  0.000000000000000  1.000000000000000  0.000000000000000  0.000000000000000  0.000000000000000  0.000000000000000  0.000000000000000  1.000000000000000  0.013021143861863  1.000000000000000  0.493800430722686 
46.0    C  0.009881871424640  0.149166967878965  0.000000000000000  0.021021362633154  0.000000000000000  0.000000000000000  0.000000000000000  0.085082132281217  0.142003658098336  0.041868237575870  0.000000000000000  0.042423280621250  0.000000000000000  0.010287241578588  0.343885454534936  0.012534080724258  0.017554685984869  0.059251685320540  0.048127323389754  0.016839580391307  1.000000000000000  0.000000000000000  0.000000000000000  0.000000000000000  0.000000000000000  0.000000000000000  1.000000000000000  0.013021143861863  1.000000000000000  0.493800430722686 
47.0    Q  0.051688960527704  0.000000000000000  0.390393246303696  0.107618648542363  0.000000000000000  0.006036801169125  0.011454037165541  0.000000000000000  0.160762185428825  0.009433442120988  0.000000000000000  0.032509383328812  0.000000000000000  0.096321388544801  0.072846324883410  0.039254449410735  0.014608987464866  0.007233953300995  0.000000000000000  0.000000000000000  0.988285651500733  0.011710934388715  0.000000000000000  0.333324669272800  0.666649338545599  0.000000000000000  1.000000000000000  0.013021143861863  0.485653747770817  0.493800430722686 
48.0    N  0.244515868361835  0.032871930600121  0.098277161517541  0.042836962655616  0.000000000000000  0.029935475569459  0.013499034178129  0.054071043161562  0.019873640730368  0.020123150461091  0.010474317121721  0.097530685021713  0.000000000000000  0.025435724533451  0.021853376292788  0.061767853218796  0.153679858406823  0.042335155546418  0.000000000000000  0.030991147835572  1.000000000000000  0.000000000000000  0.000000000000000  0.000000000000000  0.000000000000000  0.000000000000000  1.000000000000000  0.013267128850732  1.000000000000000  0.460732093099352 
49.0    Y  0.005742919282770  0.018325546081748  0.000000000000000  0.000000000000000  0.028775803037658  0.000000000000000  0.006881791985367  0.000000000000000  0.000000000000000  0.000000000000000  0.012806321994336  0.012656304275501  0.000000000000000  0.000000000000000  0.000000000000000  0.000000000000000  0.000000000000000  0.000000000000000  0.000000000000000  0.915099168127928  0.979420297586927  0.000000000000000  0.020560226953578  0.000000000000000  0.000000000000000  0.000000000000000  1.000000000000000  0.013267128850732  1.000000000000000  0.460732093099352 
50.0    K  0.067826835742613  0.000000000000000  0.005122273493030  0.096991356784357  0.031098741306878  0.000000000000000  0.017725866952124  0.081786129465938  0.131670129494355  0.058557590429527  0.039857637239955  0.074222479129588  0.005790886757042  0.071943093207985  0.074635199192162  0.050205874797315  0.067498534989555  0.125086673432823  0.000000000000000  0.000000000000000  1.000000000000000  0.000000000000000  0.000000000000000  1.000000000000000  0.000000000000000  0.770037174236072  0.229887511537915  0.013461658745500  0.467487598875728  0.414947292794991 
51.0    R  0.126394010106413  0.000000000000000  0.060748811748835  0.105696535922190  0.011670417633690  0.053734780390188  0.000000000000000  0.025347723611783  0.068535724286743  0.028696130071904  0.000000000000000  0.073658712988230  0.000000000000000  0.071446145963377  0.109575715164504  0.147317425976460  0.075887180274690  0.015646675870490  0.010117523428550  0.015495573917786  0.979420297586927  0.000000000000000  0.020574483157176  0.000000000000000  0.000000000000000  0.000000000000000  1.000000000000000  0.013012121420009  1.000000000000000  0.493800430722686 
52.0    C  0.011171757705951  0.159873197659679  0.000000000000000  0.000000000000000  0.482968164462423  0.000000000000000  0.022173802440631  0.013340901787363  0.000000000000000  0.042423280621250  0.000000000000000  0.000000000000000  0.000000000000000  0.000000000000000  0.000000000000000  0.018123432101647  0.000000000000000  0.000000000000000  0.015690117863109  0.234068061858623  0.992404374685819  0.000000000000000  0.007509851003037  0.000000000000000  0.000000000000000  0.000000000000000  1.000000000000000  0.013276328111541  1.000000000000000  0.443805668634749 
53.0    L  0.000000000000000  0.000000000000000  0.010503398391817  0.067826835742613  0.000000000000000  0.000000000000000  0.010251650426500  0.018645870984871  0.014209503934386  0.800514810656303  0.030628106729433  0.000000000000000  0.000000000000000  0.011776053980925  0.000000000000000  0.000000000000000  0.000000000000000  0.017229205672952  0.008686555918102  0.009565128065627  0.988285651500733  0.000000000000000  0.011990203875007  0.000000000000000  0.000000000000000  0.000000000000000  1.000000000000000  0.013285533751003  1.000000000000000  0.427501088945986 
54.0    E  0.049652150006007  0.000000000000000  0.134157535799182  0.139177702278586  0.000000000000000  0.009329399899020  0.021035938582450  0.000000000000000  0.310141824428847  0.007780076196050  0.000000000000000  0.054598305994793  0.000000000000000  0.072997962163320  0.131214585452883  0.062025273417864  0.000000000000000  0.000000000000000  0.000000000000000  0.008043281901828  0.984184022033800  0.016030908520893  0.000000000000000  0.537374586427751  0.462331639056850  0.544498507668053  0.455334916795989  0.013470992890900  0.406689599066063  0.399702915176236 
55.0    I  0.023131457781251  0.005350910077990  0.036297147872679  0.130217928626028  0.033400187225344  0.008862933476062  0.018945512797840  0.018023212579063  0.223756267731993  0.027892092858531  0.009538644630228  0.064079202368037  0.000000000000000  0.051048061944376  0.226722582233286  0.083910781423766  0.018594245254792  0.009950605275988  0.000000000000000  0.010301512613222  1.000000000000000  0.000000000000000  0.000000000000000  0.000000000000000  0.000000000000000  0.000000000000000  1.000000000000000  0.013267128850732  1.000000000000000  0.460732093099352 
56.0    L  0.034818551588104  0.000000000000000  0.000000000000000  0.018198962288570  0.013415084944340  0.036046425158126  0.000000000000000  0.101742898133804  0.000000000000000  0.624165274450806  0.023699492896476  0.000000000000000  0.000000000000000  0.008999122205854  0.000000000000000  0.051154323849425  0.019077289260455  0.068583246098703  0.000000000000000  0.000000000000000  0.963929807740643  0.027374947345848  0.008961773626767  0.792234810924969  0.208049683677881  0.000000000000000  1.000000000000000  0.013267128850732  0.453759577658580  0.460732093099352 
57.0    E  0.000000000000000  0.010330114102676  0.047794883683837  0.256316809472148  0.000000000000000  0.015103220266640  0.000000000000000  0.014358013804360  0.137166492197405  0.011727180449331  0.000000000000000  0.123535706437592  0.000000000000000  0.101742898133804  0.110261420649647  0.086930123231874  0.062934721878545  0.013517760790390  0.008246513419047  0.000000000000000  0.983502074026248  0.000000000000000  0.016839580391307  0.000000000000000  0.000000000000000  0.264437740904607  0.735603372927869  0.013267128850732  1.000000000000000  0.441351498145327 
58.0    Q  0.134343646606938  0.000000000000000  0.065835064747177  0.129587637627465  0.000000000000000  0.044409126349417  0.027680234971949  0.015271652600169  0.181243354109856  0.073048578035078  0.012293163208649  0.077858588473092  0.000000000000000  0.073251392729657  0.033008925792246  0.073403873200853  0.050942020775164  0.007823337935245  0.000000000000000  0.000000000000000  1.000000000000000  0.000000000000000  0.000000000000000  0.032262454233851  0.967947026893737  0.000000000000000  1.000000000000000  0.013267128850732  0.493800430722686  0.423959982316574 
59.0    M  0.046520164223954  0.008686555918102  0.077696854306496  0.228141372135863  0.018478609378815  0.027872766231878  0.011621982519020  0.000000000000000  0.038553349056547  0.035921714001084  0.018427446754082  0.066155274679696  0.000000000000000  0.178129701768598  0.029914733068603  0.130398574191232  0.040695130924032  0.033725882390763  0.000000000000000  0.009055437124254  0.763129604480280  0.212863426937236  0.024080347136200  0.218544655102593  0.781327880172317  0.411510172639354  0.588453368609384  0.013267128850732  0.186856156079367  0.423959982316574 
60.0    N  0.021823102069803  0.000000000000000  0.120324305387719  0.138696184008481  0.000000000000000  0.018427446754082  0.075887180274690  0.030777076340486  0.158878961163208  0.006121071773042  0.008217982650030  0.043015487549709  0.012717862266726  0.044316876114983  0.069348092004240  0.138984894689638  0.112422289018469  0.000000000000000  0.000000000000000  0.000000000000000  0.865136690584988  0.134623297024131  0.000000000000000  0.093752436830364  0.906261938267334  0.079660039207454  0.920187650624875  0.013592927386073  0.284007316196672  0.333787075823977 
61.0    E  0.089684345912919  0.011025592526630  0.111878133865997  0.293615492803413  0.000000000000000  0.028996046139728  0.000000000000000  0.029769937438873  0.027757087370075  0.014710601008456  0.000000000000000  0.049686578184311  0.157017797642941  0.021838233935173  0.030819772015417  0.030437633391976  0.040470093714201  0.029036271070341  0.000000000000000  0.033100572958871  0.780786492607391  0.218999578766781  0.000000000000000  0.502083771619487  0.497924876547229  0.000000000000000  1.000000000000000  0.014548356559847  0.202781788894261  0.261702570493644 
62.0    D  0.041810236087066  0.000000000000000  0.150725978461345  0.310141824428847  0.000000000000000  0.000000000000000  0.000000000000000  0.000000000000000  0.029666941279704  0.133046272806670  0.000000000000000  0.012647534633553  0.042071877164899  0.033192474577980  0.030081076346930  0.032061817041786  0.126744934973754  0.057871626407958  0.000000000000000  0.000000000000000  0.886381699194867  0.102379587232478  0.011525714508460  0.136976470805961  0.863339558574412  0.129318447689864  0.870550563296124  0.014771908074230  0.346277367027731  0.237994477124383 
63.0    D  0.014140725982545  0.000000000000000  0.142003658098336  0.241651524266243  0.024046987815013  0.034626010870779  0.020861692238999  0.000000000000000  0.009005362084366  0.009578397344165  0.042042725266307  0.049514675682811  0.077106698113094  0.041984482053791  0.030227385300435  0.166546853136503  0.082240907814313  0.014508075817293  0.000000000000000  0.000000000000000  0.851453707748945  0.067265007798987  0.081164912670618  0.109348095613228  0.890692900606681  0.062673527243817  0.937571096457110  0.014874654820274  0.380772184925815  0.236514411681399 
64.0    S  0.045499673406221  0.011477879947487  0.125869443757090  0.294226684304692  0.000000000000000  0.020249077584896  0.000000000000000  0.078672323344054  0.031120304784202  0.047234997759882  0.010301512613222  0.094535499830248  0.000000000000000  0.039118639332937  0.000000000000000  0.119658932274412  0.023470623858452  0.058679484207216  0.000000000000000  0.000000000000000  0.473685035299634  0.526315577354719  0.000000000000000  0.294839148065304  0.705148980242195  0.578344091952644  0.421615555125056  0.015441963304699  0.060622619396358  0.181494784987987 
65.0    E  0.136786712657592  0.000000000000000  0.077750728331154  0.340564508660122  0.000000000000000  0.010753871887427  0.009290680585959  0.000000000000000  0.164824201811546  0.008240799352094  0.012534080724258  0.063813257856700  0.061468879626641  0.018186352100033  0.031532863557646  0.021612353578296  0.030905341136904  0.011727180449331  0.000000000000000  0.000000000000000  0.976708528962227  0.022955759894974  0.000000000000000  0.118257205840699  0.881480157907170  0.000000000000000  1.000000000000000  0.013792234317041  0.466516495768404  0.326012683814640 
66.0    Q  0.238324636322040  0.009290680585959  0.144786600774330  0.177390419525048  0.000000000000000  0.015986522964601  0.015538596385519  0.033261568201667  0.089684345912919  0.022421086478230  0.000000000000000  0.026811579075897  0.011767894270577  0.056995822844986  0.000000000000000  0.060245612983790  0.075677067746910  0.021853376292788  0.000000000000000  0.000000000000000  1.000000000000000  0.000000000000000  0.000000000000000  0.000000000000000  0.000000000000000  0.000000000000000  1.000000000000000  0.013792234317041  1.000000000000000  0.326012683814640 
67.0    L  0.128336193215000  0.019437682082789  0.000000000000000  0.000000000000000  0.083158065067543  0.000000000000000  0.000000000000000  0.096321388544801  0.018350968300213  0.410370804405249  0.000000000000000  0.011874412940637  0.000000000000000  0.039200068891281  0.027318081887824  0.075154328056136  0.050380176968310  0.034602018265134  0.005440669846363  0.000000000000000  0.975355461527642  0.024895003008924  0.000000000000000  0.166546853136503  0.833353207159218  0.296067902963408  0.703684187662699  0.013792234317041  0.403320879611063  0.326012683814640 
68.0    Q  0.038606832410217  0.000000000000000  0.100064351332038  0.232129213076682  0.000000000000000  0.032871930600121  0.021373989123476  0.060037178997092  0.064614421015498  0.102592701101312  0.000000000000000  0.032329611922466  0.008795613954193  0.126481650128366  0.075467536967906  0.056995822844986  0.038473262917029  0.009156424091207  0.000000000000000  0.000000000000000  0.978741650397436  0.021433332634228  0.000000000000000  0.174705871481383  0.825305408512657  0.000000000000000  1.000000000000000  0.013574096642978  0.469110598250336  0.372936006672866 
69.0    M  0.176043028364010  0.000000000000000  0.064704057740086  0.208049683677881  0.000000000000000  0.022971677131079  0.023864335905636  0.000000000000000  0.247414164103802  0.021226348196077  0.009772883438385  0.033889919026346  0.000000000000000  0.113439894414645  0.031995215638389  0.011406500083238  0.021123606766064  0.013994463595170  0.000000000000000  0.000000000000000  0.934975197751455  0.024433426347769  0.040582456335309  0.233258247884202  0.766841329836546  0.000000000000000  1.000000000000000  0.013574096642978  0.464902471306581  0.372936006672866 
70.0    E  0.079825859949712  0.009348820025240  0.049275010878517  0.579949827252717  0.006163647194160  0.010187896369208  0.000000000000000  0.000000000000000  0.128425179922370  0.008472479756586  0.009387781636929  0.004917020209003  0.000000000000000  0.022608357591727  0.015942260300757  0.057432055217441  0.004606861688520  0.013350152201402  0.000000000000000  0.000000000000000  0.961927454664775  0.038048938083218  0.000000000000000  0.335643125695066  0.664342907048256  0.362235538638720  0.637722195839272  0.013936383115939  0.446273485736488  0.311218558845543 
71.0    L  0.014477938467037  0.009400804890621  0.000000000000000  0.011164016716727  0.038366740122346  0.000000000000000  0.000000000000000  0.109499789383391  0.069685388670481  0.618995145418723  0.013630667277668  0.000000000000000  0.000000000000000  0.009806812431896  0.017812082385835  0.013129902378645  0.005129379396188  0.048697786228781  0.000000000000000  0.020067434515460  1.000000000000000  0.000000000000000  0.000000000000000  0.000000000000000  0.000000000000000  0.000000000000000  1.000000000000000  0.013574096642978  1.000000000000000  0.372936006672866 
72.0    K  0.073048578035078  0.018173750649185  0.093428078039684  0.170755032094299  0.000000000000000  0.000000000000000  0.000000000000000  0.000000000000000  0.134530015597975  0.067218399403586  0.023276210361292  0.053511767784154  0.000000000000000  0.147011406286371  0.144385723069198  0.032554482156507  0.028281451965091  0.013907433332070  0.000000000000000  0.000000000000000  0.978741650397436  0.021373989123476  0.000000000000000  0.356012548899268  0.643940814754913  0.203626890767554  0.796088098778780  0.013574096642978  0.437695664847132  0.372936006672866 
73.0    E  0.067311648512066  0.009624984948795  0.133230842008493  0.128514228332008  0.022686848123498  0.050977343333688  0.018945512797840  0.000000000000000  0.237664775307455  0.078291527414008  0.010934264574962  0.049755506173674  0.000000000000000  0.098481735756168  0.040864729641774  0.028517671516983  0.016254691664406  0.008043281901828  0.000000000000000  0.000000000000000  0.977385766410805  0.022844647631251  0.000000000000000  0.336808394216423  0.662962880149329  0.772175133091785  0.227983291379942  0.013377941946038  0.379191886343611  0.398596238270268 
74.0    L  0.099856489556144  0.000000000000000  0.000000000000000  0.000000000000000  0.000000000000000  0.000000000000000  0.000000000000000  0.093622558401511  0.000000000000000  0.582770599067280  0.053178983094159  0.000000000000000  0.000000000000000  0.007949060094552  0.000000000000000  0.004446851676074  0.053252755942179  0.064659223844932  0.008332701412748  0.032017400719775  0.971307495541633  0.028537445312875  0.000000000000000  1.000000000000000  0.000000000000000  0.000000000000000  1.000000000000000  0.013075410041928  0.445346450303340  0.489370825198718 
75.0    A  0.021974893748642  0.013480333508479  0.023035456520173  0.344362511595784  0.000000000000000  0.000000000000000  0.000000000000000  0.012447501504462  0.259175275254930  0.100970097201201  0.016515906883772  0.011907381487029  0.000000000000000  0.076521024525013  0.050275523183870  0.039912929974856  0.021448194238358  0.008099227351717  0.000000000000000  0.000000000000000  1.000000000000000  0.000000000000000  0.000000000000000  0.000000000000000  0.000000000000000  0.716977624007914  0.283024725527668  0.013294745773540  1.000000000000000  0.419284092220466 
76.0    L  0.125086673432823  0.014004167180772  0.014072280935124  0.240982451935161  0.010430846119499  0.021138253610161  0.003876579588616  0.037759932605936  0.150412878249938  0.107618648542363  0.000000000000000  0.044409126349417  0.000000000000000  0.136407984631867  0.033146491917757  0.017799740269096  0.010746420454217  0.032106294980593  0.000000000000000  0.000000000000000  0.991029563264079  0.000000000000000  0.009030364894959  0.000000000000000  0.000000000000000  0.000000000000000  1.000000000000000  0.013075410041928  1.000000000000000  0.489370825198718 
77.0    E  0.091759414752131  0.000000000000000  0.071100326742032  0.619853849969493  0.000000000000000  0.000000000000000  0.000000000000000  0.000000000000000  0.018300159081544  0.021898866391887  0.000000000000000  0.007188966020507  0.000000000000000  0.081052472165688  0.046134825177589  0.026886019706607  0.015986522964601  0.000000000000000  0.000000000000000  0.000000000000000  1.000000000000000  0.000000000000000  0.000000000000000  0.000000000000000  0.000000000000000  0.539614118252214  0.460412848602520  0.013230395505664  1.000000000000000  0.464258426153364 
78.0    E  0.020861692238999  0.000000000000000  0.007421877991210  0.747424624317469  0.000000000000000  0.009472756398920  0.000000000000000  0.033353916813749  0.051724801004888  0.025630403474898  0.000000000000000  0.000000000000000  0.000000000000000  0.055092509869198  0.042985681816867  0.000000000000000  0.000000000000000  0.006223750752231  0.000000000000000  0.000000000000000  0.992404374685819  0.000000000000000  0.007421877991210  0.000000000000000  0.000000000000000  0.000000000000000  1.000000000000000  0.013012121420009  1.000000000000000  0.493800430722686 
79.0    E  0.179991414814336  0.000000000000000  0.047894373756493  0.224377512666815  0.000000000000000  0.017640068825096  0.014004167180772  0.000000000000000  0.145591698308557  0.026589491547079  0.010724097119179  0.056680645558321  0.000000000000000  0.041320456410705  0.131852789633508  0.085911793473252  0.017301009132567  0.000000000000000  0.000000000000000  0.000000000000000  1.000000000000000  0.000000000000000  0.000000000000000  0.000000000000000  0.000000000000000  0.000000000000000  1.000000000000000  0.013030172559765  1.000000000000000  0.473356815618357 
80.0    R  0.128692510429250  0.000000000000000  0.092461719328052  0.195061370043426  0.008949358577967  0.010488847677971  0.000000000000000  0.018023212579063  0.111491064927512  0.032017400719775  0.005770851810869  0.035353576963934  0.000000000000000  0.060037178997092  0.144285677189605  0.096856991369896  0.047398985792951  0.013093548979187  0.000000000000000  0.000000000000000  1.000000000000000  0.000000000000000  0.000000000000000  0.199990032083188  0.799960128332753  0.000000000000000  1.000000000000000  0.013030172559765  0.493800430722686  0.473356815618357 
81.0    L  0.243163736853071  0.000000000000000  0.000000000000000  0.006900898839699  0.009565128065627  0.010941846256931  0.000000000000000  0.022081775685668  0.060706718471352  0.594191552528466  0.018211581220852  0.017313005435389  0.000000000000000  0.000000000000000  0.006332539999104  0.010724097119179  0.000000000000000  0.000000000000000  0.000000000000000  0.000000000000000  1.000000000000000  0.000000000000000  0.000000000000000  0.000000000000000  0.000000000000000  0.555939578758553  0.443805668634749  0.013030172559765  1.000000000000000  0.473356815618357 
82.0    I  0.023947186878247  0.000000000000000  0.000000000000000  0.120157616048595  0.058679484207216  0.010230354867840  0.000000000000000  0.094995303525095  0.043015487549709  0.277392368016961  0.078836088051953  0.015668381810954  0.000000000000000  0.031034140482407  0.095788747512986  0.012779719664965  0.024843289092155  0.103808753011362  0.000000000000000  0.008716713455664  1.000000000000000  0.000000000000000  0.000000000000000  0.000000000000000  0.000000000000000  0.000000000000000  1.000000000000000  0.012931200251222  1.000000000000000  0.498961359499525 
83.0    Q  0.167240944348264  0.000000000000000  0.030670595745421  0.159762420400381  0.000000000000000  0.030606884299591  0.011461979251307  0.013285533751003  0.110185019738396  0.027223568504446  0.000000000000000  0.029400815859806  0.011759740214149  0.250867937127376  0.062326953209504  0.048495678392179  0.032464346978052  0.014239082509955  0.000000000000000  0.000000000000000  0.989656656415207  0.010230354867840  0.000000000000000  1.000000000000000  0.000000000000000  0.000000000000000  1.000000000000000  0.012931200251222  0.489370825198718  0.498961359499525 
84.0    E  0.069492447344819  0.000000000000000  0.030628106729433  0.535515411595727  0.014043048853297  0.000000000000000  0.000000000000000  0.000000000000000  0.084787770465479  0.010280113476789  0.013184621814532  0.039308905369876  0.000000000000000  0.106653262264008  0.036171569280941  0.014150530984653  0.031686233743438  0.014082038478294  0.000000000000000  0.000000000000000  1.000000000000000  0.000000000000000  0.000000000000000  0.000000000000000  0.000000000000000  0.594603557501361  0.405282559942655  0.013084476367319  1.000000000000000  0.469110598250336 
85.0    L  0.022797192878753  0.000000000000000  0.000000000000000  0.000000000000000  0.000000000000000  0.000000000000000  0.000000000000000  0.149581120403839  0.000000000000000  0.788400174056278  0.000000000000000  0.000000000000000  0.000000000000000  0.000000000000000  0.000000000000000  0.014239082509955  0.000000000000000  0.024740183308477  0.000000000000000  0.000000000000000  1.000000000000000  0.000000000000000  0.000000000000000  0.000000000000000  0.000000000000000  0.000000000000000  1.000000000000000  0.012931200251222  1.000000000000000  0.498961359499525 
86.0    E  0.040470093714201  0.000000000000000  0.030905341136904  0.309712174445977  0.010166733245640  0.012895397008010  0.000000000000000  0.035451733904249  0.207473646397496  0.068916822691807  0.025577161924713  0.011940441568478  0.000000000000000  0.077643017611527  0.055437269072009  0.057035343033966  0.022797192878753  0.033702513490452  0.000000000000000  0.000000000000000  1.000000000000000  0.000000000000000  0.000000000000000  0.000000000000000  0.000000000000000  0.000000000000000  1.000000000000000  0.012931200251222  1.000000000000000  0.498961359499525 
87.0    D  0.128158404736074  0.000000000000000  0.105184935285673  0.241316756217939  0.010701820155981  0.030081076346930  0.000000000000000  0.000000000000000  0.132218870452303  0.046423528770651  0.011461979251307  0.040302132832996  0.000000000000000  0.106431713468618  0.055861572647299  0.054825846795801  0.023963791557392  0.013021143861863  0.000000000000000  0.000000000000000  1.000000000000000  0.000000000000000  0.000000000000000  0.000000000000000  0.000000000000000  0.000000000000000  1.000000000000000  0.012931200251222  1.000000000000000  0.498961359499525 
88.0    V  0.098277161517541  0.000000000000000  0.000000000000000  0.000000000000000  0.000000000000000  0.008936960728155  0.000000000000000  0.061725053840336  0.010026764824710  0.560971740265242  0.043465061615937  0.000000000000000  0.000000000000000  0.018363692631559  0.000000000000000  0.008838394240984  0.077053270341488  0.112422289018469  0.000000000000000  0.000000000000000  1.000000000000000  0.000000000000000  0.000000000000000  0.000000000000000  0.000000000000000  0.000000000000000  1.000000000000000  0.012931200251222  1.000000000000000  0.498961359499525 
89.0    E  0.000000000000000  0.000000000000000  0.059128602920350  0.654289035727505  0.000000000000000  0.009156424091207  0.013157233650131  0.000000000000000  0.037369368649254  0.044811101500495  0.008838394240984  0.000000000000000  0.000000000000000  0.069492447344819  0.025683755852964  0.026442456143759  0.000000000000000  0.027223568504446  0.000000000000000  0.024671683959392  1.000000000000000  0.000000000000000  0.000000000000000  0.000000000000000  0.000000000000000  0.000000000000000  1.000000000000000  0.012931200251222  1.000000000000000  0.498961359499525 
90.0    K  0.129228842030996  0.000000000000000  0.066292983835514  0.046584699587466  0.000000000000000  0.020277168233425  0.026296233821418  0.003844468836070  0.289573201548661  0.022971677131079  0.006223750752231  0.037864770638445  0.000000000000000  0.104603280335424  0.094666644742311  0.091125586176036  0.048832992510770  0.011654250208527  0.000000000000000  0.000000000000000  1.000000000000000  0.000000000000000  0.000000000000000  0.000000000000000  0.000000000000000  1.000000000000000  0.000000000000000  0.012931200251222  1.000000000000000  0.498961359499525 
91.0    N  0.021448194238358  0.000000000000000  0.022467758325734  0.586011141837257  0.000000000000000  0.020319377289820  0.029197729590099  0.000000000000000  0.028775803037658  0.000000000000000  0.000000000000000  0.056289123740496  0.000000000000000  0.132310549359392  0.000000000000000  0.013452331067795  0.067779838052691  0.022112408755104  0.000000000000000  0.000000000000000  1.000000000000000  0.000000000000000  0.000000000000000  0.000000000000000  0.000000000000000  0.000000000000000  0.000000000000000  0.012922240131926  1.000000000000000  1.000000000000000 
92.0    R  0.000000000000000  0.024535253708549  0.067311648512066  0.206326352128164  0.000000000000000  0.000000000000000  0.045943354262158  0.000000000000000  0.170046356550744  0.073200636326176  0.000000000000000  0.070072879876782  0.000000000000000  0.035871950432969  0.250173346865645  0.000000000000000  0.016053147490296  0.000000000000000  0.000000000000000  0.040610595701733  1.000000000000000  0.000000000000000  0.000000000000000  0.000000000000000  0.000000000000000  0.000000000000000  0.000000000000000  0.012922240131926  1.000000000000000  1.000000000000000 
93.0    K  0.266646445207941  0.000000000000000  0.094929480613408  0.305025127568056  0.011414409207388  0.000000000000000  0.012284645189693  0.015690117863109  0.046649324478030  0.027337023903307  0.010337276874282  0.013294745773540  0.000000000000000  0.050345268190547  0.012595044242078  0.092333628973910  0.027814866664141  0.013230395505664  0.000000000000000  0.000000000000000  0.988285651500733  0.000000000000000  0.011621982519020  0.000000000000000  0.000000000000000  0.000000000000000  0.000000000000000  0.012922240131926  1.000000000000000  1.000000000000000 
94.0    I  0.138600080450384  0.000000000000000  0.086509357253217  0.278741554681924  0.000000000000000  0.000000000000000  0.000000000000000  0.020474896935287  0.109956134490304  0.034939432842683  0.007478683267151  0.017750457262292  0.000000000000000  0.079329430376238  0.106357966188318  0.068203992315933  0.020460709735681  0.031163476604752  0.000000000000000  0.000000000000000  1.000000000000000  0.000000000000000  0.000000000000000  0.000000000000000  0.000000000000000  0.000000000000000  1.000000000000000  0.013102627881890  1.000000000000000  0.485653747770817 
95.0    V  0.042688758023575  0.000000000000000  0.000000000000000  0.000000000000000  0.012788580962356  0.000000000000000  0.000000000000000  0.148857106170621  0.000000000000000  0.494142825750366  0.023389421668636  0.000000000000000  0.000000000000000  0.000000000000000  0.000000000000000  0.011541703621739  0.037447156916857  0.229251010801168  0.000000000000000  0.000000000000000  0.979420297586927  0.000000000000000  0.020645912588410  0.000000000000000  0.000000000000000  0.000000000000000  1.000000000000000  0.013102627881890  1.000000000000000  0.485653747770817 
96.0    A  0.146706022285169  0.006332539999104  0.313166109656032  0.159209684415812  0.000000000000000  0.000000000000000  0.000000000000000  0.011965296852300  0.047629525948118  0.038687196588670  0.013331657783001  0.076309157041821  0.000000000000000  0.046746429948825  0.056680645558321  0.052410511527558  0.024740183308477  0.006070369287375  0.000000000000000  0.000000000000000  1.000000000000000  0.000000000000000  0.000000000000000  0.560583039014254  0.439519780455894  1.000000000000000  0.000000000000000  0.013368672276291  0.436786447958347  0.436786447958347 
97.0    E  0.211100221855945  0.007164094087536  0.053846634982001  0.164367845025634  0.000000000000000  0.016538818669924  0.006872258405644  0.037291741969741  0.147215348699373  0.060120465916548  0.000000000000000  0.026187097958373  0.000000000000000  0.124567532853483  0.036906020669673  0.077696854306496  0.030101934188130  0.000000000000000  0.000000000000000  0.000000000000000  1.000000000000000  0.000000000000000  0.000000000000000  0.000000000000000  0.000000000000000  0.000000000000000  0.000000000000000  0.012922240131926  1.000000000000000  1.000000000000000 
98.0    N  0.091695834010458  0.000000000000000  0.099166730398893  0.492433221447775  0.000000000000000  0.000000000000000  0.000000000000000  0.000000000000000  0.000000000000000  0.042985681816867  0.008620576094078  0.009459633468364  0.000000000000000  0.199574596589162  0.014588749139302  0.000000000000000  0.030819772015417  0.010716666317114  0.000000000000000  0.000000000000000  1.000000000000000  0.000000000000000  0.000000000000000  0.000000000000000  0.000000000000000  0.000000000000000  0.000000000000000  0.012922240131926  1.000000000000000  1.000000000000000 
99.0    L  0.000000000000000  0.000000000000000  0.000000000000000  0.024603374267788  0.009739071830274  0.000000000000000  0.000000000000000  0.292194312140311  0.021123606766064  0.457549584063964  0.035599480538191  0.005746901350999  0.000000000000000  0.031708204580653  0.054560474445860  0.000000000000000  0.037969899747032  0.029197729590099  0.000000000000000  0.000000000000000  1.000000000000000  0.000000000000000  0.000000000000000  0.000000000000000  0.000000000000000  0.000000000000000  0.000000000000000  0.012922240131926  1.000000000000000  1.000000000000000 
100.0    E  0.144586022988161  0.000000000000000  0.028183605574445  0.182504001331815  0.000000000000000  0.016131227116926  0.005900283537355  0.029894004940371  0.188286308329227  0.044966674375338  0.000000000000000  0.049411819787746  0.000000000000000  0.070072879876782  0.108067153913483  0.073454770526236  0.010358795002333  0.043164826504496  0.004961527275542  0.000000000000000  1.000000000000000  0.000000000000000  0.000000000000000  0.000000000000000  0.000000000000000  0.000000000000000  0.000000000000000  0.012994095287108  1.000000000000000  1.000000000000000 
101.0    K  0.209932873236035  0.006206518750751  0.132035703168982  0.193177637411997  0.000000000000000  0.008484233252518  0.020165038913309  0.019777446780786  0.084494427064258  0.033100572958871  0.020404059173264  0.008980428500271  0.000000000000000  0.082870360018666  0.041955390711883  0.082640912821411  0.046908721797324  0.008722757515489  0.000000000000000  0.000000000000000  1.000000000000000  0.000000000000000  0.000000000000000  0.000000000000000  0.000000000000000  0.000000000000000  0.000000000000000  0.012994095287108  1.000000000000000  1.000000000000000 
102.0    V  0.095523532547823  0.005679580145782  0.011670417633690  0.072695002596741  0.025137761591935  0.006241030597259  0.000000000000000  0.030353359235676  0.069830446129514  0.461371246326899  0.021448194238358  0.000000000000000  0.000000000000000  0.083042863381032  0.000000000000000  0.016265962463814  0.009800017222820  0.056328153913177  0.000000000000000  0.034602018265134  0.993781093322555  0.000000000000000  0.005986796719562  0.000000000000000  0.000000000000000  0.000000000000000  0.000000000000000  0.012994095287108  1.000000000000000  1.000000000000000 
103.0    Q  0.042130241616783  0.000000000000000  0.025155191800660  0.493116352246680  0.000000000000000  0.010409178321031  0.019984149707460  0.009426905622818  0.068773663085384  0.007483868892365  0.000000000000000  0.000000000000000  0.000000000000000  0.153466960489383  0.076946525834057  0.013517760790390  0.068203992315933  0.011477879947487  0.000000000000000  0.000000000000000  1.000000000000000  0.000000000000000  0.000000000000000  0.000000000000000  0.000000000000000  1.000000000000000  0.000000000000000  0.012976094126420  1.000000000000000  0.500000000000000 
104.0    A  0.172061950198837  0.000000000000000  0.023357019509921  0.271495464080574  0.006877023543462  0.014649548382142  0.008801712722635  0.016550286479436  0.088941466327162  0.088021514182005  0.008955563951003  0.033772668813730  0.000000000000000  0.061853541025950  0.096254646779509  0.040190546357206  0.052884912287518  0.015356571852270  0.000000000000000  0.000000000000000  1.000000000000000  0.000000000000000  0.000000000000000  0.000000000000000  0.000000000000000  0.000000000000000  0.000000000000000  0.012994095287108  1.000000000000000  1.000000000000000 
105.0    E  0.022876338999150  0.000000000000000  0.029036271070341  0.541112322262857  0.000000000000000  0.009705377201441  0.011694710834318  0.005961950035002  0.162667731930242  0.022860487823505  0.000000000000000  0.025207554975691  0.005715121955876  0.093428078039684  0.041234622211653  0.000000000000000  0.022718320583130  0.005632534654142  0.000000000000000  0.000000000000000  1.000000000000000  0.000000000000000  0.000000000000000  0.000000000000000  0.000000000000000  0.000000000000000  0.000000000000000  0.013075410041928  1.000000000000000  1.000000000000000 
106.0    A  0.163799175482295  0.016008700359888  0.000000000000000  0.104530799989258  0.007899625631651  0.020137103601328  0.013221228071880  0.050345268190547  0.100900134313096  0.220217343531745  0.010694404789780  0.000000000000000  0.000000000000000  0.025916235806701  0.025050791543731  0.162893393670412  0.056250120612095  0.000000000000000  0.000000000000000  0.022158438057492  0.982139595263391  0.018010724168732  0.000000000000000  1.000000000000000  0.000000000000000  0.000000000000000  0.000000000000000  0.013075410041928  0.470413053756894  1.000000000000000 
107.0    E  0.117115180859053  0.011010318399547  0.044102370106522  0.283220971323950  0.005034275900332  0.000000000000000  0.000000000000000  0.006057759424586  0.140729823267095  0.019928818619977  0.006763566918122  0.034220389712299  0.000000000000000  0.066893043651664  0.142694338390847  0.067311648512066  0.034602018265134  0.006133813427137  0.000000000000000  0.014189819026899  0.983502074026248  0.011010318399547  0.005715121955876  1.000000000000000  0.000000000000000  0.000000000000000  0.000000000000000  0.013075410041928  0.489370825198718  1.000000000000000 
108.0    R  0.141512362763834  0.005892109674557  0.081842838942723  0.142793280856068  0.000000000000000  0.011743449047387  0.010701820155981  0.000000000000000  0.084964265119171  0.027853452996780  0.021762679385454  0.036121459579837  0.018110874248507  0.195738574064136  0.164824201811546  0.010026764824710  0.026998068356259  0.019050860844942  0.000000000000000  0.000000000000000  1.000000000000000  0.000000000000000  0.000000000000000  0.000000000000000  0.000000000000000  0.000000000000000  1.000000000000000  0.013003105229868  1.000000000000000  0.500000000000000 
109.0    L  0.010061575230546  0.000000000000000  0.000000000000000  0.034915223064757  0.071893243334413  0.000000000000000  0.000000000000000  0.010858736092518  0.076309157041821  0.663882579191219  0.011010318399547  0.000000000000000  0.000000000000000  0.021777769354492  0.011710934388715  0.022250784306204  0.000000000000000  0.059333882559407  0.005892109674557  0.000000000000000  1.000000000000000  0.000000000000000  0.000000000000000  0.250000000000000  0.750019494642909  0.000000000000000  1.000000000000000  0.013003105229868  0.500000000000000  0.500000000000000 
110.0    D  0.000000000000000  0.000000000000000  0.337275633584925  0.172300644121954  0.000000000000000  0.011686607487206  0.017421347167620  0.038606832410217  0.137261601723381  0.005949565389466  0.000000000000000  0.082354996983384  0.000000000000000  0.062283766426742  0.026737344552581  0.032307210507749  0.045468146363586  0.000000000000000  0.000000000000000  0.030458738465361  0.941478464541206  0.058557590429527  0.000000000000000  1.000000000000000  0.000000000000000  1.000000000000000  0.000000000000000  0.013003105229868  0.372936006672866  0.500000000000000 
111.0    Q  0.070413701781080  0.005528102188776  0.060454770600871  0.245534898815848  0.000000000000000  0.000000000000000  0.005738939973743  0.027641888604111  0.113518552215189  0.050765774772265  0.008309630256978  0.071149626817180  0.000000000000000  0.162667731930242  0.061682284117865  0.074583483939483  0.012473412286823  0.010979833595365  0.000000000000000  0.018491422214884  0.993781093322555  0.000000000000000  0.006297522121039  0.000000000000000  0.000000000000000  1.000000000000000  0.000000000000000  0.014013877494719  1.000000000000000  0.386891248385597 
112.0    E  0.018684684324627  0.000000000000000  0.052628934600526  0.435577096071128  0.000000000000000  0.010738974184156  0.013396500572409  0.000000000000000  0.041984482053791  0.119079749755492  0.000000000000000  0.056798632278033  0.000000000000000  0.145390005193481  0.030841142058933  0.034818551588104  0.032871930600121  0.007169061580558  0.000000000000000  0.000000000000000  0.982139595263391  0.005999258866024  0.011727180449331  1.000000000000000  0.000000000000000  1.000000000000000  0.000000000000000  0.013030172559765  0.500000000000000  0.497924876547229 
113.0    E  0.026168952734638  0.000000000000000  0.013936383115939  0.745872013345733  0.000000000000000  0.019873640730368  0.011557714916007  0.000000000000000  0.023035456520173  0.000000000000000  0.000000000000000  0.035133716368082  0.000000000000000  0.049377581991461  0.021065120808392  0.042866665268456  0.000000000000000  0.000000000000000  0.000000000000000  0.011390698272005  0.931740429304773  0.068203992315933  0.000000000000000  1.000000000000000  0.000000000000000  0.000000000000000  1.000000000000000  0.013248749447393  0.370616752450709  0.485653747770817 
114.0    A  0.080381092714413  0.000000000000000  0.092847057541302  0.380244688310252  0.011874412940637  0.042955896736626  0.000000000000000  0.019357010902874  0.053178983094159  0.039637231228933  0.009881871424640  0.082354996983384  0.009624984948795  0.066985841408518  0.063240825064183  0.021196942616370  0.018173750649185  0.000000000000000  0.008071206153782  0.000000000000000  0.991716730738293  0.000000000000000  0.008015454260446  0.000000000000000  0.000000000000000  0.000000000000000  1.000000000000000  0.013248749447393  1.000000000000000  0.485653747770817 
115.0    Q  0.050101583087462  0.010635266535152  0.038499939795180  0.139854637629464  0.000000000000000  0.043404847992660  0.000000000000000  0.023179608341268  0.159320078414908  0.014447863720527  0.000000000000000  0.030374405874417  0.005892109674557  0.175921046915675  0.156257787823151  0.085673925311231  0.017701310707747  0.048664043191354  0.000000000000000  0.000000000000000  1.000000000000000  0.000000000000000  0.000000000000000  1.000000000000000  0.000000000000000  0.432268615653933  0.568014632393343  0.013322420183874  0.493800430722686  0.460732093099352 
116.0    Y  0.019011286853657  0.006438766288697  0.007304493732433  0.014013877494719  0.309926924984747  0.000000000000000  0.042896388476716  0.058842404033825  0.022051185053261  0.103091693576260  0.009881871424640  0.000000000000000  0.000000000000000  0.000000000000000  0.011390698272005  0.007416735319926  0.010159688644910  0.025772923394065  0.000000000000000  0.351842093831349  1.000000000000000  0.000000000000000  0.000000000000000  0.250000000000000  0.750019494642909  1.000000000000000  0.000000000000000  0.013248749447393  0.485653747770817  0.485653747770817 
117.0    Q  0.010686994561738  0.012886461697033  0.006087223278598  0.000000000000000  0.010694404789780  0.000000000000000  0.007085080694790  0.019518689463334  0.000000000000000  0.131578894338680  0.019505164826588  0.000000000000000  0.000000000000000  0.043224707156593  0.030248344590429  0.018173750649185  0.011164016716727  0.009752582413294  0.643940814754913  0.025242524300300  1.000000000000000  0.000000000000000  0.000000000000000  0.000000000000000  0.000000000000000  0.000000000000000  0.000000000000000  0.013075410041928  1.000000000000000  1.000000000000000 
118.0    R  0.008674522137724  0.000000000000000  0.019832357594059  0.060245612983790  0.000000000000000  0.025880333166705  0.085436715746363  0.000000000000000  0.209932873236035  0.025033433674676  0.000000000000000  0.027584468634083  0.000000000000000  0.113597264556065  0.288571354379210  0.067311648512066  0.056562903930182  0.011517728260087  0.000000000000000  0.000000000000000  1.000000000000000  0.000000000000000  0.000000000000000  0.000000000000000  0.000000000000000  0.000000000000000  0.000000000000000  0.013075410041928  1.000000000000000  1.000000000000000 
119.0    E  0.016311123865964  0.013084476367319  0.208771979857092  0.342695701244926  0.000000000000000  0.004726539411013  0.000000000000000  0.010054603494541  0.069782060123911  0.087777804733625  0.013536513381251  0.030585676574920  0.000000000000000  0.070805242830987  0.022112408755104  0.077053270341488  0.005072807041914  0.027737854289672  0.000000000000000  0.000000000000000  1.000000000000000  0.000000000000000  0.000000000000000  0.000000000000000  0.000000000000000  0.000000000000000  0.000000000000000  0.013075410041928  1.000000000000000  1.000000000000000 
120.0    Y  0.000000000000000  0.013545899429917  0.019873640730368  0.020404059173264  0.164709993966768  0.000000000000000  0.044102370106522  0.000000000000000  0.057551606075315  0.051653144884638  0.016619260513956  0.008838394240984  0.000000000000000  0.060120465916548  0.160428237195363  0.000000000000000  0.000000000000000  0.010836179446339  0.000000000000000  0.371388230165207  1.000000000000000  0.000000000000000  0.000000000000000  0.000000000000000  0.000000000000000  0.000000000000000  0.000000000000000  0.013075410041928  1.000000000000000  1.000000000000000 
121.0    S  0.007993261482300  0.016676958406874  0.000000000000000  0.000000000000000  0.000000000000000  0.008759109984598  0.033960464453939  0.011800567074710  0.000000000000000  0.000000000000000  0.000000000000000  0.531816336446592  0.000000000000000  0.000000000000000  0.087534770055450  0.229092161168838  0.072443496994028  0.000000000000000  0.000000000000000  0.000000000000000  1.000000000000000  0.000000000000000  0.000000000000000  0.000000000000000  0.000000000000000  0.000000000000000  0.000000000000000  0.013075410041928  1.000000000000000  1.000000000000000 
122.0    E  0.182251172352072  0.000000000000000  0.181746564665039  0.167821562847533  0.000000000000000  0.014082038478294  0.005810991259510  0.034602018265134  0.110567554416443  0.037759932605936  0.000000000000000  0.068869069742288  0.000000000000000  0.046649324478030  0.005582008358364  0.076309157041821  0.020432364820887  0.029523345031163  0.000000000000000  0.018023212579063  1.000000000000000  0.000000000000000  0.000000000000000  0.000000000000000  0.000000000000000  0.000000000000000  0.000000000000000  0.013075410041928  1.000000000000000  1.000000000000000 
123.0    F  0.012682649702770  0.000000000000000  0.000000000000000  0.013202912256446  0.348202870167259  0.000000000000000  0.111491064927512  0.007002083590386  0.028636520146105  0.235696133979560  0.030206440533280  0.057273040292209  0.000000000000000  0.029543816148461  0.029728696135369  0.009868181733170  0.009820416988452  0.000000000000000  0.000000000000000  0.076521024525013  0.988285651500733  0.000000000000000  0.011866185076676  0.000000000000000  0.000000000000000  0.000000000000000  0.000000000000000  0.013075410041928  1.000000000000000  1.000000000000000 
124.0    K  0.083215725827273  0.000000000000000  0.087111077417967  0.066523136403335  0.000000000000000  0.011638105180646  0.091378590525002  0.000000000000000  0.173018714506435  0.067171823303469  0.007334935525902  0.019915009801863  0.000000000000000  0.206899204019551  0.098892162648181  0.054560474445860  0.022592692102277  0.000000000000000  0.000000000000000  0.009685216405773  1.000000000000000  0.000000000000000  0.000000000000000  0.000000000000000  0.000000000000000  1.000000000000000  0.000000000000000  0.013276328111541  1.000000000000000  0.490389501994276 
125.0    R  0.017481829703683  0.000000000000000  0.000000000000000  0.000000000000000  0.062673527243817  0.000000000000000  0.000000000000000  0.030948214747907  0.028716027608720  0.360732171715407  0.043858491438721  0.023486898094774  0.000000000000000  0.007463147940488  0.249826773247613  0.028458432299749  0.030185510278901  0.009875024206663  0.062068280964815  0.044163551371335  0.997922718999051  0.000000000000000  0.001783590332055  0.000000000000000  0.000000000000000  0.000000000000000  0.000000000000000  0.013030172559765  1.000000000000000  1.000000000000000 
126.0    Q  0.018697640050480  0.000000000000000  0.117521775313641  0.270931491711195  0.000000000000000  0.000000000000000  0.010019817209080  0.000000000000000  0.068488235402981  0.010828670981644  0.000000000000000  0.066063627535086  0.011800567074710  0.275094652341534  0.049275010878517  0.004616451355212  0.085082132281217  0.011589804170634  0.000000000000000  0.000000000000000  1.000000000000000  0.000000000000000  0.000000000000000  0.000000000000000  0.000000000000000  0.000000000000000  1.000000000000000  0.013030172559765  1.000000000000000  0.500000000000000 
127.0    Q  0.020588749245846  0.007198938954677  0.000000000000000  0.023847800140009  0.000000000000000  0.008832270055661  0.019545766876770  0.020460709735681  0.041810236087066  0.520150133260993  0.021898866391887  0.012352954946937  0.000000000000000  0.174222154835934  0.008795613954193  0.018827692421794  0.013120804577252  0.072493728406590  0.006228066222973  0.009518830184962  1.000000000000000  0.000000000000000  0.000000000000000  0.076946525834057  0.923382310729395  0.000000000000000  1.000000000000000  0.013030172559765  0.500000000000000  0.500000000000000 
128.0    L  0.085555238318240  0.000000000000000  0.006587743048829  0.043858491438721  0.056759276107594  0.025916235806701  0.000000000000000  0.164709993966768  0.009067999331123  0.275476278969153  0.074583483939483  0.044255482444204  0.000000000000000  0.021642335439233  0.020963159763785  0.066017851584491  0.092525831125003  0.000000000000000  0.000000000000000  0.012182888165802  1.000000000000000  0.000000000000000  0.000000000000000  0.000000000000000  0.000000000000000  0.000000000000000  1.000000000000000  0.013030172559765  1.000000000000000  0.500000000000000 
129.0    E  0.085318357367823  0.011800567074710  0.115342811581725  0.343171107813728  0.000000000000000  0.011541703621739  0.006228066222973  0.007179006902180  0.028105572254617  0.058072542140682  0.000000000000000  0.036121459579837  0.005258984645612  0.071396640428034  0.060371020557803  0.080325396091836  0.035402621415494  0.044409126349417  0.000000000000000  0.000000000000000  0.991716730738293  0.000000000000000  0.007987722895390  0.000000000000000  0.000000000000000  0.000000000000000  1.000000000000000  0.013030172559765  1.000000000000000  0.500000000000000 
130.0    L  0.039281667953807  0.014457881688091  0.032758202359904  0.000000000000000  0.323312232971872  0.000000000000000  0.125782227937223  0.027969533466499  0.067826835742613  0.208627320288852  0.014358013804360  0.027299152997397  0.000000000000000  0.020249077584896  0.000000000000000  0.000000000000000  0.042013593567270  0.033215489823705  0.000000000000000  0.022939853688033  0.987600861445373  0.012056876367648  0.000000000000000  0.485990493990676  0.514056913328033  0.685866644295299  0.314253343630457  0.013102627881890  0.465547409915115  0.481964903870322 
131.0    D  0.045436641166260  0.016676958406874  0.048697786228781  0.211833108736530  0.000000000000000  0.000000000000000  0.019357010902874  0.011195012893540  0.042570563582515  0.096991356784357  0.029400815859806  0.047169561516268  0.000000000000000  0.338916081700000  0.013359409029562  0.017110194856150  0.019613624863791  0.033539383949795  0.000000000000000  0.008275143239718  1.000000000000000  0.000000000000000  0.000000000000000  0.000000000000000  0.000000000000000  0.000000000000000  1.000000000000000  0.013120804577252  1.000000000000000  0.500000000000000 
132.0    D  0.020847237026215  0.011156281091290  0.340564508660122  0.220981882765918  0.000000000000000  0.000000000000000  0.000000000000000  0.000000000000000  0.095259051896236  0.000000000000000  0.014308338850283  0.199436309952258  0.000000000000000  0.019873640730368  0.010474317121721  0.056094378166704  0.010919116967586  0.000000000000000  0.000000000000000  0.000000000000000  1.000000000000000  0.000000000000000  0.000000000000000  0.000000000000000  0.000000000000000  0.000000000000000  1.000000000000000  0.013120804577252  1.000000000000000  0.500000000000000 
133.0    E  0.021929245719361  0.000000000000000  0.125433968563688  0.546010272872826  0.000000000000000  0.000000000000000  0.000000000000000  0.020095273178603  0.083388948104861  0.000000000000000  0.000000000000000  0.012413037501502  0.000000000000000  0.142892291926755  0.019518689463334  0.010251650426500  0.000000000000000  0.018249490540830  0.000000000000000  0.000000000000000  1.000000000000000  0.000000000000000  0.000000000000000  0.000000000000000  0.000000000000000  0.000000000000000  1.000000000000000  0.013120804577252  1.000000000000000  0.500000000000000 
134.0    L  0.009571760405505  0.021035938582450  0.008869078923016  0.025471010387582  0.026848773592100  0.000000000000000  0.024654588776640  0.010082519456655  0.036524289017539  0.268501117905031  0.030018589498546  0.022765611154656  0.000000000000000  0.080325396091836  0.362486708219713  0.019196671569463  0.009868181733170  0.033353916813749  0.000000000000000  0.010474317121721  1.000000000000000  0.000000000000000  0.000000000000000  0.000000000000000  0.000000000000000  0.000000000000000  1.000000000000000  0.013120804577252  1.000000000000000  0.500000000000000 
135.0    K  0.058598193528569  0.009978232493714  0.391477148128271  0.088941466327162  0.023535788541153  0.030606884299591  0.010173782731008  0.009485897534336  0.074119656213184  0.012516716837338  0.000000000000000  0.031730190652170  0.000000000000000  0.119493164699218  0.090999346812443  0.041177498491692  0.000000000000000  0.007289320246381  0.000000000000000  0.000000000000000  1.000000000000000  0.000000000000000  0.000000000000000  0.000000000000000  0.000000000000000  0.000000000000000  1.000000000000000  0.013120804577252  1.000000000000000  0.500000000000000 
136.0    S  0.188809073195353  0.032622247731929  0.025471010387582  0.013102627881890  0.008332701412748  0.033492920704259  0.006429846447490  0.018249490540830  0.010791206626124  0.000000000000000  0.000000000000000  0.006155108484761  0.000000000000000  0.084905392784309  0.017481829703683  0.528142812675929  0.026006210459735  0.000000000000000  0.000000000000000  0.000000000000000  1.000000000000000  0.000000000000000  0.000000000000000  0.000000000000000  0.000000000000000  0.000000000000000  1.000000000000000  0.013120804577252  1.000000000000000  0.500000000000000 
137.0    V  0.072343138561883  0.000000000000000  0.000000000000000  0.009188212892898  0.000000000000000  0.014548356559847  0.000000000000000  0.179742066605870  0.000000000000000  0.415522930796824  0.018594245254792  0.000000000000000  0.000000000000000  0.000000000000000  0.000000000000000  0.029894004940371  0.031358492140922  0.220370039476793  0.000000000000000  0.008413956064008  1.000000000000000  0.000000000000000  0.000000000000000  0.000000000000000  0.000000000000000  0.000000000000000  1.000000000000000  0.013480333508479  1.000000000000000  0.500000000000000 
138.0    E  0.046134825177589  0.000000000000000  0.081108672933699  0.283810525536516  0.000000000000000  0.000000000000000  0.000000000000000  0.010124538792448  0.161208531331986  0.117603263439223  0.018098325096791  0.152406886759538  0.000000000000000  0.033772668813730  0.020963159763785  0.010322956294205  0.055092509869198  0.009368280576493  0.000000000000000  0.000000000000000  1.000000000000000  0.000000000000000  0.000000000000000  0.000000000000000  0.000000000000000  1.000000000000000  0.000000000000000  0.013433695097547  1.000000000000000  0.500000000000000 
139.0    N  0.304391504665747  0.069396177101790  0.000000000000000  0.000000000000000  0.000000000000000  0.007208925723858  0.017217267435572  0.024877753086837  0.000000000000000  0.059292769696278  0.055322110286222  0.204759174464957  0.000000000000000  0.015261070765035  0.022844647631251  0.089374061647606  0.045185384204555  0.065516404719808  0.000000000000000  0.019316800951890  0.997922718999051  0.000000000000000  0.001864494168242  0.000000000000000  0.000000000000000  0.000000000000000  0.000000000000000  0.013499034178129  1.000000000000000  1.000000000000000 
140.0    Q  0.050450067156548  0.000000000000000  0.000000000000000  0.047662551664259  0.000000000000000  0.000000000000000  0.000000000000000  0.000000000000000  0.194117218750260  0.020674553748564  0.010987446874321  0.013792234317041  0.000000000000000  0.493800430722686  0.128158404736074  0.033913417871306  0.006416489849626  0.000000000000000  0.000000000000000  0.000000000000000  1.000000000000000  0.000000000000000  0.000000000000000  0.000000000000000  0.000000000000000  0.000000000000000  1.000000000000000  0.013433695097547  1.000000000000000  0.500000000000000 
141.0    M  0.000000000000000  0.009220112057314  0.000000000000000  0.000000000000000  0.036982844429768  0.000000000000000  0.007391075365044  0.182504001331815  0.000000000000000  0.227194529112130  0.062934721878545  0.000000000000000  0.000000000000000  0.013754047086924  0.044625124365158  0.000000000000000  0.018249490540830  0.030777076340486  0.000000000000000  0.366275218652834  1.000000000000000  0.000000000000000  0.000000000000000  0.500000000000000  0.500000000000000  1.000000000000000  0.000000000000000  0.013433695097547  0.500000000000000  0.500000000000000 
142.0    R  0.093752436830364  0.000000000000000  0.200406332349848  0.198333460797786  0.000000000000000  0.000000000000000  0.036473690681827  0.043045313949473  0.006061959799022  0.000000000000000  0.016413196000168  0.025295069267107  0.000000000000000  0.169458040850000  0.133323222603971  0.034939432842683  0.011907381487029  0.023373214974412  0.007213924302573  0.000000000000000  1.000000000000000  0.000000000000000  0.000000000000000  0.000000000000000  0.000000000000000  0.000000000000000  0.000000000000000  0.013499034178129  1.000000000000000  1.000000000000000 
143.0    Y  0.037240080455439  0.014548356559847  0.010957025395644  0.013830527571555  0.009565128065627  0.000000000000000  0.179617522068008  0.000000000000000  0.011156281091290  0.065926394816754  0.008549169541100  0.063592480756418  0.000000000000000  0.061511501377113  0.021270533070304  0.026867390195094  0.020347565462016  0.120909541201742  0.027853452996780  0.306296332976169  1.000000000000000  0.000000000000000  0.000000000000000  0.000000000000000  0.000000000000000  0.000000000000000  0.000000000000000  0.013499034178129  1.000000000000000  1.000000000000000 
144.0    A  0.296067902963408  0.011501772360689  0.206612579538553  0.010401965728409  0.000000000000000  0.010957025395644  0.029278795214763  0.014518135535171  0.000000000000000  0.068488235402981  0.014720801154763  0.007129417879246  0.000000000000000  0.031642337729703  0.006461120065963  0.095589767367673  0.145490816800267  0.051331918797004  0.000000000000000  0.000000000000000  1.000000000000000  0.000000000000000  0.000000000000000  0.000000000000000  0.000000000000000  0.000000000000000  0.000000000000000  0.013499034178129  1.000000000000000  1.000000000000000 
145.0    Q  0.049652150006007  0.000000000000000  0.010409178321031  0.041897268486885  0.000000000000000  0.027167017502813  0.000000000000000  0.000000000000000  0.050625217102003  0.211979991158287  0.000000000000000  0.051474438579223  0.000000000000000  0.278741554681924  0.059539874877746  0.170282254330061  0.046359216682535  0.000000000000000  0.000000000000000  0.001902352086999  1.000000000000000  0.000000000000000  0.000000000000000  0.000000000000000  0.000000000000000  0.000000000000000  0.000000000000000  0.014528202228331  1.000000000000000  1.000000000000000 
146.0    I  0.126657112519886  0.000000000000000  0.086090627898946  0.015527829583165  0.000000000000000  0.009169126392823  0.000000000000000  0.063946091858402  0.025719385789960  0.015484836926001  0.010686994561738  0.161544103829687  0.000000000000000  0.101110168545217  0.123964591342287  0.135465745855598  0.047695600280017  0.067592172717726  0.000000000000000  0.009387781636929  1.000000000000000  0.000000000000000  0.000000000000000  0.000000000000000  0.000000000000000  0.000000000000000  0.000000000000000  0.014588749139302  1.000000000000000  1.000000000000000 
147.0    Q  0.000000000000000  0.013984766733250  0.010957025395644  0.051617354058483  0.000000000000000  0.010496120513448  0.206469416233930  0.011359160291565  0.018173750649185  0.044780051574159  0.000000000000000  0.043888902366812  0.000000000000000  0.487002134271620  0.046102858033839  0.011359160291565  0.024046987815013  0.008338479203437  0.000000000000000  0.011557714916007  1.000000000000000  0.000000000000000  0.000000000000000  0.000000000000000  0.000000000000000  0.000000000000000  0.000000000000000  0.014588749139302  1.000000000000000  1.000000000000000 
148.0    L  0.000000000000000  0.000000000000000  0.000000000000000  0.000000000000000  0.000000000000000  0.000000000000000  0.034987902770445  0.054221167947004  0.000000000000000  0.823020345278708  0.023914012028479  0.000000000000000  0.000000000000000  0.022702578899553  0.015603354157829  0.000000000000000  0.000000000000000  0.000000000000000  0.025277542136304  0.000000000000000  1.000000000000000  0.000000000000000  0.000000000000000  0.000000000000000  0.000000000000000  0.000000000000000  0.000000000000000  0.014588749139302  1.000000000000000  1.000000000000000 
149.0    D  0.038606832410217  0.009426905622818  0.398044049389390  0.370103324500012  0.000000000000000  0.039719740290802  0.021329589341956  0.000000000000000  0.014720801154763  0.000000000000000  0.000000000000000  0.005961950035002  0.000000000000000  0.016379101179952  0.036322315859941  0.017421347167620  0.019640833976904  0.000000000000000  0.000000000000000  0.012387252134536  1.000000000000000  0.000000000000000  0.000000000000000  0.000000000000000  0.000000000000000  0.000000000000000  0.000000000000000  0.015463385256488  1.000000000000000  1.000000000000000 
150.0    K  0.027204705103004  0.000000000000000  0.000000000000000  0.023519480428298  0.000000000000000  0.000000000000000  0.019640833976904  0.000000000000000  0.441045682598588  0.089064850884299  0.000000000000000  0.022702578899553  0.000000000000000  0.061767853218796  0.272060610417701  0.018287478773040  0.009985151275024  0.000000000000000  0.014649548382142  0.000000000000000  1.000000000000000  0.000000000000000  0.000000000000000  0.000000000000000  0.000000000000000  0.000000000000000  0.000000000000000  0.016653855251062  1.000000000000000  1.000000000000000 
151.0    L  0.000000000000000  0.000000000000000  0.000000000000000  0.000000000000000  0.000000000000000  0.000000000000000  0.000000000000000  0.000000000000000  0.000000000000000  1.000000000000000  0.000000000000000  0.000000000000000  0.000000000000000  0.000000000000000  0.000000000000000  0.000000000000000  0.000000000000000  0.000000000000000  0.000000000000000  0.000000000000000  1.000000000000000  0.000000000000000  0.000000000000000  1.000000000000000  0.000000000000000  0.000000000000000  0.000000000000000  0.017652300227658  1.000000000000000  1.000000000000000 
