No:  residues  hmm_col_1  hmm_col_2  hmm_col_3  hmm_col_4  hmm_col_5  hmm_col_6  hmm_col_7  hmm_col_8  hmm_col_9  hmm_col_10  hmm_col_11  hmm_col_12  hmm_col_13  hmm_col_14  hmm_col_15  hmm_col_16  hmm_col_17  hmm_col_18  hmm_col_19  hmm_col_20  hmm_col_21   hmm_col_22   hmm_col_23   hmm_col_24   hmm_col_25   hmm_col_26   hmm_col_27   hmm_col_28   hmm_col_29   hmm_col_30   
1.0    M  0.000000000000000  0.052701944390632  0.000000000000000  0.000000000000000  0.048093975630027  0.095325103328518  0.000000000000000  0.000000000000000  0.000000000000000  0.051760666333409  0.752101875694344  0.000000000000000  0.000000000000000  0.000000000000000  0.000000000000000  0.000000000000000  0.000000000000000  0.000000000000000  0.000000000000000  0.000000000000000  1.000000000000000  0.000000000000000  0.000000000000000  0.000000000000000  0.000000000000000  0.000000000000000  0.000000000000000  0.063460381304339  1.000000000000000  1.000000000000000 
2.0    G  0.039582320428851  0.000000000000000  0.000000000000000  0.133138525424177  0.000000000000000  0.663882579191219  0.000000000000000  0.000000000000000  0.000000000000000  0.000000000000000  0.000000000000000  0.000000000000000  0.000000000000000  0.163572258931876  0.000000000000000  0.000000000000000  0.000000000000000  0.000000000000000  0.000000000000000  0.000000000000000  1.000000000000000  0.000000000000000  0.000000000000000  0.000000000000000  0.000000000000000  0.000000000000000  0.000000000000000  0.052519609514580  1.000000000000000  1.000000000000000 
3.0    A  0.555939578758553  0.037759932605936  0.009957504900932  0.000000000000000  0.034939432842683  0.030691862351981  0.000000000000000  0.000000000000000  0.000000000000000  0.131487722400484  0.015920174947136  0.000000000000000  0.054183597719668  0.000000000000000  0.000000000000000  0.020703234641331  0.017098339082199  0.091315273659105  0.000000000000000  0.000000000000000  1.000000000000000  0.000000000000000  0.000000000000000  0.000000000000000  0.000000000000000  0.000000000000000  0.000000000000000  0.051296350550656  1.000000000000000  1.000000000000000 
4.0    Q  0.024332021595677  0.000000000000000  0.000000000000000  0.032284824615129  0.000000000000000  0.006011746953753  0.119741902277837  0.000000000000000  0.009611651130868  0.000000000000000  0.000000000000000  0.000000000000000  0.000000000000000  0.807760777609608  0.000000000000000  0.000000000000000  0.000000000000000  0.000000000000000  0.000000000000000  0.000000000000000  0.938871747315452  0.061044283060139  0.000000000000000  0.063857505169644  0.936272247434492  0.000000000000000  0.000000000000000  0.050695447223565  0.446892581178393  1.000000000000000 
5.0    V  0.000000000000000  0.000000000000000  0.000000000000000  0.000000000000000  0.031077192771038  0.171110476636480  0.000000000000000  0.008644510571033  0.047994070928191  0.039664715188119  0.041723384477997  0.000000000000000  0.000000000000000  0.000000000000000  0.000000000000000  0.077589218220382  0.000000000000000  0.582366793234228  0.000000000000000  0.000000000000000  1.000000000000000  0.000000000000000  0.000000000000000  0.000000000000000  0.000000000000000  0.000000000000000  1.000000000000000  0.056838015737546  1.000000000000000  0.446892581178393 
6.0    S  0.055977854380678  0.000000000000000  0.000000000000000  0.000000000000000  0.009074286968170  0.000000000000000  0.045405157799105  0.000000000000000  0.000000000000000  0.000000000000000  0.063504383937106  0.133600748901376  0.000000000000000  0.066109435226152  0.000000000000000  0.595428424682484  0.031055659166330  0.000000000000000  0.000000000000000  0.000000000000000  1.000000000000000  0.000000000000000  0.000000000000000  0.000000000000000  0.000000000000000  0.000000000000000  1.000000000000000  0.052265399994629  1.000000000000000  0.446892581178393 
7.0    R  0.027950153180706  0.000000000000000  0.000000000000000  0.000000000000000  0.000000000000000  0.095259051896236  0.000000000000000  0.000000000000000  0.089622203000989  0.000000000000000  0.023292349793733  0.049002528379734  0.000000000000000  0.021314809919990  0.196282029668393  0.186209682890338  0.269807059126107  0.041291825176821  0.000000000000000  0.000000000000000  0.963261894020148  0.036574957546081  0.000000000000000  0.076946525834057  0.923382310729395  1.000000000000000  0.000000000000000  0.052265399994629  0.459775023075829  0.446892581178393 
8.0    Q  0.073505703143185  0.000000000000000  0.000000000000000  0.000000000000000  0.000000000000000  0.000000000000000  0.007478683267151  0.000000000000000  0.013368672276291  0.000000000000000  0.000000000000000  0.094469995519764  0.034125642054552  0.530343870684108  0.005086891365504  0.067125279476258  0.174705871481383  0.000000000000000  0.000000000000000  0.000000000000000  1.000000000000000  0.000000000000000  0.000000000000000  0.000000000000000  0.000000000000000  0.000000000000000  0.000000000000000  0.047267749915124  1.000000000000000  1.000000000000000 
9.0    N  0.022781396544009  0.000000000000000  0.000000000000000  0.000000000000000  0.000000000000000  0.104675810938553  0.000000000000000  0.000000000000000  0.304813773519076  0.000000000000000  0.000000000000000  0.146401272652351  0.000000000000000  0.065425642623411  0.083968964107581  0.166777896209721  0.105112051906714  0.000000000000000  0.000000000000000  0.000000000000000  1.000000000000000  0.000000000000000  0.000000000000000  0.000000000000000  0.000000000000000  0.000000000000000  0.000000000000000  0.047267749915124  1.000000000000000  1.000000000000000 
10.0    V  0.061767853218796  0.000000000000000  0.000000000000000  0.011335564123705  0.000000000000000  0.000000000000000  0.000000000000000  0.000000000000000  0.000000000000000  0.007478683267151  0.000000000000000  0.172779025816073  0.038473262917029  0.000000000000000  0.028656376350146  0.211979991158287  0.328963631257252  0.138600080450384  0.000000000000000  0.000000000000000  1.000000000000000  0.000000000000000  0.000000000000000  0.000000000000000  0.000000000000000  0.000000000000000  0.000000000000000  0.047267749915124  1.000000000000000  1.000000000000000 
11.0    G  0.000000000000000  0.000000000000000  0.084787770465479  0.035996488823417  0.000000000000000  0.640823962080096  0.031489180012828  0.000000000000000  0.068440779424598  0.000000000000000  0.029056404456661  0.011454037165541  0.000000000000000  0.000000000000000  0.012824087637664  0.085318357367823  0.000000000000000  0.000000000000000  0.000000000000000  0.000000000000000  1.000000000000000  0.000000000000000  0.000000000000000  0.000000000000000  0.000000000000000  0.000000000000000  0.000000000000000  0.046198825977308  1.000000000000000  1.000000000000000 
12.0    T  0.204192247777506  0.000000000000000  0.000000000000000  0.029177498278604  0.000000000000000  0.036121459579837  0.000000000000000  0.000000000000000  0.171466661073825  0.000000000000000  0.000000000000000  0.076893209046947  0.069348092004240  0.000000000000000  0.000000000000000  0.250346813927834  0.162442382806930  0.000000000000000  0.000000000000000  0.000000000000000  0.970634469769547  0.000000000000000  0.029177498278604  0.000000000000000  0.000000000000000  0.000000000000000  0.000000000000000  0.046584699587466  1.000000000000000  1.000000000000000 
13.0    H  0.000000000000000  0.000000000000000  0.000000000000000  0.063109456099793  0.000000000000000  0.038580081465423  0.606256409530869  0.000000000000000  0.029238234307231  0.000000000000000  0.000000000000000  0.100900134313096  0.000000000000000  0.032690154368517  0.013276328111541  0.086509357253217  0.029421202016913  0.000000000000000  0.000000000000000  0.000000000000000  0.984184022033800  0.016030908520893  0.000000000000000  0.500000000000000  0.500000000000000  1.000000000000000  0.000000000000000  0.049036506118547  0.456599125005996  0.476649272644080 
14.0    S  0.000000000000000  0.000000000000000  0.062413416631314  0.434371092575312  0.000000000000000  0.037629293163482  0.035971546603993  0.006510571930931  0.015733680469636  0.000000000000000  0.000000000000000  0.113676031475092  0.028419007868773  0.000000000000000  0.000000000000000  0.179244406001978  0.070756181381917  0.015282241772615  0.000000000000000  0.000000000000000  0.920825697205040  0.028419007868773  0.051048061944376  0.500000000000000  0.500000000000000  0.000000000000000  0.000000000000000  0.046198825977308  0.473356815618357  1.000000000000000 
15.0    T  0.038260512262506  0.000000000000000  0.000000000000000  0.000000000000000  0.026793001144818  0.059416193826864  0.000000000000000  0.000000000000000  0.000000000000000  0.000000000000000  0.000000000000000  0.209787409276635  0.000000000000000  0.000000000000000  0.005161478147103  0.135653671485226  0.465547409915115  0.059292769696278  0.000000000000000  0.000000000000000  1.000000000000000  0.000000000000000  0.000000000000000  0.000000000000000  0.000000000000000  0.000000000000000  1.000000000000000  0.046908721797324  1.000000000000000  0.446892581178393 
16.0    Q  0.082354996983384  0.000000000000000  0.026830169888680  0.023324662239015  0.032509383328812  0.171585553906864  0.007965606898423  0.036171569280941  0.013782677581206  0.004543437662296  0.014062530153024  0.097058609375130  0.023947186878247  0.132402291835485  0.023099412988654  0.185694115082604  0.026979361205450  0.026114592466308  0.005986796719562  0.065698306817982  0.995159721820083  0.000000000000000  0.004792519442398  0.000000000000000  0.000000000000000  0.000000000000000  1.000000000000000  0.046843737554861  1.000000000000000  0.446892581178393 
17.0    N  0.030691862351981  0.000000000000000  0.013303964183577  0.023163547028169  0.005875795903862  0.000000000000000  0.000000000000000  0.161880374856803  0.000000000000000  0.124394965227510  0.013489680602725  0.315781815461450  0.000000000000000  0.000000000000000  0.000000000000000  0.191843262000111  0.073556671076173  0.046070913040347  0.000000000000000  0.000000000000000  1.000000000000000  0.000000000000000  0.000000000000000  0.333324669272800  0.666649338545599  0.910669833591978  0.089126607335259  0.046746429948825  0.446892581178393  0.441045682598588 
18.0    A  0.029177498278604  0.000000000000000  0.013157233650131  0.050555084272609  0.030060232958274  0.000000000000000  0.053623158151793  0.095325103328518  0.000000000000000  0.000000000000000  0.010110512925647  0.179991414814336  0.010438078737423  0.013480333508479  0.047398985792951  0.228774792031982  0.095523532547823  0.039802421103953  0.000000000000000  0.102592701101312  1.000000000000000  0.000000000000000  0.000000000000000  0.000000000000000  0.000000000000000  0.000000000000000  1.000000000000000  0.044224817510208  1.000000000000000  0.500000000000000 
19.0    V  0.457866843209063  0.013102627881890  0.000000000000000  0.000000000000000  0.000000000000000  0.372936006672866  0.000000000000000  0.000000000000000  0.000000000000000  0.024723040662045  0.000000000000000  0.000000000000000  0.000000000000000  0.000000000000000  0.019572881853502  0.000000000000000  0.015700997194122  0.096121301954392  0.000000000000000  0.000000000000000  1.000000000000000  0.000000000000000  0.000000000000000  0.000000000000000  0.000000000000000  0.000000000000000  1.000000000000000  0.044224817510208  1.000000000000000  0.500000000000000 
20.0    T  0.035158077646525  0.000000000000000  0.000000000000000  0.010258758792376  0.006661210091937  0.073607674349686  0.000000000000000  0.007662335968661  0.021868529149925  0.000000000000000  0.007976657232087  0.287373712008669  0.000000000000000  0.055475708579344  0.021463066147338  0.221902834317374  0.226408495754456  0.005859527301898  0.000000000000000  0.018312848182414  0.986916545885842  0.000000000000000  0.012931200251222  0.000000000000000  0.000000000000000  0.000000000000000  1.000000000000000  0.044316876114983  1.000000000000000  0.500000000000000 
21.0    N  0.000000000000000  0.000000000000000  0.007742418463001  0.159320078414908  0.000000000000000  0.305872010282967  0.009936820365184  0.000000000000000  0.009538644630228  0.000000000000000  0.016584737639841  0.293412044570338  0.000000000000000  0.038419964601706  0.005691402788664  0.087656203165150  0.046552420722584  0.019303416205108  0.000000000000000  0.000000000000000  0.953298545288159  0.046681670534761  0.000000000000000  1.000000000000000  0.000000000000000  0.723969086189780  0.276241121199978  0.044071811265137  0.450312989923965  0.487677730763821 
22.0    G  0.013102627881890  0.000000000000000  0.016804599850897  0.000000000000000  0.000000000000000  0.752623373705534  0.000000000000000  0.000000000000000  0.006297522121039  0.000000000000000  0.000000000000000  0.092141826080694  0.000000000000000  0.000000000000000  0.000000000000000  0.092847057541302  0.026405824512891  0.000000000000000  0.000000000000000  0.000000000000000  1.000000000000000  0.000000000000000  0.000000000000000  0.000000000000000  0.000000000000000  1.000000000000000  0.000000000000000  0.044224817510208  1.000000000000000  0.500000000000000 
23.0    S  0.038983299122314  0.008887540842754  0.000000000000000  0.000000000000000  0.000000000000000  0.021883692513863  0.000000000000000  0.088818252698835  0.000000000000000  0.040582456335309  0.000000000000000  0.046359216682535  0.000000000000000  0.000000000000000  0.029873291174804  0.497579860910041  0.097869287032068  0.129228842030996  0.000000000000000  0.000000000000000  1.000000000000000  0.000000000000000  0.000000000000000  0.000000000000000  0.000000000000000  0.000000000000000  0.000000000000000  0.044286168640882  1.000000000000000  1.000000000000000 
24.0    S  0.013907433332070  0.000000000000000  0.000000000000000  0.000000000000000  0.000000000000000  0.000000000000000  0.036096430767300  0.280680355518402  0.000000000000000  0.047234997759882  0.033539383949795  0.057074890625749  0.000000000000000  0.014854048456716  0.000000000000000  0.130851285246822  0.284795844305529  0.101040108600696  0.000000000000000  0.000000000000000  1.000000000000000  0.000000000000000  0.000000000000000  0.000000000000000  0.000000000000000  0.000000000000000  0.000000000000000  0.044224817510208  1.000000000000000  1.000000000000000 
25.0    L  0.000000000000000  0.000000000000000  0.000000000000000  0.000000000000000  0.000000000000000  0.000000000000000  0.000000000000000  0.484644908467533  0.000000000000000  0.124826833262629  0.000000000000000  0.085733330536912  0.000000000000000  0.060664654360597  0.012735505193791  0.000000000000000  0.058964890680960  0.155717176946184  0.000000000000000  0.016781319869064  0.933679944915313  0.000000000000000  0.066155274679696  0.000000000000000  0.000000000000000  0.000000000000000  0.000000000000000  0.044286168640882  1.000000000000000  1.000000000000000 
26.0    N  0.000000000000000  0.000000000000000  0.000000000000000  0.000000000000000  0.035946621667206  0.000000000000000  0.165052855126875  0.088756709908964  0.108442335894008  0.000000000000000  0.000000000000000  0.472046209575125  0.015975445790780  0.000000000000000  0.013276328111541  0.000000000000000  0.030862526920168  0.026626377971090  0.000000000000000  0.042807280623924  1.000000000000000  0.000000000000000  0.000000000000000  0.000000000000000  0.000000000000000  0.000000000000000  1.000000000000000  0.048495678392179  1.000000000000000  0.426022047537433 
27.0    Y  0.000000000000000  0.000000000000000  0.000000000000000  0.000000000000000  0.100272645794061  0.000000000000000  0.000000000000000  0.000000000000000  0.000000000000000  0.000000000000000  0.000000000000000  0.380772184925815  0.000000000000000  0.000000000000000  0.000000000000000  0.007525483547032  0.000000000000000  0.000000000000000  0.000000000000000  0.511214265304961  1.000000000000000  0.000000000000000  0.000000000000000  0.000000000000000  0.000000000000000  0.766309980103892  0.233905874457850  0.048495678392179  1.000000000000000  0.426022047537433 
28.0    F  0.000000000000000  0.000000000000000  0.000000000000000  0.000000000000000  0.343647173893007  0.000000000000000  0.008710673583810  0.000000000000000  0.000000000000000  0.000000000000000  0.000000000000000  0.032940356977836  0.000000000000000  0.000000000000000  0.000000000000000  0.014308338850283  0.406689599066063  0.000000000000000  0.000000000000000  0.193713982739793  1.000000000000000  0.000000000000000  0.000000000000000  0.000000000000000  0.000000000000000  0.000000000000000  1.000000000000000  0.044316876114983  1.000000000000000  0.490049707670935 
29.0    N  0.000000000000000  0.000000000000000  0.009604991150426  0.000000000000000  0.000000000000000  0.000000000000000  0.000000000000000  0.000000000000000  0.010287241578588  0.000000000000000  0.000000000000000  0.476649272644080  0.000000000000000  0.022359008125358  0.000000000000000  0.004322255285517  0.099373156368622  0.023947186878247  0.000000000000000  0.353308410970682  1.000000000000000  0.000000000000000  0.000000000000000  0.000000000000000  0.000000000000000  1.000000000000000  0.000000000000000  0.044316876114983  1.000000000000000  0.490049707670935 
30.0    I  0.073251392729657  0.000000000000000  0.000000000000000  0.000000000000000  0.000000000000000  0.091062444618626  0.000000000000000  0.639492790638714  0.000000000000000  0.000000000000000  0.043465061615937  0.000000000000000  0.000000000000000  0.000000000000000  0.000000000000000  0.136030305208850  0.000000000000000  0.016642315678022  0.000000000000000  0.000000000000000  1.000000000000000  0.000000000000000  0.000000000000000  0.000000000000000  0.000000000000000  0.000000000000000  0.000000000000000  0.044286168640882  1.000000000000000  1.000000000000000 
31.0    N  0.000000000000000  0.000000000000000  0.000000000000000  0.000000000000000  0.000000000000000  0.000000000000000  0.000000000000000  0.030185510278901  0.009902441578394  0.000000000000000  0.000000000000000  0.824733548610081  0.000000000000000  0.043646204139606  0.000000000000000  0.065880713955671  0.025524030972188  0.000000000000000  0.000000000000000  0.000000000000000  1.000000000000000  0.000000000000000  0.000000000000000  0.000000000000000  0.000000000000000  0.000000000000000  0.000000000000000  0.044224817510208  1.000000000000000  1.000000000000000 
32.0    Y  0.000000000000000  0.000000000000000  0.065607292726442  0.000000000000000  0.043585739573450  0.000000000000000  0.043465061615937  0.000000000000000  0.000000000000000  0.000000000000000  0.000000000000000  0.040246300922182  0.000000000000000  0.107917444821801  0.000000000000000  0.053031743856619  0.033492920704259  0.000000000000000  0.000000000000000  0.612592665952338  1.000000000000000  0.000000000000000  0.000000000000000  0.000000000000000  0.000000000000000  0.000000000000000  0.000000000000000  0.044286168640882  1.000000000000000  1.000000000000000 
33.0    F  0.000000000000000  0.000000000000000  0.000000000000000  0.000000000000000  0.081052472165688  0.000000000000000  0.026405824512891  0.000000000000000  0.000000000000000  0.000000000000000  0.000000000000000  0.000000000000000  0.000000000000000  0.000000000000000  0.000000000000000  0.000000000000000  0.000000000000000  0.000000000000000  0.000000000000000  0.892546971472977  1.000000000000000  0.000000000000000  0.000000000000000  0.000000000000000  0.000000000000000  0.000000000000000  0.000000000000000  0.044286168640882  1.000000000000000  1.000000000000000 
34.0    K  0.025630403474898  0.000000000000000  0.000000000000000  0.012174446557195  0.000000000000000  0.066615421004246  0.000000000000000  0.000000000000000  0.467487598875728  0.000000000000000  0.000000000000000  0.005798920197770  0.000000000000000  0.158658860752476  0.049343367918785  0.112578247480991  0.047136877396456  0.000000000000000  0.000000000000000  0.054711958105891  1.000000000000000  0.000000000000000  0.000000000000000  0.000000000000000  0.000000000000000  0.000000000000000  0.000000000000000  0.044687030823803  1.000000000000000  1.000000000000000 
35.0    D  0.041148966314351  0.000000000000000  0.532185091226680  0.017181502333040  0.000000000000000  0.044718016250716  0.027622735345740  0.000000000000000  0.000000000000000  0.000000000000000  0.000000000000000  0.167356907122305  0.000000000000000  0.091062444618626  0.000000000000000  0.036574957546081  0.022671128247409  0.019559319666469  0.000000000000000  0.000000000000000  1.000000000000000  0.000000000000000  0.000000000000000  0.000000000000000  0.000000000000000  0.000000000000000  0.000000000000000  0.044286168640882  1.000000000000000  1.000000000000000 
36.0    A  0.407536166201313  0.000000000000000  0.028755864082027  0.000000000000000  0.000000000000000  0.000000000000000  0.000000000000000  0.000000000000000  0.000000000000000  0.016781319869064  0.000000000000000  0.022671128247409  0.000000000000000  0.014720801154763  0.000000000000000  0.509798841499095  0.000000000000000  0.000000000000000  0.000000000000000  0.000000000000000  1.000000000000000  0.000000000000000  0.000000000000000  0.000000000000000  0.000000000000000  0.000000000000000  0.000000000000000  0.044286168640882  1.000000000000000  1.000000000000000 
37.0    A  0.392020227037869  0.000000000000000  0.000000000000000  0.000000000000000  0.000000000000000  0.018581361171918  0.000000000000000  0.160428237195363  0.000000000000000  0.000000000000000  0.000000000000000  0.000000000000000  0.000000000000000  0.000000000000000  0.000000000000000  0.031293351740979  0.000000000000000  0.095788747512986  0.021094343517543  0.280874975757911  0.908778116448520  0.000000000000000  0.091062444618626  0.000000000000000  0.000000000000000  0.000000000000000  0.000000000000000  0.044286168640882  1.000000000000000  1.000000000000000 
38.0    S  0.187115373349086  0.000000000000000  0.292599660368647  0.000000000000000  0.018504243935213  0.000000000000000  0.000000000000000  0.000000000000000  0.000000000000000  0.000000000000000  0.000000000000000  0.000000000000000  0.000000000000000  0.000000000000000  0.000000000000000  0.493458272942921  0.008384845987449  0.000000000000000  0.000000000000000  0.000000000000000  1.000000000000000  0.000000000000000  0.000000000000000  0.000000000000000  0.000000000000000  0.000000000000000  1.000000000000000  0.052994997789572  1.000000000000000  0.381829374490175 
39.0    S  0.228457862557350  0.000000000000000  0.000000000000000  0.000000000000000  0.055822865772048  0.000000000000000  0.012638771068152  0.000000000000000  0.000000000000000  0.189464570813800  0.000000000000000  0.195331970043079  0.017518219969195  0.090433430366908  0.004920429609170  0.205470046823713  0.000000000000000  0.000000000000000  0.000000000000000  0.000000000000000  0.980099415341871  0.000000000000000  0.019970302550048  0.000000000000000  0.000000000000000  0.000000000000000  1.000000000000000  0.052994997789572  1.000000000000000  0.381829374490175 
40.0    G  0.127538082406057  0.000000000000000  0.052337905469277  0.000000000000000  0.017253106986923  0.195602945434128  0.000000000000000  0.000000000000000  0.000000000000000  0.000000000000000  0.000000000000000  0.000000000000000  0.000000000000000  0.000000000000000  0.000000000000000  0.594603557501361  0.012850782323632  0.000000000000000  0.000000000000000  0.000000000000000  0.949342120950519  0.050906722691888  0.000000000000000  0.694959109921168  0.305025127568056  0.000000000000000  1.000000000000000  0.053363607149453  0.451250363731215  0.354535008919865 
41.0    A  0.547905883223845  0.000000000000000  0.000000000000000  0.000000000000000  0.011670417633690  0.081446696835206  0.000000000000000  0.000000000000000  0.000000000000000  0.130308220105140  0.000000000000000  0.000000000000000  0.000000000000000  0.044102370106522  0.000000000000000  0.076256281892014  0.017591227908387  0.000000000000000  0.026296233821418  0.064524908467703  0.924022572446823  0.076309157041821  0.000000000000000  0.770037174236072  0.230046912656219  0.927873476471283  0.072142838594802  0.057193698007996  0.418123199957031  0.331481440074665 
42.0    S  0.139951611081780  0.000000000000000  0.000000000000000  0.000000000000000  0.000000000000000  0.018749552849581  0.000000000000000  0.000000000000000  0.000000000000000  0.000000000000000  0.000000000000000  0.379454813243513  0.000000000000000  0.042600081477578  0.000000000000000  0.315781815461450  0.103449602009776  0.000000000000000  0.000000000000000  0.000000000000000  1.000000000000000  0.000000000000000  0.000000000000000  0.000000000000000  0.000000000000000  0.000000000000000  1.000000000000000  0.044316876114983  1.000000000000000  0.495514781632040 
43.0    R  0.076362068854594  0.000000000000000  0.000000000000000  0.000000000000000  0.000000000000000  0.088572337281764  0.000000000000000  0.000000000000000  0.306084098100051  0.014538275901610  0.022718320583130  0.000000000000000  0.158109942794242  0.000000000000000  0.228457862557350  0.098960733233909  0.000000000000000  0.000000000000000  0.006354524985407  0.000000000000000  0.888842681166570  0.000000000000000  0.111028349480301  0.000000000000000  0.000000000000000  0.000000000000000  1.000000000000000  0.044316876114983  1.000000000000000  0.495514781632040 
44.0    L  0.000000000000000  0.000000000000000  0.000000000000000  0.000000000000000  0.000000000000000  0.031840349894273  0.013012121420009  0.000000000000000  0.000000000000000  0.093622558401511  0.010409178321031  0.106210624892331  0.014659706195323  0.560971740265242  0.000000000000000  0.107917444821801  0.061298687749284  0.000000000000000  0.000000000000000  0.000000000000000  1.000000000000000  0.000000000000000  0.000000000000000  0.000000000000000  0.000000000000000  0.000000000000000  1.000000000000000  0.053548872173036  1.000000000000000  0.358737383651676 
45.0    D  0.059539874877746  0.000000000000000  0.489710148793463  0.078020659306351  0.000000000000000  0.042600081477578  0.000000000000000  0.000000000000000  0.000000000000000  0.000000000000000  0.000000000000000  0.101742898133804  0.000000000000000  0.107693269964002  0.000000000000000  0.053511767784154  0.067032288551121  0.000000000000000  0.000000000000000  0.000000000000000  0.955282936382437  0.000000000000000  0.044656066866909  0.000000000000000  0.000000000000000  0.911301280637141  0.088695209762524  0.053474689105163  1.000000000000000  0.358737383651676 
46.0    F  0.041120453907157  0.000000000000000  0.000000000000000  0.000000000000000  0.456915725114700  0.000000000000000  0.000000000000000  0.059251685320540  0.000000000000000  0.074119656213184  0.024332021595677  0.000000000000000  0.000000000000000  0.162442382806930  0.000000000000000  0.068015152604425  0.015134659206666  0.083504629899381  0.000000000000000  0.014957366534302  0.983502074026248  0.000000000000000  0.016435965300061  1.000000000000000  0.000000000000000  0.408384495555011  0.591315500122071  0.044501568612408  0.491751037013124  0.453130969133667 
47.0    S  0.043404847992660  0.000000000000000  0.005628631831398  0.005924873224119  0.000000000000000  0.188547509585822  0.049583365199446  0.000000000000000  0.012430257558671  0.000000000000000  0.000000000000000  0.019170077769591  0.005679580145782  0.073505703143185  0.006328152137750  0.357000994921266  0.232935107326193  0.000000000000000  0.000000000000000  0.000000000000000  0.958599438492977  0.015560152392101  0.025665959398502  1.000000000000000  0.000000000000000  0.419284092220466  0.580754365962861  0.044563303667629  0.487002134271620  0.451876363375543 
48.0    Q  0.054296386571914  0.000000000000000  0.000000000000000  0.000000000000000  0.000000000000000  0.059416193826864  0.014771908074230  0.000000000000000  0.022781396544009  0.014239082509955  0.133138525424177  0.000000000000000  0.000000000000000  0.569986636346731  0.000000000000000  0.050450067156548  0.080884103405178  0.000000000000000  0.000000000000000  0.000000000000000  1.000000000000000  0.000000000000000  0.000000000000000  0.000000000000000  0.000000000000000  0.773782496771195  0.226408495754456  0.044378354954482  1.000000000000000  0.444421340583285 
49.0    D  0.018504243935213  0.000000000000000  0.807201074504765  0.057551606075315  0.000000000000000  0.033539383949795  0.000000000000000  0.019600034445641  0.000000000000000  0.000000000000000  0.000000000000000  0.006716847548773  0.000000000000000  0.027469986278493  0.000000000000000  0.029502888098445  0.000000000000000  0.000000000000000  0.000000000000000  0.000000000000000  1.000000000000000  0.000000000000000  0.000000000000000  0.000000000000000  0.000000000000000  0.000000000000000  1.000000000000000  0.044255482444204  1.000000000000000  0.495514781632040 
50.0    P  0.025541729015259  0.000000000000000  0.000000000000000  0.018491422214884  0.000000000000000  0.013003105229868  0.000000000000000  0.000000000000000  0.000000000000000  0.019559319666469  0.000000000000000  0.018491422214884  0.821880187294851  0.000000000000000  0.000000000000000  0.037551126547714  0.045216715183454  0.000000000000000  0.000000000000000  0.000000000000000  1.000000000000000  0.000000000000000  0.000000000000000  0.000000000000000  0.000000000000000  0.000000000000000  1.000000000000000  0.044316876114983  1.000000000000000  0.495514781632040 
51.0    S  0.037786114869793  0.000000000000000  0.022452190258501  0.085733330536912  0.000000000000000  0.171110476636480  0.000000000000000  0.000000000000000  0.021672358892678  0.000000000000000  0.000000000000000  0.049206748535575  0.073863221683398  0.000000000000000  0.015303442149796  0.461371246326899  0.061468879626641  0.000000000000000  0.000000000000000  0.000000000000000  1.000000000000000  0.000000000000000  0.000000000000000  0.000000000000000  0.000000000000000  0.000000000000000  1.000000000000000  0.044255482444204  1.000000000000000  0.495514781632040 
52.0    K  0.118093380124651  0.000000000000000  0.000000000000000  0.000000000000000  0.000000000000000  0.000000000000000  0.000000000000000  0.000000000000000  0.611744020565933  0.000000000000000  0.000000000000000  0.053068515402927  0.042600081477578  0.114466710802266  0.032803646363221  0.027318081887824  0.000000000000000  0.000000000000000  0.000000000000000  0.000000000000000  1.000000000000000  0.000000000000000  0.000000000000000  0.000000000000000  0.000000000000000  0.000000000000000  1.000000000000000  0.044316876114983  1.000000000000000  0.495514781632040 
53.0    F  0.041206050452886  0.000000000000000  0.000000000000000  0.054447137008891  0.675955416514063  0.016265962463814  0.000000000000000  0.015271652600169  0.000000000000000  0.015560152392101  0.000000000000000  0.009271381231692  0.018491422214884  0.000000000000000  0.000000000000000  0.060833085884890  0.036957218757629  0.048765342510856  0.000000000000000  0.007006938747359  1.000000000000000  0.000000000000000  0.000000000000000  0.000000000000000  0.000000000000000  0.000000000000000  1.000000000000000  0.044316876114983  1.000000000000000  0.495514781632040 
54.0    T  0.067968024428430  0.000000000000000  0.000000000000000  0.035723072981689  0.000000000000000  0.019559319666469  0.000000000000000  0.000000000000000  0.000000000000000  0.000000000000000  0.000000000000000  0.063724855187387  0.010561803383032  0.018491422214884  0.049070507417098  0.052156830072213  0.643494623650635  0.000000000000000  0.000000000000000  0.039227249727583  1.000000000000000  0.000000000000000  0.000000000000000  0.000000000000000  0.000000000000000  0.000000000000000  1.000000000000000  0.044316876114983  1.000000000000000  0.495514781632040 
55.0    D  0.019970302550048  0.000000000000000  0.095193046231454  0.194521294138855  0.000000000000000  0.172539669174579  0.000000000000000  0.000000000000000  0.130942015887475  0.000000000000000  0.000000000000000  0.079000193653300  0.000000000000000  0.185565446328631  0.030948214747907  0.091315273659105  0.000000000000000  0.000000000000000  0.000000000000000  0.000000000000000  0.981459063853479  0.000000000000000  0.018401918587422  0.000000000000000  0.000000000000000  0.000000000000000  1.000000000000000  0.044718016250716  1.000000000000000  0.495514781632040 
56.0    P  0.038446604523473  0.000000000000000  0.000000000000000  0.000000000000000  0.000000000000000  0.070609200910633  0.000000000000000  0.016288527513143  0.000000000000000  0.000000000000000  0.000000000000000  0.014936645587402  0.732042847972813  0.066384949155961  0.019956464987428  0.000000000000000  0.041234622211653  0.000000000000000  0.000000000000000  0.000000000000000  1.000000000000000  0.000000000000000  0.000000000000000  0.000000000000000  0.000000000000000  0.000000000000000  1.000000000000000  0.045248067886861  1.000000000000000  0.468785548228555 
57.0    V  0.049755506173674  0.000000000000000  0.000000000000000  0.000000000000000  0.085141127165031  0.015431263460084  0.000000000000000  0.051189793616239  0.000000000000000  0.136124626917013  0.044470733163581  0.000000000000000  0.000000000000000  0.000000000000000  0.000000000000000  0.019956464987428  0.019196671569463  0.563309614248640  0.000000000000000  0.015282241772615  1.000000000000000  0.000000000000000  0.000000000000000  0.000000000000000  0.000000000000000  0.000000000000000  1.000000000000000  0.045248067886861  1.000000000000000  0.468785548228555 
58.0    K  0.125086673432823  0.000000000000000  0.000000000000000  0.031642337729703  0.000000000000000  0.000000000000000  0.000000000000000  0.000000000000000  0.262793227271927  0.085911793473252  0.036121459579837  0.000000000000000  0.000000000000000  0.000000000000000  0.000000000000000  0.239982315259727  0.096588818705998  0.121834953861444  0.000000000000000  0.000000000000000  1.000000000000000  0.000000000000000  0.000000000000000  0.000000000000000  0.000000000000000  0.632878296985140  0.367037659008526  0.045185384204555  1.000000000000000  0.468785548228555 
59.0    D  0.000000000000000  0.000000000000000  0.523405140987288  0.136030305208850  0.000000000000000  0.110644220572443  0.000000000000000  0.000000000000000  0.005520443921417  0.018491422214884  0.000000000000000  0.058638824781292  0.000000000000000  0.000000000000000  0.015271652600169  0.131944214704746  0.000000000000000  0.000000000000000  0.000000000000000  0.000000000000000  0.976708528962227  0.023147496844068  0.000000000000000  0.333324669272800  0.666649338545599  0.000000000000000  1.000000000000000  0.044316876114983  0.476649272644080  0.495514781632040 
60.0    V  0.083100444261357  0.000000000000000  0.000000000000000  0.000000000000000  0.042985681816867  0.022592692102277  0.000000000000000  0.384218795322003  0.000000000000000  0.154427329640866  0.008155561932982  0.000000000000000  0.000000000000000  0.000000000000000  0.015517070241204  0.014761672515581  0.035476315692065  0.238820734095609  0.000000000000000  0.000000000000000  1.000000000000000  0.000000000000000  0.000000000000000  0.000000000000000  0.000000000000000  0.000000000000000  1.000000000000000  0.044966674375338  1.000000000000000  0.495514781632040 
61.0    L  0.087474116599700  0.000000000000000  0.015517070241204  0.000000000000000  0.012841877926482  0.000000000000000  0.000000000000000  0.074273944066058  0.000000000000000  0.482299092292069  0.209496783666987  0.000000000000000  0.010467059393968  0.000000000000000  0.000000000000000  0.015810206266046  0.065154110052570  0.026663315566002  0.000000000000000  0.000000000000000  0.898755126611030  0.101390894447130  0.000000000000000  0.647521499427212  0.352330188785505  0.000000000000000  1.000000000000000  0.044966674375338  0.390663940086159  0.495514781632040 
62.0    T  0.006167920989848  0.000000000000000  0.061383724703962  0.088510964888409  0.000000000000000  0.267201497802752  0.006670450893682  0.080940187428402  0.119658932274412  0.044904380517002  0.000000000000000  0.032128557083002  0.000000000000000  0.012630013575087  0.029036271070341  0.064928693956104  0.114228931278675  0.071545260037418  0.000000000000000  0.000000000000000  0.741747466920561  0.258278596921033  0.000000000000000  0.275667290767228  0.724471077277439  0.575943821174679  0.424253950852948  0.045342256494818  0.263705579267015  0.474342157570227 
63.0    K  0.044966674375338  0.000000000000000  0.000000000000000  0.148547888132117  0.000000000000000  0.007921558435860  0.009118422670457  0.000000000000000  0.309926924984747  0.058435949859466  0.061383724703962  0.169458040850000  0.060580613558442  0.006258358418669  0.007011797270838  0.000000000000000  0.059416193826864  0.057035343033966  0.000000000000000  0.000000000000000  0.916368644675351  0.000000000000000  0.083678453561153  0.000000000000000  0.000000000000000  0.261521234948132  0.738669031791280  0.067732872927799  1.000000000000000  0.452816991508911 
64.0    G  0.242995246995338  0.000000000000000  0.000000000000000  0.000000000000000  0.000000000000000  0.187764990867616  0.000000000000000  0.035822255804012  0.026060345119530  0.007899625631651  0.125173406963917  0.000000000000000  0.011800567074710  0.000000000000000  0.000000000000000  0.244346441602701  0.101250434204006  0.016909760070714  0.000000000000000  0.000000000000000  0.927230546435463  0.000000000000000  0.072745408400134  0.000000000000000  0.000000000000000  0.000000000000000  1.000000000000000  0.068345966092790  1.000000000000000  0.384751805040216 
65.0    I  0.300409012381713  0.000000000000000  0.000000000000000  0.000000000000000  0.000000000000000  0.133046272806670  0.000000000000000  0.155717176946184  0.000000000000000  0.296478624852737  0.054711958105891  0.000000000000000  0.006024261036750  0.000000000000000  0.000000000000000  0.014978116226453  0.000000000000000  0.038660389958974  0.000000000000000  0.000000000000000  0.973329374158238  0.026552656223083  0.000000000000000  0.250000000000000  0.750019494642909  0.789493886700555  0.210369870571345  0.078508898821470  0.490049707670935  0.335875856430324 
66.0    P  0.036752851571593  0.000000000000000  0.000000000000000  0.000000000000000  0.000000000000000  0.000000000000000  0.000000000000000  0.000000000000000  0.000000000000000  0.000000000000000  0.037008487870426  0.016356410655853  0.775930854274856  0.006125316047467  0.000000000000000  0.015409886007709  0.053031743856619  0.059457392270737  0.000000000000000  0.000000000000000  0.966606097064973  0.000000000000000  0.033562639738129  0.000000000000000  0.000000000000000  0.000000000000000  1.000000000000000  0.067592172717726  1.000000000000000  0.467487598875728 
67.0    T  0.387696603173502  0.000000000000000  0.000000000000000  0.000000000000000  0.079384436408674  0.000000000000000  0.000000000000000  0.000000000000000  0.000000000000000  0.117766409238101  0.027374947345848  0.000000000000000  0.182504001331815  0.000000000000000  0.011406500083238  0.000000000000000  0.173499089876949  0.020474896935287  0.000000000000000  0.000000000000000  1.000000000000000  0.000000000000000  0.000000000000000  0.000000000000000  0.000000000000000  1.000000000000000  0.000000000000000  0.069685388670481  1.000000000000000  0.432568345292494 
68.0    L  0.000000000000000  0.000000000000000  0.000000000000000  0.000000000000000  0.000000000000000  0.000000000000000  0.000000000000000  0.000000000000000  0.000000000000000  0.926588061890371  0.055977854380678  0.000000000000000  0.017421347167620  0.000000000000000  0.000000000000000  0.000000000000000  0.000000000000000  0.000000000000000  0.000000000000000  0.000000000000000  1.000000000000000  0.000000000000000  0.000000000000000  0.000000000000000  0.000000000000000  0.000000000000000  0.000000000000000  0.062025273417864  1.000000000000000  1.000000000000000 
69.0    Q  0.106431713468618  0.000000000000000  0.011948720920959  0.000000000000000  0.000000000000000  0.000000000000000  0.000000000000000  0.026571067502006  0.310356872881528  0.080716084393896  0.132585967671027  0.230366046549676  0.014121136355486  0.077535456107212  0.009232902710425  0.000000000000000  0.000000000000000  0.000000000000000  0.000000000000000  0.000000000000000  1.000000000000000  0.000000000000000  0.000000000000000  1.000000000000000  0.000000000000000  0.000000000000000  0.000000000000000  0.063416409161305  1.000000000000000  1.000000000000000 
