No:  residues  hmm_col_1  hmm_col_2  hmm_col_3  hmm_col_4  hmm_col_5  hmm_col_6  hmm_col_7  hmm_col_8  hmm_col_9  hmm_col_10  hmm_col_11  hmm_col_12  hmm_col_13  hmm_col_14  hmm_col_15  hmm_col_16  hmm_col_17  hmm_col_18  hmm_col_19  hmm_col_20  hmm_col_21   hmm_col_22   hmm_col_23   hmm_col_24   hmm_col_25   hmm_col_26   hmm_col_27   hmm_col_28   hmm_col_29   hmm_col_30   
1.0    M  0.052483218309009  0.000000000000000  0.060037178997092  0.000000000000000  0.000000000000000  0.000000000000000  0.000000000000000  0.000000000000000  0.063065727115293  0.000000000000000  0.666649338545599  0.000000000000000  0.000000000000000  0.102237757319723  0.000000000000000  0.000000000000000  0.055360469943898  0.000000000000000  0.000000000000000  0.000000000000000  1.000000000000000  0.000000000000000  0.000000000000000  0.000000000000000  0.000000000000000  0.000000000000000  0.000000000000000  0.092975860152157  1.000000000000000  1.000000000000000 
2.0    A  0.361483073636437  0.000000000000000  0.000000000000000  0.152090294829258  0.000000000000000  0.052012420919470  0.000000000000000  0.074480160910878  0.000000000000000  0.000000000000000  0.053958722410901  0.000000000000000  0.053105312446166  0.000000000000000  0.000000000000000  0.045847917005229  0.046359216682535  0.000000000000000  0.000000000000000  0.160539476123678  1.000000000000000  0.000000000000000  0.000000000000000  0.000000000000000  0.000000000000000  0.000000000000000  0.000000000000000  0.087899574994570  1.000000000000000  1.000000000000000 
3.0    R  0.034698088550895  0.000000000000000  0.079000193653300  0.000000000000000  0.000000000000000  0.000000000000000  0.000000000000000  0.033307710502123  0.000000000000000  0.220370039476793  0.321301584367343  0.000000000000000  0.000000000000000  0.000000000000000  0.092461719328052  0.000000000000000  0.078183067507079  0.056289123740496  0.000000000000000  0.084435880283477  0.438302860658018  0.561749951515823  0.000000000000000  0.179617522068008  0.820172911196726  0.000000000000000  0.000000000000000  0.074222479129588  0.333555792419442  1.000000000000000 
4.0    F  0.017181502333040  0.000000000000000  0.017241152188156  0.056445406884489  0.132310549359392  0.032441852204471  0.000000000000000  0.035304600455316  0.000000000000000  0.040079268836320  0.571965486601904  0.000000000000000  0.000000000000000  0.000000000000000  0.021138253610161  0.017603425445270  0.000000000000000  0.058476468614463  0.000000000000000  0.000000000000000  1.000000000000000  0.000000000000000  0.000000000000000  0.000000000000000  0.000000000000000  0.000000000000000  0.000000000000000  0.039336161672027  1.000000000000000  1.000000000000000 
5.0    D  0.074894313833714  0.000000000000000  0.076786686277853  0.371130892657262  0.000000000000000  0.007370611335120  0.008275143239718  0.000000000000000  0.034963659407366  0.000000000000000  0.040470093714201  0.020818356642063  0.070707153927869  0.100203166174924  0.000000000000000  0.161544103829687  0.032986053676186  0.000000000000000  0.000000000000000  0.000000000000000  0.610050255136112  0.196963471512337  0.193043783272946  0.430176315305720  0.569986636346731  0.000000000000000  0.000000000000000  0.031796240378209  0.341036958719839  1.000000000000000 
6.0    D  0.055016188347697  0.018073252873520  0.122937759253281  0.042747978246953  0.021270533070304  0.080604265665993  0.000000000000000  0.005505159199774  0.000000000000000  0.023519480428298  0.414085330667273  0.090558884659680  0.000000000000000  0.019263317585372  0.012753172596108  0.053474689105163  0.031163476604752  0.008961773626767  0.000000000000000  0.000000000000000  1.000000000000000  0.000000000000000  0.000000000000000  0.000000000000000  0.000000000000000  0.000000000000000  1.000000000000000  0.031445556984306  1.000000000000000  0.315344352207812 
7.0    P  0.162667731930242  0.000000000000000  0.092975860152157  0.186468003336433  0.005129379396188  0.119658932274412  0.018906157644051  0.005399344556752  0.033100572958871  0.028975954576108  0.031928752584822  0.000000000000000  0.109120948891720  0.016804599850897  0.016042024151875  0.025808677029241  0.115502821555853  0.012310216969521  0.000000000000000  0.019103754338939  0.952637998043937  0.000000000000000  0.047629525948118  1.000000000000000  0.000000000000000  0.542238704421532  0.457866843209063  0.030227385300435  0.481630947010074  0.315344352207812 
8.0    T  0.071001829049168  0.004559211335228  0.085911793473252  0.077481731246187  0.004337261068862  0.010987446874321  0.004568701812703  0.019316800951890  0.008543245761599  0.061001985048514  0.135278080565714  0.082240907814313  0.118339203904589  0.032894723584670  0.092911436526938  0.118997238562191  0.058153103606438  0.005810991259510  0.000000000000000  0.007704943003854  0.993092495437036  0.000000000000000  0.006992383366625  0.000000000000000  0.000000000000000  0.129408115480172  0.870550563296124  0.024826075003003  1.000000000000000  0.360982298880624 
9.0    Q  0.189202099121197  0.047333322371155  0.031358492140922  0.213306524528017  0.000000000000000  0.042130241616783  0.016379101179952  0.000000000000000  0.005802941096331  0.027261334555336  0.000000000000000  0.035550163371016  0.145894762727308  0.074998211398326  0.012859692894980  0.025701564647265  0.074480160910878  0.030101934188130  0.000000000000000  0.027718634536005  0.961927454664775  0.007993261482300  0.030290306779221  1.000000000000000  0.000000000000000  0.347238783941278  0.652929893544459  0.023831275832129  0.500000000000000  0.370103324500012 
10.0    R  0.000000000000000  0.020389921057640  0.000000000000000  0.039885274025905  0.030143693268254  0.016299821773904  0.015261070765035  0.008692579067069  0.152618314083642  0.107917444821801  0.000000000000000  0.052012420919470  0.008680536942618  0.029605314706227  0.353798540081664  0.056798632278033  0.044532425442150  0.000000000000000  0.000000000000000  0.063372467486877  0.893785162356787  0.064034801439550  0.042335155546418  0.423959982316574  0.575943821174679  1.000000000000000  0.000000000000000  0.022813000166477  0.389042588277709  0.370103324500012 
11.0    P  0.078890752007007  0.000000000000000  0.000000000000000  0.010949433195943  0.000000000000000  0.026830169888680  0.000000000000000  0.007877753553864  0.000000000000000  0.006524124370534  0.000000000000000  0.000000000000000  0.842062953608416  0.000000000000000  0.000000000000000  0.018427446754082  0.000000000000000  0.008602668735140  0.000000000000000  0.000000000000000  0.993092495437036  0.000000000000000  0.006872258405644  0.000000000000000  0.000000000000000  0.120909541201742  0.879039560911787  0.021792869786725  1.000000000000000  0.451876363375543 
12.0    Y  0.039037378926668  0.035476315692065  0.000000000000000  0.022797192878753  0.004927255503247  0.004792519442398  0.018325546081748  0.000000000000000  0.090245574720156  0.051225287977345  0.013792234317041  0.013984766733250  0.005391864661706  0.030862526920168  0.301034345307854  0.072443496994028  0.151774360549381  0.022813000166477  0.035599480538191  0.085614561247848  1.000000000000000  0.000000000000000  0.000000000000000  0.000000000000000  0.000000000000000  1.000000000000000  0.000000000000000  0.021463066147338  1.000000000000000  0.448755025333631 
13.0    K  0.006236706143411  0.000000000000000  0.020746330599726  0.000000000000000  0.000000000000000  0.008373230176065  0.000000000000000  0.000000000000000  0.067873866020143  0.006939271842519  0.000000000000000  0.138024855895387  0.000000000000000  0.000000000000000  0.043858491438721  0.214790188736796  0.482968164462423  0.000000000000000  0.000000000000000  0.010358795002333  1.000000000000000  0.000000000000000  0.000000000000000  0.000000000000000  0.000000000000000  0.000000000000000  0.000000000000000  0.020717590004667  1.000000000000000  1.000000000000000 
14.0    L  0.009691932013401  0.000000000000000  0.000000000000000  0.000000000000000  0.000000000000000  0.005723050291451  0.000000000000000  0.324659650682471  0.000000000000000  0.412938832467860  0.000000000000000  0.000000000000000  0.000000000000000  0.000000000000000  0.000000000000000  0.000000000000000  0.000000000000000  0.247071412875183  0.000000000000000  0.000000000000000  1.000000000000000  0.000000000000000  0.000000000000000  0.000000000000000  0.000000000000000  0.000000000000000  0.000000000000000  0.020717590004667  1.000000000000000  1.000000000000000 
15.0    P  0.067218399403586  0.015854102290326  0.059954007457829  0.083158065067543  0.122512426917734  0.000000000000000  0.098550021757035  0.007233953300995  0.069878865685366  0.029625842660270  0.000000000000000  0.018135998662246  0.054447137008891  0.096856991369896  0.124308771084152  0.014518135535171  0.054334035005626  0.040498155169792  0.006167920989848  0.036727385263118  1.000000000000000  0.000000000000000  0.000000000000000  0.000000000000000  0.000000000000000  0.000000000000000  0.000000000000000  0.020717590004667  1.000000000000000  1.000000000000000 
16.0    D  0.034363004666080  0.000000000000000  0.210369870571345  0.291587342447117  0.000000000000000  0.119741902277837  0.020404059173264  0.004733096329806  0.015082297263621  0.089498046325071  0.000000000000000  0.000000000000000  0.000000000000000  0.108894274017782  0.004265705256819  0.073353011142585  0.000000000000000  0.027603595358796  0.000000000000000  0.000000000000000  1.000000000000000  0.000000000000000  0.000000000000000  0.000000000000000  0.000000000000000  0.000000000000000  0.000000000000000  0.020717590004667  1.000000000000000  1.000000000000000 
17.0    L  0.000000000000000  0.000000000000000  0.000000000000000  0.000000000000000  0.022765611154656  0.000000000000000  0.000000000000000  0.009485897534336  0.000000000000000  0.844400887423782  0.000000000000000  0.000000000000000  0.000000000000000  0.000000000000000  0.000000000000000  0.000000000000000  0.000000000000000  0.010539863549529  0.008992886650998  0.103593113060999  1.000000000000000  0.000000000000000  0.000000000000000  0.000000000000000  0.000000000000000  0.000000000000000  0.000000000000000  0.020717590004667  1.000000000000000  1.000000000000000 
18.0    C  0.116871899718932  0.671286251390132  0.000000000000000  0.000000000000000  0.000000000000000  0.031511014215456  0.000000000000000  0.000000000000000  0.000000000000000  0.030122806491895  0.000000000000000  0.000000000000000  0.000000000000000  0.013499034178129  0.015377875344278  0.095457343622544  0.005369487092078  0.020731955321831  0.000000000000000  0.000000000000000  1.000000000000000  0.000000000000000  0.000000000000000  0.000000000000000  0.000000000000000  0.000000000000000  0.000000000000000  0.020717590004667  1.000000000000000  1.000000000000000 
19.0    T  0.090245574720156  0.008783429092020  0.106431713468618  0.161656116485936  0.000000000000000  0.004394759705816  0.010873799936180  0.008777342992435  0.154748786354681  0.063460381304339  0.009271381231692  0.043797732783773  0.000000000000000  0.081277509159280  0.127184961512836  0.063416409161305  0.042777619159120  0.022939853688033  0.000000000000000  0.000000000000000  1.000000000000000  0.000000000000000  0.000000000000000  0.000000000000000  0.000000000000000  0.000000000000000  0.000000000000000  0.020717590004667  1.000000000000000  1.000000000000000 
20.0    E  0.111723145294598  0.005076324462717  0.055591187096119  0.124740339874881  0.017652300227658  0.000000000000000  0.041665583659100  0.030248344590429  0.015777364024948  0.136691932185579  0.000000000000000  0.024450368179266  0.000000000000000  0.114466710802266  0.097058609375130  0.040864729641774  0.070854338298651  0.043919334381460  0.009571760405505  0.059581159080510  1.000000000000000  0.000000000000000  0.000000000000000  0.000000000000000  0.000000000000000  0.000000000000000  0.000000000000000  0.020717590004667  1.000000000000000  1.000000000000000 
21.0    L  0.000000000000000  0.080660155653236  0.000000000000000  0.000000000000000  0.138888591081887  0.000000000000000  0.014288517023436  0.006167920989848  0.000000000000000  0.415235012045447  0.000000000000000  0.000000000000000  0.000000000000000  0.020545980628204  0.046681670534761  0.054108535344979  0.081559684230560  0.017713584574663  0.009923054551084  0.114308136187488  1.000000000000000  0.000000000000000  0.000000000000000  0.000000000000000  0.000000000000000  0.000000000000000  0.000000000000000  0.020717590004667  1.000000000000000  1.000000000000000 
22.0    N  0.007807086663988  0.026278012976679  0.133230842008493  0.151984910397887  0.000000000000000  0.343171107813728  0.017301009132567  0.000000000000000  0.009271381231692  0.000000000000000  0.000000000000000  0.210953949032504  0.000000000000000  0.050066867349351  0.019695365493484  0.011477879947487  0.014179986801831  0.004687388212395  0.000000000000000  0.000000000000000  1.000000000000000  0.000000000000000  0.000000000000000  0.000000000000000  0.000000000000000  0.000000000000000  0.000000000000000  0.020717590004667  1.000000000000000  1.000000000000000 
23.0    T  0.055130710324824  0.039445376003504  0.000000000000000  0.042629619839980  0.029997789407466  0.000000000000000  0.000000000000000  0.391205890868256  0.015495573917786  0.169458040850000  0.000000000000000  0.000000000000000  0.000000000000000  0.013248749447393  0.000000000000000  0.008437316873694  0.085733330536912  0.149166967878965  0.000000000000000  0.000000000000000  1.000000000000000  0.000000000000000  0.000000000000000  0.000000000000000  0.000000000000000  0.000000000000000  0.000000000000000  0.020717590004667  1.000000000000000  1.000000000000000 
24.0    S  0.035822255804012  0.010532560404196  0.103593113060999  0.031532863557646  0.000000000000000  0.020432364820887  0.000000000000000  0.000000000000000  0.008367428306183  0.008795613954193  0.000000000000000  0.030060232958274  0.303338390062173  0.036982844429768  0.006429846447490  0.252963300256732  0.151249261152412  0.000000000000000  0.000000000000000  0.000000000000000  1.000000000000000  0.000000000000000  0.000000000000000  0.000000000000000  0.000000000000000  0.000000000000000  0.000000000000000  0.020717590004667  1.000000000000000  1.000000000000000 
25.0    L  0.018671737575887  0.000000000000000  0.011414409207388  0.008992886650998  0.271307342970452  0.000000000000000  0.008783429092020  0.061682284117865  0.000000000000000  0.387965427137428  0.029728696135369  0.000000000000000  0.045689295262501  0.018110874248507  0.009316475565083  0.000000000000000  0.017579038823263  0.090684512989636  0.000000000000000  0.020151066416498  1.000000000000000  0.000000000000000  0.000000000000000  0.000000000000000  0.000000000000000  0.000000000000000  0.000000000000000  0.020717590004667  1.000000000000000  1.000000000000000 
26.0    Q  0.022624033943431  0.030819772015417  0.118093380124651  0.233743799437864  0.084670311092835  0.022686848123498  0.118585539392557  0.053105312446166  0.017652300227658  0.026960667016958  0.000000000000000  0.000000000000000  0.041810236087066  0.046007089442756  0.012508043916505  0.053809324271181  0.023914012028479  0.056484545421943  0.004619652344704  0.031973045929201  1.000000000000000  0.000000000000000  0.000000000000000  0.000000000000000  0.000000000000000  0.000000000000000  0.000000000000000  0.020717590004667  1.000000000000000  1.000000000000000 
27.0    E  0.034746223672410  0.009348820025240  0.520510798842056  0.176776695296637  0.000000000000000  0.000000000000000  0.016676958406874  0.012508043916505  0.000000000000000  0.000000000000000  0.000000000000000  0.082013203411998  0.000000000000000  0.012788580962356  0.008578850107711  0.066017851584491  0.048664043191354  0.011296346051139  0.000000000000000  0.000000000000000  1.000000000000000  0.000000000000000  0.000000000000000  0.000000000000000  0.000000000000000  0.000000000000000  0.000000000000000  0.020263118041422  1.000000000000000  1.000000000000000 
28.0    V  0.012216713173884  0.049240867878084  0.000000000000000  0.000000000000000  0.034482304376311  0.000000000000000  0.000000000000000  0.220370039476793  0.000000000000000  0.596254436165316  0.000000000000000  0.000000000000000  0.000000000000000  0.000000000000000  0.000000000000000  0.000000000000000  0.000000000000000  0.087292408279212  0.000000000000000  0.000000000000000  1.000000000000000  0.000000000000000  0.000000000000000  0.000000000000000  0.000000000000000  0.000000000000000  0.000000000000000  0.020263118041422  1.000000000000000  1.000000000000000 
29.0    S  0.000000000000000  0.017277041458129  0.003847134542561  0.049309177553279  0.013640118611465  0.027584468634083  0.071100326742032  0.024860515117341  0.016120049676584  0.291587342447117  0.009645020366356  0.029421202016913  0.031380235726218  0.120324305387719  0.159873197659679  0.044532425442150  0.054787857582252  0.025120343460723  0.000000000000000  0.009685216405773  1.000000000000000  0.000000000000000  0.000000000000000  0.096321388544801  0.903752726751086  0.000000000000000  0.000000000000000  0.019791160214425  0.346998179753898  1.000000000000000 
30.0    I  0.000000000000000  0.011541703621739  0.000000000000000  0.000000000000000  0.010694404789780  0.000000000000000  0.000000000000000  0.221288441144886  0.007916069532493  0.636838737663250  0.006721504926652  0.000000000000000  0.000000000000000  0.000000000000000  0.000000000000000  0.000000000000000  0.000000000000000  0.105039219029160  0.000000000000000  0.000000000000000  1.000000000000000  0.000000000000000  0.000000000000000  0.000000000000000  0.000000000000000  0.000000000000000  0.000000000000000  0.016804599850897  1.000000000000000  1.000000000000000 
31.0    A  0.028359973603661  0.039664715188119  0.053548872173036  0.013294745773540  0.004024429506328  0.018984949873516  0.025577161924713  0.010701820155981  0.014690221914205  0.090936292727172  0.000000000000000  0.043980261728919  0.399702915176236  0.060917476930722  0.025648175275328  0.077320779917948  0.079936598829839  0.003698100122018  0.000000000000000  0.009036626436760  1.000000000000000  0.000000000000000  0.000000000000000  0.000000000000000  0.000000000000000  0.000000000000000  0.000000000000000  0.016804599850897  1.000000000000000  1.000000000000000 
32.0    C  0.000000000000000  1.000000000000000  0.000000000000000  0.000000000000000  0.000000000000000  0.000000000000000  0.000000000000000  0.000000000000000  0.000000000000000  0.000000000000000  0.000000000000000  0.000000000000000  0.000000000000000  0.000000000000000  0.000000000000000  0.000000000000000  0.000000000000000  0.000000000000000  0.000000000000000  0.000000000000000  1.000000000000000  0.000000000000000  0.000000000000000  0.000000000000000  0.000000000000000  0.000000000000000  0.000000000000000  0.016804599850897  1.000000000000000  1.000000000000000 
33.0    V  0.029016151634585  0.020803931456818  0.000000000000000  0.000000000000000  0.000000000000000  0.000000000000000  0.016827912128016  0.251215955105946  0.035599480538191  0.094666644742311  0.019654452684938  0.130760617474066  0.000000000000000  0.000000000000000  0.030269318413332  0.006011746953753  0.069060280299994  0.287572973337651  0.000000000000000  0.008555097428075  1.000000000000000  0.000000000000000  0.000000000000000  0.000000000000000  0.000000000000000  0.000000000000000  0.000000000000000  0.016804599850897  1.000000000000000  1.000000000000000 
34.0    Y  0.000000000000000  0.011735311929226  0.000000000000000  0.008650504566283  0.748980467212091  0.000000000000000  0.000000000000000  0.000000000000000  0.000000000000000  0.004072131878286  0.000000000000000  0.000000000000000  0.000000000000000  0.016851256745226  0.000000000000000  0.000000000000000  0.000000000000000  0.021182255106250  0.056172195413189  0.132218870452303  1.000000000000000  0.000000000000000  0.000000000000000  0.000000000000000  0.000000000000000  0.000000000000000  0.000000000000000  0.016804599850897  1.000000000000000  1.000000000000000 
35.0    C  0.000000000000000  1.000000000000000  0.000000000000000  0.000000000000000  0.000000000000000  0.000000000000000  0.000000000000000  0.000000000000000  0.000000000000000  0.000000000000000  0.000000000000000  0.000000000000000  0.000000000000000  0.000000000000000  0.000000000000000  0.000000000000000  0.000000000000000  0.000000000000000  0.000000000000000  0.000000000000000  1.000000000000000  0.000000000000000  0.000000000000000  0.000000000000000  0.000000000000000  0.000000000000000  0.000000000000000  0.016804599850897  1.000000000000000  1.000000000000000 
36.0    K  0.003754925501519  0.003374758544532  0.014498023069864  0.012994095287108  0.004468480364077  0.150204506190856  0.019998006466317  0.000000000000000  0.360482217865056  0.059746582349609  0.000000000000000  0.071001829049168  0.000000000000000  0.017985773301996  0.134064577102243  0.073099229003247  0.052665426843947  0.000000000000000  0.000000000000000  0.021582413252248  1.000000000000000  0.000000000000000  0.000000000000000  0.000000000000000  0.000000000000000  0.000000000000000  0.000000000000000  0.016804599850897  1.000000000000000  1.000000000000000 
37.0    A  0.064257114166004  0.037111239564794  0.008149910886952  0.059622471909222  0.033819520141429  0.017518219969195  0.025952188252840  0.009374776424791  0.248273123859259  0.000000000000000  0.000000000000000  0.129947429396910  0.000000000000000  0.027393928791126  0.193043783272946  0.056641371141708  0.077213664820433  0.000000000000000  0.000000000000000  0.011694710834318  1.000000000000000  0.000000000000000  0.000000000000000  0.000000000000000  0.000000000000000  0.000000000000000  0.000000000000000  0.016804599850897  1.000000000000000  1.000000000000000 
38.0    T  0.033008925792246  0.008734858210671  0.013313188985545  0.116952937228925  0.232773704957557  0.011767894270577  0.035525530413625  0.068583246098703  0.014308338850283  0.044071811265137  0.000000000000000  0.020123150461091  0.114387396015991  0.065607292726442  0.005699298219688  0.029482445340480  0.072393300387165  0.053734780390188  0.027073026762503  0.032419373017675  0.991029563264079  0.000000000000000  0.008734858210671  0.000000000000000  0.000000000000000  0.000000000000000  0.000000000000000  0.016804599850897  1.000000000000000  1.000000000000000 
39.0    L  0.000000000000000  0.029299096764285  0.000000000000000  0.000000000000000  0.000000000000000  0.000000000000000  0.000000000000000  0.014199658069508  0.000000000000000  0.882091365197176  0.050977343333688  0.000000000000000  0.000000000000000  0.000000000000000  0.000000000000000  0.000000000000000  0.000000000000000  0.023650262390150  0.000000000000000  0.000000000000000  1.000000000000000  0.000000000000000  0.000000000000000  0.000000000000000  0.000000000000000  0.000000000000000  1.000000000000000  0.017039183322895  1.000000000000000  0.479964630519454 
40.0    E  0.006929658634001  0.021929245719361  0.127538082406057  0.031336763621909  0.000000000000000  0.060833085884890  0.000000000000000  0.000000000000000  0.013452331067795  0.016367751985934  0.000000000000000  0.022328033433455  0.000000000000000  0.052994997789572  0.006202218210404  0.235043550627282  0.397492625474487  0.000000000000000  0.000000000000000  0.007667648936355  0.991716730738293  0.000000000000000  0.008217982650030  0.500000000000000  0.500000000000000  1.000000000000000  0.000000000000000  0.017039183322895  0.479964630519454  0.479964630519454 
41.0    R  0.066292983835514  0.007045901393611  0.028261855548784  0.095127086302460  0.077912574642194  0.023748825881274  0.029157280985525  0.020717590004667  0.025295069267107  0.078945453865362  0.000000000000000  0.055784185717061  0.008572905762338  0.011915637916065  0.127273149970578  0.070511383591032  0.088695209762524  0.056523711097568  0.008032139270751  0.120157616048595  0.996540262827868  0.003469635921259  0.000000000000000  0.769503610080431  0.230366046549676  1.000000000000000  0.000000000000000  0.016921485086343  0.486327473706143  0.493458272942921 
42.0    T  0.155609279422771  0.003966273831521  0.020095273178603  0.071644511608024  0.035946621667206  0.047006367230897  0.000000000000000  0.053734780390188  0.014338123161115  0.149477474597016  0.000000000000000  0.024877753086837  0.019090517213648  0.087899574994570  0.025665959398502  0.051367511705928  0.062025273417864  0.152936005141483  0.004661467746218  0.019532223477894  1.000000000000000  0.000000000000000  0.000000000000000  0.000000000000000  0.000000000000000  0.000000000000000  0.000000000000000  0.016804599850897  1.000000000000000  1.000000000000000 
43.0    E  0.000000000000000  0.000000000000000  0.398044049389390  0.566834706389211  0.000000000000000  0.000000000000000  0.000000000000000  0.000000000000000  0.000000000000000  0.000000000000000  0.000000000000000  0.008149910886952  0.000000000000000  0.017074652173452  0.000000000000000  0.010012874407502  0.000000000000000  0.000000000000000  0.000000000000000  0.000000000000000  1.000000000000000  0.000000000000000  0.000000000000000  0.000000000000000  0.000000000000000  0.000000000000000  0.000000000000000  0.016804599850897  1.000000000000000  1.000000000000000 
44.0    V  0.107246316303586  0.019424213576624  0.009532035236502  0.000000000000000  0.000000000000000  0.000000000000000  0.000000000000000  0.059995578814932  0.180616299740441  0.333555792419442  0.000000000000000  0.000000000000000  0.000000000000000  0.000000000000000  0.051474438579223  0.000000000000000  0.000000000000000  0.238324636322040  0.000000000000000  0.000000000000000  1.000000000000000  0.000000000000000  0.000000000000000  0.000000000000000  0.000000000000000  0.000000000000000  0.000000000000000  0.016804599850897  1.000000000000000  1.000000000000000 
45.0    Y  0.185436866730140  0.051796556530500  0.009290680585959  0.000000000000000  0.019873640730368  0.024399577893981  0.015986522964601  0.029564301460175  0.035378090690959  0.248789930455021  0.000000000000000  0.003985565075189  0.000000000000000  0.014209503934386  0.021823102069803  0.022297101651842  0.019223302261737  0.069108165832517  0.048765342510856  0.180116218604740  1.000000000000000  0.000000000000000  0.000000000000000  0.000000000000000  0.000000000000000  0.000000000000000  0.000000000000000  0.016804599850897  1.000000000000000  1.000000000000000 
46.0    Q  0.222673225151670  0.000000000000000  0.107842668067832  0.120574773073017  0.018932385319223  0.013111713079790  0.028144561870248  0.000000000000000  0.032963197408377  0.082526427563438  0.000000000000000  0.041810236087066  0.000000000000000  0.039336161672027  0.091823039579894  0.185051662250006  0.000000000000000  0.005699298219688  0.009532035236502  0.000000000000000  1.000000000000000  0.000000000000000  0.000000000000000  0.000000000000000  0.000000000000000  0.000000000000000  0.000000000000000  0.016804599850897  1.000000000000000  1.000000000000000 
47.0    F  0.000000000000000  0.089188406607367  0.000000000000000  0.000000000000000  0.836246399914063  0.000000000000000  0.007016659163156  0.005691402788664  0.000000000000000  0.009348820025240  0.000000000000000  0.000000000000000  0.000000000000000  0.009875024206663  0.000000000000000  0.000000000000000  0.000000000000000  0.007006938747359  0.009394291007017  0.026223426159579  1.000000000000000  0.000000000000000  0.000000000000000  0.000000000000000  0.000000000000000  0.000000000000000  0.000000000000000  0.017229205672952  1.000000000000000  1.000000000000000 
48.0    A  0.253138701837623  0.003634568975402  0.326238736922239  0.062283766426742  0.014338123161115  0.007238969233519  0.051154323849425  0.038714021805747  0.039308905369876  0.052265399994629  0.038154578520910  0.013489680602725  0.000000000000000  0.007921558435860  0.016131227116926  0.019464647118273  0.014639397607382  0.004328251358847  0.000000000000000  0.037525107108913  1.000000000000000  0.000000000000000  0.000000000000000  0.000000000000000  0.000000000000000  0.000000000000000  0.000000000000000  0.017229205672952  1.000000000000000  1.000000000000000 
49.0    F  0.061939347704005  0.040190546357206  0.016711673248207  0.063769041203029  0.145995924326640  0.000000000000000  0.026737344552581  0.057352492644460  0.034963659407366  0.081956375888478  0.000000000000000  0.065652784000672  0.000000000000000  0.048127323389754  0.057591511637419  0.023454360898662  0.046166814486955  0.062326953209504  0.018775563273857  0.148239312426368  1.000000000000000  0.000000000000000  0.000000000000000  0.000000000000000  0.000000000000000  0.000000000000000  0.000000000000000  0.017229205672952  1.000000000000000  1.000000000000000 
50.0    K  0.057992092279455  0.032262454233851  0.000000000000000  0.000000000000000  0.025594896808120  0.015420571029466  0.009156424091207  0.003927971017182  0.597081593537295  0.000000000000000  0.000000000000000  0.010888884677246  0.000000000000000  0.000000000000000  0.109045338221345  0.068678388598555  0.039885274025905  0.000000000000000  0.012753172596108  0.017181502333040  1.000000000000000  0.000000000000000  0.000000000000000  0.000000000000000  0.000000000000000  0.000000000000000  0.000000000000000  0.017229205672952  1.000000000000000  1.000000000000000 
51.0    D  0.026904662135591  0.048194088293998  0.205043227799182  0.163912751776956  0.010813669656652  0.057114465639338  0.010843693117309  0.008252231448061  0.124136561929630  0.007238969233519  0.000000000000000  0.090621677054928  0.056367211148891  0.100690536381094  0.034842694335241  0.010358795002333  0.016862941195382  0.016886334406865  0.000000000000000  0.010806176789148  1.000000000000000  0.000000000000000  0.000000000000000  0.000000000000000  0.000000000000000  0.000000000000000  0.000000000000000  0.017229205672952  1.000000000000000  1.000000000000000 
52.0    L  0.000000000000000  0.000000000000000  0.000000000000000  0.000000000000000  0.125956720051313  0.000000000000000  0.000000000000000  0.057511728164055  0.000000000000000  0.796088098778780  0.000000000000000  0.000000000000000  0.000000000000000  0.000000000000000  0.000000000000000  0.000000000000000  0.000000000000000  0.000000000000000  0.011374918351555  0.009156424091207  1.000000000000000  0.000000000000000  0.000000000000000  0.000000000000000  0.000000000000000  0.000000000000000  0.000000000000000  0.017229205672952  1.000000000000000  1.000000000000000 
53.0    F  0.016345077184258  0.062978360025657  0.004111840448084  0.000000000000000  0.033960464453939  0.000000000000000  0.051154323849425  0.000000000000000  0.117115180859053  0.024013674707625  0.000000000000000  0.138024855895387  0.000000000000000  0.178006274449634  0.167472950303480  0.115183023274838  0.037603219562484  0.005847355417159  0.000000000000000  0.048294409352999  0.991716730738293  0.000000000000000  0.008620576094078  0.000000000000000  0.000000000000000  0.000000000000000  0.000000000000000  0.017229205672952  1.000000000000000  1.000000000000000 
54.0    I  0.004799167892366  0.008974205898414  0.000000000000000  0.000000000000000  0.000000000000000  0.000000000000000  0.000000000000000  0.137452018664319  0.000000000000000  0.514770041716999  0.007812500000000  0.000000000000000  0.017003788151106  0.000000000000000  0.022955759894974  0.000000000000000  0.020603025226443  0.265539796623843  0.000000000000000  0.000000000000000  0.988285651500733  0.011654250208527  0.000000000000000  0.695923195915551  0.303969820795774  1.000000000000000  0.000000000000000  0.017457611532378  0.456915725114700  0.479964630519454 
55.0    V  0.024113752735296  0.000000000000000  0.000000000000000  0.000000000000000  0.000000000000000  0.000000000000000  0.009999003233159  0.180241108932528  0.018632951130166  0.099304300012013  0.000000000000000  0.000000000000000  0.000000000000000  0.033562639738129  0.006944083446614  0.025102937398657  0.026923317491001  0.575145946675303  0.000000000000000  0.000000000000000  1.000000000000000  0.000000000000000  0.000000000000000  0.000000000000000  0.000000000000000  0.000000000000000  0.000000000000000  0.017229205672952  1.000000000000000  1.000000000000000 
56.0    Y  0.000000000000000  0.015942260300757  0.000000000000000  0.000000000000000  0.019873640730368  0.000000000000000  0.025952188252840  0.022312562182579  0.000000000000000  0.014130927774392  0.009394291007017  0.000000000000000  0.000000000000000  0.000000000000000  0.008813922948879  0.000000000000000  0.017027376753333  0.041926319527571  0.649769531227720  0.174705871481383  0.927230546435463  0.018568486016515  0.054071043161562  1.000000000000000  0.000000000000000  0.000000000000000  0.000000000000000  0.017229205672952  0.472046209575125  1.000000000000000 
57.0    R  0.000000000000000  0.000000000000000  0.010761328487368  0.017518219969195  0.000000000000000  0.009131072254385  0.021211640310625  0.004271622880799  0.265908168223296  0.000000000000000  0.000000000000000  0.012361520331023  0.000000000000000  0.005847355417159  0.600818024763425  0.009175484150107  0.038714021805747  0.004134704667481  0.000000000000000  0.000000000000000  0.971980987981352  0.027892092858531  0.000000000000000  1.000000000000000  0.000000000000000  1.000000000000000  0.000000000000000  0.018198962288570  0.375269774378593  0.414372452243996 
58.0    D  0.014884968719437  0.009585038884795  0.288571354379210  0.126920762608679  0.014528202228331  0.144786600774330  0.040751585476830  0.000000000000000  0.114704985288921  0.000000000000000  0.000000000000000  0.144786600774330  0.000000000000000  0.027718634536005  0.016064278541501  0.017898717155934  0.011202775375124  0.000000000000000  0.012516716837338  0.015082297263621  1.000000000000000  0.000000000000000  0.000000000000000  0.000000000000000  0.000000000000000  0.000000000000000  0.000000000000000  0.017229205672952  1.000000000000000  1.000000000000000 
59.0    C  0.015843116871719  0.020905118043533  0.150517172653927  0.025085543397374  0.039554893561571  0.450000964896756  0.038207508677877  0.000000000000000  0.011784219349114  0.006721504926652  0.007949060094552  0.124308771084152  0.012048522073500  0.010539863549529  0.025347723611783  0.023003544721378  0.000000000000000  0.000000000000000  0.003908958544776  0.034196678164398  1.000000000000000  0.000000000000000  0.000000000000000  0.000000000000000  0.000000000000000  0.000000000000000  0.000000000000000  0.017229205672952  1.000000000000000  1.000000000000000 
60.0    I  0.062500000000000  0.103952762296863  0.000000000000000  0.014833470639852  0.191843262000111  0.030883926609398  0.007208925723858  0.031271668358206  0.091886708524315  0.098413497071150  0.000000000000000  0.059622471909222  0.000000000000000  0.030395467106634  0.015722778492153  0.037369368649254  0.055591187096119  0.050240686921447  0.069878865685366  0.048428495684948  0.979420297586927  0.011581773514085  0.008980428500271  0.500000000000000  0.500000000000000  0.000000000000000  0.000000000000000  0.017229205672952  0.486664687079119  1.000000000000000 
61.0    A  0.133138525424177  0.065199287095616  0.008110463051118  0.000000000000000  0.039145763707004  0.000000000000000  0.007998803909597  0.007625248131064  0.006049367405103  0.007494250932229  0.000000000000000  0.000000000000000  0.469761374607006  0.000000000000000  0.032329611922466  0.019586453444386  0.000000000000000  0.186338798349865  0.000000000000000  0.017205337470281  1.000000000000000  0.000000000000000  0.000000000000000  1.000000000000000  0.000000000000000  1.000000000000000  0.000000000000000  0.017373111836205  0.493458272942921  0.493458272942921 
62.0    Y  0.017015578364627  0.016886334406865  0.000000000000000  0.000000000000000  0.349411742962767  0.000000000000000  0.101954686667376  0.000000000000000  0.044010757091003  0.013202912256446  0.000000000000000  0.000000000000000  0.000000000000000  0.000000000000000  0.000000000000000  0.007334935525902  0.019681718436678  0.000000000000000  0.008104843254419  0.422200443711891  1.000000000000000  0.000000000000000  0.000000000000000  0.000000000000000  0.000000000000000  0.000000000000000  0.000000000000000  0.017229205672952  1.000000000000000  1.000000000000000 
63.0    A  0.498961359499525  0.000000000000000  0.000000000000000  0.000000000000000  0.000000000000000  0.501040802539816  0.000000000000000  0.000000000000000  0.000000000000000  0.000000000000000  0.000000000000000  0.000000000000000  0.000000000000000  0.000000000000000  0.000000000000000  0.000000000000000  0.000000000000000  0.000000000000000  0.000000000000000  0.000000000000000  1.000000000000000  0.000000000000000  0.000000000000000  0.000000000000000  0.000000000000000  0.000000000000000  0.000000000000000  0.017229205672952  1.000000000000000  1.000000000000000 
64.0    A  0.275285399524491  0.354780839050096  0.000000000000000  0.000000000000000  0.016758072137780  0.000000000000000  0.000000000000000  0.070658160445287  0.000000000000000  0.021123606766064  0.022797192878753  0.000000000000000  0.000000000000000  0.000000000000000  0.000000000000000  0.040246300922182  0.010881339692727  0.187504873660727  0.000000000000000  0.000000000000000  1.000000000000000  0.000000000000000  0.000000000000000  0.000000000000000  0.000000000000000  0.000000000000000  0.000000000000000  0.017229205672952  1.000000000000000  1.000000000000000 
65.0    C  0.000000000000000  1.000000000000000  0.000000000000000  0.000000000000000  0.000000000000000  0.000000000000000  0.000000000000000  0.000000000000000  0.000000000000000  0.000000000000000  0.000000000000000  0.000000000000000  0.000000000000000  0.000000000000000  0.000000000000000  0.000000000000000  0.000000000000000  0.000000000000000  0.000000000000000  0.000000000000000  1.000000000000000  0.000000000000000  0.000000000000000  0.000000000000000  0.000000000000000  0.000000000000000  0.000000000000000  0.017229205672952  1.000000000000000  1.000000000000000 
66.0    H  0.125607977552973  0.038340155539181  0.003930694623038  0.035673584597712  0.005440669846363  0.030522141530070  0.017313005435389  0.063460381304339  0.052192994964273  0.030479858172739  0.018325546081748  0.004030012419146  0.027035521580781  0.101320639985664  0.142496659086683  0.116952937228925  0.153254357506645  0.027299152997397  0.006241030597259  0.000000000000000  1.000000000000000  0.000000000000000  0.000000000000000  0.000000000000000  0.000000000000000  0.000000000000000  0.000000000000000  0.017229205672952  1.000000000000000  1.000000000000000 
67.0    K  0.107767943127199  0.047994070928191  0.032262454233851  0.005636440183053  0.018749552849581  0.039037378926668  0.016120049676584  0.029462016747445  0.176043028364010  0.039582320428851  0.000000000000000  0.020847237026215  0.078345813777543  0.053958722410901  0.096388176587996  0.129947429396910  0.042926132294676  0.046487930076078  0.003496191683312  0.014947002470186  1.000000000000000  0.000000000000000  0.000000000000000  0.000000000000000  0.000000000000000  0.000000000000000  0.000000000000000  0.017229205672952  1.000000000000000  1.000000000000000 
68.0    C  0.000000000000000  1.000000000000000  0.000000000000000  0.000000000000000  0.000000000000000  0.000000000000000  0.000000000000000  0.000000000000000  0.000000000000000  0.000000000000000  0.000000000000000  0.000000000000000  0.000000000000000  0.000000000000000  0.000000000000000  0.000000000000000  0.000000000000000  0.000000000000000  0.000000000000000  0.000000000000000  1.000000000000000  0.000000000000000  0.000000000000000  0.000000000000000  0.000000000000000  0.000000000000000  0.000000000000000  0.017229205672952  1.000000000000000  1.000000000000000 
69.0    I  0.151249261152412  0.141806935616994  0.000000000000000  0.000000000000000  0.000000000000000  0.000000000000000  0.000000000000000  0.070609200910633  0.000000000000000  0.467811748915700  0.025347723611783  0.000000000000000  0.000000000000000  0.009875024206663  0.033031813767543  0.018814646581741  0.041550222130679  0.040079268836320  0.000000000000000  0.000000000000000  1.000000000000000  0.000000000000000  0.000000000000000  0.000000000000000  0.000000000000000  0.000000000000000  0.000000000000000  0.017229205672952  1.000000000000000  1.000000000000000 
70.0    D  0.020948634243443  0.024013674707625  0.018211581220852  0.169575540930959  0.026904662135591  0.005695349136002  0.003293871524415  0.018814646581741  0.079054971397121  0.091188771515011  0.006574058455355  0.010488847677971  0.000000000000000  0.021627339313304  0.331481440074665  0.013470992890900  0.038499939795180  0.060833085884890  0.007411596212035  0.052012420919470  1.000000000000000  0.000000000000000  0.000000000000000  0.000000000000000  0.000000000000000  0.000000000000000  0.000000000000000  0.017229205672952  1.000000000000000  1.000000000000000 
71.0    F  0.241484082231211  0.000000000000000  0.006219438271709  0.008402299925448  0.159541096103619  0.000000000000000  0.007249011534932  0.043706752585577  0.047234997759882  0.218847832423566  0.000000000000000  0.037733768483953  0.000000000000000  0.052120690239060  0.057352492644460  0.016527358806538  0.019984149707460  0.060120465916548  0.000000000000000  0.023584780758134  1.000000000000000  0.000000000000000  0.000000000000000  0.000000000000000  0.000000000000000  0.000000000000000  0.000000000000000  0.017229205672952  1.000000000000000  1.000000000000000 
72.0    Y  0.119741902277837  0.086749544938474  0.000000000000000  0.040023745666555  0.012225184089633  0.024130472909118  0.049583365199446  0.020404059173264  0.000000000000000  0.124481219136807  0.000000000000000  0.010957025395644  0.000000000000000  0.068916822691807  0.026187097958373  0.167240944348264  0.121329308721193  0.035329080222643  0.000000000000000  0.092782723164316  0.991716730738293  0.000000000000000  0.008620576094078  0.000000000000000  0.000000000000000  0.000000000000000  0.000000000000000  0.017229205672952  1.000000000000000  1.000000000000000 
73.0    S  0.561749951515823  0.048027349415250  0.000000000000000  0.000000000000000  0.000000000000000  0.105696535922190  0.000000000000000  0.008955563951003  0.000000000000000  0.101531549544529  0.000000000000000  0.000000000000000  0.000000000000000  0.000000000000000  0.000000000000000  0.158219574246285  0.005703250041619  0.010131559020711  0.000000000000000  0.000000000000000  1.000000000000000  0.000000000000000  0.000000000000000  1.000000000000000  0.000000000000000  1.000000000000000  0.000000000000000  0.017457611532378  0.479964630519454  0.479964630519454 
74.0    R  0.084964265119171  0.008924580053504  0.006036801169125  0.022405550750247  0.050836199883258  0.000000000000000  0.000000000000000  0.068015152604425  0.291991848653279  0.072343138561883  0.010488847677971  0.024298313621330  0.000000000000000  0.102877543159839  0.113047422195136  0.022765611154656  0.052192994964273  0.018035709648701  0.008930768245422  0.041839226780576  0.980779003988551  0.000000000000000  0.018919266936727  0.000000000000000  0.000000000000000  0.000000000000000  0.000000000000000  0.017229205672952  1.000000000000000  1.000000000000000 
75.0    I  0.038075320739850  0.000000000000000  0.000000000000000  0.031995215638389  0.118093380124651  0.000000000000000  0.044997853703584  0.164253953393671  0.023798261557863  0.162667731930242  0.017110194856150  0.000000000000000  0.000000000000000  0.000000000000000  0.017361073885236  0.000000000000000  0.010672189505894  0.199712979112287  0.000000000000000  0.171229122495696  0.982139595263391  0.008555097428075  0.009322935492435  1.000000000000000  0.000000000000000  0.000000000000000  1.000000000000000  0.017579038823263  0.492092011016900  0.474671060475260 
76.0    R  0.016265962463814  0.010365977660915  0.080325396091836  0.597909898388062  0.000000000000000  0.007284269425288  0.000000000000000  0.004103299000042  0.000000000000000  0.000000000000000  0.000000000000000  0.030290306779221  0.000000000000000  0.007463147940488  0.202360554136852  0.039885274025905  0.003960779217930  0.000000000000000  0.000000000000000  0.000000000000000  1.000000000000000  0.000000000000000  0.000000000000000  0.000000000000000  0.000000000000000  0.316658563430804  0.683493725970905  0.017886315009354  1.000000000000000  0.458502021602336 
77.0    E  0.062673527243817  0.036574957546081  0.000000000000000  0.145692649766820  0.155286035223055  0.007045901393611  0.014170161389580  0.007269137950805  0.047894373756493  0.067032288551121  0.022844647631251  0.019559319666469  0.000000000000000  0.088449635020416  0.217939559884266  0.031077192771038  0.013946046429265  0.041091961256408  0.006133813427137  0.015399208389678  1.000000000000000  0.000000000000000  0.000000000000000  0.000000000000000  0.000000000000000  0.000000000000000  1.000000000000000  0.017579038823263  1.000000000000000  0.474671060475260 
78.0    L  0.029564301460175  0.008257953441886  0.012665079998208  0.128158404736074  0.035896823593657  0.009374776424791  0.012682649702770  0.015517070241204  0.022514527325593  0.170400325910313  0.016019800592009  0.069975805540890  0.000000000000000  0.051653144884638  0.104893704638318  0.052884912287518  0.061426287409078  0.032150834621674  0.034031156729253  0.131944214704746  0.987600861445373  0.012352954946937  0.000000000000000  0.500000000000000  0.500000000000000  0.000000000000000  1.000000000000000  0.017579038823263  0.486664687079119  0.474671060475260 
79.0    R  0.031293351740979  0.036931610841699  0.013830527571555  0.049652150006007  0.054674047806614  0.000000000000000  0.042071877164899  0.000000000000000  0.092077980363530  0.106653262264008  0.000000000000000  0.074222479129588  0.000000000000000  0.057392260143808  0.388234437500520  0.003879267560301  0.015854102290326  0.029258507732328  0.000000000000000  0.004108991325015  1.000000000000000  0.000000000000000  0.000000000000000  0.000000000000000  0.000000000000000  0.000000000000000  1.000000000000000  0.017579038823263  1.000000000000000  0.474671060475260 
80.0    Y  0.012352954946937  0.000000000000000  0.007401328676557  0.000000000000000  0.197784325296362  0.018211581220852  0.257028456664017  0.000000000000000  0.000000000000000  0.012673861805891  0.000000000000000  0.053548872173036  0.000000000000000  0.000000000000000  0.088572337281764  0.004792519442398  0.000000000000000  0.000000000000000  0.019451159927846  0.328280281356038  0.992404374685819  0.000000000000000  0.007309558576808  0.000000000000000  0.000000000000000  0.000000000000000  1.000000000000000  0.017579038823263  1.000000000000000  0.474671060475260 
81.0    Y  0.026296233821418  0.041406469282663  0.000000000000000  0.012464769372016  0.184028357771022  0.000000000000000  0.048394939240826  0.005875795903862  0.011923900070004  0.056641371141708  0.000000000000000  0.000000000000000  0.068535724286743  0.026024242840017  0.011923900070004  0.025594896808120  0.026941985781800  0.000000000000000  0.103952762296863  0.349896466398799  1.000000000000000  0.000000000000000  0.000000000000000  0.000000000000000  0.000000000000000  1.000000000000000  0.000000000000000  0.017725866952124  1.000000000000000  0.460093825312437 
82.0    S  0.010881339692727  0.013139006488339  0.066939426449466  0.249480679749763  0.000000000000000  0.044625124365158  0.034866853822655  0.000000000000000  0.020746330599726  0.000000000000000  0.008620576094078  0.058153103606438  0.008899870134548  0.250000000000000  0.054711958105891  0.057631444869539  0.055784185717061  0.042718357873182  0.022797192878753  0.000000000000000  1.000000000000000  0.000000000000000  0.000000000000000  0.000000000000000  0.000000000000000  0.000000000000000  0.000000000000000  0.017229205672952  1.000000000000000  1.000000000000000 
83.0    N  0.000000000000000  0.187895184758195  0.029935475569459  0.071347169195423  0.037188490509584  0.040864729641774  0.042101049277053  0.028008334361544  0.045594385757505  0.017229205672952  0.007572576694805  0.015733680469636  0.000000000000000  0.063416409161305  0.111723145294598  0.044071811265137  0.024791682599723  0.052084575447451  0.000000000000000  0.180366085857704  0.990342871933025  0.009394291007017  0.000000000000000  0.500000000000000  0.500000000000000  0.000000000000000  0.000000000000000  0.017229205672952  0.491410299272626  1.000000000000000 
84.0    S  0.067078767899591  0.007411596212035  0.007796271242180  0.025033433674676  0.016220926102235  0.009207339123529  0.019750048413325  0.031774208540374  0.034291623049351  0.040526236082844  0.006087223278598  0.000000000000000  0.037864770638445  0.012525395771866  0.006702894768974  0.469110598250336  0.130942015887475  0.058233776831548  0.019478143660548  0.000000000000000  0.991716730738293  0.000000000000000  0.008620576094078  0.000000000000000  0.000000000000000  0.000000000000000  0.000000000000000  0.017229205672952  1.000000000000000  1.000000000000000 
85.0    V  0.108743419088581  0.067311648512066  0.000000000000000  0.000000000000000  0.007324774191071  0.060833085884890  0.000000000000000  0.106505511884358  0.000000000000000  0.118093380124651  0.007662335968661  0.008004350179944  0.000000000000000  0.000000000000000  0.019873640730368  0.032150834621674  0.006564951189323  0.407536166201313  0.000000000000000  0.049480366616954  1.000000000000000  0.000000000000000  0.000000000000000  1.000000000000000  0.000000000000000  1.000000000000000  0.000000000000000  0.017457611532378  0.479964630519454  0.479964630519454 
86.0    Y  0.015282241772615  0.029076551803219  0.019383864026803  0.079274462457867  0.064793818813733  0.000000000000000  0.016874633747389  0.018073252873520  0.083215725827273  0.056250120612095  0.000000000000000  0.026700304402804  0.018919266936727  0.010972225591703  0.012499377005199  0.084435880283477  0.136219014026666  0.029096713119695  0.009207339123529  0.289773987976114  1.000000000000000  0.000000000000000  0.000000000000000  0.000000000000000  0.000000000000000  0.000000000000000  0.000000000000000  0.017229205672952  1.000000000000000  1.000000000000000 
87.0    G  0.248962438273615  0.015953314464175  0.018427446754082  0.032195436050627  0.000000000000000  0.385820043764734  0.027185854772145  0.000000000000000  0.007238969233519  0.016862941195382  0.000000000000000  0.000000000000000  0.067639040282857  0.008899870134548  0.000000000000000  0.046941247716904  0.009207339123529  0.074738737298508  0.022498926851792  0.017530366883289  0.980779003988551  0.009207339123529  0.009999003233159  1.000000000000000  0.000000000000000  0.000000000000000  0.000000000000000  0.017229205672952  0.493800430722686  1.000000000000000 
88.0    E  0.074894313833714  0.023897441841918  0.099649059567567  0.103952762296863  0.000000000000000  0.037629293163482  0.049721030234682  0.024791682599723  0.096187951260054  0.024552266145862  0.000000000000000  0.013157233650131  0.046617000834108  0.016243428674614  0.136976470805961  0.126044056861824  0.068535724286743  0.026960667016958  0.018338252785646  0.011735311929226  0.927873476471283  0.009049162548396  0.062978360025657  1.000000000000000  0.000000000000000  0.000000000000000  1.000000000000000  0.017373111836205  0.493458272942921  0.491751037013124 
89.0    T  0.010934264574962  0.000000000000000  0.122257934180917  0.196963471512337  0.041955390711883  0.097328086382708  0.029217974929733  0.014833470639852  0.000000000000000  0.025524030972188  0.000000000000000  0.025330159996416  0.000000000000000  0.035525530413625  0.024774504269071  0.020207014560742  0.307146745111412  0.006524124370534  0.011630041055989  0.029977003728915  0.994470168673214  0.005388128600887  0.000000000000000  1.000000000000000  0.000000000000000  0.889458993537898  0.110567554416443  0.018401918587422  0.406971592535217  0.372419365780676 
90.0    L  0.023715925827720  0.009439983151484  0.000000000000000  0.000000000000000  0.072092850316251  0.000000000000000  0.000000000000000  0.221595424798717  0.000000000000000  0.285784583853509  0.007525483547032  0.000000000000000  0.000000000000000  0.000000000000000  0.006461120065963  0.000000000000000  0.000000000000000  0.363997387249772  0.009252121967607  0.000000000000000  1.000000000000000  0.000000000000000  0.000000000000000  0.000000000000000  0.000000000000000  0.000000000000000  1.000000000000000  0.017349044275447  1.000000000000000  0.493458272942921 
91.0    E  0.026718818059124  0.007036140467562  0.007134361328219  0.709561678100191  0.000000000000000  0.000000000000000  0.013331657783001  0.000000000000000  0.015953314464175  0.016086563803656  0.000000000000000  0.000000000000000  0.017433426911328  0.047398985792951  0.000000000000000  0.020645912588410  0.019397304555096  0.074946244611945  0.000000000000000  0.024214247842474  0.965267024871757  0.000000000000000  0.034987902770445  0.000000000000000  0.000000000000000  0.000000000000000  1.000000000000000  0.017349044275447  1.000000000000000  0.493458272942921 
92.0    K  0.107172004579271  0.018427446754082  0.069492447344819  0.209351621877107  0.010467059393968  0.081899587741148  0.012031830847439  0.020389921057640  0.082526427563438  0.073556671076173  0.000000000000000  0.016333751565706  0.000000000000000  0.105696535922190  0.059292769696278  0.045720975647010  0.034794425569646  0.032039601184019  0.000000000000000  0.020789516266886  1.000000000000000  0.000000000000000  0.000000000000000  0.000000000000000  0.000000000000000  1.000000000000000  0.000000000000000  0.018465805420849  1.000000000000000  0.427501088945986 
93.0    I  0.032039601184019  0.000000000000000  0.054447137008891  0.214195488692142  0.034602018265134  0.000000000000000  0.000000000000000  0.090810315598211  0.014121136355486  0.236842517649817  0.024130472909118  0.000000000000000  0.009213723377041  0.022955759894974  0.092205716067677  0.008961773626767  0.013111713079790  0.152301282959399  0.000000000000000  0.000000000000000  0.993092495437036  0.000000000000000  0.006740166754239  0.000000000000000  0.000000000000000  0.000000000000000  0.000000000000000  0.017253106986923  1.000000000000000  1.000000000000000 
94.0    T  0.051724801004888  0.056641371141708  0.000000000000000  0.101884041550328  0.037838533873455  0.006488047063210  0.012700243781005  0.022219959540426  0.000000000000000  0.125695072549809  0.000000000000000  0.009036626436760  0.029319412390646  0.000000000000000  0.000000000000000  0.028066636652623  0.402762145524375  0.097530685021713  0.006416489849626  0.011573748422034  0.980779003988551  0.019183370061173  0.000000000000000  0.132861959294819  0.866937563514687  0.000000000000000  1.000000000000000  0.017265070074999  0.474671060475260  0.497924876547229 
95.0    N  0.009124745270415  0.000000000000000  0.038714021805747  0.006036801169125  0.000000000000000  0.477310507069858  0.015134659206666  0.000000000000000  0.138600080450384  0.000000000000000  0.008472479756586  0.124567532853483  0.009036626436760  0.091759414752131  0.058354996557207  0.007699604194839  0.006416489849626  0.000000000000000  0.000000000000000  0.008650504566283  0.951977908497532  0.000000000000000  0.048294409352999  0.000000000000000  0.000000000000000  0.000000000000000  1.000000000000000  0.017265070074999  1.000000000000000  0.497924876547229 
96.0    T  0.047960815500028  0.006583178355493  0.008566965535843  0.033796086358863  0.019668080836013  0.025612643988672  0.000000000000000  0.030522141530070  0.315125847895746  0.055629733328281  0.000000000000000  0.000000000000000  0.037188490509584  0.139370777340962  0.119410367047805  0.043284670878466  0.092077980363530  0.025260027150174  0.000000000000000  0.000000000000000  1.000000000000000  0.000000000000000  0.000000000000000  1.000000000000000  0.000000000000000  0.000000000000000  1.000000000000000  0.018224208902945  0.425431864753270  0.414372452243996 
97.0    E  0.033054717613076  0.004256844188333  0.038983299122314  0.024826075003003  0.010159688644910  0.075887180274690  0.029564301460175  0.003624505767466  0.021990130864459  0.036096430767300  0.000000000000000  0.024791682599723  0.337041932934264  0.064659223844932  0.006583178355493  0.214790188736796  0.046876218415182  0.000000000000000  0.027035521580781  0.000000000000000  1.000000000000000  0.000000000000000  0.000000000000000  0.000000000000000  0.000000000000000  0.759435844907265  0.240815473505037  0.018224208902945  1.000000000000000  0.414372452243996 
98.0    L  0.000000000000000  0.000000000000000  0.000000000000000  0.008303872455926  0.035476315692065  0.000000000000000  0.000000000000000  0.299992845593304  0.000000000000000  0.520150133260993  0.000000000000000  0.000000000000000  0.016561762240583  0.000000000000000  0.006341324851385  0.000000000000000  0.000000000000000  0.105112051906714  0.000000000000000  0.008195229121679  1.000000000000000  0.000000000000000  0.000000000000000  0.000000000000000  0.000000000000000  1.000000000000000  0.000000000000000  0.017469716421342  1.000000000000000  0.485990493990676 
99.0    Y  0.102663837594008  0.086930123231874  0.059788009880742  0.032509383328812  0.079881210200191  0.130127699710514  0.046262915562502  0.020531744174209  0.031928752584822  0.074998211398326  0.008015454260446  0.008298118644495  0.010315803445430  0.042130241616783  0.035971546603993  0.083215725827273  0.023880883136956  0.043134917293645  0.012976094126420  0.066523136403335  1.000000000000000  0.000000000000000  0.000000000000000  0.000000000000000  0.000000000000000  0.000000000000000  0.000000000000000  0.017253106986923  1.000000000000000  1.000000000000000 
100.0    N  0.019343598294335  0.019859870145401  0.234717936828863  0.236186760249302  0.051760666333409  0.008449021589716  0.053996136712517  0.000000000000000  0.025120343460723  0.013840117485974  0.000000000000000  0.089312133733818  0.000000000000000  0.090936292727172  0.037969899747032  0.051688960527704  0.049240867878084  0.000000000000000  0.008280881120291  0.009297122627396  1.000000000000000  0.000000000000000  0.000000000000000  0.000000000000000  0.000000000000000  0.000000000000000  0.000000000000000  0.017253106986923  1.000000000000000  1.000000000000000 
101.0    L  0.029462016747445  0.035255691795516  0.015953314464175  0.000000000000000  0.006438766288697  0.000000000000000  0.007987722895390  0.356259403537196  0.000000000000000  0.327598350964591  0.000000000000000  0.008015454260446  0.000000000000000  0.051331918797004  0.000000000000000  0.000000000000000  0.000000000000000  0.133786087303328  0.018893057434896  0.009213723377041  1.000000000000000  0.000000000000000  0.000000000000000  0.000000000000000  0.000000000000000  0.000000000000000  0.000000000000000  0.017253106986923  1.000000000000000  1.000000000000000 
102.0    L  0.013640118611465  0.076627178753322  0.063724855187387  0.022498926851792  0.047234997759882  0.007259067767585  0.002980975017501  0.073607674349686  0.025719385789960  0.139370777340962  0.000000000000000  0.052120690239060  0.075677067746910  0.030798416779355  0.044010757091003  0.071644511608024  0.088204740213043  0.087534770055450  0.000000000000000  0.077374393177340  1.000000000000000  0.000000000000000  0.000000000000000  0.000000000000000  0.000000000000000  0.000000000000000  0.000000000000000  0.017253106986923  1.000000000000000  1.000000000000000 
103.0    I  0.008449021589716  0.006665828891501  0.000000000000000  0.000000000000000  0.000000000000000  0.000000000000000  0.000000000000000  0.469435873657726  0.000000000000000  0.037577164028068  0.097193254485320  0.000000000000000  0.000000000000000  0.000000000000000  0.000000000000000  0.010019817209080  0.000000000000000  0.370616752450709  0.000000000000000  0.000000000000000  1.000000000000000  0.000000000000000  0.000000000000000  0.000000000000000  0.000000000000000  0.000000000000000  0.000000000000000  0.017253106986923  1.000000000000000  1.000000000000000 
104.0    R  0.000000000000000  0.010019817209080  0.000000000000000  0.000000000000000  0.000000000000000  0.000000000000000  0.000000000000000  0.000000000000000  0.000000000000000  0.000000000000000  0.000000000000000  0.011719054603795  0.000000000000000  0.000000000000000  0.966606097064973  0.000000000000000  0.011414409207388  0.000000000000000  0.000000000000000  0.000000000000000  1.000000000000000  0.000000000000000  0.000000000000000  0.000000000000000  0.000000000000000  0.000000000000000  0.000000000000000  0.017253106986923  1.000000000000000  1.000000000000000 
105.0    C  0.000000000000000  1.000000000000000  0.000000000000000  0.000000000000000  0.000000000000000  0.000000000000000  0.000000000000000  0.000000000000000  0.000000000000000  0.000000000000000  0.000000000000000  0.000000000000000  0.000000000000000  0.000000000000000  0.000000000000000  0.000000000000000  0.000000000000000  0.000000000000000  0.000000000000000  0.000000000000000  1.000000000000000  0.000000000000000  0.000000000000000  0.000000000000000  0.000000000000000  0.000000000000000  0.000000000000000  0.017253106986923  1.000000000000000  1.000000000000000 
106.0    R  0.010330114102676  0.032061817041786  0.007483868892365  0.005859527301898  0.012886461697033  0.040666932982560  0.092975860152157  0.042482132559586  0.019064070473003  0.075729541276890  0.068916822691807  0.013248749447393  0.015843116871719  0.089126607335259  0.040134869030920  0.024030325488598  0.080548414405313  0.107172004579271  0.024382671255428  0.197100043514070  1.000000000000000  0.000000000000000  0.000000000000000  0.000000000000000  0.000000000000000  0.000000000000000  0.000000000000000  0.017253106986923  1.000000000000000  1.000000000000000 
107.0    R  0.059333882559407  0.043585739573450  0.006095667813857  0.039308905369876  0.061086610400675  0.047234997759882  0.048093975630027  0.074480160910878  0.044873265956982  0.065108964313014  0.031708204580653  0.049928244778072  0.000000000000000  0.013377941946038  0.068109507013333  0.032735503971869  0.072947381363654  0.051832471613403  0.000000000000000  0.190254172604920  1.000000000000000  0.000000000000000  0.000000000000000  0.000000000000000  0.000000000000000  0.000000000000000  0.000000000000000  0.017253106986923  1.000000000000000  1.000000000000000 
108.0    C  0.000000000000000  0.992404374685819  0.000000000000000  0.000000000000000  0.000000000000000  0.000000000000000  0.000000000000000  0.000000000000000  0.000000000000000  0.000000000000000  0.000000000000000  0.000000000000000  0.000000000000000  0.000000000000000  0.000000000000000  0.000000000000000  0.000000000000000  0.000000000000000  0.000000000000000  0.007494250932229  1.000000000000000  0.000000000000000  0.000000000000000  0.000000000000000  0.000000000000000  0.000000000000000  0.000000000000000  0.017253106986923  1.000000000000000  1.000000000000000 
109.0    Q  0.007993261482300  0.030311309698179  0.000000000000000  0.000000000000000  0.054371709544291  0.121750533567905  0.090308149870220  0.014741222670240  0.000000000000000  0.358488812003957  0.107246316303586  0.000000000000000  0.000000000000000  0.129497845445002  0.000000000000000  0.012225184089633  0.007259067767585  0.000000000000000  0.023633874957562  0.042042725266307  1.000000000000000  0.000000000000000  0.000000000000000  0.000000000000000  0.000000000000000  0.000000000000000  0.000000000000000  0.017253106986923  1.000000000000000  1.000000000000000 
110.0    K  0.108592773143828  0.032803646363221  0.000000000000000  0.000000000000000  0.000000000000000  0.071594868623735  0.020574483157176  0.014052786127309  0.490729531926740  0.000000000000000  0.021388809579560  0.000000000000000  0.000000000000000  0.009297122627396  0.146299830184324  0.065289735179014  0.019263317585372  0.000000000000000  0.000000000000000  0.000000000000000  1.000000000000000  0.000000000000000  0.000000000000000  0.000000000000000  0.000000000000000  0.000000000000000  0.000000000000000  0.017253106986923  1.000000000000000  1.000000000000000 
111.0    P  0.011792390379067  0.015953314464175  0.000000000000000  0.007583081795075  0.053623158151793  0.005982648426150  0.008986655416802  0.038767728053606  0.075415244982548  0.180992271547445  0.000000000000000  0.004930672000438  0.375790369516391  0.040274207202657  0.070364911633548  0.033377044001495  0.015040538173465  0.054939972556987  0.000000000000000  0.006232384686008  1.000000000000000  0.000000000000000  0.000000000000000  0.000000000000000  0.000000000000000  0.000000000000000  0.000000000000000  0.017253106986923  1.000000000000000  1.000000000000000 
112.0    L  0.000000000000000  0.010496120513448  0.000000000000000  0.000000000000000  0.000000000000000  0.000000000000000  0.000000000000000  0.000000000000000  0.000000000000000  0.946057646725596  0.017603425445270  0.000000000000000  0.000000000000000  0.000000000000000  0.000000000000000  0.000000000000000  0.000000000000000  0.025862400502444  0.000000000000000  0.000000000000000  1.000000000000000  0.000000000000000  0.000000000000000  0.000000000000000  0.000000000000000  0.000000000000000  0.000000000000000  0.017253106986923  1.000000000000000  1.000000000000000 
113.0    N  0.008472479756586  0.137929217505245  0.263157788677360  0.027603595358796  0.000000000000000  0.046941247716904  0.000000000000000  0.000000000000000  0.007625248131064  0.013424386796050  0.000000000000000  0.036171569280941  0.000000000000000  0.008614602836476  0.000000000000000  0.195874296737335  0.231647015472593  0.022608357591727  0.000000000000000  0.000000000000000  1.000000000000000  0.000000000000000  0.000000000000000  0.000000000000000  0.000000000000000  0.000000000000000  0.000000000000000  0.017253106986923  1.000000000000000  1.000000000000000 
114.0    P  0.125433968563688  0.020235046857100  0.031120304784202  0.025085543397374  0.045689295262501  0.017361073885236  0.010746420454217  0.055016188347697  0.046584699587466  0.140437487878956  0.004403907859943  0.026571067502006  0.165740720037332  0.021914050791288  0.041206050452886  0.060329189054485  0.064301669243348  0.030500992524257  0.013859317268002  0.053474689105163  1.000000000000000  0.000000000000000  0.000000000000000  0.000000000000000  0.000000000000000  0.000000000000000  0.000000000000000  0.017253106986923  1.000000000000000  1.000000000000000 
115.0    A  0.067826835742613  0.006958538285990  0.054711958105891  0.104748391833494  0.004756117260402  0.016839580391307  0.012040173568100  0.155178436440764  0.000000000000000  0.070267432736164  0.005831165559754  0.027757087370075  0.039172906888772  0.057154068093744  0.000000000000000  0.145692649766820  0.086509357253217  0.125433968563688  0.000000000000000  0.019064070473003  1.000000000000000  0.000000000000000  0.000000000000000  0.000000000000000  0.000000000000000  0.000000000000000  0.000000000000000  0.017253106986923  1.000000000000000  1.000000000000000 
116.0    E  0.000000000000000  0.000000000000000  0.082070070339009  0.891928519420093  0.000000000000000  0.000000000000000  0.000000000000000  0.000000000000000  0.000000000000000  0.000000000000000  0.000000000000000  0.000000000000000  0.000000000000000  0.025862400502444  0.000000000000000  0.000000000000000  0.000000000000000  0.000000000000000  0.000000000000000  0.000000000000000  1.000000000000000  0.000000000000000  0.000000000000000  0.000000000000000  0.000000000000000  0.000000000000000  0.000000000000000  0.017253106986923  1.000000000000000  1.000000000000000 
117.0    K  0.000000000000000  0.000000000000000  0.000000000000000  0.000000000000000  0.000000000000000  0.000000000000000  0.000000000000000  0.014082038478294  0.957935218222696  0.000000000000000  0.005037766604125  0.000000000000000  0.000000000000000  0.000000000000000  0.014467906601989  0.000000000000000  0.000000000000000  0.008361630456458  0.000000000000000  0.000000000000000  1.000000000000000  0.000000000000000  0.000000000000000  0.000000000000000  0.000000000000000  0.000000000000000  0.000000000000000  0.017253106986923  1.000000000000000  1.000000000000000 
118.0    R  0.015898120189104  0.007583081795075  0.099235491366457  0.095656048113917  0.013470992890900  0.008303872455926  0.014936645587402  0.085259239679960  0.008740914851841  0.373194595824238  0.000000000000000  0.034939432842683  0.000000000000000  0.109045338221345  0.025260027150174  0.000000000000000  0.013763583970734  0.055861572647299  0.000000000000000  0.038929294236546  1.000000000000000  0.000000000000000  0.000000000000000  0.000000000000000  0.000000000000000  0.000000000000000  0.000000000000000  0.017253106986923  1.000000000000000  1.000000000000000 
119.0    R  0.047994070928191  0.000000000000000  0.217486838177163  0.082354996983384  0.029894004940371  0.014802657353114  0.036096430767300  0.008408125974873  0.035427169149326  0.046520164223954  0.007583081795075  0.017145811524676  0.000000000000000  0.046166814486955  0.255607132652481  0.043980261728919  0.007031265076512  0.027489033622576  0.016827912128016  0.059169601952295  0.946057646725596  0.000000000000000  0.054258764225065  0.000000000000000  0.000000000000000  0.000000000000000  0.000000000000000  0.017253106986923  1.000000000000000  1.000000000000000 
120.0    H  0.071347169195423  0.093882495433808  0.000000000000000  0.000000000000000  0.000000000000000  0.000000000000000  0.375269774378593  0.134250558952516  0.011981895778696  0.116952937228925  0.043646204139606  0.027204705103004  0.000000000000000  0.038526635170744  0.000000000000000  0.011792390379067  0.019998006466317  0.045689295262501  0.000000000000000  0.009479324689443  1.000000000000000  0.000000000000000  0.000000000000000  0.000000000000000  0.000000000000000  1.000000000000000  0.000000000000000  0.018224208902945  1.000000000000000  0.414372452243996 
121.0    L  0.067405026980903  0.216734390878672  0.000000000000000  0.025559439329931  0.012949139132625  0.000000000000000  0.005251699195909  0.136881558849197  0.065380308737033  0.162442382806930  0.000000000000000  0.000000000000000  0.000000000000000  0.000000000000000  0.085141127165031  0.000000000000000  0.010019817209080  0.212126975426474  0.000000000000000  0.000000000000000  1.000000000000000  0.000000000000000  0.000000000000000  0.000000000000000  0.000000000000000  0.000000000000000  0.000000000000000  0.017253106986923  1.000000000000000  1.000000000000000 
122.0    K  0.096789878481653  0.076574083244042  0.084729020425000  0.125695072549809  0.012276133072931  0.085852264589351  0.004052421627209  0.023083407243478  0.014508075817293  0.099995016041594  0.007314626933082  0.063946091858402  0.000000000000000  0.031336763621909  0.029360085912938  0.031774208540374  0.038499939795180  0.033702513490452  0.038446604523473  0.102096123888753  1.000000000000000  0.000000000000000  0.000000000000000  0.000000000000000  0.000000000000000  0.000000000000000  0.000000000000000  0.017253106986923  1.000000000000000  1.000000000000000 
123.0    D  0.040162698045918  0.031511014215456  0.074222479129588  0.151879598988127  0.061044283060139  0.052738487258126  0.029137077701151  0.000000000000000  0.057114465639338  0.053215856734309  0.000000000000000  0.059416193826864  0.000000000000000  0.050695447223565  0.209061599978516  0.041177498491692  0.049790006017849  0.012456132445946  0.006284440397984  0.020011872833278  0.946057646725596  0.000000000000000  0.054258764225065  0.000000000000000  0.000000000000000  0.000000000000000  0.000000000000000  0.017253106986923  1.000000000000000  1.000000000000000 
124.0    K  0.000000000000000  0.022127741222102  0.061810682273808  0.048227505470592  0.012850782323632  0.247414164103802  0.074998211398326  0.000000000000000  0.176165094392752  0.014338123161115  0.000000000000000  0.143587294374629  0.000000000000000  0.062760471452436  0.100690536381094  0.030500992524257  0.000000000000000  0.000000000000000  0.000000000000000  0.004456108265111  0.990342871933025  0.000000000000000  0.009479324689443  1.000000000000000  0.000000000000000  1.000000000000000  0.000000000000000  0.018224208902945  0.414372452243996  0.414372452243996 
125.0    R  0.034530140149997  0.016968466505036  0.032352028870043  0.196826994142301  0.003457631892889  0.012647534633553  0.007715631730042  0.019901210551977  0.107097744346071  0.100272645794061  0.004468480364077  0.021762679385454  0.000000000000000  0.179493063827929  0.175433965754884  0.036778335538086  0.028320685570854  0.021974893748642  0.000000000000000  0.000000000000000  1.000000000000000  0.000000000000000  0.000000000000000  0.000000000000000  0.000000000000000  0.000000000000000  1.000000000000000  0.017397212784823  1.000000000000000  0.492092011016900 
126.0    R  0.023847800140009  0.016097718025314  0.070072879876782  0.027073026762503  0.003457631892889  0.032963197408377  0.057471877884479  0.006280085865181  0.044842172956459  0.033655824256033  0.000000000000000  0.033008925792246  0.194791144915125  0.060329189054485  0.255784367433608  0.043045313949473  0.042985681816867  0.013175486097658  0.006116830439504  0.034963659407366  1.000000000000000  0.000000000000000  0.000000000000000  0.000000000000000  0.000000000000000  1.000000000000000  0.000000000000000  0.017397212784823  1.000000000000000  0.492092011016900 
127.0    F  0.000000000000000  0.017337023001060  0.000000000000000  0.000000000000000  0.733566672083662  0.000000000000000  0.000000000000000  0.015452670568452  0.000000000000000  0.132127255070173  0.007483868892365  0.000000000000000  0.000000000000000  0.000000000000000  0.000000000000000  0.000000000000000  0.000000000000000  0.045185384204555  0.000000000000000  0.049002528379734  0.991029563264079  0.000000000000000  0.008992886650998  0.000000000000000  0.000000000000000  0.000000000000000  0.000000000000000  0.017253106986923  1.000000000000000  1.000000000000000 
128.0    H  0.008466609115975  0.054598305994793  0.045784402331604  0.000000000000000  0.044997853703584  0.000000000000000  0.485990493990676  0.042364510212500  0.017725866952124  0.035231262879544  0.015986522964601  0.019437682082789  0.000000000000000  0.005924873224119  0.029852591761951  0.015030116479137  0.030018589498546  0.031206708315657  0.023340835267380  0.093947592379098  0.991029563264079  0.000000000000000  0.008692579067069  0.000000000000000  0.000000000000000  0.000000000000000  1.000000000000000  0.017397212784823  1.000000000000000  0.493458272942921 
129.0    S  0.008638520729065  0.029197729590099  0.004493327708401  0.030819772015417  0.024603374267788  0.000000000000000  0.004349303196206  0.017205337470281  0.327598350964591  0.239152039522969  0.004060857168653  0.053660339777360  0.000000000000000  0.028125060306047  0.118093380124651  0.020717590004667  0.000000000000000  0.052811649025782  0.000000000000000  0.036625696364829  1.000000000000000  0.000000000000000  0.000000000000000  0.000000000000000  0.000000000000000  0.000000000000000  1.000000000000000  0.017812082385835  1.000000000000000  0.463294030945185 
130.0    I  0.000000000000000  0.006896117158521  0.000000000000000  0.000000000000000  0.034434534871144  0.000000000000000  0.000000000000000  0.399425958224574  0.000000000000000  0.033632503899494  0.000000000000000  0.000000000000000  0.000000000000000  0.000000000000000  0.020193012978711  0.000000000000000  0.031774208540374  0.473685035299634  0.000000000000000  0.000000000000000  1.000000000000000  0.000000000000000  0.000000000000000  0.000000000000000  0.000000000000000  0.000000000000000  1.000000000000000  0.017812082385835  1.000000000000000  0.463294030945185 
131.0    A  0.172779025816073  0.009978232493714  0.011094588738621  0.000000000000000  0.000000000000000  0.038633601903780  0.003903543331994  0.000000000000000  0.004385630554975  0.010474317121721  0.004038401313469  0.024826075003003  0.000000000000000  0.004013286872574  0.627201102260497  0.080492601844364  0.000000000000000  0.008032139270751  0.000000000000000  0.000000000000000  0.971980987981352  0.027776333786455  0.000000000000000  0.278355404557172  0.721464343430814  0.643048741715302  0.357248534935273  0.017812082385835  0.430773079856009  0.463294030945185 
132.0    G  0.010230354867840  0.021672358892678  0.038207508677877  0.011002689272751  0.010949433195943  0.542614685940904  0.055861572647299  0.000000000000000  0.027603595358796  0.000000000000000  0.000000000000000  0.144686277123765  0.000000000000000  0.018048215383650  0.045468146363586  0.054258764225065  0.007365504186861  0.008043281901828  0.000000000000000  0.003955292216213  1.000000000000000  0.000000000000000  0.000000000000000  0.199990032083188  0.799960128332753  1.000000000000000  0.000000000000000  0.017397212784823  0.493458272942921  0.493458272942921 
133.0    Q  0.027393928791126  0.007031265076512  0.000000000000000  0.016187230680625  0.014288517023436  0.050906722691888  0.074790560201920  0.040442051702589  0.081052472165688  0.025418099941629  0.022374511581268  0.091378590525002  0.000000000000000  0.160985203688728  0.190122344155126  0.058760887656820  0.031055659166330  0.027242444985533  0.011833330592789  0.068726009332159  1.000000000000000  0.000000000000000  0.000000000000000  0.000000000000000  0.000000000000000  0.000000000000000  0.000000000000000  0.017253106986923  1.000000000000000  1.000000000000000 
134.0    Y  0.009213723377041  0.007625248131064  0.000000000000000  0.007855942034363  0.027073026762503  0.000000000000000  0.000000000000000  0.019928818619977  0.000000000000000  0.033632503899494  0.000000000000000  0.000000000000000  0.013792234317041  0.000000000000000  0.000000000000000  0.000000000000000  0.008183875992967  0.066063627535086  0.766841329836546  0.039774841727373  0.979420297586927  0.020446532366485  0.000000000000000  1.000000000000000  0.000000000000000  0.000000000000000  0.000000000000000  0.017253106986923  0.468785548228555  1.000000000000000 
135.0    R  0.004629268636491  0.011414409207388  0.000000000000000  0.000000000000000  0.000000000000000  0.000000000000000  0.000000000000000  0.000000000000000  0.251215955105946  0.017217267435572  0.004792519442398  0.004400856361317  0.000000000000000  0.000000000000000  0.545253866332629  0.004055231525559  0.157126671815229  0.000000000000000  0.000000000000000  0.000000000000000  1.000000000000000  0.000000000000000  0.000000000000000  0.000000000000000  0.000000000000000  0.000000000000000  0.000000000000000  0.017253106986923  1.000000000000000  1.000000000000000 
136.0    G  0.107395094368398  0.005715121955876  0.000000000000000  0.000000000000000  0.000000000000000  0.788946840852465  0.000000000000000  0.000000000000000  0.000000000000000  0.000000000000000  0.000000000000000  0.008413956064008  0.000000000000000  0.000000000000000  0.000000000000000  0.028458432299749  0.053996136712517  0.000000000000000  0.007109678313132  0.000000000000000  1.000000000000000  0.000000000000000  0.000000000000000  0.000000000000000  0.000000000000000  0.000000000000000  0.000000000000000  0.017253106986923  1.000000000000000  1.000000000000000 
137.0    Q  0.013276328111541  0.019532223477894  0.005831165559754  0.015155654849090  0.030734439813320  0.000000000000000  0.017481829703683  0.048294409352999  0.045594385757505  0.182251172352072  0.000000000000000  0.004687388212395  0.031228346655952  0.044132950137024  0.266461684016986  0.062760471452436  0.058760887656820  0.076362068854594  0.000000000000000  0.077374393177340  1.000000000000000  0.000000000000000  0.000000000000000  0.000000000000000  0.000000000000000  0.000000000000000  0.000000000000000  0.017253106986923  1.000000000000000  1.000000000000000 
138.0    C  0.000000000000000  0.991029563264079  0.000000000000000  0.000000000000000  0.000000000000000  0.000000000000000  0.000000000000000  0.000000000000000  0.000000000000000  0.000000000000000  0.000000000000000  0.000000000000000  0.000000000000000  0.000000000000000  0.000000000000000  0.000000000000000  0.000000000000000  0.000000000000000  0.000000000000000  0.008820034412548  1.000000000000000  0.000000000000000  0.000000000000000  0.000000000000000  0.000000000000000  0.000000000000000  0.000000000000000  0.017253106986923  1.000000000000000  1.000000000000000 
139.0    N  0.027450952132449  0.033679160782615  0.031423768137452  0.014967737784730  0.022066475068512  0.043919334381460  0.013452331067795  0.012665079998208  0.015997607819194  0.104748391833494  0.017337023001060  0.023847800140009  0.007432174033842  0.022143084320441  0.355519352646819  0.061001985048514  0.074531804520664  0.015646675870490  0.000000000000000  0.102166916061035  0.991029563264079  0.000000000000000  0.008638520729065  0.000000000000000  0.000000000000000  0.000000000000000  0.000000000000000  0.017253106986923  1.000000000000000  1.000000000000000 
140.0    T  0.027622735345740  0.000000000000000  0.062891113968611  0.011319860582460  0.057871626407958  0.006510571930931  0.161992620679167  0.026681803574726  0.016527358806538  0.158989125842947  0.008396477912934  0.166316130135086  0.013084476367319  0.084202098554106  0.034602018265134  0.052192994964273  0.031973045929201  0.011017952816284  0.000000000000000  0.067779838052691  1.000000000000000  0.000000000000000  0.000000000000000  0.000000000000000  0.000000000000000  0.000000000000000  1.000000000000000  0.017481829703683  1.000000000000000  0.479964630519454 
141.0    C  0.000000000000000  1.000000000000000  0.000000000000000  0.000000000000000  0.000000000000000  0.000000000000000  0.000000000000000  0.000000000000000  0.000000000000000  0.000000000000000  0.000000000000000  0.000000000000000  0.000000000000000  0.000000000000000  0.000000000000000  0.000000000000000  0.000000000000000  0.000000000000000  0.000000000000000  0.000000000000000  0.887611337269498  0.000000000000000  0.112500241224189  0.000000000000000  0.000000000000000  0.000000000000000  1.000000000000000  0.017481829703683  1.000000000000000  0.479964630519454 
142.0    C  0.056250120612095  0.054825846795801  0.000000000000000  0.007036140467562  0.008127345832203  0.038234001285371  0.000000000000000  0.058924033494890  0.137261601723381  0.082927821287323  0.025155191800660  0.012967102899843  0.000000000000000  0.012301687133894  0.168520966467132  0.010995065432230  0.055283777208221  0.023051429016919  0.204617295397701  0.043525358770907  0.851453707748945  0.123707082051901  0.024535253708549  0.216734390878672  0.783497186949341  0.816203046150902  0.183900843231967  0.018173750649185  0.362738051958545  0.319082192207238 
143.0    D  0.009806812431896  0.000000000000000  0.020992241026895  0.034554082916258  0.000000000000000  0.080716084393896  0.014874654820274  0.004465384122711  0.147726443366796  0.030395467106634  0.010686994561738  0.022876338999150  0.030416542942445  0.040386025957422  0.329419987933535  0.107395094368398  0.078400137782562  0.029441602309525  0.007375722024611  0.000000000000000  0.967276329613932  0.018788582014034  0.014033318326311  0.626766510220345  0.373453364278086  0.399149193178325  0.600818024763425  0.019518689463334  0.472046209575125  0.441045682598588 
144.0    Q  0.037996227599472  0.000000000000000  0.112734422297781  0.037864770638445  0.000000000000000  0.013443009853304  0.106357966188318  0.011597840395539  0.106357966188318  0.047695600280017  0.000000000000000  0.000000000000000  0.167125061925642  0.025665959398502  0.089312133733818  0.121413436942704  0.070413701781080  0.034386831542692  0.009929935072701  0.007619964543185  0.731028724200017  0.000000000000000  0.268873597614345  0.000000000000000  0.000000000000000  0.118585539392557  0.881480157907170  0.019777446780786  1.000000000000000  0.443805668634749 
145.0    A  0.039554893561571  0.329876977693224  0.090496135773722  0.119824929811622  0.000000000000000  0.009420373653834  0.020249077584896  0.000000000000000  0.011148550825921  0.051403129294529  0.000000000000000  0.000000000000000  0.044071811265137  0.027431931175297  0.046843737554861  0.038687196588670  0.101320639985664  0.019330194979487  0.028676246322230  0.021612353578296  0.376311686852767  0.000000000000000  0.623732785957023  0.000000000000000  0.000000000000000  0.123364568235730  0.876605721316035  0.033008925792246  1.000000000000000  0.278548412704833 
146.0    R  0.135653671485226  0.000000000000000  0.000000000000000  0.028008334361544  0.000000000000000  0.256850359844741  0.059128602920350  0.000000000000000  0.000000000000000  0.053252755942179  0.000000000000000  0.076627178753322  0.000000000000000  0.000000000000000  0.224066674892351  0.035525530413625  0.000000000000000  0.025312608551001  0.000000000000000  0.105623298051564  0.355026839635857  0.000000000000000  0.644834125327943  0.000000000000000  0.000000000000000  0.000000000000000  1.000000000000000  0.056956330039821  1.000000000000000  0.135653671485226 
147.0    Q  0.000000000000000  0.182251172352072  0.177390419525048  0.125433968563688  0.000000000000000  0.000000000000000  0.124481219136807  0.000000000000000  0.000000000000000  0.000000000000000  0.000000000000000  0.000000000000000  0.000000000000000  0.390393246303696  0.000000000000000  0.000000000000000  0.000000000000000  0.000000000000000  0.000000000000000  0.000000000000000  0.648419777325505  0.000000000000000  0.351354675051680  0.000000000000000  0.000000000000000  0.000000000000000  1.000000000000000  0.156366135014158  1.000000000000000  0.105550110927973 
148.0    E  0.000000000000000  0.000000000000000  0.192375902520108  0.329876977693224  0.000000000000000  0.000000000000000  0.000000000000000  0.000000000000000  0.000000000000000  0.189595943171805  0.000000000000000  0.000000000000000  0.000000000000000  0.000000000000000  0.000000000000000  0.000000000000000  0.288171586699716  0.000000000000000  0.000000000000000  0.000000000000000  0.522317881432116  0.477641468191219  0.000000000000000  0.723467442935263  0.276624338273068  0.025190088484155  0.974679630891549  0.244346441602701  0.461371246326899  0.099029351365621 
149.0    R  0.000000000000000  0.000000000000000  0.000000000000000  0.000000000000000  0.215984546850069  0.230046912656219  0.000000000000000  0.000000000000000  0.000000000000000  0.000000000000000  0.000000000000000  0.000000000000000  0.000000000000000  0.147828875030518  0.406126198178118  0.000000000000000  0.000000000000000  0.000000000000000  0.000000000000000  0.000000000000000  1.000000000000000  0.000000000000000  0.000000000000000  0.000000000000000  0.000000000000000  0.020905118043533  0.979420297586927  0.191577495025973  1.000000000000000  0.102592701101312 
150.0    L  0.000000000000000  0.000000000000000  0.000000000000000  0.200962747685788  0.000000000000000  0.000000000000000  0.000000000000000  0.000000000000000  0.000000000000000  0.393653988284602  0.000000000000000  0.000000000000000  0.167009259798762  0.000000000000000  0.238324636322040  0.000000000000000  0.000000000000000  0.000000000000000  0.000000000000000  0.000000000000000  1.000000000000000  0.000000000000000  0.000000000000000  0.000000000000000  0.000000000000000  0.120491225967580  0.879649075922436  0.142496659086683  1.000000000000000  0.105623298051564 
151.0    R  0.080325396091836  0.164709993966768  0.000000000000000  0.000000000000000  0.085792776953432  0.145793671223558  0.000000000000000  0.000000000000000  0.000000000000000  0.000000000000000  0.000000000000000  0.156366135014158  0.000000000000000  0.113597264556065  0.253489869947507  0.000000000000000  0.000000000000000  0.000000000000000  0.000000000000000  0.000000000000000  0.707106781186547  0.000000000000000  0.293005570918628  0.000000000000000  0.000000000000000  0.738157202841417  0.261702570493644  0.064614421015498  1.000000000000000  0.124740339874881 
152.0    R  0.096388176587996  0.000000000000000  0.000000000000000  0.012682649702770  0.058924033494890  0.000000000000000  0.000000000000000  0.044041273598188  0.000000000000000  0.000000000000000  0.193848301586751  0.000000000000000  0.023357019509921  0.067779838052691  0.116306207212877  0.109045338221345  0.256850359844741  0.020717590004667  0.000000000000000  0.000000000000000  0.954621014139717  0.045594385757505  0.000000000000000  0.805524291048750  0.194386508970640  0.252612861621691  0.747424624317469  0.062456693311903  0.480963727332387  0.317537745634697 
153.0    R  0.283220971323950  0.000000000000000  0.098892162648181  0.202922395244320  0.000000000000000  0.046584699587466  0.000000000000000  0.000000000000000  0.000000000000000  0.000000000000000  0.000000000000000  0.000000000000000  0.034007576302213  0.000000000000000  0.232129213076682  0.036071419297401  0.000000000000000  0.066109435226152  0.000000000000000  0.000000000000000  1.000000000000000  0.000000000000000  0.000000000000000  0.000000000000000  0.000000000000000  0.039719740290802  0.960594863953477  0.053660339777360  1.000000000000000  0.351842093831349 
154.0    R  0.098005056759467  0.000000000000000  0.035451733904249  0.012284645189693  0.000000000000000  0.000000000000000  0.000000000000000  0.031576607702711  0.037707622491274  0.011249463425896  0.000000000000000  0.084202098554106  0.010642640895629  0.039582320428851  0.334250123851284  0.039996012932635  0.148547888132117  0.010843693117309  0.075310769687174  0.030290306779221  0.988970916380931  0.000000000000000  0.010843693117309  0.000000000000000  0.000000000000000  0.000000000000000  1.000000000000000  0.053846634982001  1.000000000000000  0.356753626429470 
155.0    E  0.021883692513863  0.000000000000000  0.020081349022959  0.390393246303696  0.000000000000000  0.048765342510856  0.073149915092162  0.099235491366457  0.000000000000000  0.011195012893540  0.013148116910709  0.021344379011787  0.000000000000000  0.081559684230560  0.140340177759201  0.032061817041786  0.012421644546078  0.011056204377552  0.023552107961850  0.000000000000000  1.000000000000000  0.000000000000000  0.000000000000000  0.000000000000000  0.000000000000000  0.045816148662163  0.953959550547558  0.053772039413215  1.000000000000000  0.350867931509769 
156.0    T  0.012284645189693  0.000000000000000  0.010903990344704  0.000000000000000  0.000000000000000  0.000000000000000  0.000000000000000  0.000000000000000  0.000000000000000  0.075782051191359  0.000000000000000  0.000000000000000  0.127538082406057  0.137452018664319  0.199022024694695  0.038660389958974  0.329419987933535  0.068773663085384  0.000000000000000  0.000000000000000  1.000000000000000  0.000000000000000  0.000000000000000  0.000000000000000  0.000000000000000  0.000000000000000  1.000000000000000  0.053846634982001  1.000000000000000  0.356753626429470 
157.0    Q  0.060078808024298  0.000000000000000  0.000000000000000  0.048866852695537  0.000000000000000  0.000000000000000  0.000000000000000  0.000000000000000  0.000000000000000  0.059416193826864  0.000000000000000  0.000000000000000  0.222210670291643  0.254017535748425  0.215386539928004  0.046327094056339  0.041926319527571  0.027834153143959  0.000000000000000  0.023930593704600  0.869947352708651  0.130308220105140  0.000000000000000  0.288571354379210  0.711531730617297  1.000000000000000  0.000000000000000  0.054522669110672  0.458184322337676  0.356753626429470 
158.0    V  0.000000000000000  0.039254449410735  0.000000000000000  0.000000000000000  0.049583365199446  0.000000000000000  0.077160162930846  0.205470046823713  0.000000000000000  0.093687475109722  0.000000000000000  0.000000000000000  0.000000000000000  0.000000000000000  0.000000000000000  0.000000000000000  0.020432364820887  0.426908857195622  0.000000000000000  0.087474116599700  1.000000000000000  0.000000000000000  0.000000000000000  1.000000000000000  0.000000000000000  0.000000000000000  0.000000000000000  0.050730598811080  1.000000000000000  1.000000000000000 
