No:  residues  hmm_col_1  hmm_col_2  hmm_col_3  hmm_col_4  hmm_col_5  hmm_col_6  hmm_col_7  hmm_col_8  hmm_col_9  hmm_col_10  hmm_col_11  hmm_col_12  hmm_col_13  hmm_col_14  hmm_col_15  hmm_col_16  hmm_col_17  hmm_col_18  hmm_col_19  hmm_col_20  hmm_col_21   hmm_col_22   hmm_col_23   hmm_col_24   hmm_col_25   hmm_col_26   hmm_col_27   hmm_col_28   hmm_col_29   hmm_col_30   
1.0    M  0.018198962288570  0.000000000000000  0.000000000000000  0.010438078737423  0.000000000000000  0.000000000000000  0.019451159927846  0.000000000000000  0.000000000000000  0.006280085865181  0.874178620410373  0.010068551800664  0.000000000000000  0.017542522219900  0.000000000000000  0.005961950035002  0.019750048413325  0.018262144508769  0.000000000000000  0.000000000000000  0.992404374685819  0.003230560032982  0.004301334367570  0.500000000000000  0.500000000000000  0.000000000000000  0.000000000000000  0.077374393177340  0.497579860910041  1.000000000000000 
2.0    S  0.386087566545892  0.000000000000000  0.019024469041609  0.000000000000000  0.000000000000000  0.025312608551001  0.000000000000000  0.000000000000000  0.011702819800189  0.010082519456655  0.008899870134548  0.056916864599499  0.034626010870779  0.000000000000000  0.000000000000000  0.393926943024673  0.034078366645789  0.019383864026803  0.000000000000000  0.000000000000000  0.147624082678691  0.831045861593648  0.021182255106250  0.627201102260497  0.372677596699730  1.000000000000000  0.000000000000000  0.071248329543341  0.166546853136503  0.500000000000000 
3.0    T  0.076521024525013  0.000000000000000  0.139177702278586  0.077160162930846  0.006438766288697  0.038287041622021  0.000000000000000  0.000000000000000  0.003564708939623  0.023389421668636  0.000000000000000  0.007432174033842  0.021807980689409  0.119824929811622  0.000000000000000  0.411510172639354  0.055822865772048  0.018971795068673  0.000000000000000  0.000000000000000  0.948026965128645  0.021138253610161  0.031034140482407  0.804966137621122  0.195196623151848  0.967276329613932  0.032735503971869  0.056916864599499  0.490049707670935  0.444113397921202 
4.0    E  0.010679589468295  0.000000000000000  0.050906722691888  0.699792932797598  0.000000000000000  0.014229216149875  0.020404059173264  0.000000000000000  0.041463910643661  0.000000000000000  0.000000000000000  0.000000000000000  0.008338479203437  0.082240907814313  0.002783276590134  0.005892109674557  0.050977343333688  0.012267626854275  0.000000000000000  0.000000000000000  0.997231251352069  0.002783276590134  0.000000000000000  0.500000000000000  0.500000000000000  0.286181040149671  0.714001989842532  0.054146053525005  0.500000000000000  0.480630464194381 
5.0    S  0.033702513490452  0.000000000000000  0.013003105229868  0.000000000000000  0.027872766231878  0.000000000000000  0.000000000000000  0.023814762974059  0.020347565462016  0.598324481615357  0.176043028364010  0.000000000000000  0.005703250041619  0.012691443693066  0.008149910886952  0.019901210551977  0.035648866120888  0.015345931175990  0.000000000000000  0.009439983151484  0.984184022033800  0.015843116871719  0.000000000000000  0.312732270028317  0.687294347786015  0.565265283562296  0.434672280045011  0.037577164028068  0.491410299272626  0.487002134271620 
6.0    A  0.553632292242143  0.020588749245846  0.000000000000000  0.159762420400381  0.011670417633690  0.037864770638445  0.000000000000000  0.017627845897758  0.000000000000000  0.031467360939272  0.012040173568100  0.015208271471222  0.011382805577328  0.000000000000000  0.000000000000000  0.038794609110191  0.046198825977308  0.043797732783773  0.000000000000000  0.000000000000000  1.000000000000000  0.000000000000000  0.000000000000000  0.000000000000000  0.000000000000000  0.000000000000000  1.000000000000000  0.036498981081660  1.000000000000000  0.495858365369147 
7.0    L  0.070658160445287  0.459775023075829  0.000000000000000  0.000000000000000  0.005711161907813  0.000000000000000  0.000000000000000  0.038128140946007  0.000000000000000  0.032150834621674  0.014761672515581  0.000000000000000  0.007683609953330  0.000000000000000  0.000000000000000  0.012770864507629  0.025418099941629  0.085200162955157  0.000000000000000  0.247929182684573  1.000000000000000  0.000000000000000  0.000000000000000  0.000000000000000  0.000000000000000  0.000000000000000  1.000000000000000  0.032667503131411  1.000000000000000  0.495858365369147 
8.0    S  0.109045338221345  0.010635266535152  0.004917020209003  0.000000000000000  0.004313276746731  0.000000000000000  0.000000000000000  0.273763117698394  0.000000000000000  0.008887540842754  0.014619117153616  0.006515086279883  0.030522141530070  0.014578640492763  0.009105790610426  0.165052855126875  0.160762185428825  0.187245116803023  0.000000000000000  0.000000000000000  0.986916545885842  0.013193763865997  0.000000000000000  1.000000000000000  0.000000000000000  0.289773987976114  0.710053679271714  0.029852591761951  0.490729531926740  0.495858365369147 
9.0    Y  0.006624374723696  0.008734858210671  0.007943552135093  0.000000000000000  0.032531924927628  0.000000000000000  0.013461658745500  0.000000000000000  0.000000000000000  0.125173406963917  0.000000000000000  0.000000000000000  0.000000000000000  0.000000000000000  0.000000000000000  0.012023493907507  0.000000000000000  0.000000000000000  0.000000000000000  0.793333843191143  0.985549336939371  0.014308338850283  0.000000000000000  1.000000000000000  0.000000000000000  1.000000000000000  0.000000000000000  0.029914733068603  0.489031736723670  0.497924876547229 
10.0    A  0.674551267169849  0.007704943003854  0.000000000000000  0.000000000000000  0.009518830184962  0.012976094126420  0.000000000000000  0.005937206470318  0.000000000000000  0.049104532291724  0.000000000000000  0.000000000000000  0.000000000000000  0.000000000000000  0.012931200251222  0.224066674892351  0.003431369016556  0.000000000000000  0.000000000000000  0.000000000000000  1.000000000000000  0.000000000000000  0.000000000000000  0.000000000000000  0.000000000000000  0.000000000000000  0.000000000000000  0.029708096913432  1.000000000000000  1.000000000000000 
11.0    A  0.720964435730112  0.010836179446339  0.005616939581433  0.000000000000000  0.000000000000000  0.021329589341956  0.000000000000000  0.014111351721122  0.000000000000000  0.043194756454018  0.000000000000000  0.000000000000000  0.000000000000000  0.000000000000000  0.000000000000000  0.075310769687174  0.050450067156548  0.049686578184311  0.000000000000000  0.008402299925448  1.000000000000000  0.000000000000000  0.000000000000000  0.000000000000000  0.000000000000000  0.000000000000000  0.000000000000000  0.029687511964840  1.000000000000000  1.000000000000000 
12.0    L  0.021944451183406  0.000000000000000  0.000000000000000  0.000000000000000  0.008332701412748  0.000000000000000  0.000000000000000  0.018073252873520  0.000000000000000  0.853817714391245  0.041349107497129  0.000000000000000  0.012344395497865  0.006215128779335  0.005486112795852  0.011171757705951  0.000000000000000  0.006997231797585  0.000000000000000  0.014101573866600  1.000000000000000  0.000000000000000  0.000000000000000  0.000000000000000  0.000000000000000  0.000000000000000  0.000000000000000  0.029421202016913  1.000000000000000  1.000000000000000 
13.0    I  0.056055509978876  0.000000000000000  0.000000000000000  0.000000000000000  0.008644510571033  0.000000000000000  0.000000000000000  0.494142825750366  0.007213924302573  0.316658563430804  0.057074890625749  0.010075533208249  0.000000000000000  0.000000000000000  0.000000000000000  0.014538275901610  0.013148116910709  0.022530138616566  0.000000000000000  0.000000000000000  0.994470168673214  0.005782864445313  0.000000000000000  1.000000000000000  0.000000000000000  0.000000000000000  0.000000000000000  0.026718818059124  0.495514781632040  1.000000000000000 
14.0    L  0.030479858172739  0.018389167769043  0.000000000000000  0.000000000000000  0.000000000000000  0.000000000000000  0.000000000000000  0.059788009880742  0.000000000000000  0.844986384412514  0.004189518034445  0.000000000000000  0.000000000000000  0.000000000000000  0.000000000000000  0.000000000000000  0.000000000000000  0.042217940141739  0.000000000000000  0.000000000000000  1.000000000000000  0.000000000000000  0.000000000000000  0.000000000000000  0.000000000000000  0.000000000000000  0.000000000000000  0.026369243629063  1.000000000000000  1.000000000000000 
15.0    A  0.167589073947542  0.010934264574962  0.004710186826917  0.017349044275447  0.013917076571979  0.032599643547808  0.328280281356038  0.006215128779335  0.019050860844942  0.006754197119593  0.003255285965466  0.087111077417967  0.015953314464175  0.037111239564794  0.008590751166520  0.095788747512986  0.013489680602725  0.034818551588104  0.000000000000000  0.096388176587996  0.960594863953477  0.018620040227719  0.020574483157176  0.206755842110816  0.793333843191143  0.000000000000000  0.000000000000000  0.026387527731993  0.479299719246488  1.000000000000000 
16.0    D  0.058964890680960  0.000000000000000  0.514413353946788  0.060037178997092  0.000000000000000  0.103521332666818  0.008826150113829  0.000000000000000  0.029728696135369  0.054221167947004  0.000000000000000  0.027185854772145  0.000000000000000  0.014318260073052  0.000000000000000  0.083388948104861  0.020731955321831  0.003491348290456  0.000000000000000  0.021196942616370  0.961260928388761  0.006796463693036  0.031730190652170  0.534032704023926  0.465870214652387  0.367037659008526  0.632878296985140  0.019545766876770  0.494828328207603  0.467811748915700 
17.0    S  0.252262908461170  0.010753871887427  0.249826773247613  0.060245612983790  0.002899460098885  0.131670129494355  0.003752323687318  0.010012874407502  0.009793226722193  0.020053529649420  0.000000000000000  0.046038990181765  0.000000000000000  0.007365504186861  0.000000000000000  0.133230842008493  0.033192474577980  0.017542522219900  0.000000000000000  0.011414409207388  0.988285651500733  0.011461979251307  0.000000000000000  1.000000000000000  0.000000000000000  0.658839975867070  0.341036958719839  0.018658799798040  0.474342157570227  0.430176315305720 
18.0    E  0.011866185076676  0.000000000000000  0.080102995260012  0.180491149440312  0.000000000000000  0.350139080221801  0.005683518295448  0.000000000000000  0.101813445383777  0.003328297246386  0.000000000000000  0.227352062950183  0.000000000000000  0.013102627881890  0.000000000000000  0.005636440183053  0.009618315729257  0.003455236075514  0.000000000000000  0.007499447351866  0.995849753094458  0.000000000000000  0.004474679288983  0.000000000000000  0.000000000000000  0.066017851584491  0.933679944915313  0.016435965300061  1.000000000000000  0.476649272644080 
19.0    I  0.104169150894902  0.001685041688560  0.050450067156548  0.055437269072009  0.000000000000000  0.018085784640471  0.012994095287108  0.090999346812443  0.138312169136534  0.091252000665908  0.019832357594059  0.031950891581560  0.004958089398515  0.064524908467703  0.005738939973743  0.031642337729703  0.055784185717061  0.222210670291643  0.000000000000000  0.000000000000000  0.959929261038908  0.023633874957562  0.016481598704188  1.000000000000000  0.000000000000000  0.269246594048262  0.730522189272838  0.016322433794754  0.466839972457657  0.474342157570227 
20.0    E  0.088265900274047  0.007641120886307  0.074998211398326  0.224222039915504  0.000000000000000  0.014957366534302  0.009978232493714  0.005388128600887  0.048934643516034  0.003584530790279  0.012542771698687  0.073048578035078  0.070218743939478  0.020660228205353  0.005636440183053  0.212715932376635  0.116467553663097  0.010753871887427  0.000000000000000  0.000000000000000  0.991716730738293  0.004658237782542  0.003884649096380  0.186338798349865  0.813379198132126  0.592135805926816  0.407818746669505  0.016515906883772  0.489710148793463  0.459138081150462 
21.0    I  0.009820416988452  0.002806523782313  0.000000000000000  0.000000000000000  0.009049162548396  0.003762741773516  0.003557304037469  0.327825503553912  0.000000000000000  0.032284824615129  0.002771725305079  0.005058761714275  0.361483073636437  0.002735461564233  0.000000000000000  0.000000000000000  0.026241609154504  0.212568540016049  0.000000000000000  0.000000000000000  0.988970916380931  0.001229255052251  0.010075533208249  0.500000000000000  0.500000000000000  0.188809073195353  0.811127155577043  0.016243428674614  0.500000000000000  0.473028823362798 
22.0    S  0.033469713224733  0.012123919598045  0.044409126349417  0.005855467194358  0.002091857076546  0.002053072088062  0.000000000000000  0.002636792939693  0.021567458646822  0.000000000000000  0.018736561152986  0.080158537672641  0.000000000000000  0.011882646509695  0.004978752450466  0.286578046432095  0.464580337125457  0.008899870134548  0.000000000000000  0.000000000000000  0.995159721820083  0.000000000000000  0.005016858628865  0.000000000000000  0.000000000000000  0.155933196489256  0.843815796130018  0.016153605253874  1.000000000000000  0.453130969133667 
23.0    S  0.382359069470692  0.006483551449922  0.015124172295215  0.244855074396732  0.000000000000000  0.041035035169505  0.000000000000000  0.004540289482493  0.082583650353642  0.005002968208319  0.010979833595365  0.012464769372016  0.018723578458428  0.016142412307565  0.000000000000000  0.101180277068426  0.026024242840017  0.032554482156507  0.000000000000000  0.000000000000000  1.000000000000000  0.000000000000000  0.000000000000000  0.000000000000000  0.000000000000000  0.080214118597682  0.919550046151658  0.016243428674614  1.000000000000000  0.442576882289773 
24.0    E  0.150204506190856  0.000000000000000  0.341746862985452  0.287971910587339  0.000000000000000  0.014338123161115  0.009284243008257  0.002001087544986  0.069637103176208  0.000000000000000  0.000000000000000  0.027489033622576  0.003377098559796  0.020333466491280  0.007515058239569  0.055245470691479  0.003273387244797  0.004364402883095  0.000000000000000  0.003124844251300  0.988285651500733  0.003698100122018  0.007742418463001  1.000000000000000  0.000000000000000  0.185308376225354  0.814507563070215  0.016299821773904  0.489031736723670  0.447202450891303 
25.0    K  0.037655384843587  0.000000000000000  0.319746395319357  0.037136972033029  0.000000000000000  0.022127741222102  0.012551468699329  0.000000000000000  0.277200160900767  0.003993861447695  0.000000000000000  0.178376813214735  0.000000000000000  0.027204705103004  0.014843755982420  0.053623158151793  0.010679589468295  0.004723264358724  0.000000000000000  0.000000000000000  1.000000000000000  0.000000000000000  0.000000000000000  0.000000000000000  0.000000000000000  0.096521891636473  0.903752726751086  0.016390458243359  1.000000000000000  0.447202450891303 
26.0    L  0.000000000000000  0.000000000000000  0.000000000000000  0.005108091205222  0.008460742543171  0.000000000000000  0.000000000000000  0.530343870684108  0.000000000000000  0.237500095718722  0.016561762240583  0.000000000000000  0.000000000000000  0.000000000000000  0.000000000000000  0.000000000000000  0.012310216969521  0.189727406621757  0.000000000000000  0.000000000000000  0.997231251352069  0.000000000000000  0.003024683702552  0.000000000000000  0.000000000000000  0.000000000000000  1.000000000000000  0.016413196000168  1.000000000000000  0.452189688780544 
27.0    L  0.050485048600601  0.003955292216213  0.022655419263732  0.131123665946868  0.003649716198762  0.008974205898414  0.004262749519746  0.013611784252223  0.304813773519076  0.062760471452436  0.006367752596896  0.142003658098336  0.000000000000000  0.065926394816754  0.025207554975691  0.069012427947693  0.064614421015498  0.020531744174209  0.000000000000000  0.000000000000000  1.000000000000000  0.000000000000000  0.000000000000000  0.000000000000000  0.000000000000000  0.000000000000000  1.000000000000000  0.016401823181610  1.000000000000000  0.448444079831007 
28.0    T  0.282241101201533  0.000000000000000  0.031423768137452  0.024705909893873  0.002727887758725  0.016424576704495  0.005750886180344  0.000000000000000  0.287971910587339  0.008614602836476  0.000000000000000  0.044656066866909  0.000000000000000  0.038499939795180  0.024013674707625  0.095988141856381  0.132769898311922  0.004215735298845  0.000000000000000  0.000000000000000  0.995159721820083  0.000000000000000  0.005104551773020  0.000000000000000  0.000000000000000  0.000000000000000  1.000000000000000  0.016401823181610  1.000000000000000  0.448444079831007 
29.0    L  0.029299096764285  0.000000000000000  0.000000000000000  0.000000000000000  0.007223931860263  0.000000000000000  0.000000000000000  0.363493129330078  0.000000000000000  0.278355404557172  0.000000000000000  0.000000000000000  0.000000000000000  0.000000000000000  0.000000000000000  0.000000000000000  0.012603777487846  0.308854659281732  0.000000000000000  0.000000000000000  1.000000000000000  0.000000000000000  0.000000000000000  0.000000000000000  0.000000000000000  0.000000000000000  1.000000000000000  0.016550286479436  1.000000000000000  0.441351498145327 
30.0    T  0.018594245254792  0.024332021595677  0.000000000000000  0.000000000000000  0.021507743774855  0.000000000000000  0.000000000000000  0.178253214670518  0.000000000000000  0.570777353563387  0.004651784567832  0.000000000000000  0.002722221169311  0.000000000000000  0.009558500321343  0.007416735319926  0.074325444687670  0.087899574994570  0.000000000000000  0.000000000000000  0.978741650397436  0.014741222670240  0.006857982793824  0.532923368033971  0.466839972457657  0.000000000000000  1.000000000000000  0.016493026838093  0.485317234884773  0.441351498145327 
31.0    N  0.022467758325734  0.000000000000000  0.066430979647410  0.146299830184324  0.000000000000000  0.078617810739751  0.007164094087536  0.004370457425921  0.368056715542045  0.000000000000000  0.004571869693260  0.043374772469237  0.000000000000000  0.018148573936339  0.015581738302376  0.157781504014014  0.059829466137206  0.007274178279924  0.000000000000000  0.000000000000000  0.999307092990453  0.000000000000000  0.000756170925638  1.000000000000000  0.000000000000000  0.176654205485341  0.823591017267573  0.016909760070714  0.497579860910041  0.419284092220466 
32.0    A  0.574747424017338  0.005978503007120  0.010401965728409  0.011646174896867  0.011767894270577  0.010979833595365  0.010525262319263  0.000000000000000  0.017689045345479  0.004671171081157  0.000000000000000  0.006982696580912  0.003335225446841  0.000000000000000  0.004313276746731  0.276624338273068  0.040638754579640  0.009645020366356  0.000000000000000  0.000000000000000  0.997922718999051  0.001738429166509  0.000000000000000  0.066661611301985  0.933032991536807  0.000000000000000  1.000000000000000  0.016470178488918  0.500000000000000  0.431669779287206 
33.0    A  0.490729531926740  0.000000000000000  0.000000000000000  0.000000000000000  0.009322935492435  0.012132326171891  0.000000000000000  0.023584780758134  0.000000000000000  0.015625000000000  0.010322956294205  0.000000000000000  0.005051753640185  0.000000000000000  0.000000000000000  0.076415017355754  0.023980407750014  0.332862903309093  0.000000000000000  0.000000000000000  0.995849753094458  0.000000000000000  0.003971776067547  0.000000000000000  0.000000000000000  0.000000000000000  1.000000000000000  0.016470178488918  1.000000000000000  0.431669779287206 
34.0    N  0.013048248741068  0.003922529465777  0.024467321758017  0.010539863549529  0.000000000000000  0.720964435730112  0.007099829034754  0.000000000000000  0.034339194299277  0.000000000000000  0.000000000000000  0.127538082406057  0.000000000000000  0.002831927407967  0.005226279510883  0.049997508020797  0.000000000000000  0.000000000000000  0.000000000000000  0.000000000000000  0.997922718999051  0.000000000000000  0.002237339644492  0.000000000000000  0.000000000000000  0.000000000000000  1.000000000000000  0.016209686508838  1.000000000000000  0.428094142273228 
35.0    V  0.129049816935405  0.011296346051139  0.000000000000000  0.000000000000000  0.008961773626767  0.027167017502813  0.000000000000000  0.239816029831316  0.000000000000000  0.069108165832517  0.012673861805891  0.052848267961095  0.000000000000000  0.000000000000000  0.000000000000000  0.011501772360689  0.011086901220315  0.426317445883978  0.000000000000000  0.000000000000000  0.969289816935065  0.030606884299591  0.000000000000000  1.000000000000000  0.000000000000000  0.050695447223565  0.949342120950519  0.016187230680625  0.455966582759885  0.424842499569325 
36.0    P  0.022421086478230  0.007179006902180  0.156474557331749  0.407536166201313  0.000000000000000  0.018148573936339  0.011654250208527  0.000000000000000  0.073302184326992  0.003969023996069  0.000000000000000  0.107544078826430  0.027622735345740  0.037473122305972  0.004706923105448  0.049377581991461  0.070560275300383  0.000000000000000  0.000000000000000  0.002143226440584  0.984866442895551  0.007060568177743  0.008263679403269  1.000000000000000  0.000000000000000  0.048495678392179  0.951318276331799  0.016232173489026  0.489710148793463  0.428390977384285 
37.0    V  0.174827010342308  0.030798416779355  0.000000000000000  0.000000000000000  0.017615631439772  0.016131227116926  0.003680200288691  0.097937148368668  0.004352318948513  0.021732530807969  0.016379101179952  0.000000000000000  0.023115429832013  0.000000000000000  0.000000000000000  0.036854893508163  0.022143084320441  0.518350550509860  0.002300239823428  0.013773127467300  1.000000000000000  0.000000000000000  0.000000000000000  0.000000000000000  0.000000000000000  0.000000000000000  1.000000000000000  0.016653855251062  1.000000000000000  0.423372656181264 
38.0    E  0.026078415036107  0.004706923105448  0.356259403537196  0.450000964896756  0.000000000000000  0.005266280202098  0.016792955825867  0.000000000000000  0.003969023996069  0.005328702479997  0.000000000000000  0.040218413978165  0.016288527513143  0.011469926844016  0.026923317491001  0.022173802440631  0.004313276746731  0.010223266183242  0.000000000000000  0.000000000000000  1.000000000000000  0.000000000000000  0.000000000000000  0.000000000000000  0.000000000000000  0.000000000000000  1.000000000000000  0.016653855251062  1.000000000000000  0.423372656181264 
39.0    N  0.116306207212877  0.009705377201441  0.142991371650476  0.149063609041329  0.005266280202098  0.044194173824159  0.011017952816284  0.012985091587401  0.047169561516268  0.007619964543185  0.008437316873694  0.038419964601706  0.262793227271927  0.033423346496414  0.008110463051118  0.087474116599700  0.011541703621739  0.003614470422023  0.000000000000000  0.000000000000000  0.996540262827868  0.000000000000000  0.003124844251300  0.000000000000000  0.000000000000000  0.000000000000000  1.000000000000000  0.016653855251062  1.000000000000000  0.423372656181264 
40.0    I  0.106801217611217  0.002093307544016  0.109803808529795  0.170755032094299  0.165855642574645  0.020603025226443  0.008608633717786  0.076733480244691  0.026737344552581  0.004063672916102  0.000000000000000  0.000000000000000  0.000000000000000  0.007264101114165  0.000000000000000  0.062803988776487  0.056838015737546  0.045752677998301  0.000000000000000  0.135278080565714  0.994470168673214  0.005806964782934  0.000000000000000  1.000000000000000  0.000000000000000  0.070024325887136  0.929804942613162  0.016676958406874  0.494828328207603  0.417833479460927 
41.0    W  0.006293158523818  0.015549370653439  0.010768790257622  0.005062269396224  0.008986655416802  0.008309630256978  0.003440895992684  0.031818287492644  0.111800612722826  0.055822865772048  0.023421868777430  0.006992383366625  0.000000000000000  0.052483218309009  0.252088113723649  0.014023594541676  0.016042024151875  0.020165038913309  0.333324669272800  0.023503183615448  0.986232704493359  0.013602352551502  0.000000000000000  1.000000000000000  0.000000000000000  0.050555084272609  0.949342120950519  0.016653855251062  0.487002134271620  0.423372656181264 
42.0    A  0.153999759180720  0.006202218210404  0.000000000000000  0.002048807280420  0.007041019239147  0.006929658634001  0.000000000000000  0.107693269964002  0.000000000000000  0.208916739730463  0.014833470639852  0.009759344731667  0.306721244313451  0.002224967533637  0.002254463706088  0.013368672276291  0.022359008125358  0.135465745855598  0.000000000000000  0.000000000000000  1.000000000000000  0.000000000000000  0.000000000000000  0.000000000000000  0.000000000000000  0.000000000000000  1.000000000000000  0.017050998078983  1.000000000000000  0.413511684221633 
43.0    D  0.052048485680034  0.000000000000000  0.110644220572443  0.120574773073017  0.000000000000000  0.155070912214424  0.004364402883095  0.036146505747040  0.185179974752540  0.002925704950047  0.016322433794754  0.098618355106558  0.009868181733170  0.021094343517543  0.009188212892898  0.084202098554106  0.082583650353642  0.011117683290895  0.000000000000000  0.000000000000000  0.999307092990453  0.000499925244350  0.000000000000000  0.652025367629280  0.347720492927497  0.346277367027731  0.653835674268380  0.017039183322895  0.500000000000000  0.413511684221633 
44.0    I  0.141022767182064  0.000000000000000  0.010911551034902  0.009124745270415  0.023650262390150  0.003747125466114  0.009698652277548  0.067639040282857  0.155070912214424  0.392836258333790  0.010724097119179  0.014812921330135  0.000000000000000  0.013075410041928  0.013350152201402  0.038740865623093  0.034315400430845  0.049206748535575  0.003103259375375  0.008801712722635  0.995849753094458  0.000000000000000  0.003839142963067  0.000000000000000  0.000000000000000  0.168520966467132  0.831622098374906  0.016120049676584  1.000000000000000  0.442270217665770 
45.0    F  0.002964490728465  0.000000000000000  0.000000000000000  0.008537326086726  0.433168428200044  0.005429368046259  0.000000000000000  0.016827912128016  0.009999003233159  0.269246594048262  0.012630013575087  0.000000000000000  0.000000000000000  0.000000000000000  0.000000000000000  0.007515058239569  0.002638621258859  0.183773417048630  0.000000000000000  0.047136877396456  0.986232704493359  0.000000000000000  0.013965393161825  0.000000000000000  0.000000000000000  0.083968964107581  0.916368644675351  0.016097718025314  1.000000000000000  0.450000964896756 
46.0    A  0.364249778474503  0.009226505167418  0.000000000000000  0.032039601184019  0.048968574184334  0.010401965728409  0.000000000000000  0.154748786354681  0.011226095129250  0.094929480613408  0.018736561152986  0.000000000000000  0.008449021589716  0.006735496445450  0.000000000000000  0.034722147770472  0.006015915423719  0.199436309952258  0.000000000000000  0.000000000000000  0.981459063853479  0.000000000000000  0.018814646581741  0.000000000000000  0.000000000000000  0.445964259710046  0.554016173932463  0.016515906883772  1.000000000000000  0.436786447958347 
47.0    K  0.126657112519886  0.008549169541100  0.063769041203029  0.045060277233132  0.004671171081157  0.044439919080852  0.000000000000000  0.003627018954323  0.316878130508606  0.002538162231358  0.009067999331123  0.058760887656820  0.000000000000000  0.011890885787807  0.070854338298651  0.194251817196012  0.028775803037658  0.003760134543366  0.000000000000000  0.006345721846533  0.995849753094458  0.000000000000000  0.004236239878293  0.000000000000000  0.000000000000000  0.579547975952228  0.420156876116641  0.016758072137780  1.000000000000000  0.438910898804760 
48.0    A  0.382359069470692  0.016874633747389  0.014111351721122  0.204759174464957  0.058032303269171  0.006675076100701  0.000000000000000  0.025630403474898  0.033123524481165  0.051331918797004  0.018775563273857  0.022813000166477  0.000000000000000  0.033866436463899  0.002609519684356  0.063372467486877  0.022797192878753  0.035402621415494  0.000000000000000  0.007421877991210  1.000000000000000  0.000000000000000  0.000000000000000  0.000000000000000  0.000000000000000  0.756808396484790  0.243332343539560  0.016470178488918  1.000000000000000  0.464258426153364 
49.0    L  0.012508043916505  0.012630013575087  0.000000000000000  0.000000000000000  0.050101583087462  0.000000000000000  0.000000000000000  0.020137103601328  0.008367428306183  0.706127202192377  0.070707153927869  0.000000000000000  0.004638904945599  0.009232902710425  0.000000000000000  0.002480763637771  0.006271385849343  0.088510964888409  0.000000000000000  0.008229383093397  0.977385766410805  0.022390025787080  0.000000000000000  0.595841287287023  0.404160434402784  0.000000000000000  1.000000000000000  0.016142412307565  0.464902471306581  0.493116352246680 
50.0    D  0.205470046823713  0.002015006209573  0.069108165832517  0.284007316196672  0.000000000000000  0.007905103133023  0.007499447351866  0.002001087544986  0.179866697501352  0.009691932013401  0.000000000000000  0.062154385542076  0.006679704514781  0.040079268836320  0.006241030597259  0.095988141856381  0.016515906883772  0.002645947221651  0.000000000000000  0.002152158429447  1.000000000000000  0.000000000000000  0.000000000000000  0.000000000000000  0.000000000000000  0.000000000000000  1.000000000000000  0.016075417310837  1.000000000000000  0.493116352246680 
51.0    G  0.100760353936621  0.000000000000000  0.053921334033916  0.042071877164899  0.000000000000000  0.401646998378517  0.011109979770213  0.027393928791126  0.122003970097028  0.000000000000000  0.029238234307231  0.106431713468618  0.012031830847439  0.009499056899868  0.006074578405332  0.034172983046395  0.031906628928350  0.011662331119507  0.000000000000000  0.000000000000000  0.993781093322555  0.005182988830458  0.000953156016383  0.646176415318746  0.353798540081664  0.233419986228828  0.766309980103892  0.003624505767466  0.489031736723670  0.493116352246680 
52.0    Q  0.033100572958871  0.005020337255740  0.021898866391887  0.108217070689957  0.007662335968661  0.018594245254792  0.015124172295215  0.066155274679696  0.384485207817567  0.030416542942445  0.006528648116577  0.010145614083827  0.015777364024948  0.042600081477578  0.019736363466341  0.017701310707747  0.021463066147338  0.170518479359919  0.000000000000000  0.004795842515293  0.996540262827868  0.003419497381618  0.000228899193471  0.257385020858499  0.742776460330414  0.000000000000000  1.000000000000000  0.003632050557083  0.494828328207603  0.492774668469685 
53.0    N  0.034939432842683  0.007294374569651  0.260255399421028  0.048630323534714  0.000000000000000  0.036171569280941  0.000000000000000  0.016481598704188  0.088021514182005  0.014812921330135  0.009868181733170  0.242995246995338  0.026571067502006  0.012931200251222  0.011857962913860  0.096991356784357  0.049275010878517  0.027872766231878  0.000000000000000  0.015009294749273  1.000000000000000  0.000000000000000  0.000000000000000  0.000000000000000  0.000000000000000  0.094208431847399  0.905633983017823  0.003662387095536  1.000000000000000  0.484644908467533 
54.0    L  0.040526236082844  0.006915263785778  0.000000000000000  0.000000000000000  0.036880448229256  0.026387527731993  0.000000000000000  0.390393246303696  0.027204705103004  0.164595865257405  0.023732370153352  0.000000000000000  0.013583508751407  0.000000000000000  0.018893057434896  0.009258537272981  0.029728696135369  0.195602945434128  0.000000000000000  0.016379101179952  0.997922718999051  0.001757816269128  0.000000000000000  1.000000000000000  0.000000000000000  0.354780839050096  0.645281245225889  0.003632050557083  0.500000000000000  0.486327473706143 
55.0    K  0.071297732241776  0.010517969291225  0.092525831125003  0.158109942794242  0.011048543456040  0.141414307855738  0.052012420919470  0.004590923157890  0.241484082231211  0.007473501235093  0.008350046806336  0.031730190652170  0.008437316873694  0.015335297872711  0.039145763707004  0.069733707645310  0.025102937398657  0.006506060710004  0.005226279510883  0.000000000000000  1.000000000000000  0.000000000000000  0.000000000000000  0.000000000000000  0.000000000000000  0.217185546287656  0.782954296256543  0.003601965304346  1.000000000000000  0.492433221447775 
56.0    D  0.070413701781080  0.000000000000000  0.190518103792471  0.369590607818461  0.000000000000000  0.015668381810954  0.000000000000000  0.006425391161816  0.062543336716411  0.018287478773040  0.000000000000000  0.048093975630027  0.010481579881893  0.022020636799094  0.008484233252518  0.151879598988127  0.018389167769043  0.000000000000000  0.000000000000000  0.007149212250999  1.000000000000000  0.000000000000000  0.000000000000000  0.000000000000000  0.000000000000000  0.000000000000000  1.000000000000000  0.003601965304346  1.000000000000000  0.494485458190466 
57.0    L  0.096455010941183  0.015755507107728  0.000000000000000  0.018287478773040  0.070024325887136  0.000000000000000  0.012709049970814  0.056602123938614  0.006403160997168  0.419865746472070  0.040864729641774  0.008572905762338  0.021152910610195  0.000000000000000  0.035946621667206  0.000000000000000  0.012744335833422  0.110490941382959  0.008093615340313  0.066109435226152  0.980099415341871  0.014874654820274  0.004792519442398  0.135747732040287  0.864537231307865  0.000000000000000  1.000000000000000  0.003601965304346  0.482633512435878  0.494485458190466 
58.0    L  0.029956232452906  0.018762553554456  0.000000000000000  0.027814866664141  0.022971677131079  0.000000000000000  0.000000000000000  0.433769343576034  0.000000000000000  0.305025127568056  0.041723384477997  0.014936645587402  0.012931200251222  0.000000000000000  0.000000000000000  0.007790869151188  0.011272880366106  0.073251392729657  0.000000000000000  0.000000000000000  0.844986384412514  0.140145759753564  0.015113692650218  0.161320311306472  0.838568184440931  0.000000000000000  1.000000000000000  0.003611965930132  0.265539796623843  0.481630947010074 
59.0    V  0.267572174606656  0.097463105326415  0.012098734810207  0.086990399489444  0.020934118787935  0.025137761591935  0.013012121420009  0.023814762974059  0.079439480581604  0.040498155169792  0.020333466491280  0.025988190574216  0.022173802440631  0.040526236082844  0.000000000000000  0.100551046367739  0.072947381363654  0.015495573917786  0.022421086478230  0.012621262150150  0.922742492653798  0.074222479129588  0.003092522913560  0.143487801731875  0.856781954768570  0.350139080221801  0.649769531227720  0.003670010739117  0.323985241358333  0.427501088945986 
60.0    N  0.097193254485320  0.007089993400915  0.086629367853151  0.054939972556987  0.008734858210671  0.019518689463334  0.014268722656437  0.014219356626264  0.057273040292209  0.010488847677971  0.000000000000000  0.287373712008669  0.000000000000000  0.030143693268254  0.018906157644051  0.235532818476202  0.049514675682811  0.000000000000000  0.000000000000000  0.008149910886952  0.943438250895360  0.053586002289636  0.002857560977938  0.240982451935161  0.758909626487027  0.267757705797864  0.732042847972813  0.003879267560301  0.378666578969244  0.431669779287206 
61.0    F  0.115984184558910  0.008832270055661  0.006215128779335  0.000000000000000  0.038446604523473  0.054296386571914  0.000000000000000  0.085495956493906  0.008519591661447  0.086629367853151  0.056484545421943  0.000000000000000  0.211100221855945  0.000000000000000  0.006619784648017  0.025085543397374  0.036752851571593  0.259354984141403  0.000000000000000  0.000000000000000  0.950659101229818  0.029564301460175  0.019640833976904  0.469435873657726  0.530711604474897  0.263522855822684  0.736623842908240  0.004097614560840  0.461051558956316  0.446582926176380 
62.0    S  0.143985955293670  0.000000000000000  0.023260082111977  0.047662551664259  0.000000000000000  0.296684199414133  0.012464769372016  0.000000000000000  0.020067434515460  0.013111713079790  0.000000000000000  0.020746330599726  0.178253214670518  0.012508043916505  0.013668511951653  0.180241108932528  0.013285533751003  0.024231037698344  0.000000000000000  0.000000000000000  0.968618189226628  0.011430243911753  0.020277168233425  0.646176415318746  0.353798540081664  0.275476278969153  0.724471077277439  0.004413075056915  0.479964630519454  0.421615555125056 
63.0    A  0.343409058357406  0.020081349022959  0.002783276590134  0.000000000000000  0.011541703621739  0.061171353149840  0.000000000000000  0.014498023069864  0.067405026980903  0.039064446955788  0.006900898839699  0.012208248127692  0.032690154368517  0.000000000000000  0.013039207518053  0.277584708407160  0.039500096826650  0.058233776831548  0.000000000000000  0.000000000000000  0.937571096457110  0.036423162441705  0.026168952734638  0.387159513926610  0.612592665952338  0.565265283562296  0.434672280045011  0.028359973603661  0.431669779287206  0.414372452243996 
64.0    G  0.112969090843886  0.010223266183242  0.005715121955876  0.002179178363916  0.151144459479170  0.534773543942622  0.000000000000000  0.005262631159632  0.005336094752947  0.006385432253815  0.000000000000000  0.002131374759873  0.008321157839011  0.003280201144313  0.024723040662045  0.056094378166704  0.012123919598045  0.026060345119530  0.000000000000000  0.033377044001495  0.662962880149329  0.226879788829290  0.109956134490304  0.741747466920561  0.258457684061991  0.257920794825340  0.741747466920561  0.029749309640548  0.220370039476793  0.421615555125056 
65.0    A  0.217486838177163  0.009538644630228  0.004140440560146  0.004726539411013  0.000000000000000  0.581560020773925  0.000000000000000  0.006721504926652  0.000000000000000  0.002777494942553  0.000000000000000  0.012850782323632  0.060203868376259  0.005900283537355  0.010103507280371  0.046423528770651  0.002003863565112  0.035648866120888  0.000000000000000  0.000000000000000  0.798298386356650  0.100064351332038  0.101813445383777  0.485317234884773  0.514770041716999  0.783497186949341  0.216284172646247  0.033353916813749  0.358240412593275  0.304180589658517 
66.0    A  0.386623168727659  0.008309630256978  0.000000000000000  0.014043048853297  0.000000000000000  0.265539796623843  0.000000000000000  0.002931795112333  0.000000000000000  0.013433695097547  0.000000000000000  0.003906250000000  0.126569350918812  0.006651982091789  0.019170077769591  0.050800975124020  0.009752582413294  0.092205716067677  0.000000000000000  0.000000000000000  0.929160674250913  0.028261855548784  0.042807280623924  0.550952557938305  0.449066186441967  0.588861394797491  0.411225034356232  0.030777076340486  0.462011286223412  0.323312232971872 
67.0    A  0.558643569036110  0.003467231786209  0.000000000000000  0.004069310269563  0.000000000000000  0.141316320890574  0.000000000000000  0.011719054603795  0.019249969897590  0.002518883302062  0.000000000000000  0.008906041192918  0.014905617977306  0.011056204377552  0.025862400502444  0.039500096826650  0.040218413978165  0.118585539392557  0.000000000000000  0.000000000000000  0.933679944915313  0.022892201165802  0.043434944370073  0.334018519597525  0.666187412546011  0.415522930796824  0.584388624280623  0.029197729590099  0.444113397921202  0.369590607818461 
68.0    P  0.362486708219713  0.008149910886952  0.000000000000000  0.003101109105202  0.000000000000000  0.124481219136807  0.005433132701992  0.006948898387015  0.000000000000000  0.011509747545441  0.008680536942618  0.002077407564245  0.314253343630457  0.000000000000000  0.000000000000000  0.043797732783773  0.018853811245637  0.090245574720156  0.000000000000000  0.000000000000000  0.689202576487815  0.032240099353167  0.278355404557172  0.622005826649234  0.378141999320990  0.093363341069521  0.906890328933143  0.029769937438873  0.447512535463986  0.362989569975974 
69.0    A  0.639936206922154  0.000000000000000  0.002051649500021  0.000000000000000  0.000000000000000  0.081672828368323  0.000000000000000  0.007447644885064  0.000000000000000  0.006053561960619  0.000000000000000  0.003323686443385  0.061639544030835  0.000000000000000  0.018504243935213  0.069300040225192  0.039609766313576  0.070316155293051  0.000000000000000  0.000000000000000  0.704172113456040  0.281264621172202  0.014417851447716  0.936272247434492  0.064034801439550  0.806082831492968  0.194117218750260  0.039719740290802  0.237664775307455  0.174827010342308 
70.0    G  0.607518395952508  0.000000000000000  0.008240799352094  0.000000000000000  0.000000000000000  0.099718154976129  0.005516618767128  0.011841535675862  0.000000000000000  0.013368672276291  0.005486112795852  0.005208197957387  0.074583483939483  0.011727180449331  0.000000000000000  0.058924033494890  0.040134869030920  0.057911753868148  0.000000000000000  0.000000000000000  0.948026965128645  0.026314467300263  0.025541729015259  0.239152039522969  0.761016690419679  0.228299562502998  0.771640087529467  0.028557232819669  0.458819941155683  0.379981214100379 
71.0    V  0.361984543094890  0.005790886757042  0.009348820025240  0.005843303743603  0.000000000000000  0.225938181687771  0.000000000000000  0.004177918312052  0.023067412588794  0.003259801879513  0.000000000000000  0.006853230849475  0.174222154835934  0.003255285965466  0.008949358577967  0.083504629899381  0.043949787497285  0.039857637239955  0.000000000000000  0.000000000000000  0.901250462610830  0.025737219289612  0.072745408400134  0.446892581178393  0.553248676546136  0.306721244313451  0.693515484565693  0.028458432299749  0.455019412040450  0.369846877312209 
72.0    A  0.545253866332629  0.000000000000000  0.011735311929226  0.009820416988452  0.000000000000000  0.128603338486697  0.000000000000000  0.000000000000000  0.004292399287410  0.000000000000000  0.000000000000000  0.013536513381251  0.079660039207454  0.005758864130043  0.021079727099058  0.098277161517541  0.027035521580781  0.052446852319159  0.000000000000000  0.002593291324966  0.686342215627455  0.006564951189323  0.307146745111412  0.793333843191143  0.206755842110816  0.467811748915700  0.532185091226680  0.029708096913432  0.489710148793463  0.314689293376214 
73.0    G  0.547526235396787  0.000000000000000  0.014669871051804  0.011800567074710  0.000000000000000  0.123621364547616  0.000000000000000  0.002746861718580  0.012098734810207  0.022498926851792  0.007839623035230  0.016401823181610  0.056877426505056  0.009618315729257  0.000000000000000  0.090308149870220  0.045091521464426  0.038983299122314  0.000000000000000  0.000000000000000  0.967947026893737  0.013754047086924  0.018236845340914  0.516557193842066  0.483638164806966  0.715984370600572  0.284007316196672  0.038983299122314  0.480630464194381  0.163685677885446 
74.0    G  0.312949114663499  0.000000000000000  0.015920174947136  0.040107059298841  0.000000000000000  0.150935073935812  0.000000000000000  0.012132326171891  0.005343497280869  0.037395280100960  0.000000000000000  0.000000000000000  0.274713554394220  0.007790869151188  0.002073092204980  0.080102995260012  0.041263213781719  0.019156794688331  0.000000000000000  0.000000000000000  0.860949188338904  0.114466710802266  0.024671683959392  0.615999036722878  0.383952567425525  0.151774360549381  0.848507901705896  0.030374405874417  0.357000994921266  0.341036958719839 
75.0    V  0.545253866332629  0.003606962151287  0.015050967094065  0.028261855548784  0.000000000000000  0.139660892259028  0.000000000000000  0.000000000000000  0.020703234641331  0.000000000000000  0.004060857168653  0.000000000000000  0.043706752585577  0.004134704667481  0.026886019706607  0.085852264589351  0.051438771579919  0.031163476604752  0.000000000000000  0.000000000000000  0.965267024871757  0.008662505028149  0.026314467300263  0.491751037013124  0.508035071496851  0.259714775824416  0.740206649000025  0.030332327180298  0.485317234884773  0.334713814244611 
76.0    A  0.459775023075829  0.000000000000000  0.050275523183870  0.010033717257730  0.000000000000000  0.255607132652481  0.000000000000000  0.000000000000000  0.008789519411631  0.020137103601328  0.002812365856474  0.002503218601875  0.035921714001084  0.013649576498698  0.037551126547714  0.032396909406866  0.058112808913323  0.012516716837338  0.000000000000000  0.000000000000000  0.873572895916694  0.076999879590360  0.049206748535575  0.645281245225889  0.354780839050096  0.035747842912619  0.963929807740643  0.030585676574920  0.383686524000222  0.344362511595784 
77.0    G  0.358737383651676  0.000000000000000  0.022908074331081  0.029543816148461  0.000000000000000  0.339386244970002  0.002515393807636  0.012499377005199  0.003685305667560  0.018236845340914  0.003642134712644  0.004775938584735  0.040442051702589  0.010301512613222  0.000000000000000  0.087656203165150  0.038393343138927  0.007688937672139  0.019681718436678  0.000000000000000  0.811127155577043  0.081277509159280  0.107544078826430  0.690637224071928  0.309068815230238  0.359235044136016  0.640823962080096  0.031380235726218  0.355026839635857  0.298127218082658 
78.0    G  0.350867931509769  0.000000000000000  0.038473262917029  0.030670595745421  0.000000000000000  0.228141372135863  0.000000000000000  0.000000000000000  0.014761672515581  0.009875024206663  0.000000000000000  0.002106407093153  0.163912751776956  0.022297101651842  0.019901210551977  0.049514675682811  0.054901904264898  0.014578640492763  0.000000000000000  0.000000000000000  0.908148417721510  0.087231922757635  0.004822510183178  0.251215955105946  0.748461493396346  0.373971439590597  0.625898229326997  0.031120304784202  0.376833727389595  0.258457684061991 
79.0    E  0.538493188096524  0.019763742849280  0.047464740306704  0.030755750688556  0.000000000000000  0.135653671485226  0.000000000000000  0.000000000000000  0.037603219562484  0.000000000000000  0.000000000000000  0.015250496262129  0.070170088879601  0.015909143746322  0.000000000000000  0.030713143704539  0.046681670534761  0.011581773514085  0.000000000000000  0.000000000000000  0.752623373705534  0.205043227799182  0.042541066140609  0.469110598250336  0.531079593247686  0.381829374490175  0.618137630460476  0.030649343874642  0.246216610723888  0.323985241358333 
80.0    A  0.382094130191292  0.019654452684938  0.036829356494115  0.063197005053207  0.004852688600720  0.084611642440779  0.003741934446182  0.000000000000000  0.026460791011329  0.007551610133320  0.000000000000000  0.003496191683312  0.237006741282161  0.001899716694165  0.002582528525669  0.074790560201920  0.037786114869793  0.013527133836245  0.000000000000000  0.000000000000000  0.812252396356236  0.125869443757090  0.061767853218796  0.290780010386963  0.709070017839729  0.437089310205187  0.562919293068381  0.030479858172739  0.331481440074665  0.338681244371342 
81.0    G  0.501388217950539  0.000000000000000  0.032758202359904  0.092911436526938  0.000000000000000  0.071893243334413  0.000000000000000  0.000000000000000  0.042276507220321  0.000000000000000  0.000000000000000  0.014508075817293  0.079109787123142  0.048968574184334  0.019915009801863  0.033562639738129  0.045943354262158  0.016676958406874  0.000000000000000  0.000000000000000  0.768437590644006  0.190782401120070  0.040723348417603  0.581560020773925  0.418413121341696  0.290175978595930  0.710053679271714  0.029769937438873  0.290377182981431  0.328280281356038 
82.0    E  0.423372656181264  0.019998006466317  0.018866884241977  0.246046005508450  0.000000000000000  0.043495199744722  0.000000000000000  0.011319860582460  0.070316155293051  0.000000000000000  0.000000000000000  0.000000000000000  0.066017851584491  0.026589491547079  0.000000000000000  0.018198962288570  0.031120304784202  0.024671683959392  0.000000000000000  0.000000000000000  0.881480157907170  0.085082132281217  0.033679160782615  0.831622098374906  0.168404197108211  0.434973676354325  0.565265283562296  0.031950891581560  0.393926943024673  0.305872010282967 
83.0    A  0.310787417225985  0.000000000000000  0.031445556984306  0.316000774613202  0.000000000000000  0.041492661199451  0.016322433794754  0.000000000000000  0.075206439124969  0.000000000000000  0.000000000000000  0.000000000000000  0.120574773073017  0.006670450893682  0.000000000000000  0.022718320583130  0.017277041458129  0.041694474052430  0.000000000000000  0.000000000000000  0.956608158091874  0.034578042284134  0.008484233252518  0.153573372555706  0.846158596600290  0.804966137621122  0.195331970043079  0.031423768137452  0.423959982316574  0.326691313473293 
84.0    E  0.267572174606656  0.000000000000000  0.009143739386520  0.166431451654546  0.000000000000000  0.009156424091207  0.000000000000000  0.009271381231692  0.259354984141403  0.000000000000000  0.000000000000000  0.000000000000000  0.084553014440642  0.029076551803219  0.025988190574216  0.030227385300435  0.028875705388963  0.080214118597682  0.000000000000000  0.000000000000000  0.956608158091874  0.027204705103004  0.016086563803656  0.533292890415882  0.466516495768404  0.764718138941384  0.235369616135302  0.028915763376183  0.452189688780544  0.443190849597434 
85.0    A  0.259534817635764  0.000000000000000  0.017445515030978  0.206183387152520  0.000000000000000  0.004597291942261  0.000000000000000  0.000000000000000  0.345318612035964  0.015909143746322  0.000000000000000  0.003460029371494  0.041984482053791  0.000000000000000  0.031271668358206  0.011549706494327  0.014538275901610  0.048194088293998  0.000000000000000  0.000000000000000  0.951977908497532  0.001808488325249  0.046230859664026  0.614293490222825  0.385820043764734  0.596254436165316  0.403600537252382  0.028320685570854  0.499307333050514  0.463294030945185 
86.0    E  0.140827403562160  0.000000000000000  0.014170161389580  0.357496246590423  0.000000000000000  0.005493723437161  0.000000000000000  0.000000000000000  0.242995246995338  0.025382887386132  0.005640348420010  0.000000000000000  0.054711958105891  0.002548740132205  0.018389167769043  0.020631606890859  0.007416735319926  0.104096971360069  0.000000000000000  0.000000000000000  0.961260928388761  0.023486898094774  0.015124172295215  0.488692883205403  0.511214265304961  0.868742185150623  0.131032809439616  0.029728696135369  0.459456441739525  0.421615555125056 
87.0    K  0.157126671815229  0.000000000000000  0.038234001285371  0.462011286223412  0.000000000000000  0.013039207518053  0.000000000000000  0.000000000000000  0.149581120403839  0.000000000000000  0.000000000000000  0.000000000000000  0.045879707376066  0.019464647118273  0.019143520811011  0.039996012932635  0.008838394240984  0.046520164223954  0.000000000000000  0.000000000000000  0.979420297586927  0.010467059393968  0.010124538792448  1.000000000000000  0.000000000000000  0.544498507668053  0.455334916795989  0.028340322779161  0.487339815445774  0.456282744271726 
88.0    E  0.221441879775590  0.000000000000000  0.001869670816788  0.256494536334285  0.000000000000000  0.025016087833009  0.000000000000000  0.000000000000000  0.340328529124868  0.000000000000000  0.000000000000000  0.022987605403996  0.049997508020797  0.002724108723341  0.035673584597712  0.011117683290895  0.015113692650218  0.017229205672952  0.000000000000000  0.000000000000000  0.958599438492977  0.020319377289820  0.020963159763785  0.229887511537915  0.770037174236072  0.390934821564297  0.608783009331493  0.028320685570854  0.461051558956316  0.462652214018926 
89.0    E  0.093947592379098  0.000000000000000  0.014731008373722  0.163799175482295  0.000000000000000  0.010322956294205  0.000000000000000  0.000000000000000  0.546388869550476  0.014052786127309  0.001992782537595  0.004552895305213  0.046811279200756  0.004606861688520  0.058557590429527  0.003887342663360  0.013611784252223  0.022592692102277  0.000000000000000  0.000000000000000  0.963261894020148  0.035206850890540  0.001706197062337  0.869344560090022  0.130760617474066  0.375269774378593  0.624598062826688  0.028203147733201  0.453445164466571  0.437392382452911 
90.0    E  0.063724855187387  0.000000000000000  0.043706752585577  0.371903440608626  0.000000000000000  0.001987265023638  0.000000000000000  0.000000000000000  0.297714212341242  0.018529914053296  0.006555856539895  0.011469926844016  0.030543305200338  0.006465600125611  0.025435724533451  0.044194173824159  0.003445669395301  0.074171049853533  0.000000000000000  0.000000000000000  0.957271458195298  0.018762553554456  0.024030325488598  0.754712984260280  0.245364765963370  0.541487522762962  0.458502021602336  0.027911432886024  0.474342157570227  0.458502021602336 
91.0    E  0.058598193528569  0.004903406215948  0.027167017502813  0.658383461029622  0.000000000000000  0.000000000000000  0.003637089139962  0.003662387095536  0.079164640857701  0.000000000000000  0.000000000000000  0.000000000000000  0.052958277184132  0.012456132445946  0.029831906691866  0.027035521580781  0.004018854327709  0.038393343138927  0.000000000000000  0.000000000000000  0.944092419150250  0.027814866664141  0.027911432886024  0.278355404557172  0.721464343430814  0.151984910397887  0.847919964633148  0.028222703442244  0.434371092575312  0.433769343576034 
92.0    A  0.041636713284126  0.000000000000000  0.024113752735296  0.505926600513464  0.003363082766949  0.007790869151188  0.003381783459061  0.019024469041609  0.102237757319723  0.003749723675933  0.000000000000000  0.030628106729433  0.100620767202640  0.013536513381251  0.054863862350595  0.067218399403586  0.000000000000000  0.021823102069803  0.000000000000000  0.000000000000000  0.980779003988551  0.014308338850283  0.004584563196412  0.607097442197523  0.392836258333790  0.779164579660500  0.220675749072664  0.028517671516983  0.444729496768949  0.397217200048052 
93.0    K  0.029197729590099  0.000000000000000  0.015733680469636  0.403041415746484  0.003175060945251  0.015388538170243  0.000000000000000  0.005237158560861  0.176899270040832  0.008807815719886  0.000000000000000  0.012006837353813  0.085082132281217  0.007324774191071  0.013148116910709  0.213158722941989  0.000000000000000  0.007910584432426  0.000000000000000  0.003828513341179  0.986232704493359  0.000977239636194  0.012647534633553  1.000000000000000  0.000000000000000  0.301870147871624  0.698339266233699  0.027622735345740  0.500000000000000  0.469110598250336 
94.0    E  0.014298424501999  0.000000000000000  0.063109456099793  0.712518807074392  0.000000000000000  0.006066163085946  0.000000000000000  0.000000000000000  0.056445406884489  0.000000000000000  0.000000000000000  0.006470083291676  0.031467360939272  0.003596975379707  0.067732872927799  0.025701564647265  0.000000000000000  0.012534080724258  0.000000000000000  0.000000000000000  0.977385766410805  0.001889211581277  0.020746330599726  1.000000000000000  0.000000000000000  0.522680050102582  0.477310507069858  0.027853452996780  0.498961359499525  0.460093825312437 
95.0    E  0.015953314464175  0.008906041192918  0.057392260143808  0.713012858682070  0.000000000000000  0.032644867589507  0.002397921257647  0.000000000000000  0.014091802787223  0.000000000000000  0.000000000000000  0.002020600745154  0.011686607487206  0.007823337935245  0.019290040732712  0.080716084393896  0.024013674707625  0.009888723390393  0.000000000000000  0.000000000000000  0.905633983017823  0.003700664338278  0.090558884659680  0.222210670291643  0.778085176555419  0.345318612035964  0.654742711541783  0.027892092858531  0.494828328207603  0.451250363731215 
96.0    S  0.036271997324491  0.000000000000000  0.033307710502123  0.274523203446762  0.004829200237972  0.027622735345740  0.000000000000000  0.002182201441547  0.006354524985407  0.002833891030926  0.010926688146394  0.000000000000000  0.048799155787962  0.000000000000000  0.017530366883289  0.502780290199234  0.012850782323632  0.014072280935124  0.000000000000000  0.005136495157051  0.982820598545251  0.009745824780578  0.007504647374637  0.947370070599268  0.052921582022658  0.911933165519769  0.087838668762920  0.028795755818709  0.484644908467533  0.344362511595784 
97.0    D  0.017157700215423  0.000000000000000  0.572362080299342  0.278741554681924  0.000000000000000  0.005831165559754  0.000000000000000  0.018749552849581  0.005399344556752  0.000000000000000  0.008801712722635  0.015909143746322  0.027450952132449  0.000000000000000  0.005770851810869  0.023131457781251  0.007588339808919  0.011461979251307  0.000000000000000  0.001714495698456  0.986916545885842  0.001059059969573  0.012233660879008  0.500000000000000  0.500000000000000  0.405001736816023  0.595015848153338  0.028320685570854  0.499653546495226  0.475000191437443 
98.0    D  0.037008487870426  0.000000000000000  0.542238704421532  0.213898756420651  0.000000000000000  0.050415109951383  0.000000000000000  0.024365776331604  0.005299235654092  0.026332713421973  0.018350968300213  0.004301334367570  0.000000000000000  0.000000000000000  0.017050998078983  0.006820059305733  0.021329589341956  0.013649576498698  0.016665402825496  0.002273294012504  0.945402116750744  0.050695447223565  0.003708367659963  0.653382626946587  0.346517471412604  0.228933421604532  0.771105412703970  0.027950153180706  0.417543959714185  0.464258426153364 
99.0    D  0.019572881853502  0.000000000000000  0.739181215636921  0.056680645558321  0.000000000000000  0.040779842115280  0.000000000000000  0.002983041988204  0.005675644724888  0.000000000000000  0.013499034178129  0.019559319666469  0.016851256745226  0.005463344073197  0.024603374267788  0.018363692631559  0.036600318163088  0.000000000000000  0.000000000000000  0.000000000000000  0.989656656415207  0.010459806695144  0.000000000000000  0.686818116714811  0.313166109656032  0.299369676154732  0.700763724540373  0.028636520146105  0.487677730763821  0.447202450891303 
100.0    M  0.007551610133320  0.000000000000000  0.003741934446182  0.024705909893873  0.052301640167712  0.037655384843587  0.018198962288570  0.054033576956742  0.007641120886307  0.100970097201201  0.575943821174679  0.000000000000000  0.008967987608242  0.000000000000000  0.006254021958252  0.022390025787080  0.010089510549237  0.019357010902874  0.037136972033029  0.013111713079790  0.976708528962227  0.007877753553864  0.015549370653439  0.746906728556171  0.253138701837623  0.797745239809033  0.202500868408011  0.028755864082027  0.482633512435878  0.463294030945185 
101.0    G  0.047861187409199  0.000000000000000  0.054258764225065  0.007965606898423  0.005421846558655  0.791685865871272  0.000000000000000  0.006015915423719  0.000000000000000  0.005410583859808  0.011621982519020  0.008161216897377  0.004903406215948  0.000000000000000  0.007468322793701  0.006024261036750  0.000000000000000  0.035158077646525  0.007976657232087  0.000000000000000  0.951318276331799  0.018620040227719  0.030101934188130  0.539988279916441  0.460093825312437  0.202922395244320  0.797192476540536  0.028716027608720  0.475329550614909  0.468460723436213 
102.0    F  0.014358013804360  0.009745824780578  0.013129902378645  0.000000000000000  0.709070017839729  0.036752851571593  0.000000000000000  0.008026573745148  0.000000000000000  0.059251685320540  0.080102995260012  0.000000000000000  0.000000000000000  0.000000000000000  0.016781319869064  0.007905103133023  0.006716847548773  0.038022573707315  0.000000000000000  0.000000000000000  0.951977908497532  0.044470733163581  0.003624505767466  0.441657525740733  0.558256480991286  0.860352630611440  0.139564120247822  0.029076551803219  0.437089310205187  0.425137080032098 
103.0    G  0.038419964601706  0.004052421627209  0.086509357253217  0.000000000000000  0.006944083446614  0.610896550836750  0.000000000000000  0.004002175089972  0.005589752031340  0.036880448229256  0.000000000000000  0.006872258405644  0.006108356586942  0.000000000000000  0.013322420183874  0.146299830184324  0.021552514403548  0.007089993400915  0.005597506446770  0.000000000000000  0.917639882311365  0.082126976696836  0.000000000000000  0.941478464541206  0.058842404033825  0.631563630922900  0.368311921454120  0.029749309640548  0.383952567425525  0.477641468191219 
104.0    L  0.000000000000000  0.018945512797840  0.002677310165976  0.000000000000000  0.021898866391887  0.007866840234818  0.003591992367780  0.021612353578296  0.000000000000000  0.744838731561351  0.078291527414008  0.005044755274618  0.015166163590149  0.000000000000000  0.004852688600720  0.004815829396343  0.022035905632569  0.034602018265134  0.013677989526473  0.000000000000000  0.985549336939371  0.014487977288054  0.000000000000000  0.595428424682484  0.404440674180870  1.000000000000000  0.000000000000000  0.028656376350146  0.481964903870322  0.493458272942921 
105.0    F  0.000000000000000  0.026332713421973  0.000000000000000  0.000000000000000  0.875391329694264  0.000000000000000  0.000000000000000  0.015463385256488  0.000000000000000  0.028996046139728  0.000000000000000  0.022005378545501  0.000000000000000  0.000000000000000  0.000000000000000  0.022467758325734  0.000000000000000  0.003574606125500  0.005762857254230  0.000000000000000  0.964598184584138  0.035648866120888  0.000000000000000  0.345797657252741  0.654289035727505  0.000000000000000  0.000000000000000  0.028596849003998  0.453445164466571  1.000000000000000 
106.0    D  0.000000000000000  0.000000000000000  0.701249625321201  0.026424133980547  0.011654250208527  0.127538082406057  0.022189177477241  0.000000000000000  0.000000000000000  0.002518883302062  0.000000000000000  0.005558841645448  0.004157696025208  0.000000000000000  0.015377875344278  0.048832992510770  0.028517671516983  0.000000000000000  0.005953690743515  0.000000000000000  1.000000000000000  0.000000000000000  0.000000000000000  1.000000000000000  0.000000000000000  0.000000000000000  0.000000000000000  0.029197729590099  1.000000000000000  1.000000000000000 
