No:  residues  hmm_col_1  hmm_col_2  hmm_col_3  hmm_col_4  hmm_col_5  hmm_col_6  hmm_col_7  hmm_col_8  hmm_col_9  hmm_col_10  hmm_col_11  hmm_col_12  hmm_col_13  hmm_col_14  hmm_col_15  hmm_col_16  hmm_col_17  hmm_col_18  hmm_col_19  hmm_col_20  hmm_col_21   hmm_col_22   hmm_col_23   hmm_col_24   hmm_col_25   hmm_col_26   hmm_col_27   hmm_col_28   hmm_col_29   hmm_col_30   
1.0    M  0.000000000000000  0.000000000000000  0.000000000000000  0.000000000000000  0.000000000000000  0.000000000000000  0.000000000000000  0.115262889739079  0.000000000000000  0.000000000000000  0.803293996757034  0.000000000000000  0.000000000000000  0.000000000000000  0.000000000000000  0.000000000000000  0.081503170953660  0.000000000000000  0.000000000000000  0.000000000000000  1.000000000000000  0.000000000000000  0.000000000000000  0.000000000000000  0.000000000000000  0.000000000000000  0.000000000000000  0.110874538144019  1.000000000000000  1.000000000000000 
2.0    R  0.000000000000000  0.000000000000000  0.000000000000000  0.000000000000000  0.081503170953660  0.000000000000000  0.110108671765872  0.000000000000000  0.234230361718106  0.000000000000000  0.000000000000000  0.000000000000000  0.000000000000000  0.000000000000000  0.488692883205403  0.085614561247848  0.000000000000000  0.000000000000000  0.000000000000000  0.000000000000000  0.252262908461170  0.747942879181195  0.000000000000000  1.000000000000000  0.000000000000000  0.000000000000000  0.000000000000000  0.110874538144019  0.263340258988709  1.000000000000000 
3.0    N  0.000000000000000  0.000000000000000  0.039747281460737  0.111182374192237  0.000000000000000  0.000000000000000  0.000000000000000  0.000000000000000  0.000000000000000  0.000000000000000  0.000000000000000  0.465547409915115  0.000000000000000  0.000000000000000  0.000000000000000  0.190122344155126  0.076574083244042  0.116709993114414  0.000000000000000  0.000000000000000  0.692554734055462  0.307359716813645  0.000000000000000  0.316219885588484  0.683493725970905  0.000000000000000  0.000000000000000  0.109575715164504  0.338446569763115  1.000000000000000 
4.0    I  0.091252000665908  0.000000000000000  0.000000000000000  0.000000000000000  0.000000000000000  0.000000000000000  0.000000000000000  0.242490477585434  0.068203992315933  0.355273010795340  0.242826873885408  0.000000000000000  0.000000000000000  0.000000000000000  0.000000000000000  0.000000000000000  0.000000000000000  0.000000000000000  0.000000000000000  0.000000000000000  1.000000000000000  0.000000000000000  0.000000000000000  0.000000000000000  0.000000000000000  0.000000000000000  0.000000000000000  0.089188406607367  1.000000000000000  1.000000000000000 
5.0    F  0.000000000000000  0.000000000000000  0.000000000000000  0.000000000000000  0.458819941155683  0.161320311306472  0.000000000000000  0.000000000000000  0.048765342510856  0.063504383937106  0.054939972556987  0.000000000000000  0.000000000000000  0.053846634982001  0.000000000000000  0.062934721878545  0.000000000000000  0.050590138534213  0.045279442329840  0.000000000000000  0.930449657703015  0.000000000000000  0.069830446129514  0.000000000000000  0.000000000000000  0.000000000000000  0.000000000000000  0.087656203165150  1.000000000000000  1.000000000000000 
6.0    K  0.036574957546081  0.000000000000000  0.000000000000000  0.050275523183870  0.070316155293051  0.038875364165577  0.042807280623924  0.000000000000000  0.412366774305041  0.000000000000000  0.000000000000000  0.091759414752131  0.000000000000000  0.039336161672027  0.000000000000000  0.049206748535575  0.093169399174933  0.075206439124969  0.000000000000000  0.000000000000000  1.000000000000000  0.000000000000000  0.000000000000000  0.000000000000000  0.000000000000000  1.000000000000000  0.000000000000000  0.081729459283547  1.000000000000000  0.494828328207603 
7.0    R  0.035525530413625  0.000000000000000  0.000000000000000  0.073454770526236  0.000000000000000  0.000000000000000  0.025790794016021  0.000000000000000  0.186856156079367  0.000000000000000  0.000000000000000  0.000000000000000  0.040808118346529  0.000000000000000  0.498961359499525  0.056406295466402  0.000000000000000  0.082070070339009  0.000000000000000  0.000000000000000  0.959264119325264  0.040779842115280  0.000000000000000  1.000000000000000  0.000000000000000  0.000000000000000  0.000000000000000  0.062891113968611  0.495858365369147  1.000000000000000 
8.0    N  0.200128702664076  0.000000000000000  0.000000000000000  0.073048578035078  0.000000000000000  0.037317599596081  0.051904376505681  0.000000000000000  0.124222636665319  0.000000000000000  0.000000000000000  0.161880374856803  0.089250248730317  0.000000000000000  0.137071448573487  0.031489180012828  0.038101721689884  0.055514174740150  0.000000000000000  0.000000000000000  1.000000000000000  0.000000000000000  0.000000000000000  0.000000000000000  0.000000000000000  0.000000000000000  0.000000000000000  0.062891113968611  1.000000000000000  1.000000000000000 
9.0    Q  0.038101721689884  0.000000000000000  0.000000000000000  0.239152039522969  0.000000000000000  0.000000000000000  0.031489180012828  0.000000000000000  0.000000000000000  0.000000000000000  0.000000000000000  0.000000000000000  0.068251284109103  0.210369870571345  0.338446569763115  0.000000000000000  0.032217759962337  0.000000000000000  0.000000000000000  0.041984482053791  1.000000000000000  0.000000000000000  0.000000000000000  0.000000000000000  0.000000000000000  0.000000000000000  0.000000000000000  0.062891113968611  1.000000000000000  1.000000000000000 
10.0    E  0.378141999320990  0.000000000000000  0.000000000000000  0.157017797642941  0.000000000000000  0.031034140482407  0.105696535922190  0.000000000000000  0.000000000000000  0.000000000000000  0.000000000000000  0.038101721689884  0.030311309698179  0.000000000000000  0.226094844390272  0.000000000000000  0.000000000000000  0.033562639738129  0.000000000000000  0.000000000000000  1.000000000000000  0.000000000000000  0.000000000000000  0.000000000000000  0.000000000000000  0.000000000000000  0.000000000000000  0.062891113968611  1.000000000000000  1.000000000000000 
11.0    P  0.162442382806930  0.000000000000000  0.041984482053791  0.143886186415970  0.000000000000000  0.000000000000000  0.000000000000000  0.000000000000000  0.000000000000000  0.100551046367739  0.040779842115280  0.000000000000000  0.298127218082658  0.000000000000000  0.031995215638389  0.076309157041821  0.055514174740150  0.048428495684948  0.000000000000000  0.000000000000000  0.444729496768949  0.555169416814320  0.000000000000000  0.487339815445774  0.512633618944297  0.000000000000000  0.000000000000000  0.062891113968611  0.186209682890338  1.000000000000000 
12.0    N  0.115422788841174  0.000000000000000  0.082070070339009  0.099373156368622  0.032217759962337  0.040779842115280  0.000000000000000  0.135841857815757  0.000000000000000  0.129857387912208  0.082985322398902  0.026078415036107  0.093622558401511  0.000000000000000  0.035525530413625  0.094208431847399  0.000000000000000  0.031995215638389  0.000000000000000  0.000000000000000  1.000000000000000  0.000000000000000  0.000000000000000  0.000000000000000  0.000000000000000  0.000000000000000  0.000000000000000  0.062891113968611  1.000000000000000  1.000000000000000 
13.0    V  0.308640651723385  0.000000000000000  0.000000000000000  0.101180277068426  0.000000000000000  0.031995215638389  0.000000000000000  0.000000000000000  0.000000000000000  0.000000000000000  0.000000000000000  0.000000000000000  0.040779842115280  0.000000000000000  0.000000000000000  0.138984894689638  0.065789447169340  0.312732270028317  0.000000000000000  0.000000000000000  1.000000000000000  0.000000000000000  0.000000000000000  0.000000000000000  0.000000000000000  0.000000000000000  0.000000000000000  0.062891113968611  1.000000000000000  1.000000000000000 
14.0    A  0.413798408039103  0.000000000000000  0.035525530413625  0.269246594048262  0.000000000000000  0.042159454198116  0.065789447169340  0.000000000000000  0.000000000000000  0.033562639738129  0.000000000000000  0.031995215638389  0.025790794016021  0.000000000000000  0.000000000000000  0.082070070339009  0.000000000000000  0.000000000000000  0.000000000000000  0.000000000000000  0.921464186198704  0.041206050452886  0.037317599596081  1.000000000000000  0.000000000000000  0.000000000000000  0.000000000000000  0.062891113968611  0.500000000000000  1.000000000000000 
15.0    P  0.000000000000000  0.000000000000000  0.000000000000000  0.000000000000000  0.000000000000000  0.000000000000000  0.000000000000000  0.000000000000000  0.000000000000000  0.075050214217826  0.000000000000000  0.000000000000000  0.620713745763056  0.034722147770472  0.000000000000000  0.119410367047805  0.149996422796652  0.000000000000000  0.000000000000000  0.000000000000000  1.000000000000000  0.000000000000000  0.000000000000000  0.000000000000000  0.000000000000000  1.000000000000000  0.000000000000000  0.064569649230258  1.000000000000000  0.495171435966512 
16.0    A  0.193982713568714  0.000000000000000  0.082070070339009  0.233096621609208  0.000000000000000  0.035525530413625  0.000000000000000  0.000000000000000  0.000000000000000  0.000000000000000  0.098005056759467  0.000000000000000  0.111568371434122  0.071100326742032  0.000000000000000  0.000000000000000  0.122767449407924  0.051904376505681  0.000000000000000  0.000000000000000  0.730522189272838  0.269246594048262  0.000000000000000  0.541487522762962  0.458819941155683  0.000000000000000  0.000000000000000  0.062891113968611  0.312732270028317  1.000000000000000 
17.0    T  0.080660155653236  0.000000000000000  0.000000000000000  0.000000000000000  0.000000000000000  0.000000000000000  0.000000000000000  0.000000000000000  0.000000000000000  0.000000000000000  0.000000000000000  0.000000000000000  0.371645746107754  0.000000000000000  0.000000000000000  0.102166916061035  0.445346450303340  0.000000000000000  0.000000000000000  0.000000000000000  1.000000000000000  0.000000000000000  0.000000000000000  0.000000000000000  0.000000000000000  0.000000000000000  0.000000000000000  0.062891113968611  1.000000000000000  1.000000000000000 
18.0    T  0.041206050452886  0.000000000000000  0.000000000000000  0.147931377719071  0.000000000000000  0.000000000000000  0.040779842115280  0.000000000000000  0.000000000000000  0.000000000000000  0.000000000000000  0.037317599596081  0.041984482053791  0.000000000000000  0.000000000000000  0.000000000000000  0.626766510220345  0.063857505169644  0.000000000000000  0.000000000000000  1.000000000000000  0.000000000000000  0.000000000000000  0.000000000000000  0.000000000000000  0.000000000000000  0.000000000000000  0.062891113968611  1.000000000000000  1.000000000000000 
19.0    T  0.128069602879100  0.000000000000000  0.000000000000000  0.056877426505056  0.040808118346529  0.042159454198116  0.000000000000000  0.000000000000000  0.000000000000000  0.000000000000000  0.000000000000000  0.000000000000000  0.097463105326415  0.000000000000000  0.037317599596081  0.183391668020915  0.361984543094890  0.051904376505681  0.000000000000000  0.000000000000000  1.000000000000000  0.000000000000000  0.000000000000000  0.000000000000000  0.000000000000000  0.000000000000000  0.000000000000000  0.062891113968611  1.000000000000000  1.000000000000000 
20.0    A  0.487677730763821  0.000000000000000  0.082070070339009  0.055514174740150  0.000000000000000  0.000000000000000  0.000000000000000  0.031034140482407  0.000000000000000  0.041984482053791  0.089250248730317  0.000000000000000  0.040808118346529  0.035525530413625  0.000000000000000  0.000000000000000  0.136124626917013  0.000000000000000  0.000000000000000  0.000000000000000  0.743291492215508  0.042159454198116  0.214641359109438  0.333324669272800  0.666649338545599  0.000000000000000  0.000000000000000  0.062891113968611  0.496890546661277  1.000000000000000 
21.0    T  0.086090627898946  0.000000000000000  0.000000000000000  0.083794536973771  0.000000000000000  0.000000000000000  0.000000000000000  0.000000000000000  0.000000000000000  0.000000000000000  0.086329653008991  0.000000000000000  0.259714775824416  0.000000000000000  0.000000000000000  0.000000000000000  0.483973513446869  0.000000000000000  0.000000000000000  0.000000000000000  1.000000000000000  0.000000000000000  0.000000000000000  0.000000000000000  0.000000000000000  0.000000000000000  1.000000000000000  0.078237278665875  1.000000000000000  0.369334515895640 
22.0    M  0.050800975124020  0.000000000000000  0.000000000000000  0.232451235653290  0.000000000000000  0.000000000000000  0.000000000000000  0.039227249727583  0.000000000000000  0.037969899747032  0.350139080221801  0.000000000000000  0.174827010342308  0.000000000000000  0.000000000000000  0.000000000000000  0.051260806949795  0.063284675459406  0.000000000000000  0.000000000000000  0.651573574681647  0.348202870167259  0.000000000000000  1.000000000000000  0.000000000000000  0.000000000000000  1.000000000000000  0.078237278665875  0.312732270028317  0.369334515895640 
23.0    P  0.053846634982001  0.000000000000000  0.000000000000000  0.000000000000000  0.000000000000000  0.000000000000000  0.046876218415182  0.000000000000000  0.000000000000000  0.000000000000000  0.000000000000000  0.000000000000000  0.662503508522604  0.000000000000000  0.000000000000000  0.147521792917025  0.000000000000000  0.089250248730317  0.000000000000000  0.000000000000000  0.722465198961763  0.000000000000000  0.277200160900767  0.000000000000000  0.000000000000000  0.000000000000000  1.000000000000000  0.078237278665875  1.000000000000000  0.369334515895640 
24.0    L  0.066985841408518  0.000000000000000  0.000000000000000  0.000000000000000  0.000000000000000  0.000000000000000  0.101954686667376  0.153148166488085  0.000000000000000  0.043615961378818  0.000000000000000  0.000000000000000  0.143886186415970  0.000000000000000  0.000000000000000  0.068916822691807  0.163685677885446  0.257742079698697  0.000000000000000  0.000000000000000  0.928516852306729  0.000000000000000  0.071495685825238  0.000000000000000  0.000000000000000  0.000000000000000  1.000000000000000  0.105184935285673  1.000000000000000  0.238159499510984 
25.0    A  0.123878695408010  0.000000000000000  0.075834597515543  0.000000000000000  0.000000000000000  0.241149546146035  0.116467553663097  0.000000000000000  0.000000000000000  0.072543994648983  0.000000000000000  0.000000000000000  0.000000000000000  0.000000000000000  0.000000000000000  0.193579756963305  0.000000000000000  0.176654205485341  0.000000000000000  0.000000000000000  0.593368398828266  0.000000000000000  0.406689599066063  0.000000000000000  0.000000000000000  0.416387885440275  0.583579050909234  0.110414381435183  1.000000000000000  0.226722582233286 
26.0    P  0.125173406963917  0.000000000000000  0.000000000000000  0.000000000000000  0.000000000000000  0.000000000000000  0.134623297024131  0.000000000000000  0.000000000000000  0.089126607335259  0.000000000000000  0.000000000000000  0.293412044570338  0.000000000000000  0.000000000000000  0.136124626917013  0.055822865772048  0.165740720037332  0.000000000000000  0.000000000000000  0.842646829503152  0.000000000000000  0.157235621479502  0.000000000000000  0.000000000000000  0.000000000000000  1.000000000000000  0.103377921055408  1.000000000000000  0.215984546850069 
27.0    V  0.219303387183206  0.000000000000000  0.000000000000000  0.226251615720726  0.000000000000000  0.000000000000000  0.000000000000000  0.000000000000000  0.000000000000000  0.103736823198748  0.000000000000000  0.000000000000000  0.000000000000000  0.000000000000000  0.000000000000000  0.188416863694798  0.000000000000000  0.262247331893736  0.000000000000000  0.000000000000000  0.760489376620505  0.000000000000000  0.239483804555674  0.000000000000000  0.000000000000000  0.141708676597303  0.858565436437754  0.118421258824908  1.000000000000000  0.188286308329227 
28.0    A  0.089684345912919  0.000000000000000  0.141708676597303  0.000000000000000  0.000000000000000  0.000000000000000  0.163912751776956  0.000000000000000  0.000000000000000  0.153573372555706  0.000000000000000  0.000000000000000  0.000000000000000  0.000000000000000  0.000000000000000  0.000000000000000  0.187895184758195  0.263340258988709  0.000000000000000  0.000000000000000  1.000000000000000  0.000000000000000  0.000000000000000  0.000000000000000  0.000000000000000  0.267943365634073  0.732042847972813  0.127980862553555  1.000000000000000  0.179244406001978 
29.0    P  0.174222154835934  0.000000000000000  0.000000000000000  0.000000000000000  0.000000000000000  0.000000000000000  0.000000000000000  0.074946244611945  0.000000000000000  0.000000000000000  0.000000000000000  0.000000000000000  0.400812664699697  0.000000000000000  0.000000000000000  0.292194312140311  0.057911753868148  0.000000000000000  0.000000000000000  0.000000000000000  1.000000000000000  0.000000000000000  0.000000000000000  0.000000000000000  0.000000000000000  0.135184345435452  0.865136690584988  0.105989995579143  1.000000000000000  0.235696133979560 
30.0    A  0.130398574191232  0.000000000000000  0.000000000000000  0.089622203000989  0.000000000000000  0.028438713252528  0.049206748535575  0.028835702895431  0.037008487870426  0.000000000000000  0.027280237222930  0.020977695355942  0.067125279476258  0.026811579075897  0.000000000000000  0.058924033494890  0.372677596699730  0.062760471452436  0.000000000000000  0.000000000000000  0.866336856400087  0.031336763621909  0.102379587232478  0.152406886759538  0.847332434946118  0.893165852352760  0.106727214298906  0.017277041458129  0.500000000000000  0.261702570493644 
31.0    D  0.084787770465479  0.000000000000000  0.213750544472993  0.053921334033916  0.000000000000000  0.078074757853336  0.013202912256446  0.000000000000000  0.125086673432823  0.014926295880976  0.000000000000000  0.104385989928546  0.034363004666080  0.017181502333040  0.000000000000000  0.013820944302055  0.214492632607173  0.031906628928350  0.000000000000000  0.000000000000000  1.000000000000000  0.000000000000000  0.000000000000000  0.000000000000000  0.000000000000000  0.825877664935720  0.174101435083629  0.017542522219900  1.000000000000000  0.342220953272960 
32.0    N  0.122257934180917  0.000000000000000  0.000000000000000  0.325786787340824  0.000000000000000  0.054296386571914  0.000000000000000  0.000000000000000  0.000000000000000  0.000000000000000  0.030164594527242  0.283613871233989  0.034363004666080  0.045816148662163  0.000000000000000  0.040751585476830  0.029914733068603  0.000000000000000  0.000000000000000  0.033261568201667  1.000000000000000  0.000000000000000  0.000000000000000  0.000000000000000  0.000000000000000  0.000000000000000  1.000000000000000  0.016886334406865  1.000000000000000  0.495171435966512 
33.0    S  0.172779025816073  0.000000000000000  0.033261568201667  0.000000000000000  0.042600081477578  0.041406469282663  0.061554152680972  0.036021448337465  0.000000000000000  0.000000000000000  0.028458432299749  0.025934205799687  0.037059828106592  0.000000000000000  0.000000000000000  0.274523203446762  0.124222636665319  0.122257934180917  0.000000000000000  0.000000000000000  1.000000000000000  0.000000000000000  0.000000000000000  0.000000000000000  0.000000000000000  0.000000000000000  1.000000000000000  0.016886334406865  1.000000000000000  0.495171435966512 
34.0    T  0.112266546610492  0.000000000000000  0.098005056759467  0.093040328447909  0.000000000000000  0.000000000000000  0.028478165019911  0.000000000000000  0.057911753868148  0.000000000000000  0.000000000000000  0.017229205672952  0.019077289260455  0.031950891581560  0.033054717613076  0.042600081477578  0.416676603579609  0.049721030234682  0.000000000000000  0.000000000000000  1.000000000000000  0.000000000000000  0.000000000000000  0.000000000000000  0.000000000000000  0.000000000000000  1.000000000000000  0.016886334406865  1.000000000000000  0.495171435966512 
35.0    E  0.124222636665319  0.000000000000000  0.118832387653727  0.373971439590597  0.000000000000000  0.000000000000000  0.000000000000000  0.000000000000000  0.000000000000000  0.000000000000000  0.049721030234682  0.000000000000000  0.065835064747177  0.042452696392155  0.000000000000000  0.000000000000000  0.225000482448378  0.000000000000000  0.000000000000000  0.000000000000000  0.974004268543241  0.025934205799687  0.000000000000000  0.500000000000000  0.500000000000000  1.000000000000000  0.000000000000000  0.016886334406865  0.500000000000000  0.495171435966512 
36.0    S  0.154748786354681  0.000000000000000  0.000000000000000  0.046746429948825  0.000000000000000  0.000000000000000  0.069685388670481  0.012447501504462  0.000000000000000  0.000000000000000  0.028735938942239  0.000000000000000  0.119493164699218  0.000000000000000  0.000000000000000  0.203203900496080  0.318198733818986  0.046778843337272  0.000000000000000  0.000000000000000  0.963929807740643  0.000000000000000  0.035847094507068  0.000000000000000  0.000000000000000  0.000000000000000  0.000000000000000  0.016827912128016  1.000000000000000  1.000000000000000 
37.0    T  0.201381072762188  0.000000000000000  0.034891030061955  0.091125586176036  0.000000000000000  0.132677901118724  0.000000000000000  0.000000000000000  0.000000000000000  0.000000000000000  0.000000000000000  0.017397212784823  0.261521234948132  0.015755507107728  0.000000000000000  0.128336193215000  0.091695834010458  0.025207554975691  0.000000000000000  0.000000000000000  1.000000000000000  0.000000000000000  0.000000000000000  0.000000000000000  0.000000000000000  0.000000000000000  1.000000000000000  0.017762765206813  1.000000000000000  0.497579860910041 
38.0    G  0.157017797642941  0.000000000000000  0.000000000000000  0.000000000000000  0.000000000000000  0.192242603908784  0.025934205799687  0.033192474577980  0.049377581991461  0.088572337281764  0.000000000000000  0.000000000000000  0.160873655912659  0.000000000000000  0.000000000000000  0.102735023411856  0.137071448573487  0.052994997789572  0.000000000000000  0.000000000000000  1.000000000000000  0.000000000000000  0.000000000000000  0.000000000000000  0.000000000000000  1.000000000000000  0.000000000000000  0.017762765206813  1.000000000000000  0.497579860910041 
39.0    P  0.239317864548824  0.000000000000000  0.042101049277053  0.045342256494818  0.000000000000000  0.014052786127309  0.000000000000000  0.030101934188130  0.064614421015498  0.000000000000000  0.000000000000000  0.000000000000000  0.292194312140311  0.000000000000000  0.000000000000000  0.098481735756168  0.068015152604425  0.105916554368265  0.000000000000000  0.000000000000000  0.858565436437754  0.014052786127309  0.127184961512836  1.000000000000000  0.000000000000000  0.000000000000000  0.000000000000000  0.016827912128016  0.488692883205403  1.000000000000000 
40.0    G  0.104966436618018  0.000000000000000  0.033913417871306  0.021108970070869  0.000000000000000  0.245194750997138  0.000000000000000  0.000000000000000  0.000000000000000  0.000000000000000  0.000000000000000  0.019942637012952  0.035747842912619  0.000000000000000  0.032106294980593  0.154641559835897  0.286379474494939  0.065926394816754  0.000000000000000  0.000000000000000  0.988970916380931  0.011010318399547  0.000000000000000  0.500000000000000  0.500000000000000  0.123364568235730  0.876605721316035  0.017849160107009  0.500000000000000  0.293819082104943 
41.0    E  0.046649324478030  0.000000000000000  0.041955390711883  0.173138683513866  0.000000000000000  0.079000193653300  0.000000000000000  0.000000000000000  0.073607674349686  0.033632503899494  0.034746223672410  0.015887104270187  0.031271668358206  0.010569126805080  0.000000000000000  0.000000000000000  0.337041932934264  0.084435880283477  0.000000000000000  0.038075320739850  0.944092419150250  0.055822865772048  0.000000000000000  0.597909898388062  0.402204185470958  0.714001989842532  0.285982743300952  0.016956708935653  0.422200443711891  0.315344352207812 
42.0    S  0.067405026980903  0.000000000000000  0.025330159996416  0.108367195439336  0.000000000000000  0.136502568218206  0.000000000000000  0.000000000000000  0.073454770526236  0.000000000000000  0.000000000000000  0.030926770512975  0.049275010878517  0.033377044001495  0.000000000000000  0.239483804555674  0.235859562723840  0.000000000000000  0.000000000000000  0.000000000000000  0.886996305152150  0.112969090843886  0.000000000000000  0.494485458190466  0.505576040425652  0.000000000000000  1.000000000000000  0.015788303851356  0.368822864270710  0.458819941155683 
43.0    Q  0.143487801731875  0.000000000000000  0.000000000000000  0.021138253610161  0.000000000000000  0.026534257701464  0.039719740290802  0.000000000000000  0.174827010342308  0.043284670878466  0.040414029121484  0.000000000000000  0.071198961076382  0.060748811748835  0.000000000000000  0.055016188347697  0.229887511537915  0.093817443594648  0.000000000000000  0.000000000000000  1.000000000000000  0.000000000000000  0.000000000000000  0.000000000000000  0.000000000000000  1.000000000000000  0.000000000000000  0.015788303851356  1.000000000000000  0.458819941155683 
44.0    E  0.208482760956241  0.000000000000000  0.082469244423306  0.160873655912659  0.000000000000000  0.156149515706672  0.064346255214625  0.029543816148461  0.066063627535086  0.000000000000000  0.000000000000000  0.039940605100095  0.000000000000000  0.010798689113505  0.000000000000000  0.048664043191354  0.043646204139606  0.088941466327162  0.000000000000000  0.000000000000000  0.890692900606681  0.109045338221345  0.000000000000000  0.601651512999751  0.398596238270268  0.000000000000000  0.000000000000000  0.016019800592009  0.378141999320990  1.000000000000000 
45.0    D  0.028419007868773  0.000000000000000  0.298954949194031  0.202922395244320  0.000000000000000  0.000000000000000  0.055054335882936  0.000000000000000  0.091441951294020  0.000000000000000  0.000000000000000  0.113676031475092  0.121581868426536  0.000000000000000  0.000000000000000  0.056172195413189  0.031796240378209  0.000000000000000  0.000000000000000  0.000000000000000  1.000000000000000  0.000000000000000  0.000000000000000  0.000000000000000  0.000000000000000  0.000000000000000  0.000000000000000  0.016019800592009  1.000000000000000  1.000000000000000 
46.0    M  0.074583483939483  0.000000000000000  0.064793818813733  0.068773663085384  0.000000000000000  0.037265902260332  0.017015578364627  0.010202029586632  0.196963471512337  0.072042896674929  0.104169150894902  0.040162698045918  0.055398856199679  0.000000000000000  0.000000000000000  0.063901783163120  0.099856489556144  0.094797971585903  0.000000000000000  0.000000000000000  0.798298386356650  0.142102121654502  0.059333882559407  0.148342099707066  0.851453707748945  0.000000000000000  0.000000000000000  0.016019800592009  0.386087566545892  1.000000000000000 
47.0    F  0.034746223672410  0.000000000000000  0.000000000000000  0.028795755818709  0.354289349127054  0.023438109207591  0.000000000000000  0.111491064927512  0.000000000000000  0.207042665333636  0.103449602009776  0.000000000000000  0.032690154368517  0.000000000000000  0.000000000000000  0.000000000000000  0.000000000000000  0.066754088002991  0.000000000000000  0.037317599596081  1.000000000000000  0.000000000000000  0.000000000000000  0.000000000000000  0.000000000000000  0.635956503371787  0.363745170908689  0.017713584574663  1.000000000000000  0.462973011263662 
48.0    A  0.095061172077563  0.000000000000000  0.039692218204337  0.145591698308557  0.000000000000000  0.085555238318240  0.026515871928309  0.038207508677877  0.163458918567095  0.034172983046395  0.000000000000000  0.040079268836320  0.101531549544529  0.041349107497129  0.016401823181610  0.123193667117421  0.030585676574920  0.018671737575887  0.000000000000000  0.000000000000000  0.971980987981352  0.027834153143959  0.000000000000000  0.500000000000000  0.500000000000000  1.000000000000000  0.000000000000000  0.016097718025314  0.500000000000000  0.500000000000000 
49.0    K  0.040358042196948  0.000000000000000  0.145490816800267  0.251738887514180  0.000000000000000  0.050906722691888  0.046908721797324  0.000000000000000  0.181494784987987  0.000000000000000  0.000000000000000  0.119908014915658  0.000000000000000  0.058112808913323  0.026479138592066  0.026515871928309  0.021492840908433  0.000000000000000  0.000000000000000  0.030564483545229  0.968618189226628  0.010798689113505  0.020876157474845  0.500000000000000  0.500000000000000  0.000000000000000  0.000000000000000  0.016019800592009  0.488692883205403  1.000000000000000 
50.0    L  0.054674047806614  0.000000000000000  0.000000000000000  0.042747978246953  0.000000000000000  0.060203868376259  0.000000000000000  0.136219014026666  0.199298119135134  0.094012734461793  0.122597375498569  0.000000000000000  0.000000000000000  0.023357019509921  0.036096430767300  0.040949793870574  0.000000000000000  0.169223284881557  0.000000000000000  0.020617311105826  1.000000000000000  0.000000000000000  0.000000000000000  0.000000000000000  0.000000000000000  1.000000000000000  0.000000000000000  0.016198454703433  1.000000000000000  0.500000000000000 
51.0    K  0.112656307826354  0.000000000000000  0.000000000000000  0.000000000000000  0.033330805650993  0.057951909152216  0.000000000000000  0.203909373334752  0.314907494986850  0.045531222309313  0.114308136187488  0.000000000000000  0.000000000000000  0.046262915562502  0.043525358770907  0.000000000000000  0.000000000000000  0.027489033622576  0.000000000000000  0.000000000000000  1.000000000000000  0.000000000000000  0.000000000000000  0.000000000000000  0.000000000000000  0.000000000000000  0.000000000000000  0.016019800592009  1.000000000000000  1.000000000000000 
52.0    E  0.048294409352999  0.000000000000000  0.266831334509990  0.201940194402402  0.000000000000000  0.083388948104861  0.000000000000000  0.000000000000000  0.029666941279704  0.000000000000000  0.035698320214017  0.139081265073104  0.000000000000000  0.065244495463857  0.000000000000000  0.068109507013333  0.061767853218796  0.000000000000000  0.000000000000000  0.000000000000000  1.000000000000000  0.000000000000000  0.000000000000000  0.000000000000000  0.000000000000000  0.000000000000000  0.000000000000000  0.016019800592009  1.000000000000000  1.000000000000000 
53.0    K  0.000000000000000  0.000000000000000  0.063813257856700  0.218393223979174  0.000000000000000  0.000000000000000  0.000000000000000  0.000000000000000  0.496202187342909  0.000000000000000  0.000000000000000  0.122427537198366  0.000000000000000  0.000000000000000  0.000000000000000  0.000000000000000  0.000000000000000  0.099166730398893  0.000000000000000  0.000000000000000  1.000000000000000  0.000000000000000  0.000000000000000  0.000000000000000  0.000000000000000  0.000000000000000  0.000000000000000  0.016019800592009  1.000000000000000  1.000000000000000 
54.0    F  0.024688790995731  0.000000000000000  0.000000000000000  0.000000000000000  0.370359949505080  0.000000000000000  0.000000000000000  0.121413436942704  0.000000000000000  0.133786087303328  0.138216331665034  0.000000000000000  0.000000000000000  0.070024325887136  0.000000000000000  0.024063661694877  0.000000000000000  0.087838668762920  0.000000000000000  0.029666941279704  1.000000000000000  0.000000000000000  0.000000000000000  0.000000000000000  0.000000000000000  0.000000000000000  0.000000000000000  0.016019800592009  1.000000000000000  1.000000000000000 
55.0    F  0.130037533315248  0.000000000000000  0.000000000000000  0.000000000000000  0.108067153913483  0.090183042928852  0.000000000000000  0.059622471909222  0.189464570813800  0.089250248730317  0.190122344155126  0.000000000000000  0.000000000000000  0.000000000000000  0.000000000000000  0.000000000000000  0.069348092004240  0.048765342510856  0.000000000000000  0.025137761591935  1.000000000000000  0.000000000000000  0.000000000000000  0.000000000000000  0.000000000000000  0.000000000000000  0.000000000000000  0.016019800592009  1.000000000000000  1.000000000000000 
56.0    N  0.070024325887136  0.000000000000000  0.083504629899381  0.236678407809178  0.000000000000000  0.000000000000000  0.000000000000000  0.000000000000000  0.081503170953660  0.000000000000000  0.000000000000000  0.445037866626248  0.000000000000000  0.000000000000000  0.027489033622576  0.025137761591935  0.000000000000000  0.000000000000000  0.000000000000000  0.030564483545229  1.000000000000000  0.000000000000000  0.000000000000000  0.000000000000000  0.000000000000000  0.000000000000000  0.000000000000000  0.016019800592009  1.000000000000000  1.000000000000000 
57.0    E  0.020818356642063  0.000000000000000  0.020876157474845  0.421031476804208  0.000000000000000  0.008912216530222  0.000000000000000  0.000000000000000  0.291789525454617  0.022035905632569  0.000000000000000  0.040358042196948  0.000000000000000  0.067968024428430  0.000000000000000  0.041006601705999  0.000000000000000  0.065244495463857  0.000000000000000  0.000000000000000  0.974679630891549  0.000000000000000  0.025137761591935  0.000000000000000  0.000000000000000  0.000000000000000  0.000000000000000  0.016019800592009  1.000000000000000  1.000000000000000 
58.0    I  0.032667503131411  0.000000000000000  0.000000000000000  0.000000000000000  0.084260483233566  0.000000000000000  0.000000000000000  0.297507924076669  0.000000000000000  0.384751805040216  0.058112808913323  0.000000000000000  0.000000000000000  0.000000000000000  0.000000000000000  0.000000000000000  0.047431851655439  0.095325103328518  0.000000000000000  0.000000000000000  1.000000000000000  0.000000000000000  0.000000000000000  0.000000000000000  0.000000000000000  0.000000000000000  1.000000000000000  0.016504462896123  1.000000000000000  0.474013482564323 
59.0    N  0.311002913324617  0.000000000000000  0.056445406884489  0.040134869030920  0.000000000000000  0.092077980363530  0.048765342510856  0.066800374450688  0.000000000000000  0.032667503131411  0.036600318163088  0.155717176946184  0.000000000000000  0.048765342510856  0.000000000000000  0.039774841727373  0.027622735345740  0.043646204139606  0.000000000000000  0.000000000000000  0.884540435331541  0.039692218204337  0.075677067746910  1.000000000000000  0.000000000000000  0.000000000000000  1.000000000000000  0.016504462896123  0.494485458190466  0.474013482564323 
60.0    K  0.028935813203979  0.000000000000000  0.056602123938614  0.142991371650476  0.000000000000000  0.000000000000000  0.143189737247470  0.000000000000000  0.439824537961218  0.000000000000000  0.000000000000000  0.049446081324091  0.000000000000000  0.064524908467703  0.048093975630027  0.026296233821418  0.000000000000000  0.000000000000000  0.000000000000000  0.000000000000000  1.000000000000000  0.000000000000000  0.000000000000000  0.000000000000000  0.000000000000000  0.000000000000000  1.000000000000000  0.015788303851356  1.000000000000000  0.404721108273704 
61.0    I  0.033423346496414  0.000000000000000  0.000000000000000  0.236186760249302  0.000000000000000  0.048093975630027  0.000000000000000  0.272438028053332  0.130670012525646  0.122682382981685  0.034698088550895  0.000000000000000  0.000000000000000  0.040751585476830  0.029935475569459  0.000000000000000  0.000000000000000  0.051296350550656  0.000000000000000  0.000000000000000  1.000000000000000  0.000000000000000  0.000000000000000  0.000000000000000  0.000000000000000  0.000000000000000  1.000000000000000  0.015788303851356  1.000000000000000  0.404721108273704 
62.0    P  0.028935813203979  0.000000000000000  0.000000000000000  0.000000000000000  0.000000000000000  0.000000000000000  0.034698088550895  0.031906628928350  0.000000000000000  0.090810315598211  0.178376813214735  0.000000000000000  0.416676603579609  0.000000000000000  0.000000000000000  0.000000000000000  0.195061370043426  0.023519480428298  0.000000000000000  0.000000000000000  0.435275281648062  0.564873607285062  0.000000000000000  0.661585719954060  0.338212057762569  1.000000000000000  0.000000000000000  0.015788303851356  0.165855642574645  0.404721108273704 
63.0    L  0.000000000000000  0.030564483545229  0.000000000000000  0.000000000000000  0.016379101179952  0.000000000000000  0.000000000000000  0.207042665333636  0.000000000000000  0.506979739895015  0.147828875030518  0.000000000000000  0.000000000000000  0.000000000000000  0.000000000000000  0.018998113799736  0.000000000000000  0.072443496994028  0.000000000000000  0.000000000000000  0.978741650397436  0.000000000000000  0.021167577773209  0.000000000000000  0.000000000000000  0.000000000000000  0.000000000000000  0.016019800592009  1.000000000000000  1.000000000000000 
64.0    P  0.020235046857100  0.000000000000000  0.000000000000000  0.070511383591032  0.000000000000000  0.000000000000000  0.017824433060444  0.000000000000000  0.036498981081660  0.000000000000000  0.000000000000000  0.000000000000000  0.807201074504765  0.000000000000000  0.000000000000000  0.047861187409199  0.000000000000000  0.000000000000000  0.000000000000000  0.000000000000000  1.000000000000000  0.000000000000000  0.000000000000000  0.000000000000000  0.000000000000000  0.000000000000000  1.000000000000000  0.017481829703683  1.000000000000000  0.500000000000000 
65.0    P  0.000000000000000  0.000000000000000  0.000000000000000  0.072343138561883  0.000000000000000  0.000000000000000  0.000000000000000  0.093428078039684  0.000000000000000  0.056016668723088  0.059333882559407  0.000000000000000  0.268501117905031  0.000000000000000  0.000000000000000  0.090496135773722  0.328963631257252  0.031034140482407  0.000000000000000  0.000000000000000  0.913198250011992  0.086869888740146  0.000000000000000  0.500000000000000  0.500000000000000  1.000000000000000  0.000000000000000  0.017481829703683  0.442270217665770  0.500000000000000 
66.0    W  0.000000000000000  0.000000000000000  0.000000000000000  0.000000000000000  0.000000000000000  0.043134917293645  0.000000000000000  0.000000000000000  0.000000000000000  0.000000000000000  0.000000000000000  0.000000000000000  0.048731552663208  0.000000000000000  0.000000000000000  0.000000000000000  0.000000000000000  0.000000000000000  0.908148417721510  0.000000000000000  1.000000000000000  0.000000000000000  0.000000000000000  0.000000000000000  0.000000000000000  0.000000000000000  0.000000000000000  0.017493951385222  1.000000000000000  1.000000000000000 
67.0    A  0.618137630460476  0.000000000000000  0.000000000000000  0.000000000000000  0.000000000000000  0.219303387183206  0.000000000000000  0.000000000000000  0.000000000000000  0.000000000000000  0.039582320428851  0.000000000000000  0.000000000000000  0.074325444687670  0.000000000000000  0.000000000000000  0.000000000000000  0.048731552663208  0.000000000000000  0.000000000000000  1.000000000000000  0.000000000000000  0.000000000000000  0.000000000000000  0.000000000000000  0.000000000000000  0.000000000000000  0.017493951385222  1.000000000000000  1.000000000000000 
68.0    L  0.000000000000000  0.000000000000000  0.000000000000000  0.000000000000000  0.037864770638445  0.000000000000000  0.000000000000000  0.192642777089602  0.000000000000000  0.401925495371576  0.000000000000000  0.000000000000000  0.000000000000000  0.000000000000000  0.000000000000000  0.000000000000000  0.027641888604111  0.277777182163773  0.062068280964815  0.000000000000000  1.000000000000000  0.000000000000000  0.000000000000000  0.000000000000000  0.000000000000000  0.000000000000000  0.000000000000000  0.017493951385222  1.000000000000000  1.000000000000000 
69.0    I  0.064883704408941  0.000000000000000  0.000000000000000  0.000000000000000  0.000000000000000  0.039885274025905  0.000000000000000  0.453130969133667  0.000000000000000  0.000000000000000  0.000000000000000  0.000000000000000  0.000000000000000  0.000000000000000  0.000000000000000  0.000000000000000  0.000000000000000  0.410940093647425  0.000000000000000  0.031163476604752  1.000000000000000  0.000000000000000  0.000000000000000  1.000000000000000  0.000000000000000  0.000000000000000  0.000000000000000  0.017493951385222  1.000000000000000  1.000000000000000 
