No:  residues  hmm_col_1  hmm_col_2  hmm_col_3  hmm_col_4  hmm_col_5  hmm_col_6  hmm_col_7  hmm_col_8  hmm_col_9  hmm_col_10  hmm_col_11  hmm_col_12  hmm_col_13  hmm_col_14  hmm_col_15  hmm_col_16  hmm_col_17  hmm_col_18  hmm_col_19  hmm_col_20  hmm_col_21   hmm_col_22   hmm_col_23   hmm_col_24   hmm_col_25   hmm_col_26   hmm_col_27   hmm_col_28   hmm_col_29   hmm_col_30   
1.0    M  0.019024469041609  0.000000000000000  0.000000000000000  0.000000000000000  0.030862526920168  0.000000000000000  0.000000000000000  0.057751410777926  0.000000000000000  0.059622471909222  0.816768991110023  0.000000000000000  0.000000000000000  0.000000000000000  0.000000000000000  0.000000000000000  0.000000000000000  0.000000000000000  0.000000000000000  0.016232173489026  1.000000000000000  0.000000000000000  0.000000000000000  0.000000000000000  0.000000000000000  0.000000000000000  0.000000000000000  0.012508043916505  1.000000000000000  1.000000000000000 
2.0    R  0.021537580515244  0.000000000000000  0.000000000000000  0.000000000000000  0.000000000000000  0.014140725982545  0.019559319666469  0.020847237026215  0.569197014537439  0.015176679617838  0.004571869693260  0.037059828106592  0.010308655552913  0.042101049277053  0.197100043514070  0.010173782731008  0.017640068825096  0.013687473672924  0.000000000000000  0.006953716666035  0.994470168673214  0.000000000000000  0.005863590224666  0.333324669272800  0.666649338545599  0.000000000000000  0.000000000000000  0.008710673583810  0.470413053756894  1.000000000000000 
3.0    S  0.050695447223565  0.008686555918102  0.000000000000000  0.000000000000000  0.048799155787962  0.000000000000000  0.045847917005229  0.029811235954611  0.381564802240140  0.052848267961095  0.000000000000000  0.013744516811288  0.035896823593657  0.025453361345944  0.151984910397887  0.042188687035086  0.054787857582252  0.023195680791079  0.009571760405505  0.025016087833009  0.966606097064973  0.021944451183406  0.011670417633690  0.386891248385597  0.613017430026578  1.000000000000000  0.000000000000000  0.008740914851841  0.440434687063490  0.499653546495226 
4.0    L  0.046038990181765  0.013221228071880  0.000000000000000  0.006515086279883  0.133971682817037  0.007452808988653  0.000000000000000  0.174705871481383  0.016187230680625  0.322640622612945  0.007011797270838  0.000000000000000  0.023260082111977  0.004769322315114  0.010337276874282  0.033749267494778  0.039254449410735  0.084905392784309  0.026589491547079  0.049446081324091  0.986916545885842  0.012806321994336  0.000000000000000  0.217637640824031  0.782411781736511  1.000000000000000  0.000000000000000  0.008507789182313  0.443190849597434  0.485990493990676 
5.0    L  0.102308647698850  0.011589804170634  0.000000000000000  0.000000000000000  0.108668070011253  0.005058761714275  0.007899625631651  0.192509293559018  0.005154327776457  0.299162240807679  0.027489033622576  0.016746460352130  0.000000000000000  0.000000000000000  0.000000000000000  0.015124172295215  0.063680699788545  0.129228842030996  0.009665097489744  0.005719084749788  0.993781093322555  0.000000000000000  0.006083005398919  0.000000000000000  0.000000000000000  0.000000000000000  0.000000000000000  0.008431470597691  1.000000000000000  1.000000000000000 
6.0    L  0.058964890680960  0.013907433332070  0.000000000000000  0.000000000000000  0.070805242830987  0.026460791011329  0.000000000000000  0.154320325861692  0.000000000000000  0.281459646534191  0.033169475279681  0.000000000000000  0.049583365199446  0.000000000000000  0.000000000000000  0.052921582022658  0.072443496994028  0.140340177759201  0.035599480538191  0.010005936416639  0.934975197751455  0.050520054300348  0.014397877909355  1.000000000000000  0.000000000000000  0.000000000000000  1.000000000000000  0.008431470597691  0.357248534935273  0.498615625676035 
7.0    M  0.126306430810845  0.019223302261737  0.000000000000000  0.000000000000000  0.067639040282857  0.051904376505681  0.000000000000000  0.205043227799182  0.000000000000000  0.266461684016986  0.032352028870043  0.000000000000000  0.010591127553125  0.000000000000000  0.000000000000000  0.040051497630006  0.040893064732969  0.139467415290621  0.000000000000000  0.000000000000000  0.162217345867398  0.837987134667949  0.000000000000000  0.811127155577043  0.189070999660495  1.000000000000000  0.000000000000000  0.008460742543171  0.033054717613076  0.468785548228555 
8.0    G  0.170991912987811  0.029299096764285  0.000000000000000  0.000000000000000  0.065335006262823  0.040498155169792  0.000000000000000  0.074635199192162  0.000000000000000  0.277008086966231  0.080214118597682  0.000000000000000  0.033562639738129  0.000000000000000  0.000000000000000  0.102308647698850  0.057951909152216  0.061725053840336  0.006461120065963  0.000000000000000  0.959264119325264  0.029036271070341  0.011784219349114  0.500000000000000  0.500000000000000  0.000000000000000  1.000000000000000  0.008172538592129  0.424548123223420  0.494828328207603 
9.0    V  0.219912268980609  0.022020636799094  0.000000000000000  0.000000000000000  0.010117523428550  0.039830019603727  0.000000000000000  0.119741902277837  0.000000000000000  0.236186760249302  0.029056404456661  0.010768790257622  0.008813922948879  0.000000000000000  0.000000000000000  0.098345305669196  0.070511383591032  0.124740339874881  0.009806812431896  0.000000000000000  0.971307495541633  0.011164016716727  0.017603425445270  1.000000000000000  0.000000000000000  0.529976391698641  0.470087101254563  0.008166875782853  0.455650640318571  0.452503231441453 
10.0    L  0.171942727267468  0.068678388598555  0.000000000000000  0.000000000000000  0.067639040282857  0.020876157474845  0.000000000000000  0.066430979647410  0.000000000000000  0.367292158319577  0.017325010056298  0.014417851447716  0.000000000000000  0.000000000000000  0.000000000000000  0.031620412532092  0.067873866020143  0.100133734698703  0.000000000000000  0.005609158244623  0.953959550547558  0.044071811265137  0.001915583992165  0.789493886700555  0.210515738402104  0.808881348361739  0.191312096227833  0.008183875992967  0.363493129330078  0.437695664847132 
11.0    L  0.093557686674543  0.000000000000000  0.000000000000000  0.000000000000000  0.105916554368265  0.023438109207591  0.000000000000000  0.064928693956104  0.000000000000000  0.495858365369147  0.037111239564794  0.000000000000000  0.005683518295448  0.008783429092020  0.000000000000000  0.027073026762503  0.030311309698179  0.095656048113917  0.006537705020964  0.005299235654092  0.957935218222696  0.035476315692065  0.006896117158521  0.835087919428369  0.165052855126875  0.763658748980350  0.236514411681399  0.008161216897377  0.421323414751576  0.490389501994276 
12.0    I  0.011533706294397  0.000000000000000  0.000000000000000  0.000000000000000  0.021777769354492  0.010005936416639  0.000000000000000  0.041006601705999  0.000000000000000  0.842062953608416  0.033330805650993  0.000000000000000  0.000000000000000  0.000000000000000  0.000000000000000  0.000000000000000  0.011965296852300  0.028458432299749  0.000000000000000  0.000000000000000  0.982820598545251  0.017337023001060  0.000000000000000  0.488015880388112  0.511923450214221  1.000000000000000  0.000000000000000  0.008104843254419  0.466193243218416  0.487677730763821 
13.0    S  0.312299031413344  0.008584798574819  0.006185045827119  0.000000000000000  0.019640833976904  0.035574813408590  0.004587742075053  0.007080171392714  0.000000000000000  0.005391864661706  0.017725866952124  0.016413196000168  0.008298118644495  0.005013382412355  0.000000000000000  0.258636895379727  0.206326352128164  0.076097876166437  0.006172197748933  0.005990947889348  0.997922718999051  0.000000000000000  0.002355093413459  0.000000000000000  0.000000000000000  1.000000000000000  0.000000000000000  0.008121714337307  1.000000000000000  0.500000000000000 
14.0    A  0.382359069470692  0.000000000000000  0.000000000000000  0.000000000000000  0.000000000000000  0.567621051073032  0.000000000000000  0.000000000000000  0.000000000000000  0.000000000000000  0.000000000000000  0.000000000000000  0.000000000000000  0.000000000000000  0.013102627881890  0.036803837174843  0.000000000000000  0.000000000000000  0.000000000000000  0.000000000000000  1.000000000000000  0.000000000000000  0.000000000000000  0.000000000000000  0.000000000000000  0.000000000000000  1.000000000000000  0.008127345832203  1.000000000000000  0.500000000000000 
15.0    C  0.000000000000000  1.000000000000000  0.000000000000000  0.000000000000000  0.000000000000000  0.000000000000000  0.000000000000000  0.000000000000000  0.000000000000000  0.000000000000000  0.000000000000000  0.000000000000000  0.000000000000000  0.000000000000000  0.000000000000000  0.000000000000000  0.000000000000000  0.000000000000000  0.000000000000000  0.000000000000000  0.985549336939371  0.009718841041394  0.005013382412355  0.523042469896265  0.476979775273779  0.000000000000000  1.000000000000000  0.008127345832203  0.474671060475260  0.500000000000000 
16.0    S  0.437089310205187  0.000000000000000  0.011998517732048  0.005076324462717  0.000000000000000  0.019343598294335  0.005916665296394  0.000000000000000  0.000000000000000  0.005208197957387  0.005601387687562  0.019451159927846  0.005118724233822  0.023454360898662  0.000000000000000  0.329419987933535  0.111105335145821  0.021241066279793  0.000000000000000  0.000000000000000  0.906890328933143  0.010858736092518  0.082126976696836  1.000000000000000  0.000000000000000  0.000000000000000  1.000000000000000  0.008166875782853  0.483638164806966  0.486664687079119 
17.0    S  0.062803988776487  0.000000000000000  0.005362048559589  0.022844647631251  0.008408125974873  0.050871449066902  0.019928818619977  0.037188490509584  0.007309558576808  0.078291527414008  0.010583788886604  0.029056404456661  0.026811579075897  0.111028349480301  0.011735311929226  0.316219885588484  0.159541096103619  0.042042725266307  0.000000000000000  0.000000000000000  0.736113431084089  0.035206850890540  0.228457862557350  0.261158940716058  0.738669031791280  0.894404901782606  0.105696535922190  0.008728805766189  0.321524370857651  0.303969820795774 
18.0    G  0.061171353149840  0.000000000000000  0.033077637339848  0.030734439813320  0.044904380517002  0.042747978246953  0.016220926102235  0.056838015737546  0.047629525948118  0.094666644742311  0.036397924577139  0.097328086382708  0.070267432736164  0.073099229003247  0.015581738302376  0.081221191403465  0.154320325861692  0.033889919026346  0.009992074853730  0.000000000000000  0.866937563514687  0.022158438057492  0.111182374192237  0.377618146390706  0.622437117691085  0.797192476540536  0.202641279971327  0.008531410513638  0.465224828851508  0.148960321821756 
19.0    H  0.073353011142585  0.000000000000000  0.009271381231692  0.029056404456661  0.007763914791582  0.022051185053261  0.019750048413325  0.007572576694805  0.051545846788130  0.015071846634127  0.000000000000000  0.038340155539181  0.406126198178118  0.066292983835514  0.059087632296921  0.074894313833714  0.108668070011253  0.011033237534256  0.000000000000000  0.000000000000000  0.879039560911787  0.062154385542076  0.059046690062325  0.771640087529467  0.228457862557350  0.418993567333974  0.581157053759059  0.008127345832203  0.392292048948375  0.252437824399171 
20.0    K  0.041291825176821  0.000000000000000  0.038181034427297  0.038075320739850  0.006104124063846  0.009169126392823  0.029666941279704  0.018984949873516  0.064569649230258  0.048428495684948  0.000000000000000  0.015517070241204  0.513700719689482  0.015986522964601  0.006740166754239  0.053031743856619  0.064793818813733  0.022266212721075  0.000000000000000  0.013433695097547  0.762072415169885  0.227983291379942  0.010173782731008  0.201800268626191  0.798298386356650  0.476649272644080  0.523405140987288  0.008321157839011  0.187764990867616  0.271495464080574 
21.0    P  0.055016188347697  0.019143520811011  0.036221748497014  0.090621677054928  0.011406500083238  0.023324662239015  0.022702578899553  0.015250496262129  0.100133734698703  0.076309157041821  0.000000000000000  0.019223302261737  0.197647279150986  0.080325396091836  0.044873265956982  0.108743419088581  0.060245612983790  0.031141883213371  0.007546377569725  0.000000000000000  0.991029563264079  0.000000000000000  0.009017854824350  0.000000000000000  0.000000000000000  0.105696535922190  0.894404901782606  0.008043281901828  1.000000000000000  0.314689293376214 
22.0    P  0.042305821220389  0.000000000000000  0.011890885787807  0.060664654360597  0.005467132287481  0.000000000000000  0.032531924927628  0.035255691795516  0.056602123938614  0.064793818813733  0.016299821773904  0.020760715845258  0.316658563430804  0.089560103148319  0.011477879947487  0.041665583659100  0.139854637629464  0.048529304687565  0.000000000000000  0.005578140545645  0.974004268543241  0.011784219349114  0.013936383115939  0.401368694357977  0.598739352309464  0.649769531227720  0.350139080221801  0.008032139270751  0.414947292794991  0.311650298568774 
23.0    P  0.102592701101312  0.000000000000000  0.060580613558442  0.062978360025657  0.000000000000000  0.005399344556752  0.014598864795050  0.008361630456458  0.015124172295215  0.020235046857100  0.004638904945599  0.031055659166330  0.306296332976169  0.076627178753322  0.010664794670978  0.096521891636473  0.141610485661975  0.023373214974412  0.000000000000000  0.019464647118273  0.729004689408289  0.270743761381481  0.000000000000000  0.238655253534929  0.761544369851631  0.242995246995338  0.756808396484790  0.008183875992967  0.137929217505245  0.389312345530831 
24.0    E  0.090433430366908  0.000000000000000  0.091252000665908  0.098345305669196  0.000000000000000  0.013368672276291  0.005501344636375  0.000000000000000  0.043615961378818  0.017849160107009  0.000000000000000  0.052592467642836  0.168287508659598  0.177390419525048  0.000000000000000  0.104748391833494  0.081164912670618  0.055437269072009  0.000000000000000  0.000000000000000  0.928516852306729  0.022765611154656  0.048697786228781  0.503477775028359  0.496546247718518  0.148547888132117  0.851453707748945  0.008292368819920  0.434973676354325  0.348202870167259 
25.0    P  0.076946525834057  0.034101996157967  0.024723040662045  0.046166814486955  0.012464769372016  0.049138580758771  0.000000000000000  0.082354996983384  0.014792400488074  0.077535456107212  0.012630013575087  0.043164826504496  0.130308220105140  0.037240080455439  0.013955716443012  0.040246300922182  0.044749023162536  0.236350529187686  0.000000000000000  0.023163547028169  0.965267024871757  0.019600034445641  0.014823192424070  0.633317126861609  0.366783336041831  0.055207190717592  0.944747040997206  0.008578850107711  0.449066186441967  0.290175978595930 
26.0    D  0.042188687035086  0.000000000000000  0.281459646534191  0.076839929203411  0.000000000000000  0.022749836703111  0.006180760165511  0.000000000000000  0.101813445383777  0.020919613390288  0.000000000000000  0.110032376695394  0.026060345119530  0.157562923947873  0.013555291986751  0.063065727115293  0.051760666333409  0.025862400502444  0.000000000000000  0.000000000000000  0.951318276331799  0.024046987815013  0.024399577893981  0.297095776264233  0.702709350103360  0.706616821941365  0.293412044570338  0.008572905762338  0.456599125005996  0.264804583670969 
27.0    W  0.009011606289531  0.000000000000000  0.026314467300263  0.015345931175990  0.033539383949795  0.087231922757635  0.008525499039492  0.013470992890900  0.009840859218339  0.036829356494115  0.010635266535152  0.006315006787543  0.009985151275024  0.012327294388320  0.011461979251307  0.020746330599726  0.000000000000000  0.046070913040347  0.634195699662934  0.008269409334962  0.941478464541206  0.000000000000000  0.058395459180199  0.000000000000000  0.000000000000000  0.000000000000000  1.000000000000000  0.008212288352248  1.000000000000000  0.356753626429470 
28.0    S  0.043555538708983  0.000000000000000  0.036096430767300  0.078945453865362  0.011605882192663  0.034244117701490  0.070658160445287  0.008478354467827  0.061468879626641  0.032352028870043  0.017039183322895  0.024484287092167  0.019424213576624  0.315125847895746  0.083678453561153  0.088510964888409  0.044842172956459  0.009518830184962  0.000000000000000  0.020067434515460  0.959264119325264  0.022312562182579  0.018465805420849  0.365008002663630  0.635075491269395  0.408384495555011  0.591725510876286  0.008419790195654  0.429878243121503  0.263157788677360 
29.0    N  0.124481219136807  0.000000000000000  0.038660389958974  0.060120465916548  0.000000000000000  0.105403888781264  0.020717590004667  0.018827692421794  0.065199287095616  0.008543245761599  0.000000000000000  0.073149915092162  0.098277161517541  0.219607617059590  0.012149156810665  0.070511383591032  0.079549683454746  0.004866161779568  0.000000000000000  0.000000000000000  0.235206526878447  0.764718138941384  0.000000000000000  0.836246399914063  0.163912751776956  0.035772630018709  0.963929807740643  0.008425628372613  0.036906020669673  0.303759197976254 
30.0    T  0.072242919159675  0.000000000000000  0.000000000000000  0.048327896090957  0.005875795903862  0.034722147770472  0.000000000000000  0.014854048456716  0.119741902277837  0.150725978461345  0.017652300227658  0.007483868892365  0.040808118346529  0.262975444800968  0.115984184558910  0.057471877884479  0.019518689463334  0.011565728890625  0.000000000000000  0.020039634418160  0.978741650397436  0.021108970070869  0.000000000000000  0.246216610723888  0.753667454779191  0.589269703905841  0.410655350376033  0.007720981652349  0.437999157533563  0.309283119671793 
31.0    V  0.099511012347347  0.000000000000000  0.040274207202657  0.128514228332008  0.009558500321343  0.020179021098474  0.024348893114391  0.048799155787962  0.029831906691866  0.024113752735296  0.010746420454217  0.025988190574216  0.000000000000000  0.225625181865607  0.070121467533155  0.044132950137024  0.048596627242660  0.135747732040287  0.000000000000000  0.013926726498390  0.993092495437036  0.006638164055771  0.000000000000000  0.500000000000000  0.500000000000000  0.244515868361835  0.755236292781413  0.007401328676557  0.495858365369147  0.404160434402784 
32.0    P  0.082698214994258  0.000000000000000  0.019586453444386  0.080772051914843  0.000000000000000  0.005754873772721  0.037943590137345  0.015876095984277  0.061682284117865  0.019832357594059  0.013715965587649  0.017493951385222  0.205612517178116  0.185565446328631  0.087716982877442  0.053586002289636  0.059292769696278  0.033702513490452  0.000000000000000  0.019103754338939  1.000000000000000  0.000000000000000  0.000000000000000  0.000000000000000  0.000000000000000  0.000000000000000  1.000000000000000  0.007427024228358  1.000000000000000  0.427501088945986 
33.0    V  0.029096713119695  0.000000000000000  0.000000000000000  0.007099829034754  0.015625000000000  0.010709240663904  0.000000000000000  0.178129701768598  0.000000000000000  0.386623168727659  0.044625124365158  0.000000000000000  0.007976657232087  0.000000000000000  0.013592927386073  0.000000000000000  0.049962864397030  0.256494536334285  0.000000000000000  0.000000000000000  1.000000000000000  0.000000000000000  0.000000000000000  0.000000000000000  0.000000000000000  0.000000000000000  1.000000000000000  0.007427024228358  1.000000000000000  0.427501088945986 
34.0    N  0.131578894338680  0.000000000000000  0.020277168233425  0.070903467808497  0.000000000000000  0.014598864795050  0.005953690743515  0.000000000000000  0.077160162930846  0.018581361171918  0.010068551800664  0.389852421305662  0.010620533139896  0.083852639055141  0.015931213796847  0.087352935740692  0.039912929974856  0.007976657232087  0.000000000000000  0.015441963304699  0.914465089499901  0.082013203411998  0.003496191683312  0.426317445883978  0.573553512113083  0.288971676638700  0.711038705293637  0.007427024228358  0.371903440608626  0.427501088945986 
35.0    K  0.067920928907879  0.000000000000000  0.017157700215423  0.033702513490452  0.000000000000000  0.029157280985525  0.014487977288054  0.000000000000000  0.154106540682976  0.005222658185176  0.000000000000000  0.052446852319159  0.080772051914843  0.169928530238342  0.057035343033966  0.135559676105383  0.170991912987811  0.011678509754960  0.000000000000000  0.000000000000000  1.000000000000000  0.000000000000000  0.000000000000000  0.000000000000000  0.000000000000000  0.664342907048256  0.335643125695066  0.006172197748933  1.000000000000000  0.441657525740733 
36.0    T  0.072695002596741  0.000000000000000  0.013763583970734  0.019859870145401  0.025844480263852  0.004533999665561  0.018048215383650  0.250346813927834  0.005030787615273  0.242995246995338  0.006758880395195  0.021582413252248  0.013687473672924  0.104675810938553  0.007921558435860  0.066109435226152  0.084787770465479  0.041377778449856  0.000000000000000  0.000000000000000  1.000000000000000  0.000000000000000  0.000000000000000  0.000000000000000  0.000000000000000  0.656105627295980  0.344123900397674  0.006163647194160  1.000000000000000  0.485653747770817 
37.0    I  0.042101049277053  0.000000000000000  0.140632310586101  0.058760887656820  0.000000000000000  0.015843116871719  0.009387781636929  0.096455010941183  0.068203992315933  0.091632297324326  0.060162152693859  0.045029054651185  0.000000000000000  0.097395572457562  0.043676467870346  0.079439480581604  0.072745408400134  0.061044283060139  0.010005936416639  0.007483868892365  0.961260928388761  0.000000000000000  0.038714021805747  0.000000000000000  0.000000000000000  1.000000000000000  0.000000000000000  0.006180760165511  1.000000000000000  0.500000000000000 
38.0    P  0.074946244611945  0.000000000000000  0.073200636326176  0.012370091654239  0.000000000000000  0.068630800861691  0.096722812096399  0.057551606075315  0.028795755818709  0.022971677131079  0.037188490509584  0.076362068854594  0.167937928215162  0.124394965227510  0.028596849003998  0.068203992315933  0.040386025957422  0.021747599872361  0.000000000000000  0.000000000000000  0.995849753094458  0.004128976720943  0.000000000000000  1.000000000000000  0.000000000000000  1.000000000000000  0.000000000000000  0.006656594492772  0.498615625676035  0.361733721467631 
39.0    V  0.061171353149840  0.000000000000000  0.022781396544009  0.000000000000000  0.108894274017782  0.000000000000000  0.000000000000000  0.006249688502600  0.000000000000000  0.011033237534256  0.009118422670457  0.017948411796829  0.000000000000000  0.058638824781292  0.000000000000000  0.010481579881893  0.019887420863687  0.071248329543341  0.354289349127054  0.248273123859259  1.000000000000000  0.000000000000000  0.000000000000000  0.000000000000000  0.000000000000000  0.000000000000000  0.000000000000000  0.006403160997168  1.000000000000000  1.000000000000000 
40.0    D  0.036676505571292  0.013592927386073  0.045657636829552  0.238986329398436  0.005750886180344  0.012301687133894  0.010843693117309  0.000000000000000  0.051331918797004  0.000000000000000  0.000000000000000  0.007976657232087  0.000000000000000  0.345797657252741  0.084202098554106  0.076097876166437  0.046941247716904  0.013257935964155  0.010664794670978  0.000000000000000  1.000000000000000  0.000000000000000  0.000000000000000  0.000000000000000  0.000000000000000  0.000000000000000  0.000000000000000  0.006592310907266  1.000000000000000  1.000000000000000 
41.0    T  0.144686277123765  0.007877753553864  0.000000000000000  0.000000000000000  0.033077637339848  0.000000000000000  0.000000000000000  0.141512362763834  0.010746420454217  0.331251754261302  0.018879966302968  0.010746420454217  0.000000000000000  0.000000000000000  0.000000000000000  0.009303569135664  0.170636714735646  0.079164640857701  0.042013593567270  0.000000000000000  1.000000000000000  0.000000000000000  0.000000000000000  0.000000000000000  0.000000000000000  0.000000000000000  0.000000000000000  0.006624374723696  1.000000000000000  1.000000000000000 
42.0    Q  0.057751410777926  0.000000000000000  0.049480366616954  0.074894313833714  0.000000000000000  0.019586453444386  0.007949060094552  0.014121136355486  0.104893704638318  0.012877532577394  0.000000000000000  0.089064850884299  0.000000000000000  0.161768206810357  0.168287508659598  0.115262889739079  0.103449602009776  0.020731955321831  0.000000000000000  0.000000000000000  0.957271458195298  0.042570563582515  0.000000000000000  0.386355274823994  0.613867841957530  0.000000000000000  0.000000000000000  0.008161216897377  0.407253781535108  1.000000000000000 
43.0    G  0.012123919598045  0.000000000000000  0.000000000000000  0.010330114102676  0.000000000000000  0.883927531063671  0.000000000000000  0.000000000000000  0.000000000000000  0.000000000000000  0.000000000000000  0.000000000000000  0.014170161389580  0.000000000000000  0.046941247716904  0.017579038823263  0.000000000000000  0.014926295880976  0.000000000000000  0.000000000000000  1.000000000000000  0.000000000000000  0.000000000000000  0.000000000000000  0.000000000000000  0.000000000000000  0.000000000000000  0.009413846210897  1.000000000000000  1.000000000000000 
44.0    G  0.139660892259028  0.054071043161562  0.016561762240583  0.000000000000000  0.012157580883678  0.074998211398326  0.000000000000000  0.000000000000000  0.335410556220565  0.036021448337465  0.000000000000000  0.013285533751003  0.000000000000000  0.136219014026666  0.096924150793376  0.071446145963377  0.000000000000000  0.013294745773540  0.000000000000000  0.000000000000000  1.000000000000000  0.000000000000000  0.000000000000000  0.000000000000000  0.000000000000000  0.000000000000000  0.000000000000000  0.010972225591703  1.000000000000000  1.000000000000000 
45.0    A  0.131487722400484  0.000000000000000  0.024705909893873  0.018338252785646  0.000000000000000  0.044316876114983  0.000000000000000  0.189858961226816  0.067639040282857  0.120658378108970  0.073965688859536  0.000000000000000  0.000000000000000  0.000000000000000  0.047071577082307  0.036196650193583  0.020631606890859  0.225156494961982  0.000000000000000  0.000000000000000  1.000000000000000  0.000000000000000  0.000000000000000  0.000000000000000  0.000000000000000  0.000000000000000  0.000000000000000  0.016458766186794  1.000000000000000  1.000000000000000 
46.0    N  0.000000000000000  0.000000000000000  0.000000000000000  0.000000000000000  0.000000000000000  0.000000000000000  0.000000000000000  0.000000000000000  0.067078767899591  0.000000000000000  0.000000000000000  0.466516495768404  0.000000000000000  0.125520942904872  0.000000000000000  0.106284270008024  0.079164640857701  0.000000000000000  0.000000000000000  0.155393708612992  1.000000000000000  0.000000000000000  0.000000000000000  0.000000000000000  0.000000000000000  0.000000000000000  0.000000000000000  0.078563335907614  1.000000000000000  1.000000000000000 
47.0    E  0.000000000000000  0.000000000000000  0.000000000000000  1.000000000000000  0.000000000000000  0.000000000000000  0.000000000000000  0.000000000000000  0.000000000000000  0.000000000000000  0.000000000000000  0.000000000000000  0.000000000000000  0.000000000000000  0.000000000000000  0.000000000000000  0.000000000000000  0.000000000000000  0.000000000000000  0.000000000000000  1.000000000000000  0.000000000000000  0.000000000000000  0.000000000000000  0.000000000000000  0.000000000000000  0.000000000000000  0.500000000000000  1.000000000000000  1.000000000000000 
48.0    S  0.000000000000000  0.000000000000000  0.000000000000000  0.000000000000000  0.000000000000000  0.000000000000000  0.000000000000000  0.000000000000000  0.000000000000000  0.000000000000000  0.000000000000000  0.000000000000000  0.000000000000000  0.000000000000000  0.000000000000000  1.000000000000000  0.000000000000000  0.000000000000000  0.000000000000000  0.000000000000000  1.000000000000000  0.000000000000000  0.000000000000000  1.000000000000000  0.000000000000000  0.000000000000000  0.000000000000000  0.500000000000000  1.000000000000000  1.000000000000000 
