No:  residues  hmm_col_1  hmm_col_2  hmm_col_3  hmm_col_4  hmm_col_5  hmm_col_6  hmm_col_7  hmm_col_8  hmm_col_9  hmm_col_10  hmm_col_11  hmm_col_12  hmm_col_13  hmm_col_14  hmm_col_15  hmm_col_16  hmm_col_17  hmm_col_18  hmm_col_19  hmm_col_20  hmm_col_21   hmm_col_22   hmm_col_23   hmm_col_24   hmm_col_25   hmm_col_26   hmm_col_27   hmm_col_28   hmm_col_29   hmm_col_30   
1.0    M  0.000000000000000  0.000000000000000  0.000000000000000  0.000000000000000  0.000000000000000  0.000000000000000  0.000000000000000  0.000000000000000  0.000000000000000  0.000000000000000  1.000000000000000  0.000000000000000  0.000000000000000  0.000000000000000  0.000000000000000  0.000000000000000  0.000000000000000  0.000000000000000  0.000000000000000  0.000000000000000  0.232773704957557  0.272626933166314  0.494828328207603  0.527411158534031  0.472373520498603  0.000000000000000  0.000000000000000  0.084670311092835  0.454074208860755  1.000000000000000 
2.0    S  0.000000000000000  0.000000000000000  0.000000000000000  0.068821349881123  0.000000000000000  0.000000000000000  0.000000000000000  0.000000000000000  0.097869287032068  0.000000000000000  0.000000000000000  0.252088113723649  0.000000000000000  0.000000000000000  0.109272327551297  0.358240412593275  0.113912660079643  0.000000000000000  0.000000000000000  0.000000000000000  1.000000000000000  0.000000000000000  0.000000000000000  0.000000000000000  0.000000000000000  0.000000000000000  1.000000000000000  0.152195752332873  1.000000000000000  0.428390977384285 
3.0    S  0.000000000000000  0.000000000000000  0.000000000000000  0.115023456328109  0.000000000000000  0.000000000000000  0.000000000000000  0.301660979930191  0.000000000000000  0.000000000000000  0.000000000000000  0.000000000000000  0.000000000000000  0.223136742868244  0.000000000000000  0.198058702731242  0.064168096607500  0.097869287032068  0.000000000000000  0.000000000000000  0.125260200634954  0.874784764905822  0.000000000000000  0.477310507069858  0.522680050102582  0.244515868361835  0.755236292781413  0.152195752332873  0.371645746107754  0.428390977384285 
4.0    E  0.000000000000000  0.000000000000000  0.331941289595609  0.193043783272946  0.043585739573450  0.087231922757635  0.000000000000000  0.010858736092518  0.000000000000000  0.040638754579640  0.097328086382708  0.047038960856596  0.000000000000000  0.000000000000000  0.008795613954193  0.000000000000000  0.008692579067069  0.066384949155961  0.000000000000000  0.064524908467703  1.000000000000000  0.000000000000000  0.000000000000000  1.000000000000000  0.000000000000000  0.000000000000000  1.000000000000000  0.049275010878517  0.500000000000000  0.445964259710046 
5.0    K  0.000000000000000  0.000000000000000  0.014268722656437  0.000000000000000  0.016550286479436  0.010591127553125  0.000000000000000  0.018504243935213  0.016209686508838  0.117277649562584  0.228616272374975  0.015733680469636  0.035451733904249  0.000000000000000  0.016288527513143  0.000000000000000  0.000000000000000  0.000000000000000  0.000000000000000  0.510506062853597  0.881480157907170  0.118257205840699  0.000000000000000  0.365261094636419  0.634635443009902  0.160094982666221  0.839731492944140  0.039637231228933  0.408384495555011  0.445964259710046 
6.0    E  0.011202775375124  0.000000000000000  0.337041932934264  0.083331167318200  0.003183876298448  0.035280137650192  0.007604135735611  0.000000000000000  0.037603219562484  0.015103220266640  0.000000000000000  0.054636163775648  0.059746582349609  0.027469986278493  0.007345110957103  0.102592701101312  0.202781788894261  0.007355300504228  0.000000000000000  0.007694269085121  0.921464186198704  0.078291527414008  0.000000000000000  0.365261094636419  0.634635443009902  1.000000000000000  0.000000000000000  0.036625696364829  0.405563577788521  0.455019412040450 
7.0    Y  0.000000000000000  0.000000000000000  0.000000000000000  0.018010724168732  0.023324662239015  0.000000000000000  0.000000000000000  0.010554485035435  0.000000000000000  0.000000000000000  0.000000000000000  0.000000000000000  0.000000000000000  0.000000000000000  0.000000000000000  0.000000000000000  0.000000000000000  0.000000000000000  0.000000000000000  0.948026965128645  1.000000000000000  0.000000000000000  0.000000000000000  0.000000000000000  0.000000000000000  0.000000000000000  0.000000000000000  0.031380235726218  1.000000000000000  1.000000000000000 
8.0    V  0.010496120513448  0.000000000000000  0.211539649150072  0.339151081861918  0.013527133836245  0.010642640895629  0.007314626933082  0.024843289092155  0.040949793870574  0.043434944370073  0.010409178321031  0.073353011142585  0.026114592466308  0.058801631719612  0.000000000000000  0.077858588473092  0.014823192424070  0.005957818958032  0.000000000000000  0.030841142058933  0.992404374685819  0.007927051145163  0.000000000000000  0.655651007107824  0.344362511595784  0.000000000000000  0.000000000000000  0.031445556984306  0.497235084336607  1.000000000000000 
9.0    E  0.081616236693057  0.000000000000000  0.106949378210325  0.361984543094890  0.000000000000000  0.008478354467827  0.006180760165511  0.000000000000000  0.122682382981685  0.032173127607312  0.029914733068603  0.043980261728919  0.002829965145615  0.045847917005229  0.000000000000000  0.069588851139293  0.028478165019911  0.014538275901610  0.017445515030978  0.027489033622576  0.990342871933025  0.009875024206663  0.000000000000000  0.629814989973700  0.370103324500012  0.000000000000000  0.000000000000000  0.031445556984306  0.492092011016900  1.000000000000000 
10.0    M  0.048428495684948  0.000000000000000  0.000000000000000  0.000000000000000  0.006857982793824  0.008692579067069  0.000000000000000  0.021597378227009  0.010510681316577  0.707597080163328  0.119162318161020  0.000000000000000  0.000000000000000  0.031034140482407  0.000000000000000  0.046007089442756  0.000000000000000  0.000000000000000  0.000000000000000  0.000000000000000  1.000000000000000  0.000000000000000  0.000000000000000  0.000000000000000  0.000000000000000  0.000000000000000  0.000000000000000  0.031401994388243  1.000000000000000  1.000000000000000 
11.0    L  0.000000000000000  0.000000000000000  0.000000000000000  0.000000000000000  0.000000000000000  0.000000000000000  0.000000000000000  0.000000000000000  0.000000000000000  0.950659101229818  0.000000000000000  0.000000000000000  0.008496003053554  0.000000000000000  0.000000000000000  0.000000000000000  0.014957366534302  0.025630403474898  0.000000000000000  0.000000000000000  1.000000000000000  0.000000000000000  0.000000000000000  0.000000000000000  0.000000000000000  0.000000000000000  0.000000000000000  0.031401994388243  1.000000000000000  1.000000000000000 
12.0    D  0.016333751565706  0.000000000000000  0.263157788677360  0.190122344155126  0.000000000000000  0.044071811265137  0.016053147490296  0.002538162231358  0.090558884659680  0.000000000000000  0.000000000000000  0.125520942904872  0.000000000000000  0.042955896736626  0.038714021805747  0.079384436408674  0.075677067746910  0.000000000000000  0.000000000000000  0.014957366534302  1.000000000000000  0.000000000000000  0.000000000000000  0.000000000000000  0.000000000000000  0.000000000000000  0.000000000000000  0.031401994388243  1.000000000000000  1.000000000000000 
13.0    R  0.004382591720822  0.008344261000374  0.015324671937321  0.007758535120602  0.000000000000000  0.000000000000000  0.003647187284825  0.010672189505894  0.115903818304433  0.008298118644495  0.015920174947136  0.038526635170744  0.000000000000000  0.009329399899020  0.745872013345733  0.000000000000000  0.016120049676584  0.000000000000000  0.000000000000000  0.000000000000000  1.000000000000000  0.000000000000000  0.000000000000000  0.000000000000000  0.000000000000000  0.000000000000000  0.000000000000000  0.028419007868773  1.000000000000000  1.000000000000000 
14.0    L  0.361232599480881  0.000000000000000  0.000000000000000  0.000000000000000  0.086449414313185  0.034482304376311  0.000000000000000  0.150830489965095  0.000000000000000  0.095061172077563  0.000000000000000  0.012081974022739  0.015282241772615  0.000000000000000  0.000000000000000  0.022608357591727  0.000000000000000  0.221902834317374  0.000000000000000  0.000000000000000  1.000000000000000  0.000000000000000  0.000000000000000  0.000000000000000  0.000000000000000  0.000000000000000  0.000000000000000  0.027167017502813  1.000000000000000  1.000000000000000 
15.0    Y  0.000000000000000  0.000000000000000  0.000000000000000  0.023947186878247  0.316878130508606  0.000000000000000  0.004600479646855  0.092141826080694  0.032307210507749  0.082469244423306  0.076150641479699  0.007556846325109  0.000000000000000  0.024180703024100  0.035206850890540  0.010308655552913  0.036271997324491  0.024097044146999  0.000000000000000  0.233905874457850  0.965936328924846  0.000000000000000  0.034007576302213  0.000000000000000  0.000000000000000  0.000000000000000  0.000000000000000  0.027167017502813  1.000000000000000  1.000000000000000 
16.0    S  0.082070070339009  0.000000000000000  0.117440343651751  0.141022767182064  0.006249688502600  0.039281667953807  0.027412923397901  0.016746460352130  0.098073012237094  0.025190088484155  0.008076802626937  0.107992273425035  0.000000000000000  0.055784185717061  0.014895289770127  0.132127255070173  0.082070070339009  0.045499673406221  0.000000000000000  0.000000000000000  0.978741650397436  0.002814315915699  0.018350968300213  0.796088098778780  0.203768083100656  0.760489376620505  0.239317864548824  0.027355979052946  0.469761374607006  0.462652214018926 
17.0    K  0.046359216682535  0.000000000000000  0.021285281791258  0.109956134490304  0.010503398391817  0.012191335627714  0.007223931860263  0.167937928215162  0.130851285246822  0.130579470358029  0.031554728049896  0.091886708524315  0.000000000000000  0.085614561247848  0.054598305994793  0.022374511581268  0.020305297850866  0.056916864599499  0.000000000000000  0.000000000000000  0.993781093322555  0.006394290481178  0.000000000000000  0.250000000000000  0.750019494642909  0.669427628489221  0.330563651285644  0.027565355162412  0.497579860910041  0.474342157570227 
18.0    L  0.008071206153782  0.008425628372613  0.000000000000000  0.000000000000000  0.014278616409834  0.000000000000000  0.000000000000000  0.167821562847533  0.021418481327808  0.550952557938305  0.065018766657624  0.008986655416802  0.000000000000000  0.000000000000000  0.000000000000000  0.016515906883772  0.037085524926767  0.101601950248040  0.000000000000000  0.000000000000000  0.827023368443266  0.163572258931876  0.009518830184962  0.252612861621691  0.747424624317469  0.000000000000000  1.000000000000000  0.026534257701464  0.333093706273005  0.495171435966512 
19.0    P  0.013773127467300  0.000000000000000  0.000000000000000  0.009786440926751  0.000000000000000  0.024450368179266  0.023519480428298  0.000000000000000  0.063901783163120  0.011743449047387  0.020588749245846  0.072042896674929  0.584793832025974  0.022343515411901  0.069444295540943  0.038366740122346  0.037162722343835  0.005172222306232  0.000000000000000  0.002970661627424  0.964598184584138  0.013048248741068  0.022671128247409  0.250000000000000  0.750019494642909  0.000000000000000  1.000000000000000  0.025862400502444  0.489031736723670  0.480630464194381 
20.0    E  0.057711394420587  0.000000000000000  0.246900215361343  0.307146745111412  0.000000000000000  0.005719084749788  0.000000000000000  0.008602668735140  0.105696535922190  0.003083960494924  0.000000000000000  0.006202218210404  0.046811279200756  0.011727180449331  0.082297932628703  0.087534770055450  0.013202912256446  0.017397212784823  0.000000000000000  0.000000000000000  0.922742492653798  0.058598193528569  0.018555619782397  0.328280281356038  0.671751712860648  0.540737381741809  0.459138081150462  0.026681803574726  0.416387885440275  0.453130969133667 
21.0    K  0.014608987464866  0.000000000000000  0.059169601952295  0.080381092714413  0.005122273493030  0.019011286853657  0.044563303667629  0.043737058299850  0.120658378108970  0.143189737247470  0.041579032533771  0.118667765118815  0.016642315678022  0.012665079998208  0.084729020425000  0.071198961076382  0.029502888098445  0.051724801004888  0.000000000000000  0.042896388476716  0.898132372883934  0.072192861534599  0.029873291174804  0.502083771619487  0.497924876547229  0.138024855895387  0.862143545017596  0.026060345119530  0.425431864753270  0.457549584063964 
22.0    G  0.113676031475092  0.000000000000000  0.037525107108913  0.048294409352999  0.000000000000000  0.016311123865964  0.000000000000000  0.070658160445287  0.064524908467703  0.059375023929680  0.003296155453633  0.125347054487635  0.025630403474898  0.023503183615448  0.050240686921447  0.145188591490715  0.072997962163320  0.143388378028271  0.000000000000000  0.000000000000000  0.699792932797598  0.275667290767228  0.024603374267788  0.568802613936252  0.431071772508798  0.690637224071928  0.309497572709361  0.027016788478371  0.254546299941155  0.429878243121503 
23.0    R  0.071001829049168  0.018389167769043  0.177267504459932  0.055322110286222  0.070462525759089  0.207186226121998  0.009374776424791  0.004024429506328  0.057591511637419  0.026042287723726  0.000000000000000  0.019117000642685  0.016075417310837  0.035182455816774  0.034939432842683  0.095061172077563  0.052410511527558  0.042541066140609  0.004074955443476  0.003974530047276  0.944747040997206  0.021270533070304  0.033984012214215  0.314253343630457  0.685866644295299  0.422786143688758  0.577142708758419  0.023454360898662  0.477641468191219  0.448755025333631 
24.0    K  0.036727385263118  0.000000000000000  0.098755163982922  0.221749076288037  0.014219356626264  0.067171823303469  0.014052786127309  0.008519591661447  0.080381092714413  0.005418089723169  0.020389921057640  0.018984949873516  0.111878133865997  0.047927583114784  0.027091798859834  0.142299253634360  0.075310769687174  0.009245711107442  0.000000000000000  0.000000000000000  0.969961910341735  0.029894004940371  0.000000000000000  1.000000000000000  0.000000000000000  1.000000000000000  0.000000000000000  0.021344379011787  0.470087101254563  0.432268615653933 
25.0    E  0.050485048600601  0.019077289260455  0.057751410777926  0.079329430376238  0.097801472717064  0.067451764781527  0.010047636589302  0.011233879162867  0.138984894689638  0.024416496255385  0.009017854824350  0.054939972556987  0.009061716050824  0.040723348417603  0.067451764781527  0.126131454230585  0.075310769687174  0.025665959398502  0.000000000000000  0.035085044439800  0.923382310729395  0.076468002570742  0.000000000000000  0.735603372927869  0.264621098718783  0.000000000000000  0.000000000000000  0.020890632740705  0.396117405462485  1.000000000000000 
26.0    G  0.026681803574726  0.006262697885933  0.059251685320540  0.135559676105383  0.010686994561738  0.037917298757772  0.009226505167418  0.007905103133023  0.113204247877228  0.000000000000000  0.000000000000000  0.036524289017539  0.032173127607312  0.017003788151106  0.082640912821411  0.051724801004888  0.049343367918785  0.012482061194518  0.000000000000000  0.311434353892368  1.000000000000000  0.000000000000000  0.000000000000000  0.000000000000000  0.000000000000000  1.000000000000000  0.000000000000000  0.023340835267380  1.000000000000000  0.500000000000000 
27.0    T  0.011319860582460  0.000000000000000  0.005999258866024  0.013193763865997  0.000000000000000  0.003237284783156  0.000000000000000  0.010467059393968  0.117358968414432  0.000000000000000  0.000000000000000  0.011541703621739  0.003632050557083  0.005101014793316  0.755236292781413  0.025970183174801  0.015668381810954  0.021522656974737  0.000000000000000  0.000000000000000  0.979420297586927  0.020277168233425  0.000000000000000  1.000000000000000  0.000000000000000  0.000000000000000  0.000000000000000  0.023389421668636  0.471719125447680  1.000000000000000 
28.0    Q  0.016153605253874  0.000000000000000  0.000000000000000  0.000000000000000  0.277392368016961  0.000000000000000  0.007905103133023  0.033192474577980  0.015071846634127  0.089064850884299  0.007218926347241  0.019915009801863  0.000000000000000  0.032577055026285  0.006528648116577  0.000000000000000  0.044811101500495  0.000000000000000  0.034674046002120  0.415522930796824  0.976708528962227  0.014558444207887  0.008710673583810  0.333324669272800  0.666649338545599  0.000000000000000  0.000000000000000  0.023389421668636  0.478304079045937  1.000000000000000 
29.0    S  0.013433695097547  0.005539609514373  0.015019702006074  0.145390005193481  0.000000000000000  0.000000000000000  0.000000000000000  0.041550222130679  0.404440674180870  0.022204563174709  0.000000000000000  0.028164076956588  0.000000000000000  0.062847536274904  0.035085044439800  0.053846634982001  0.069492447344819  0.092718433365070  0.000000000000000  0.010394758133443  1.000000000000000  0.000000000000000  0.000000000000000  0.000000000000000  0.000000000000000  1.000000000000000  0.000000000000000  0.023405639600378  1.000000000000000  0.487002134271620 
30.0    L  0.000000000000000  0.000000000000000  0.000000000000000  0.000000000000000  0.000000000000000  0.000000000000000  0.000000000000000  0.234880687303503  0.000000000000000  0.154427329640866  0.413798408039103  0.006787048321489  0.020847237026215  0.000000000000000  0.005013382412355  0.011589804170634  0.017349044275447  0.129228842030996  0.000000000000000  0.005900283537355  0.986916545885842  0.000000000000000  0.013129902378645  0.000000000000000  0.000000000000000  0.000000000000000  0.000000000000000  0.023389421668636  1.000000000000000  1.000000000000000 
31.0    P  0.012994095287108  0.004568701812703  0.000000000000000  0.067078767899591  0.000000000000000  0.000000000000000  0.003554839156566  0.012612516789137  0.084435880283477  0.014013877494719  0.012065236454559  0.000000000000000  0.691595314505482  0.008875228631146  0.033469713224733  0.005582008358364  0.000000000000000  0.023601134149419  0.014782150730087  0.010569126805080  0.989656656415207  0.000000000000000  0.010223266183242  0.000000000000000  0.000000000000000  1.000000000000000  0.000000000000000  0.023601134149419  1.000000000000000  0.482968164462423 
32.0    N  0.040695130924032  0.002570028369197  0.068203992315933  0.082354996983384  0.007796271242180  0.005543450610158  0.016220926102235  0.011202775375124  0.163685677885446  0.021672358892678  0.000000000000000  0.017812082385835  0.246046005508450  0.026534257701464  0.153042049050026  0.024877753086837  0.043495199744722  0.068062313458507  0.000000000000000  0.000000000000000  1.000000000000000  0.000000000000000  0.000000000000000  0.000000000000000  0.000000000000000  1.000000000000000  0.000000000000000  0.023470623858452  1.000000000000000  0.488015880388112 
33.0    M  0.093298648956060  0.000000000000000  0.000000000000000  0.000000000000000  0.005883947135288  0.002905495629755  0.000000000000000  0.123964591342287  0.000000000000000  0.233096621609208  0.043404847992660  0.000000000000000  0.428985265214345  0.000000000000000  0.000000000000000  0.004126115724031  0.000000000000000  0.064524908467703  0.000000000000000  0.000000000000000  0.988285651500733  0.000000000000000  0.011509747545441  0.000000000000000  0.000000000000000  0.000000000000000  0.000000000000000  0.023324662239015  1.000000000000000  1.000000000000000 
34.0    I  0.011390698272005  0.002263859281063  0.070609200910633  0.118832387653727  0.003476858333018  0.000000000000000  0.011430243911753  0.119410367047805  0.095259051896236  0.019750048413325  0.015420571029466  0.011767894270577  0.000000000000000  0.344362511595784  0.036196650193583  0.031730190652170  0.018710604759671  0.072594295745358  0.000000000000000  0.016898043179432  1.000000000000000  0.000000000000000  0.000000000000000  0.000000000000000  0.000000000000000  1.000000000000000  0.000000000000000  0.023601134149419  1.000000000000000  0.486664687079119 
35.0    I  0.116225617826645  0.033054717613076  0.000000000000000  0.000000000000000  0.000000000000000  0.033655824256033  0.003778423162554  0.152195752332873  0.000000000000000  0.095523532547823  0.005395603313062  0.000000000000000  0.019037660369925  0.000000000000000  0.000000000000000  0.088082547196376  0.084494427064258  0.368567304322775  0.000000000000000  0.000000000000000  1.000000000000000  0.000000000000000  0.000000000000000  0.000000000000000  0.000000000000000  0.000000000000000  0.000000000000000  0.023324662239015  1.000000000000000  1.000000000000000 
36.0    L  0.038048938083218  0.000000000000000  0.017603425445270  0.063857505169644  0.053883971563600  0.008004350179944  0.008912216530222  0.042688758023575  0.311002913324617  0.115183023274838  0.053586002289636  0.000000000000000  0.000000000000000  0.077106698113094  0.057911753868148  0.018801609781242  0.032352028870043  0.082013203411998  0.007447644885064  0.011759740214149  0.992404374685819  0.007546377569725  0.000000000000000  0.500000000000000  0.500000000000000  0.000000000000000  0.000000000000000  0.023324662239015  0.493800430722686  1.000000000000000 
37.0    N  0.015549370653439  0.000000000000000  0.009806812431896  0.006163647194160  0.007463147940488  0.000000000000000  0.010452559021767  0.226565484566834  0.093492859897649  0.015986522964601  0.000000000000000  0.024365776331604  0.002997550968752  0.037943590137345  0.255253031426798  0.035036439938391  0.040218413978165  0.164367845025634  0.017493951385222  0.036829356494115  1.000000000000000  0.000000000000000  0.000000000000000  0.000000000000000  0.000000000000000  0.000000000000000  0.000000000000000  0.023357019509921  1.000000000000000  1.000000000000000 
38.0    I  0.012031830847439  0.000000000000000  0.064390872101255  0.573951206927501  0.000000000000000  0.000000000000000  0.023781771575615  0.053363607149453  0.022734073181793  0.020746330599726  0.022281651833815  0.009806812431896  0.011485838565539  0.055475708579344  0.020361674208801  0.007530701622974  0.005863590224666  0.095988141856381  0.000000000000000  0.000000000000000  1.000000000000000  0.000000000000000  0.000000000000000  0.000000000000000  0.000000000000000  0.000000000000000  0.000000000000000  0.023357019509921  1.000000000000000  1.000000000000000 
39.0    G  0.016176014435022  0.000000000000000  0.000000000000000  0.010237448467643  0.000000000000000  0.894404901782606  0.000000000000000  0.000000000000000  0.017397212784823  0.000000000000000  0.000000000000000  0.007406460665068  0.021241066279793  0.000000000000000  0.000000000000000  0.032986053676186  0.000000000000000  0.000000000000000  0.000000000000000  0.000000000000000  0.936272247434492  0.058072542140682  0.005620834296917  0.519069635271529  0.480963727332387  0.000000000000000  0.000000000000000  0.023357019509921  0.398320048142791  1.000000000000000 
40.0    N  0.038128140946007  0.004749528449934  0.004325252283142  0.006358931133363  0.000000000000000  0.017349044275447  0.000000000000000  0.000000000000000  0.325561047392257  0.000000000000000  0.000000000000000  0.168988854128516  0.022624033943431  0.033469713224733  0.171229122495696  0.088633752229966  0.109575715164504  0.000000000000000  0.000000000000000  0.009112104451472  0.453445164466571  0.546767728742316  0.000000000000000  0.365514362100008  0.634635443009902  1.000000000000000  0.000000000000000  0.023470623858452  0.094339123032535  0.495171435966512 
41.0    T  0.020489093972119  0.000000000000000  0.000000000000000  0.000000000000000  0.055207190717592  0.000000000000000  0.006323767316777  0.011882646509695  0.629378586752429  0.011485838565539  0.004013286872574  0.010964622859680  0.000000000000000  0.023584780758134  0.148444958259176  0.012352954946937  0.055977854380678  0.009847682746742  0.000000000000000  0.000000000000000  1.000000000000000  0.000000000000000  0.000000000000000  0.000000000000000  0.000000000000000  0.000000000000000  0.000000000000000  0.023357019509921  1.000000000000000  1.000000000000000 
42.0    T  0.003235041645838  0.014437852694482  0.000000000000000  0.000000000000000  0.023243965038039  0.000000000000000  0.000000000000000  0.017676788481967  0.000000000000000  0.000000000000000  0.000000000000000  0.000000000000000  0.000000000000000  0.000000000000000  0.000000000000000  0.022127741222102  0.871758239537062  0.047563543151230  0.000000000000000  0.000000000000000  1.000000000000000  0.000000000000000  0.000000000000000  0.000000000000000  0.000000000000000  0.000000000000000  0.000000000000000  0.023357019509921  1.000000000000000  1.000000000000000 
43.0    I  0.061511501377113  0.013066349998657  0.010230354867840  0.000000000000000  0.050066867349351  0.005237158560861  0.004562372635207  0.204759174464957  0.014397877909355  0.069060280299994  0.013093548979187  0.072846324883410  0.000000000000000  0.007406460665068  0.037707622491274  0.042570563582515  0.005941323254848  0.367546834097260  0.000000000000000  0.019859870145401  0.992404374685819  0.000000000000000  0.007406460665068  0.000000000000000  0.000000000000000  0.000000000000000  0.000000000000000  0.023357019509921  1.000000000000000  1.000000000000000 
44.0    I  0.000000000000000  0.014538275901610  0.000000000000000  0.000000000000000  0.196418129166895  0.000000000000000  0.000000000000000  0.423666217473059  0.000000000000000  0.123878695408010  0.004795842515293  0.000000000000000  0.000000000000000  0.000000000000000  0.000000000000000  0.000000000000000  0.000000000000000  0.110490941382959  0.099925728794059  0.026278012976679  0.978741650397436  0.011493802701998  0.009718841041394  0.199990032083188  0.799960128332753  1.000000000000000  0.000000000000000  0.023454360898662  0.486664687079119  0.492433221447775 
45.0    R  0.097125908598006  0.004100455795403  0.034031156729253  0.087656203165150  0.019130256131253  0.005358333158557  0.009175484150107  0.054978067245152  0.053921334033916  0.058072542140682  0.010979833595365  0.000000000000000  0.063857505169644  0.046134825177589  0.085495956493906  0.017265070074999  0.072242919159675  0.273763117698394  0.000000000000000  0.006763566918122  0.991716730738293  0.000000000000000  0.008608633717786  0.000000000000000  0.000000000000000  1.000000000000000  0.000000000000000  0.023519480428298  1.000000000000000  0.488015880388112 
46.0    N  0.000000000000000  0.000000000000000  0.000000000000000  0.000000000000000  0.000000000000000  0.000000000000000  0.000000000000000  0.000000000000000  0.000000000000000  0.000000000000000  0.000000000000000  0.982820598545251  0.000000000000000  0.005746901350999  0.000000000000000  0.011493802701998  0.000000000000000  0.000000000000000  0.000000000000000  0.000000000000000  1.000000000000000  0.000000000000000  0.000000000000000  0.000000000000000  0.000000000000000  1.000000000000000  0.000000000000000  0.023535788541153  1.000000000000000  0.488015880388112 
47.0    F  0.007193950759414  0.008009900296005  0.000000000000000  0.000000000000000  0.466193243218416  0.002543445682752  0.000000000000000  0.105989995579143  0.000000000000000  0.179368691825838  0.153254357506645  0.007473501235093  0.000000000000000  0.000000000000000  0.000000000000000  0.007530701622974  0.002396259721199  0.032963197408377  0.000000000000000  0.027129382112533  1.000000000000000  0.000000000000000  0.000000000000000  0.000000000000000  0.000000000000000  0.000000000000000  0.000000000000000  0.023357019509921  1.000000000000000  1.000000000000000 
48.0    A  0.104458369865232  0.006024261036750  0.031098741306878  0.047104215923699  0.000000000000000  0.087413505171154  0.033609199701793  0.012726680672972  0.096388176587996  0.009277809891199  0.067592172717726  0.034458411345904  0.025826572442319  0.074531804520664  0.039037378926668  0.149788627667427  0.085852264589351  0.094797971585903  0.000000000000000  0.000000000000000  1.000000000000000  0.000000000000000  0.000000000000000  0.000000000000000  0.000000000000000  0.000000000000000  0.000000000000000  0.023357019509921  1.000000000000000  1.000000000000000 
49.0    E  0.040978187944239  0.000000000000000  0.360982298880624  0.318640156829816  0.000000000000000  0.004742948767168  0.000000000000000  0.000000000000000  0.051154323849425  0.012438876543418  0.000000000000000  0.025988190574216  0.010768790257622  0.057791454882106  0.033123524481165  0.035231262879544  0.027757087370075  0.014121136355486  0.000000000000000  0.006323767316777  0.998614666101029  0.000000000000000  0.001564589604667  0.000000000000000  0.000000000000000  0.000000000000000  0.000000000000000  0.023357019509921  1.000000000000000  1.000000000000000 
50.0    Y  0.000000000000000  0.000000000000000  0.000000000000000  0.000000000000000  0.036221748497014  0.000000000000000  0.004041201490308  0.536630143196727  0.000000000000000  0.071843428002167  0.000000000000000  0.000000000000000  0.000000000000000  0.000000000000000  0.000000000000000  0.015799251263302  0.038340155539181  0.258278596921033  0.000000000000000  0.038767728053606  1.000000000000000  0.000000000000000  0.000000000000000  0.000000000000000  0.000000000000000  0.000000000000000  1.000000000000000  0.023340835267380  1.000000000000000  0.500000000000000 
51.0    C  0.451876363375543  0.310141824428847  0.000000000000000  0.000000000000000  0.000000000000000  0.023163547028169  0.003911668967622  0.009093176050017  0.000000000000000  0.018932385319223  0.000000000000000  0.000000000000000  0.013946046429265  0.000000000000000  0.008614602836476  0.095855166229568  0.020460709735681  0.025050791543731  0.000000000000000  0.018945512797840  1.000000000000000  0.000000000000000  0.000000000000000  0.000000000000000  0.000000000000000  0.000000000000000  1.000000000000000  0.023276210361292  1.000000000000000  0.500000000000000 
52.0    D  0.007411596212035  0.000000000000000  0.172659306017982  0.088818252698835  0.010851211998165  0.003407666819417  0.004097614560840  0.007391075365044  0.360982298880624  0.027148193285957  0.000000000000000  0.052884912287518  0.000000000000000  0.061341191490842  0.126131454230585  0.039145763707004  0.031034140482407  0.006712193398025  0.000000000000000  0.000000000000000  1.000000000000000  0.000000000000000  0.000000000000000  0.000000000000000  0.000000000000000  0.000000000000000  1.000000000000000  0.023276210361292  1.000000000000000  0.500000000000000 
53.0    R  0.316219885588484  0.002958332648197  0.029258507732328  0.016481598704188  0.007899625631651  0.011493802701998  0.000000000000000  0.059746582349609  0.064614421015498  0.021329589341956  0.032780916486717  0.015931213796847  0.004233304557987  0.051048061944376  0.117521775313641  0.102025380768863  0.077912574642194  0.051118878659861  0.000000000000000  0.017397212784823  0.993781093322555  0.000000000000000  0.006020086784050  0.000000000000000  0.000000000000000  0.000000000000000  1.000000000000000  0.023276210361292  1.000000000000000  0.500000000000000 
54.0    I  0.005843303743603  0.000000000000000  0.000000000000000  0.000000000000000  0.031034140482407  0.000000000000000  0.000000000000000  0.127449710374774  0.000000000000000  0.640823962080096  0.174584816558425  0.000000000000000  0.000000000000000  0.000000000000000  0.000000000000000  0.000000000000000  0.000000000000000  0.020489093972119  0.000000000000000  0.000000000000000  1.000000000000000  0.000000000000000  0.000000000000000  0.000000000000000  0.000000000000000  0.000000000000000  1.000000000000000  0.023243965038039  1.000000000000000  0.493116352246680 
55.0    R  0.065743861200242  0.002538162231358  0.034458411345904  0.018620040227719  0.000000000000000  0.078237278665875  0.142200653484063  0.000000000000000  0.109348095613228  0.000000000000000  0.000000000000000  0.335643125695066  0.000000000000000  0.033008925792246  0.099787298294581  0.071793647187315  0.005746901350999  0.000000000000000  0.000000000000000  0.002915582779877  1.000000000000000  0.000000000000000  0.000000000000000  0.000000000000000  0.000000000000000  0.000000000000000  1.000000000000000  0.023243965038039  1.000000000000000  0.493116352246680 
56.0    R  0.000000000000000  0.005859527301898  0.000000000000000  0.000000000000000  0.003807342308170  0.000000000000000  0.013193763865997  0.018710604759671  0.000000000000000  0.000000000000000  0.000000000000000  0.000000000000000  0.011469926844016  0.000000000000000  0.913198250011992  0.005746901350999  0.000000000000000  0.028125060306047  0.000000000000000  0.000000000000000  0.995849753094458  0.000000000000000  0.003949812815825  0.000000000000000  0.000000000000000  0.000000000000000  1.000000000000000  0.023243965038039  1.000000000000000  0.493116352246680 
57.0    E  0.018010724168732  0.000000000000000  0.215834889643603  0.130760617474066  0.001876161843659  0.000000000000000  0.023897441841918  0.000000000000000  0.036021448337465  0.012612516789137  0.000000000000000  0.053883971563600  0.278934830581241  0.077858588473092  0.001043755850792  0.107544078826430  0.041723384477997  0.000000000000000  0.000000000000000  0.000000000000000  1.000000000000000  0.000000000000000  0.000000000000000  0.000000000000000  0.000000000000000  0.510506062853597  0.489710148793463  0.023276210361292  1.000000000000000  0.486327473706143 
58.0    D  0.088388347648318  0.000000000000000  0.073251392729657  0.060538636826664  0.000000000000000  0.015345931175990  0.006470083291676  0.033284631356044  0.021702423996330  0.010503398391817  0.015484836926001  0.000000000000000  0.544876056106664  0.037136972033029  0.000000000000000  0.024586326417299  0.028144561870248  0.036246864203295  0.000000000000000  0.004024429506328  0.986916545885842  0.013166356710987  0.000000000000000  0.199990032083188  0.799960128332753  0.000000000000000  1.000000000000000  0.023227859131735  0.486664687079119  0.496202187342909 
59.0    K  0.066800374450688  0.000000000000000  0.179244406001978  0.268315071598363  0.006003418676906  0.015722778492153  0.000000000000000  0.005147187311461  0.087960523457837  0.011686607487206  0.014528202228331  0.036473690681827  0.018110874248507  0.071594868623735  0.023035456520173  0.071843428002167  0.102025380768863  0.011477879947487  0.000000000000000  0.010040674511479  1.000000000000000  0.000000000000000  0.000000000000000  0.000000000000000  0.000000000000000  0.000000000000000  1.000000000000000  0.023243965038039  1.000000000000000  0.496202187342909 
60.0    I  0.000000000000000  0.005974360460480  0.045657636829552  0.033796086358863  0.029935475569459  0.000000000000000  0.476649272644080  0.035500914524584  0.017349044275447  0.036600318163088  0.008716713455664  0.000000000000000  0.000000000000000  0.005663854815933  0.004716721060494  0.000000000000000  0.022359008125358  0.028755864082027  0.000000000000000  0.248273123859259  0.997922718999051  0.001980389608965  0.000000000000000  0.083331167318200  0.916368644675351  0.000000000000000  1.000000000000000  0.023227859131735  0.500000000000000  0.496202187342909 
61.0    C  0.009992074853730  0.018350968300213  0.000000000000000  0.000000000000000  0.043224707156593  0.000000000000000  0.000000000000000  0.107469560780376  0.000000000000000  0.271495464080574  0.016481598704188  0.000000000000000  0.116467553663097  0.000000000000000  0.000000000000000  0.000000000000000  0.030479858172739  0.379981214100379  0.000000000000000  0.005995101937503  1.000000000000000  0.000000000000000  0.000000000000000  0.000000000000000  0.000000000000000  0.000000000000000  1.000000000000000  0.023227859131735  1.000000000000000  0.496202187342909 
62.0    M  0.087292408279212  0.018919266936727  0.013257935964155  0.000000000000000  0.020760715845258  0.003530284088871  0.038207508677877  0.109575715164504  0.034410674940561  0.172659306017982  0.143189737247470  0.006587743048829  0.014219356626264  0.015799251263302  0.000000000000000  0.045879707376066  0.201241534405280  0.055437269072009  0.000000000000000  0.019103754338939  0.995849753094458  0.000000000000000  0.003922529465777  0.000000000000000  0.000000000000000  0.000000000000000  1.000000000000000  0.023227859131735  1.000000000000000  0.496202187342909 
63.0    K  0.060790934213268  0.000000000000000  0.038848427153248  0.012301687133894  0.004719991575742  0.000000000000000  0.002566468021776  0.003996630741150  0.541487522762962  0.009923054551084  0.004227440017679  0.021974893748642  0.000000000000000  0.134157535799182  0.101601950248040  0.040921419471361  0.007114608074937  0.005999258866024  0.000000000000000  0.009271381231692  1.000000000000000  0.000000000000000  0.000000000000000  0.000000000000000  0.000000000000000  1.000000000000000  0.000000000000000  0.023227859131735  1.000000000000000  0.487002134271620 
64.0    Y  0.011125392153102  0.000000000000000  0.000000000000000  0.000000000000000  0.477641468191219  0.000000000000000  0.002820174210005  0.003839142963067  0.003349125143102  0.000000000000000  0.000000000000000  0.005154327776457  0.000000000000000  0.000000000000000  0.000000000000000  0.003179465566681  0.003186083958356  0.000000000000000  0.011597840395539  0.477972658796871  1.000000000000000  0.000000000000000  0.000000000000000  0.000000000000000  0.000000000000000  0.000000000000000  0.000000000000000  0.023195680791079  1.000000000000000  1.000000000000000 
65.0    L  0.000000000000000  0.000000000000000  0.000000000000000  0.000000000000000  0.382624192455667  0.000000000000000  0.000000000000000  0.144686277123765  0.000000000000000  0.371130892657262  0.024791682599723  0.000000000000000  0.000000000000000  0.000000000000000  0.000000000000000  0.003919811517615  0.009999003233159  0.056798632278033  0.000000000000000  0.006020086784050  1.000000000000000  0.000000000000000  0.000000000000000  0.000000000000000  0.000000000000000  0.000000000000000  0.000000000000000  0.023195680791079  1.000000000000000  1.000000000000000 
66.0    L  0.024981432198515  0.022828818414776  0.000000000000000  0.031120304784202  0.076680311078363  0.289573201548661  0.000000000000000  0.006782345528133  0.014548356559847  0.257206676973394  0.045185384204555  0.007334935525902  0.000000000000000  0.107917444821801  0.000000000000000  0.067032288551121  0.022498926851792  0.024197469620413  0.000000000000000  0.002201953929972  0.981459063853479  0.000000000000000  0.018478609378815  0.000000000000000  0.000000000000000  0.000000000000000  0.000000000000000  0.023195680791079  1.000000000000000  1.000000000000000 
67.0    K  0.183900843231967  0.152618314083642  0.013975076590353  0.005990947889348  0.073709787016326  0.023798261557863  0.010635266535152  0.051724801004888  0.170991912987811  0.023003544721378  0.003525393466650  0.044656066866909  0.000000000000000  0.012107123921237  0.080158537672641  0.064569649230258  0.042600081477578  0.008263679403269  0.000000000000000  0.033725882390763  1.000000000000000  0.000000000000000  0.000000000000000  1.000000000000000  0.000000000000000  1.000000000000000  0.000000000000000  0.023067412588794  0.472701058375372  0.472701058375372 
68.0    E  0.007437327410137  0.013536513381251  0.029935475569459  0.863938187400277  0.000000000000000  0.017787406704295  0.000000000000000  0.000000000000000  0.017074652173452  0.000000000000000  0.000000000000000  0.000000000000000  0.000000000000000  0.011509747545441  0.000000000000000  0.032826392000336  0.006249688502600  0.000000000000000  0.000000000000000  0.000000000000000  1.000000000000000  0.000000000000000  0.000000000000000  0.000000000000000  0.000000000000000  0.000000000000000  0.000000000000000  0.023195680791079  1.000000000000000  1.000000000000000 
69.0    L  0.000000000000000  0.000000000000000  0.000000000000000  0.000000000000000  0.071396640428034  0.000000000000000  0.000000000000000  0.022718320583130  0.000000000000000  0.799405830352472  0.037681494615336  0.000000000000000  0.000000000000000  0.005030787615273  0.020775111065339  0.012361520331023  0.010627897284422  0.014288517023436  0.000000000000000  0.005470923128466  0.981459063853479  0.000000000000000  0.018478609378815  0.000000000000000  0.000000000000000  0.000000000000000  0.000000000000000  0.023195680791079  1.000000000000000  1.000000000000000 
70.0    A  0.102308647698850  0.009759344731667  0.000000000000000  0.022498926851792  0.012525395771866  0.748461493396346  0.000000000000000  0.000000000000000  0.009992074853730  0.000000000000000  0.010576455305097  0.030841142058933  0.000000000000000  0.000000000000000  0.012753172596108  0.025033433674676  0.008759109984598  0.006315006787543  0.000000000000000  0.000000000000000  0.988970916380931  0.000000000000000  0.010873799936180  1.000000000000000  0.000000000000000  1.000000000000000  0.000000000000000  0.023067412588794  0.472701058375372  0.472701058375372 
71.0    A  0.317537745634697  0.026006210459735  0.000000000000000  0.000000000000000  0.000000000000000  0.000000000000000  0.009551877169469  0.021823102069803  0.000000000000000  0.014318260073052  0.000000000000000  0.010459806695144  0.000000000000000  0.006735496445450  0.005667782061852  0.056759276107594  0.455019412040450  0.076256281892014  0.000000000000000  0.000000000000000  1.000000000000000  0.000000000000000  0.000000000000000  0.000000000000000  0.000000000000000  0.000000000000000  1.000000000000000  0.023373214974412  1.000000000000000  0.483303048532487 
72.0    P  0.128336193215000  0.000000000000000  0.015799251263302  0.050836199883258  0.010459806695144  0.018300159081544  0.000000000000000  0.007635826300084  0.031206708315657  0.021522656974737  0.014568538850576  0.044316876114983  0.089871033302935  0.295862755438143  0.028517671516983  0.181746564665039  0.042393885232740  0.002980975017501  0.000000000000000  0.015549370653439  0.991716730738293  0.000000000000000  0.008161216897377  0.000000000000000  0.000000000000000  0.000000000000000  1.000000000000000  0.023373214974412  1.000000000000000  0.483303048532487 
73.0    G  0.096789878481653  0.000000000000000  0.000000000000000  0.000000000000000  0.000000000000000  0.496202187342909  0.000000000000000  0.020460709735681  0.012482061194518  0.000000000000000  0.000000000000000  0.000000000000000  0.000000000000000  0.000000000000000  0.009492474936758  0.088572337281764  0.227825320159285  0.043525358770907  0.000000000000000  0.004562372635207  0.988285651500733  0.011759740214149  0.000000000000000  1.000000000000000  0.000000000000000  0.625898229326997  0.373971439590597  0.023666661185578  0.485990493990676  0.470413053756894 
74.0    N  0.010987446874321  0.000000000000000  0.019424213576624  0.034650020112596  0.012259126529637  0.009820416988452  0.015388538170243  0.023211764385325  0.125086673432823  0.011414409207388  0.003083960494924  0.142694338390847  0.000000000000000  0.133693385985656  0.031774208540374  0.286578046432095  0.096254646779509  0.027110583973502  0.000000000000000  0.016481598704188  0.957935218222696  0.000000000000000  0.042335155546418  0.000000000000000  0.000000000000000  1.000000000000000  0.000000000000000  0.023486898094774  1.000000000000000  0.492433221447775 
75.0    V  0.007839623035230  0.004900008611410  0.005908468739390  0.008269409334962  0.159209684415812  0.001995547036551  0.000000000000000  0.325110036637120  0.004664699949510  0.161320311306472  0.032329611922466  0.000000000000000  0.000000000000000  0.016064278541501  0.010724097119179  0.002200428180659  0.011630041055989  0.166431451654546  0.009124745270415  0.072343138561883  0.721464343430814  0.006403160997168  0.272438028053332  1.000000000000000  0.000000000000000  0.457549584063964  0.542614685940904  0.023211764385325  0.495858365369147  0.436483795566881 
76.0    D  0.038902319855693  0.000000000000000  0.590496330714765  0.047728671811272  0.000000000000000  0.015441963304699  0.000000000000000  0.003428991396912  0.043314683926575  0.008632535037499  0.006210822273039  0.118175264593843  0.000000000000000  0.024757337841405  0.020703234641331  0.035822255804012  0.020588749245846  0.000000000000000  0.000000000000000  0.025916235806701  0.954621014139717  0.030755750688556  0.014629253866164  1.000000000000000  0.000000000000000  0.948026965128645  0.051940366349603  0.027412923397901  0.469435873657726  0.184795303909230 
77.0    D  0.071051060827251  0.000000000000000  0.112111019957752  0.323536413620713  0.007651721074898  0.185822873053877  0.010934264574962  0.011932167952818  0.061341191490842  0.009118422670457  0.007139308204917  0.025916235806701  0.046327094056339  0.033609199701793  0.009645020366356  0.034602018265134  0.016053147490296  0.031141883213371  0.000000000000000  0.002033245307977  0.781869643128594  0.208771979857092  0.009426905622818  0.824733548610081  0.175555609467250  0.469761374607006  0.530343870684108  0.023438109207591  0.262975444800968  0.454074208860755 
78.0    K  0.024518253059273  0.000000000000000  0.137738139484576  0.059210629412454  0.000000000000000  0.197236710213116  0.002765967652763  0.002907510263997  0.092654188112677  0.000000000000000  0.000000000000000  0.227352062950183  0.002297053223225  0.055900306361413  0.010047636589302  0.136786712657592  0.045879707376066  0.000000000000000  0.000000000000000  0.004799167892366  0.914465089499901  0.085259239679960  0.000000000000000  0.788400174056278  0.211833108736530  0.437999157533563  0.562139461889309  0.023340835267380  0.370103324500012  0.461371246326899 
79.0    G  0.004606861688520  0.000000000000000  0.244007940194056  0.093622558401511  0.000000000000000  0.273573425315185  0.009698652277548  0.000000000000000  0.012065236454559  0.000000000000000  0.000000000000000  0.128692510429250  0.008974205898414  0.104603280335424  0.040638754579640  0.045185384204555  0.011816937478781  0.022530138616566  0.000000000000000  0.000000000000000  0.986916545885842  0.008507789182313  0.004859420520697  0.646624465943743  0.353308410970682  0.125607977552973  0.874178620410373  0.023308500417054  0.491069797631696  0.480297431976738 
80.0    E  0.034987902770445  0.007769298192759  0.000000000000000  0.023276210361292  0.000000000000000  0.016676958406874  0.002944013495231  0.027450952132449  0.113125807860363  0.015324671937321  0.003587016258988  0.019695365493484  0.000000000000000  0.098686735837569  0.501040802539816  0.047563543151230  0.044102370106522  0.031423768137452  0.000000000000000  0.012344395497865  0.991029563264079  0.008789519411631  0.000000000000000  0.667111584838885  0.332862903309093  0.257385020858499  0.742776460330414  0.023340835267380  0.488354264481114  0.475988954248766 
81.0    L  0.159651719899424  0.008212288352248  0.000000000000000  0.000000000000000  0.073812041339346  0.014082038478294  0.007223931860263  0.016345077184258  0.000000000000000  0.437695664847132  0.012490716099257  0.003941607944706  0.000000000000000  0.000000000000000  0.000000000000000  0.034770316268276  0.010753871887427  0.037447156916857  0.036600318163088  0.146909541052471  0.995849753094458  0.000000000000000  0.003941607944706  0.000000000000000  0.000000000000000  0.000000000000000  1.000000000000000  0.023324662239015  1.000000000000000  0.483303048532487 
82.0    V  0.012023493907507  0.000000000000000  0.000000000000000  0.020876157474845  0.009213723377041  0.000000000000000  0.003781043073804  0.435577096071128  0.000000000000000  0.093687475109722  0.020305297850866  0.007385954037115  0.000000000000000  0.000000000000000  0.062760471452436  0.024450368179266  0.038499939795180  0.234717936828863  0.018414678247058  0.018453010334836  1.000000000000000  0.000000000000000  0.000000000000000  0.000000000000000  0.000000000000000  0.000000000000000  1.000000000000000  0.023324662239015  1.000000000000000  0.474671060475260 
83.0    I  0.000000000000000  0.000000000000000  0.000000000000000  0.000000000000000  0.081672828368323  0.000000000000000  0.000000000000000  0.377095019171645  0.005695349136002  0.229728220869763  0.023308500417054  0.000000000000000  0.000000000000000  0.000000000000000  0.000000000000000  0.000000000000000  0.000000000000000  0.250173346865645  0.000000000000000  0.032352028870043  0.995849753094458  0.004413075056915  0.000000000000000  0.250000000000000  0.750019494642909  0.000000000000000  1.000000000000000  0.023324662239015  0.497579860910041  0.474671060475260 
84.0    Q  0.009665097489744  0.000000000000000  0.007385954037115  0.000000000000000  0.000000000000000  0.008478354467827  0.018749552849581  0.012726680672972  0.219303387183206  0.000000000000000  0.013946046429265  0.380772184925815  0.000000000000000  0.132585967671027  0.081842838942723  0.040779842115280  0.054636163775648  0.004749528449934  0.000000000000000  0.014348065035952  1.000000000000000  0.000000000000000  0.000000000000000  0.000000000000000  0.000000000000000  0.000000000000000  1.000000000000000  0.023324662239015  1.000000000000000  0.474671060475260 
85.0    G  0.020818356642063  0.000000000000000  0.000000000000000  0.000000000000000  0.004493327708401  0.883315051481465  0.000000000000000  0.000000000000000  0.022189177477241  0.000000000000000  0.000000000000000  0.000000000000000  0.000000000000000  0.000000000000000  0.019791160214425  0.005695349136002  0.017027376753333  0.011719054603795  0.000000000000000  0.015250496262129  1.000000000000000  0.000000000000000  0.000000000000000  0.000000000000000  0.000000000000000  0.000000000000000  1.000000000000000  0.023324662239015  1.000000000000000  0.474671060475260 
86.0    K  0.163572258931876  0.000000000000000  0.034915223064757  0.086990399489444  0.000000000000000  0.000000000000000  0.017229205672952  0.004835899573584  0.222056698960601  0.011882646509695  0.004552895305213  0.016746460352130  0.000000000000000  0.020249077584896  0.241484082231211  0.148857106170621  0.002950141768677  0.018529914053296  0.000000000000000  0.005009908604540  1.000000000000000  0.000000000000000  0.000000000000000  0.000000000000000  0.000000000000000  0.000000000000000  1.000000000000000  0.023405639600378  1.000000000000000  0.474671060475260 
87.0    F  0.010620533139896  0.000000000000000  0.000000000000000  0.000000000000000  0.416676603579609  0.000000000000000  0.305448275418375  0.052921582022658  0.010159688644910  0.032554482156507  0.005663854815933  0.000000000000000  0.000000000000000  0.000000000000000  0.040274207202657  0.000000000000000  0.000000000000000  0.045626000332954  0.003374758544532  0.076733480244691  0.990342871933025  0.009571760405505  0.000000000000000  1.000000000000000  0.000000000000000  0.000000000000000  1.000000000000000  0.023405639600378  0.490389501994276  0.474671060475260 
88.0    S  0.019263317585372  0.012976094126420  0.151039730423743  0.096655792181915  0.002609519684356  0.032217759962337  0.002658816633788  0.004552895305213  0.038366740122346  0.018684684324627  0.014268722656437  0.044378354954482  0.028242272710971  0.148650889375340  0.044997853703584  0.178748123295211  0.135653671485226  0.025988190574216  0.000000000000000  0.000000000000000  0.976031760776225  0.024013674707625  0.000000000000000  0.840313752233282  0.159651719899424  0.000000000000000  1.000000000000000  0.023405639600378  0.461051558956316  0.474671060475260 
89.0    S  0.185565446328631  0.000000000000000  0.028242272710971  0.066800374450688  0.000000000000000  0.010430846119499  0.026278012976679  0.035427169149326  0.023748825881274  0.011501772360689  0.000000000000000  0.032917532373589  0.150725978461345  0.172659306017982  0.031620412532092  0.108442335894008  0.071001829049168  0.029956232452906  0.003175060945251  0.011493802701998  1.000000000000000  0.000000000000000  0.000000000000000  0.000000000000000  0.000000000000000  0.000000000000000  1.000000000000000  0.023405639600378  1.000000000000000  0.474671060475260 
90.0    Q  0.097733705391074  0.000000000000000  0.074376981019167  0.108292107050011  0.004253894591157  0.036600318163088  0.010957025395644  0.000000000000000  0.261340025051291  0.000000000000000  0.000000000000000  0.062456693311903  0.018517074545962  0.047695600280017  0.057671405790862  0.104458369865232  0.079770548051810  0.012976094126420  0.000000000000000  0.023067412588794  1.000000000000000  0.000000000000000  0.000000000000000  0.000000000000000  0.000000000000000  0.000000000000000  1.000000000000000  0.023405639600378  1.000000000000000  0.474671060475260 
91.0    V  0.038580081465423  0.000000000000000  0.122767449407924  0.065607292726442  0.000000000000000  0.014895289770127  0.047563543151230  0.018198962288570  0.209787409276635  0.056916864599499  0.009806812431896  0.027814866664141  0.000000000000000  0.157453747493425  0.085436715746363  0.031554728049896  0.029016151634585  0.069204036530268  0.000000000000000  0.015324671937321  1.000000000000000  0.000000000000000  0.000000000000000  0.000000000000000  0.000000000000000  0.289372554247531  0.710546021590680  0.023405639600378  1.000000000000000  0.474671060475260 
92.0    I  0.010445316370353  0.000000000000000  0.000000000000000  0.000000000000000  0.138984894689638  0.000000000000000  0.000000000000000  0.342220953272960  0.000000000000000  0.341746862985452  0.041723384477997  0.000000000000000  0.000000000000000  0.000000000000000  0.003930694623038  0.002993398359781  0.000000000000000  0.118093380124651  0.000000000000000  0.000000000000000  1.000000000000000  0.000000000000000  0.000000000000000  0.000000000000000  0.000000000000000  0.000000000000000  1.000000000000000  0.023324662239015  1.000000000000000  0.483303048532487 
93.0    N  0.056877426505056  0.004645340292979  0.031752191968553  0.308640651723385  0.000000000000000  0.000000000000000  0.009604991150426  0.006332539999104  0.033960464453939  0.015700997194122  0.003731573970244  0.109956134490304  0.000000000000000  0.294634851952921  0.048596627242660  0.036957218757629  0.032128557083002  0.006542238183660  0.000000000000000  0.000000000000000  1.000000000000000  0.000000000000000  0.000000000000000  0.000000000000000  0.000000000000000  1.000000000000000  0.000000000000000  0.023243965038039  1.000000000000000  0.483303048532487 
94.0    T  0.092014178885511  0.000000000000000  0.205755086319677  0.118832387653727  0.000000000000000  0.048866852695537  0.014926295880976  0.004782564032813  0.091188771515011  0.007520269086732  0.006587743048829  0.134716643130459  0.008229383093397  0.041897268486885  0.059375023929680  0.105039219029160  0.052921582022658  0.007457976672967  0.000000000000000  0.000000000000000  1.000000000000000  0.000000000000000  0.000000000000000  0.000000000000000  0.000000000000000  0.000000000000000  0.000000000000000  0.023099412988654  1.000000000000000  1.000000000000000 
95.0    L  0.074894313833714  0.002165626257037  0.000000000000000  0.011751591807724  0.009485897534336  0.006116830439504  0.013350152201402  0.120491225967580  0.079825859949712  0.282436803642531  0.051367511705928  0.011312016971715  0.000000000000000  0.026552656223083  0.030143693268254  0.021672358892678  0.014268722656437  0.209496783666987  0.000000000000000  0.034650020112596  1.000000000000000  0.000000000000000  0.000000000000000  0.000000000000000  0.000000000000000  0.000000000000000  0.000000000000000  0.023099412988654  1.000000000000000  1.000000000000000 
96.0    M  0.000000000000000  0.000000000000000  0.000000000000000  0.000000000000000  0.024113752735296  0.000000000000000  0.000000000000000  0.191312096227833  0.000000000000000  0.631126016056058  0.072142838594802  0.000000000000000  0.000000000000000  0.000000000000000  0.000000000000000  0.000000000000000  0.000000000000000  0.053883971563600  0.000000000000000  0.027355979052946  1.000000000000000  0.000000000000000  0.000000000000000  0.000000000000000  0.000000000000000  0.000000000000000  0.000000000000000  0.023099412988654  1.000000000000000  1.000000000000000 
97.0    E  0.002694064300443  0.000000000000000  0.341273429471292  0.094863703310878  0.019640833976904  0.000000000000000  0.020746330599726  0.021853376292788  0.083852639055141  0.015030116479137  0.000000000000000  0.058476468614463  0.000000000000000  0.045847917005229  0.230206424301260  0.023308500417054  0.003577084712571  0.003649716198762  0.000000000000000  0.034915223064757  0.990342871933025  0.000000000000000  0.009604991150426  0.000000000000000  0.000000000000000  0.000000000000000  0.000000000000000  0.023099412988654  1.000000000000000  1.000000000000000 
98.0    R  0.046617000834108  0.000000000000000  0.079219532627152  0.070364911633548  0.000000000000000  0.157235621479502  0.021344379011787  0.038580081465423  0.194251817196012  0.019276674528273  0.004143311489720  0.063813257856700  0.000000000000000  0.033423346496414  0.178129701768598  0.045122787360078  0.016630784100834  0.031752191968553  0.000000000000000  0.000000000000000  1.000000000000000  0.000000000000000  0.000000000000000  0.000000000000000  0.000000000000000  1.000000000000000  0.000000000000000  0.022828818414776  1.000000000000000  0.483303048532487 
99.0    F  0.000000000000000  0.000000000000000  0.000000000000000  0.003823209571865  0.455019412040450  0.000000000000000  0.000000000000000  0.000000000000000  0.000000000000000  0.003552375983597  0.000000000000000  0.000000000000000  0.000000000000000  0.000000000000000  0.000000000000000  0.009518830184962  0.000000000000000  0.000000000000000  0.000000000000000  0.528142812675929  1.000000000000000  0.000000000000000  0.000000000000000  0.000000000000000  0.000000000000000  0.000000000000000  0.000000000000000  0.022686848123498  1.000000000000000  1.000000000000000 
100.0    L  0.034315400430845  0.009585038884795  0.000000000000000  0.003823209571865  0.019722688001752  0.000000000000000  0.000000000000000  0.592957249705474  0.009551877169469  0.099995016041594  0.021582413252248  0.000000000000000  0.000000000000000  0.000000000000000  0.000000000000000  0.000000000000000  0.010251650426500  0.192242603908784  0.000000000000000  0.005766853147199  1.000000000000000  0.000000000000000  0.000000000000000  0.000000000000000  0.000000000000000  0.000000000000000  0.000000000000000  0.022923958502614  1.000000000000000  1.000000000000000 
101.0    K  0.040302132832996  0.000000000000000  0.127626515713399  0.160205990520024  0.010110512925647  0.014033318326311  0.000000000000000  0.021433332634228  0.228457862557350  0.035353576963934  0.003807342308170  0.129408115480172  0.005883947135288  0.023260082111977  0.080604265665993  0.048060650977196  0.034578042284134  0.032963197408377  0.000000000000000  0.003906250000000  0.997231251352069  0.001389710411362  0.001662995522947  0.034482304376311  0.965267024871757  0.000000000000000  0.000000000000000  0.022923958502614  0.500000000000000  1.000000000000000 
102.0    A  0.029749309640548  0.013433695097547  0.078183067507079  0.331941289595609  0.006915263785778  0.016851256745226  0.008795613954193  0.008032139270751  0.231165819528425  0.021359178936591  0.032017400719775  0.021792869786725  0.000000000000000  0.030606884299591  0.053142135004012  0.014619117153616  0.085733330536912  0.005770851810869  0.000000000000000  0.009909307807233  0.990342871933025  0.000000000000000  0.009374776424791  0.000000000000000  0.000000000000000  0.000000000000000  1.000000000000000  0.022876338999150  1.000000000000000  0.499653546495226 
103.0    Y  0.000000000000000  0.000000000000000  0.000000000000000  0.000000000000000  0.338212057762569  0.000000000000000  0.010194960528820  0.000000000000000  0.000000000000000  0.002712802999541  0.000000000000000  0.000000000000000  0.000000000000000  0.003890038098025  0.000000000000000  0.000000000000000  0.000000000000000  0.011148550825921  0.000000000000000  0.633756261017212  1.000000000000000  0.000000000000000  0.000000000000000  0.000000000000000  0.000000000000000  1.000000000000000  0.000000000000000  0.023405639600378  1.000000000000000  0.484309094613314 
104.0    V  0.000000000000000  0.020760715845258  0.000000000000000  0.000000000000000  0.008338479203437  0.000000000000000  0.000000000000000  0.018906157644051  0.000000000000000  0.040190546357206  0.000000000000000  0.000000000000000  0.000000000000000  0.000000000000000  0.000000000000000  0.000000000000000  0.000000000000000  0.905006462882905  0.003884649096380  0.003124844251300  1.000000000000000  0.000000000000000  0.000000000000000  1.000000000000000  0.000000000000000  0.000000000000000  0.000000000000000  0.022844647631251  0.496202187342909  1.000000000000000 
105.0    E  0.027699428099840  0.002877436886360  0.000000000000000  0.021687386234619  0.017948411796829  0.000000000000000  0.000000000000000  0.154534407615119  0.068964608752622  0.382359069470692  0.037969899747032  0.000000000000000  0.000000000000000  0.079825859949712  0.031906628928350  0.004954653903617  0.125869443757090  0.035158077646525  0.000000000000000  0.008449021589716  1.000000000000000  0.000000000000000  0.000000000000000  0.000000000000000  0.000000000000000  0.000000000000000  0.000000000000000  0.022797192878753  1.000000000000000  1.000000000000000 
106.0    C  0.000000000000000  0.983502074026248  0.000000000000000  0.000000000000000  0.000000000000000  0.004719991575742  0.000000000000000  0.000000000000000  0.000000000000000  0.000000000000000  0.000000000000000  0.000000000000000  0.000000000000000  0.000000000000000  0.000000000000000  0.000000000000000  0.000000000000000  0.011509747545441  0.000000000000000  0.000000000000000  1.000000000000000  0.000000000000000  0.000000000000000  0.000000000000000  0.000000000000000  0.000000000000000  0.000000000000000  0.022765611154656  1.000000000000000  1.000000000000000 
107.0    S  0.021702423996330  0.000000000000000  0.005306587049019  0.009258537272981  0.005547294369310  0.043075161030488  0.076309157041821  0.016142412307565  0.140145759753564  0.025382887386132  0.000000000000000  0.051403129294529  0.249480679749763  0.046649324478030  0.044625124365158  0.164595865257405  0.012508043916505  0.005512796263315  0.003687861012306  0.078726873746712  1.000000000000000  0.000000000000000  0.000000000000000  0.000000000000000  0.000000000000000  0.000000000000000  0.000000000000000  0.022765611154656  1.000000000000000  1.000000000000000 
108.0    T  0.036473690681827  0.014588749139302  0.007774685326719  0.253665636645220  0.011454037165541  0.056250120612095  0.014288517023436  0.028696130071904  0.082583650353642  0.011638105180646  0.039037378926668  0.037240080455439  0.010117523428550  0.023019495090883  0.011509747545441  0.133971682817037  0.171704529178703  0.051118878659861  0.000000000000000  0.004839252725718  1.000000000000000  0.000000000000000  0.000000000000000  0.000000000000000  0.000000000000000  0.000000000000000  0.000000000000000  0.022765611154656  1.000000000000000  1.000000000000000 
109.0    C  0.000000000000000  0.988285651500733  0.000000000000000  0.000000000000000  0.000000000000000  0.000000000000000  0.000000000000000  0.000000000000000  0.000000000000000  0.000000000000000  0.011509747545441  0.000000000000000  0.000000000000000  0.000000000000000  0.000000000000000  0.000000000000000  0.000000000000000  0.000000000000000  0.000000000000000  0.000000000000000  1.000000000000000  0.000000000000000  0.000000000000000  0.000000000000000  0.000000000000000  0.000000000000000  0.000000000000000  0.022765611154656  1.000000000000000  1.000000000000000 
110.0    K  0.000000000000000  0.000000000000000  0.037111239564794  0.073658712988230  0.000000000000000  0.263157788677360  0.064480198706335  0.000000000000000  0.305025127568056  0.016413196000168  0.000000000000000  0.060496689180859  0.000000000000000  0.028105572254617  0.098277161517541  0.048093975630027  0.005093948184604  0.000000000000000  0.000000000000000  0.000000000000000  1.000000000000000  0.000000000000000  0.000000000000000  0.000000000000000  0.000000000000000  0.000000000000000  0.000000000000000  0.022655419263732  1.000000000000000  1.000000000000000 
111.0    S  0.019600034445641  0.000000000000000  0.000000000000000  0.000000000000000  0.000000000000000  0.015452670568452  0.000000000000000  0.013461658745500  0.055900306361413  0.107767943127199  0.000000000000000  0.265539796623843  0.000000000000000  0.009772883438385  0.062240609568404  0.433769343576034  0.000000000000000  0.000000000000000  0.000000000000000  0.016504462896123  1.000000000000000  0.000000000000000  0.000000000000000  0.000000000000000  0.000000000000000  0.000000000000000  0.000000000000000  0.022655419263732  1.000000000000000  1.000000000000000 
112.0    L  0.021065120808392  0.000000000000000  0.001558096171502  0.010896434893363  0.004140440560146  0.002511909147325  0.004169239601719  0.069685388670481  0.002406246237199  0.056680645558321  0.005429368046259  0.000000000000000  0.709561678100191  0.000000000000000  0.004752821713414  0.034602018265134  0.019050860844942  0.019572881853502  0.005867655964613  0.027930786323650  0.991029563264079  0.009175484150107  0.000000000000000  1.000000000000000  0.000000000000000  0.000000000000000  0.000000000000000  0.022655419263732  0.488015880388112  1.000000000000000 
113.0    D  0.009381276777228  0.004562372635207  0.481630947010074  0.384485207817567  0.004752821713414  0.005896195189533  0.006900898839699  0.000000000000000  0.005867655964613  0.000000000000000  0.000000000000000  0.082183922512817  0.000000000000000  0.004465384122711  0.000000000000000  0.009888723390393  0.000000000000000  0.000000000000000  0.000000000000000  0.000000000000000  0.992404374685819  0.007334935525902  0.000000000000000  1.000000000000000  0.000000000000000  0.000000000000000  0.000000000000000  0.022655419263732  0.492433221447775  1.000000000000000 
114.0    T  0.015755507107728  0.000000000000000  0.000000000000000  0.000000000000000  0.018710604759671  0.000000000000000  0.000000000000000  0.021448194238358  0.000000000000000  0.027969533466499  0.006091444082901  0.000000000000000  0.000000000000000  0.000000000000000  0.000000000000000  0.007463147940488  0.877821797609519  0.011743449047387  0.000000000000000  0.012735505193791  0.993092495437036  0.006801176275751  0.000000000000000  1.000000000000000  0.000000000000000  0.000000000000000  0.000000000000000  0.022655419263732  0.494485458190466  1.000000000000000 
115.0    I  0.015986522964601  0.000000000000000  0.098413497071150  0.187374950219443  0.016447361792335  0.000000000000000  0.032577055026285  0.084729020425000  0.130488990927715  0.033284631356044  0.002633140101049  0.031532863557646  0.000000000000000  0.045562793088018  0.089188406607367  0.051760666333409  0.079000193653300  0.086990399489444  0.000000000000000  0.014052786127309  1.000000000000000  0.000000000000000  0.000000000000000  0.000000000000000  0.000000000000000  0.000000000000000  0.000000000000000  0.022655419263732  1.000000000000000  1.000000000000000 
116.0    L  0.005065779510356  0.000000000000000  0.000000000000000  0.000000000000000  0.036524289017539  0.000000000000000  0.000000000000000  0.202922395244320  0.000000000000000  0.602486157497393  0.052519609514580  0.002964490728465  0.000000000000000  0.000000000000000  0.000000000000000  0.000000000000000  0.000000000000000  0.040134869030920  0.000000000000000  0.057392260143808  0.991716730738293  0.008127345832203  0.000000000000000  0.500000000000000  0.500000000000000  0.000000000000000  0.000000000000000  0.022655419263732  0.492433221447775  1.000000000000000 
117.0    K  0.025880333166705  0.005079844322455  0.018148573936339  0.102237757319723  0.009213723377041  0.001843930506153  0.031055659166330  0.197921466467818  0.083446768955994  0.047136877396456  0.019090517213648  0.022876338999150  0.000000000000000  0.046876218415182  0.032419373017675  0.066477042055824  0.109956134490304  0.177144674563527  0.000000000000000  0.003144398975083  1.000000000000000  0.000000000000000  0.000000000000000  0.000000000000000  0.000000000000000  0.000000000000000  0.000000000000000  0.022655419263732  1.000000000000000  1.000000000000000 
118.0    K  0.009772883438385  0.000000000000000  0.012276133072931  0.021929245719361  0.011010318399547  0.000000000000000  0.000000000000000  0.129767408817882  0.418993567333974  0.041839226780576  0.000000000000000  0.011784219349114  0.000000000000000  0.008478354467827  0.152724137709188  0.021152910610195  0.031098741306878  0.129228842030996  0.000000000000000  0.000000000000000  0.871758239537062  0.115502821555853  0.012824087637664  0.550189304683069  0.450000964896756  0.000000000000000  0.000000000000000  0.022655419263732  0.339151081861918  1.000000000000000 
119.0    E  0.000000000000000  0.005624731712948  0.176654205485341  0.340564508660122  0.000000000000000  0.008875228631146  0.000000000000000  0.008466609115975  0.239317864548824  0.002571810394647  0.003731573970244  0.046876218415182  0.000000000000000  0.017074652173452  0.050520054300348  0.030522141530070  0.031423768137452  0.029299096764285  0.000000000000000  0.008584798574819  0.843815796130018  0.156366135014158  0.000000000000000  0.602903913845380  0.397217200048052  0.891928519420093  0.108067153913483  0.022718320583130  0.279321784518055  0.481630947010074 
120.0    K  0.010798689113505  0.000000000000000  0.138792354203580  0.049583365199446  0.000000000000000  0.179742066605870  0.010173782731008  0.000000000000000  0.178500497460633  0.000000000000000  0.002078848012604  0.212863426937236  0.004313276746731  0.035451733904249  0.059169601952295  0.047960815500028  0.068345966092790  0.002235789376169  0.000000000000000  0.000000000000000  0.912565488543452  0.087656203165150  0.000000000000000  0.584793832025974  0.415235012045447  1.000000000000000  0.000000000000000  0.022624033943431  0.376833727389595  0.500000000000000 
121.0    K  0.013175486097658  0.000000000000000  0.049859077488065  0.038848427153248  0.000000000000000  0.156908998910330  0.008110463051118  0.000000000000000  0.145692649766820  0.000000000000000  0.000000000000000  0.034125642054552  0.011071542160220  0.047695600280017  0.458502021602336  0.033984012214215  0.002144712526928  0.000000000000000  0.000000000000000  0.000000000000000  0.975355461527642  0.020193012978711  0.004403907859943  0.589678296130608  0.410370804405249  0.000000000000000  0.000000000000000  0.022749836703111  0.472701058375372  1.000000000000000 
122.0    S  0.060078808024298  0.005016858628865  0.035896823593657  0.018274807250812  0.016851256745226  0.015484836926001  0.004779250160671  0.142102121654502  0.036322315859941  0.294430697398745  0.045310838527464  0.027091798859834  0.000000000000000  0.017873921456309  0.042101049277053  0.017469716421342  0.100690536381094  0.117358968414432  0.000000000000000  0.002775570396839  0.988285651500733  0.011751591807724  0.000000000000000  0.231326107009463  0.768437590644006  1.000000000000000  0.000000000000000  0.022797192878753  0.479299719246488  0.498270131413934 
123.0    W  0.001712120549445  0.000000000000000  0.022608357591727  0.023781771575615  0.144085793349858  0.000000000000000  0.035599480538191  0.256316809472148  0.004322255285517  0.151879598988127  0.033307710502123  0.008912216530222  0.008674522137724  0.006661210091937  0.010934264574962  0.044439919080852  0.023930593704600  0.039363436873356  0.049755506173674  0.133786087303328  0.989656656415207  0.000000000000000  0.010216182410443  0.000000000000000  0.000000000000000  0.000000000000000  0.000000000000000  0.022749836703111  1.000000000000000  1.000000000000000 
124.0    Y  0.009290680585959  0.015420571029466  0.005798920197770  0.043224707156593  0.265355802237449  0.023650262390150  0.020137103601328  0.086990399489444  0.030227385300435  0.064524908467703  0.081164912670618  0.013859317268002  0.000000000000000  0.035648866120888  0.002353461552724  0.073454770526236  0.073353011142585  0.074998211398326  0.009888723390393  0.070658160445287  1.000000000000000  0.000000000000000  0.000000000000000  0.000000000000000  0.000000000000000  1.000000000000000  0.000000000000000  0.022813000166477  1.000000000000000  0.487677730763821 
125.0    I  0.002750672318188  0.022020636799094  0.000000000000000  0.003567180664109  0.013368672276291  0.018998113799736  0.020688889224928  0.089560103148319  0.015420571029466  0.503826880205252  0.076045147414629  0.014998894703733  0.000000000000000  0.050800975124020  0.050625217102003  0.024030325488598  0.024705909893873  0.065926394816754  0.000000000000000  0.002767885540055  0.998614666101029  0.001549480162483  0.000000000000000  0.500000000000000  0.500000000000000  0.000000000000000  0.000000000000000  0.022718320583130  0.500000000000000  1.000000000000000 
126.0    V  0.002182201441547  0.009779659833234  0.083678453561153  0.048194088293998  0.000000000000000  0.013649576498698  0.059251685320540  0.033446521825832  0.289172045976322  0.007299432397525  0.000000000000000  0.009124745270415  0.000000000000000  0.064524908467703  0.190386092462908  0.062456693311903  0.042188687035086  0.084611642440779  0.000000000000000  0.000000000000000  1.000000000000000  0.000000000000000  0.000000000000000  0.000000000000000  0.000000000000000  0.000000000000000  0.000000000000000  0.022718320583130  1.000000000000000  1.000000000000000 
127.0    C  0.000000000000000  0.986232704493359  0.000000000000000  0.000000000000000  0.008110463051118  0.000000000000000  0.000000000000000  0.000000000000000  0.000000000000000  0.000000000000000  0.000000000000000  0.000000000000000  0.000000000000000  0.000000000000000  0.000000000000000  0.005632534654142  0.000000000000000  0.000000000000000  0.000000000000000  0.000000000000000  1.000000000000000  0.000000000000000  0.000000000000000  0.000000000000000  0.000000000000000  0.000000000000000  0.000000000000000  0.022718320583130  1.000000000000000  1.000000000000000 
128.0    L  0.077160162930846  0.000000000000000  0.096722812096399  0.196826994142301  0.000000000000000  0.027757087370075  0.019846109102169  0.008048859012657  0.203768083100656  0.066017851584491  0.013175486097658  0.125000000000000  0.000000000000000  0.041263213781719  0.028875705388963  0.030060232958274  0.038687196588670  0.019330194979487  0.000000000000000  0.007525483547032  1.000000000000000  0.000000000000000  0.000000000000000  0.000000000000000  0.000000000000000  0.000000000000000  0.000000000000000  0.022813000166477  1.000000000000000  1.000000000000000 
129.0    A  0.638606879597695  0.000000000000000  0.031620412532092  0.012430257558671  0.007593601468604  0.031774208540374  0.000000000000000  0.011857962913860  0.040723348417603  0.000000000000000  0.006241030597259  0.014598864795050  0.000000000000000  0.019613624863791  0.016176014435022  0.078945453865362  0.039802421103953  0.034746223672410  0.015145153389610  0.000000000000000  1.000000000000000  0.000000000000000  0.000000000000000  0.000000000000000  0.000000000000000  0.000000000000000  0.000000000000000  0.022892201165802  1.000000000000000  1.000000000000000 
130.0    C  0.000000000000000  0.989656656415207  0.000000000000000  0.000000000000000  0.000000000000000  0.000000000000000  0.000000000000000  0.000000000000000  0.000000000000000  0.000000000000000  0.000000000000000  0.000000000000000  0.000000000000000  0.000000000000000  0.000000000000000  0.000000000000000  0.000000000000000  0.010627897284422  0.000000000000000  0.000000000000000  0.995849753094458  0.004055231525559  0.000000000000000  0.039996012932635  0.959929261038908  0.000000000000000  0.000000000000000  0.022828818414776  0.498270131413934  1.000000000000000 
131.0    G  0.000000000000000  0.000000000000000  0.007104751967193  0.000000000000000  0.000000000000000  0.846158596600290  0.010919116967586  0.000000000000000  0.049686578184311  0.000000000000000  0.007345110957103  0.018581361171918  0.000000000000000  0.019777446780786  0.000000000000000  0.015208271471222  0.025330159996416  0.000000000000000  0.000000000000000  0.000000000000000  0.988285651500733  0.000000000000000  0.011915637916065  0.000000000000000  0.000000000000000  0.000000000000000  0.000000000000000  0.022828818414776  1.000000000000000  1.000000000000000 
132.0    A  0.434672280045011  0.018517074545962  0.000000000000000  0.041781265481410  0.028676246322230  0.018035709648701  0.067032288551121  0.003325991045894  0.048127323389754  0.000000000000000  0.000000000000000  0.028183605574445  0.005237158560861  0.029894004940371  0.006963363249195  0.201381072762188  0.002520629864164  0.000000000000000  0.002531134698112  0.063153215405423  1.000000000000000  0.000000000000000  0.000000000000000  0.000000000000000  0.000000000000000  1.000000000000000  0.000000000000000  0.023292349793733  1.000000000000000  0.485653747770817 
133.0    Q  0.029956232452906  0.007839623035230  0.000000000000000  0.074325444687670  0.034172983046395  0.005810991259510  0.050345268190547  0.053437636118248  0.109803808529795  0.045091521464426  0.011866185076676  0.025347723611783  0.000000000000000  0.049480366616954  0.221902834317374  0.100551046367739  0.089560103148319  0.080214118597682  0.007504647374637  0.002841759147724  1.000000000000000  0.000000000000000  0.000000000000000  0.000000000000000  0.000000000000000  0.000000000000000  0.000000000000000  0.023308500417054  1.000000000000000  1.000000000000000 
134.0    T  0.027661055143111  0.051832471613403  0.011351289449776  0.015250496262129  0.010569126805080  0.093752436830364  0.021990130864459  0.000000000000000  0.041926319527571  0.002851625020810  0.004658237782542  0.041665583659100  0.000000000000000  0.015103220266640  0.316219885588484  0.175677337525840  0.142694338390847  0.000000000000000  0.000000000000000  0.026941985781800  1.000000000000000  0.000000000000000  0.000000000000000  0.000000000000000  0.000000000000000  0.000000000000000  0.000000000000000  0.023503183615448  1.000000000000000  1.000000000000000 
135.0    P  0.031840349894273  0.018736561152986  0.063328556259943  0.019478143660548  0.012744335833422  0.003462428512480  0.009342342162313  0.020446532366485  0.032622247731929  0.023389421668636  0.032963197408377  0.013212066990274  0.338446569763115  0.012931200251222  0.004021640950914  0.234230361718106  0.102592701101312  0.023947186878247  0.000000000000000  0.002119588616957  1.000000000000000  0.000000000000000  0.000000000000000  0.000000000000000  0.000000000000000  0.000000000000000  0.000000000000000  0.025701564647265  1.000000000000000  1.000000000000000 
136.0    V  0.016356410655853  0.014150530984653  0.000000000000000  0.000000000000000  0.005222658185176  0.000000000000000  0.000000000000000  0.155501456662309  0.000000000000000  0.156474557331749  0.018581361171918  0.000000000000000  0.000000000000000  0.000000000000000  0.008692579067069  0.000000000000000  0.007747786958893  0.617281303446769  0.000000000000000  0.000000000000000  1.000000000000000  0.000000000000000  0.000000000000000  0.000000000000000  0.000000000000000  0.000000000000000  0.000000000000000  0.026369243629063  1.000000000000000  1.000000000000000 
137.0    K  0.113597264556065  0.000000000000000  0.268129154204486  0.038207508677877  0.000000000000000  0.040218413978165  0.013984766733250  0.005140056738395  0.159762420400381  0.000000000000000  0.000000000000000  0.036752851571593  0.055706905993561  0.065063849855257  0.068630800861691  0.075519865211871  0.045468146363586  0.008344261000374  0.000000000000000  0.005455775517451  1.000000000000000  0.000000000000000  0.000000000000000  0.000000000000000  0.000000000000000  0.000000000000000  0.000000000000000  0.027129382112533  1.000000000000000  1.000000000000000 
138.0    P  0.162104944331376  0.000000000000000  0.010373165299863  0.017542522219900  0.000000000000000  0.029749309640548  0.009739071830274  0.010627897284422  0.122003970097028  0.040751585476830  0.084553014440642  0.062543336716411  0.191976283712762  0.020847237026215  0.032329611922466  0.093752436830364  0.076893209046947  0.012250632094933  0.000000000000000  0.022035905632569  1.000000000000000  0.000000000000000  0.000000000000000  0.000000000000000  0.000000000000000  0.000000000000000  0.000000000000000  0.029811235954611  1.000000000000000  1.000000000000000 
139.0    L  0.000000000000000  0.000000000000000  0.000000000000000  0.015527829583165  0.060454770600871  0.000000000000000  0.000000000000000  0.539240215847226  0.043737058299850  0.252088113723649  0.000000000000000  0.006867496569623  0.015314053364717  0.000000000000000  0.013917076571979  0.000000000000000  0.000000000000000  0.052738487258126  0.000000000000000  0.000000000000000  1.000000000000000  0.000000000000000  0.000000000000000  1.000000000000000  0.000000000000000  0.000000000000000  0.000000000000000  0.042600081477578  1.000000000000000  1.000000000000000 
