No:  residues  hmm_col_1  hmm_col_2  hmm_col_3  hmm_col_4  hmm_col_5  hmm_col_6  hmm_col_7  hmm_col_8  hmm_col_9  hmm_col_10  hmm_col_11  hmm_col_12  hmm_col_13  hmm_col_14  hmm_col_15  hmm_col_16  hmm_col_17  hmm_col_18  hmm_col_19  hmm_col_20  hmm_col_21   hmm_col_22   hmm_col_23   hmm_col_24   hmm_col_25   hmm_col_26   hmm_col_27   hmm_col_28   hmm_col_29   hmm_col_30   
1.0    M  0.020717590004667  0.000000000000000  0.008004350179944  0.000000000000000  0.000000000000000  0.000000000000000  0.000000000000000  0.007304493732433  0.007427024228358  0.008789519411631  0.823591017267573  0.000000000000000  0.000000000000000  0.016781319869064  0.014348065035952  0.012023493907507  0.063022028430912  0.017935975216484  0.000000000000000  0.000000000000000  0.985549336939371  0.008999122205854  0.005429368046259  0.659296807246183  0.340564508660122  0.000000000000000  0.000000000000000  0.008943157504677  0.486327473706143  1.000000000000000 
2.0    A  0.268315071598363  0.000000000000000  0.013202912256446  0.012310216969521  0.000000000000000  0.065743861200242  0.002577163888228  0.003221615424258  0.159762420400381  0.006867496569623  0.011257263662796  0.027073026762503  0.124740339874881  0.015377875344278  0.028815722434770  0.153042049050026  0.084318908396231  0.019209982300853  0.000000000000000  0.004058043372257  0.981459063853479  0.011454037165541  0.006787048321489  0.849684999138650  0.150412878249938  1.000000000000000  0.000000000000000  0.006796463693036  0.458502021602336  0.495858365369147 
3.0    S  0.071743900865938  0.002003863565112  0.023405639600378  0.015821168864851  0.000000000000000  0.004394759705816  0.009861344000876  0.010423618513108  0.109272327551297  0.014179986801831  0.036473690681827  0.060496689180859  0.016108879981169  0.134997069979110  0.119244943818445  0.123364568235730  0.194926210652831  0.049343367918785  0.000000000000000  0.003963525572582  0.996540262827868  0.003540085696357  0.000000000000000  0.297095776264233  0.702709350103360  1.000000000000000  0.000000000000000  0.006524124370534  0.489031736723670  0.495858365369147 
4.0    V  0.020165038913309  0.000000000000000  0.000000000000000  0.000000000000000  0.197784325296362  0.000000000000000  0.003594483010253  0.193579756963305  0.002818220091527  0.296478624852737  0.055629733328281  0.000000000000000  0.003589503451090  0.002710923279327  0.004913613171234  0.000000000000000  0.056484545421943  0.130037533315248  0.002561136746515  0.029605314706227  0.993092495437036  0.001782354469811  0.005384395128811  0.342220953272960  0.657927262514504  0.000000000000000  0.000000000000000  0.006245358049629  0.493458272942921  1.000000000000000 
5.0    V  0.046681670534761  0.000000000000000  0.003971776067547  0.005766853147199  0.005520443921417  0.019424213576624  0.012413037501502  0.031884520601514  0.011630041055989  0.063328556259943  0.031995215638389  0.144987456813179  0.025085543397374  0.067498534989555  0.009067999331123  0.159873197659679  0.307999518361439  0.046973796189549  0.000000000000000  0.005867655964613  1.000000000000000  0.000000000000000  0.000000000000000  0.000000000000000  0.000000000000000  1.000000000000000  0.000000000000000  0.006202218210404  1.000000000000000  0.489710148793463 
6.0    I  0.015050967094065  0.003379440197598  0.000000000000000  0.004903406215948  0.031120304784202  0.000000000000000  0.000000000000000  0.330334601414566  0.000000000000000  0.294226684304692  0.015040538173465  0.004177918312052  0.000000000000000  0.003253030355002  0.000000000000000  0.003360752463326  0.008961773626767  0.286181040149671  0.000000000000000  0.000000000000000  0.920825697205040  0.004355336791905  0.074635199192162  0.434672280045011  0.565265283562296  0.000000000000000  0.000000000000000  0.006210822273039  0.492092011016900  1.000000000000000 
7.0    R  0.006040987011370  0.004066490615954  0.005388128600887  0.012516716837338  0.000000000000000  0.003491348290456  0.013649576498698  0.000000000000000  0.076362068854594  0.007360400577381  0.000000000000000  0.011210543239115  0.003933420117409  0.030437633391976  0.760489376620505  0.018932385319223  0.015484836926001  0.002881428627115  0.000000000000000  0.027930786323650  0.240148715988369  0.000000000000000  0.759962428200758  0.000000000000000  0.000000000000000  1.000000000000000  0.000000000000000  0.006555856539895  1.000000000000000  0.378404198242395 
8.0    N  0.009407323290870  0.000000000000000  0.300825756499876  0.026223426159579  0.000000000000000  0.128871039849349  0.025137761591935  0.008936960728155  0.030437633391976  0.000000000000000  0.000000000000000  0.405001736816023  0.000000000000000  0.019130256131253  0.013640118611465  0.012140738574751  0.012404436420807  0.000000000000000  0.000000000000000  0.007921558435860  1.000000000000000  0.000000000000000  0.000000000000000  0.000000000000000  0.000000000000000  1.000000000000000  0.000000000000000  0.012682649702770  1.000000000000000  0.042807280623924 
9.0    L  0.003235041645838  0.007119541254978  0.000000000000000  0.000000000000000  0.041035035169505  0.000000000000000  0.000000000000000  0.256850359844741  0.000000000000000  0.450625231305415  0.043737058299850  0.000000000000000  0.006791754375703  0.000000000000000  0.000000000000000  0.000000000000000  0.023814762974059  0.152406886759538  0.008801712722635  0.005444442338623  1.000000000000000  0.000000000000000  0.000000000000000  0.000000000000000  0.000000000000000  0.000000000000000  0.000000000000000  0.006497047643554  1.000000000000000  1.000000000000000 
10.0    S  0.019750048413325  0.000000000000000  0.231165819528425  0.031336763621909  0.000000000000000  0.025790794016021  0.013868927144836  0.000000000000000  0.012242143546083  0.000000000000000  0.002429710260349  0.034722147770472  0.421031476804208  0.010082519456655  0.008716713455664  0.138024855895387  0.045499673406221  0.002317845307923  0.000000000000000  0.002909526295162  1.000000000000000  0.000000000000000  0.000000000000000  0.000000000000000  0.000000000000000  0.000000000000000  0.000000000000000  0.006497047643554  1.000000000000000  1.000000000000000 
11.0    E  0.048294409352999  0.002775570396839  0.285982743300952  0.214790188736796  0.000000000000000  0.008584798574819  0.008820034412548  0.005734963422008  0.065063849855257  0.013801797679398  0.000000000000000  0.024688790995731  0.202360554136852  0.029873291174804  0.017039183322895  0.037629293163482  0.018440224114628  0.010409178321031  0.000000000000000  0.005636440183053  1.000000000000000  0.000000000000000  0.000000000000000  0.000000000000000  0.000000000000000  0.000000000000000  0.000000000000000  0.006497047643554  1.000000000000000  1.000000000000000 
12.0    A  0.071396640428034  0.005859527301898  0.199022024694695  0.374230746698173  0.002498018713432  0.033307710502123  0.020151066416498  0.007264101114165  0.026626377971090  0.003135692924672  0.003980043736784  0.021285281791258  0.015134659206666  0.049446081324091  0.023357019509921  0.086150322060977  0.036957218757629  0.012040173568100  0.003532731943598  0.004703661645435  0.997231251352069  0.000000000000000  0.002796813947658  0.000000000000000  0.000000000000000  0.000000000000000  0.000000000000000  0.006497047643554  1.000000000000000  1.000000000000000 
13.0    T  0.025382887386132  0.000000000000000  0.019627224705368  0.028301061969307  0.006665828891501  0.000000000000000  0.003887342663360  0.120407736752519  0.022828818414776  0.479299719246488  0.031928752584822  0.004923841373371  0.000000000000000  0.035723072981689  0.004543437662296  0.003455236075514  0.075154328056136  0.132218870452303  0.003287029227677  0.002248221662750  0.995159721820083  0.000000000000000  0.005023818294651  0.000000000000000  0.000000000000000  1.000000000000000  0.000000000000000  0.006533174999329  1.000000000000000  0.497924876547229 
14.0    H  0.039091533753540  0.000000000000000  0.020789516266886  0.060454770600871  0.027680234971949  0.007345110957103  0.282436803642531  0.046973796189549  0.157672176103906  0.108743419088581  0.017050998078983  0.017469716421342  0.000000000000000  0.008887540842754  0.048630323534714  0.018363692631559  0.010591127553125  0.047497651762547  0.007872295003207  0.072443496994028  1.000000000000000  0.000000000000000  0.000000000000000  0.000000000000000  0.000000000000000  1.000000000000000  0.000000000000000  0.006569503244170  1.000000000000000  0.492092011016900 
15.0    N  0.169340622185671  0.000000000000000  0.080716084393896  0.173018714506435  0.000000000000000  0.014023594541676  0.009093176050017  0.015909143746322  0.110797712399358  0.016142412307565  0.005754873772721  0.046070913040347  0.003642134712644  0.106431713468618  0.170636714735646  0.039582320428851  0.022235366581791  0.009545258606824  0.000000000000000  0.006900898839699  1.000000000000000  0.000000000000000  0.000000000000000  0.000000000000000  0.000000000000000  0.000000000000000  0.000000000000000  0.006497047643554  1.000000000000000  1.000000000000000 
16.0    A  0.161880374856803  0.000000000000000  0.012352954946937  0.070462525759089  0.009055437124254  0.011382805577328  0.012717862266726  0.017289021142067  0.166431451654546  0.055168937268166  0.016220926102235  0.011759740214149  0.002472180847598  0.094535499830248  0.273763117698394  0.035698320214017  0.021477948368313  0.017886315009354  0.004543437662296  0.004856053394156  1.000000000000000  0.000000000000000  0.000000000000000  0.000000000000000  0.000000000000000  0.000000000000000  0.000000000000000  0.006497047643554  1.000000000000000  1.000000000000000 
17.0    I  0.093882495433808  0.006011746953753  0.000000000000000  0.000000000000000  0.019722688001752  0.000000000000000  0.000000000000000  0.181117769319360  0.000000000000000  0.561749951515823  0.019491649561157  0.000000000000000  0.003363082766949  0.004055231525559  0.003103259375375  0.000000000000000  0.002889428729002  0.095259051896236  0.000000000000000  0.009329399899020  0.999307092990453  0.000000000000000  0.000692931326270  0.000000000000000  0.000000000000000  0.000000000000000  0.000000000000000  0.006497047643554  1.000000000000000  1.000000000000000 
18.0    K  0.147419574032652  0.007021524426649  0.093947592379098  0.122852574818156  0.004103299000042  0.013499034178129  0.005554989885107  0.005974360460480  0.206326352128164  0.009840859218339  0.008662505028149  0.034866853822655  0.000000000000000  0.078454499455165  0.131487722400484  0.042896388476716  0.040330077826618  0.039527485698561  0.001972170503119  0.005354620331952  1.000000000000000  0.000000000000000  0.000000000000000  0.000000000000000  0.000000000000000  1.000000000000000  0.000000000000000  0.006492545793700  1.000000000000000  0.500000000000000 
19.0    F  0.131761427911342  0.004253894591157  0.035871950432969  0.162442382806930  0.010467059393968  0.007304493732433  0.017518219969195  0.072695002596741  0.080269738061839  0.055900306361413  0.033377044001495  0.026460791011329  0.000000000000000  0.103234708116965  0.109575715164504  0.033330805650993  0.029956232452906  0.058435949859466  0.000000000000000  0.027054267672489  1.000000000000000  0.000000000000000  0.000000000000000  0.000000000000000  0.000000000000000  0.000000000000000  0.000000000000000  0.006497047643554  1.000000000000000  1.000000000000000 
20.0    R  0.124826833262629  0.004024429506328  0.010365977660915  0.044439919080852  0.020460709735681  0.006150843566947  0.011461979251307  0.073048578035078  0.032106294980593  0.232612414425754  0.031906628928350  0.004968410182592  0.002131374759873  0.040836414184162  0.178872065002864  0.016862941195382  0.023847800140009  0.066063627535086  0.033984012214215  0.041006601705999  1.000000000000000  0.000000000000000  0.000000000000000  0.000000000000000  0.000000000000000  0.000000000000000  0.000000000000000  0.006497047643554  1.000000000000000  1.000000000000000 
21.0    A  0.874784764905822  0.016187230680625  0.000000000000000  0.002993398359781  0.000000000000000  0.005640348420010  0.000000000000000  0.002950141768677  0.003649716198762  0.003077554242380  0.003634568975402  0.000000000000000  0.000000000000000  0.000000000000000  0.005632534654142  0.055475708579344  0.007982188146205  0.017689045345479  0.000000000000000  0.000000000000000  0.998614666101029  0.000000000000000  0.001721640933412  0.000000000000000  0.000000000000000  0.000000000000000  0.000000000000000  0.006497047643554  1.000000000000000  1.000000000000000 
22.0    R  0.241484082231211  0.000000000000000  0.039802421103953  0.153573372555706  0.004074955443476  0.017205337470281  0.008043281901828  0.015261070765035  0.200823499189258  0.019763742849280  0.008881382603406  0.020460709735681  0.000000000000000  0.060245612983790  0.090558884659680  0.050450067156548  0.045029054651185  0.024315161767357  0.000000000000000  0.000000000000000  1.000000000000000  0.000000000000000  0.000000000000000  0.000000000000000  0.000000000000000  0.000000000000000  1.000000000000000  0.006492545793700  1.000000000000000  0.499653546495226 
23.0    A  0.158658860752476  0.003257543139941  0.059954007457829  0.138408073060536  0.017337023001060  0.015314053364717  0.015030116479137  0.020775111065339  0.084494427064258  0.045720975647010  0.019505164826588  0.015711884068726  0.000000000000000  0.120240931833097  0.156691627555086  0.061044283060139  0.017433426911328  0.028537445312875  0.007785470803343  0.014013877494719  1.000000000000000  0.000000000000000  0.000000000000000  0.000000000000000  0.000000000000000  1.000000000000000  0.000000000000000  0.006492545793700  1.000000000000000  0.499653546495226 
24.0    A  0.068251284109103  0.000000000000000  0.054296386571914  0.245875518506562  0.005321320447814  0.003179465566681  0.102308647698850  0.005613047564625  0.033284631356044  0.036297147872679  0.010467059393968  0.111800612722826  0.000000000000000  0.061939347704005  0.091125586176036  0.045594385757505  0.109196611989587  0.006367752596896  0.000000000000000  0.008912216530222  1.000000000000000  0.000000000000000  0.000000000000000  0.000000000000000  0.000000000000000  0.000000000000000  0.000000000000000  0.006501552614934  1.000000000000000  1.000000000000000 
25.0    G  0.013782677581206  0.002545209276100  0.045154074935110  0.018198962288570  0.017849160107009  0.567227742467977  0.089436032501432  0.000000000000000  0.043828101582575  0.010358795002333  0.004849326138774  0.108217070689957  0.000000000000000  0.023211764385325  0.031995215638389  0.017457611532378  0.002270144741246  0.000000000000000  0.000000000000000  0.003455236075514  1.000000000000000  0.000000000000000  0.000000000000000  0.000000000000000  0.000000000000000  0.000000000000000  0.000000000000000  0.006497047643554  1.000000000000000  1.000000000000000 
26.0    R  0.004209895097827  0.004094775294988  0.002392940101376  0.011272880366106  0.003938876776932  0.006470083291676  0.010806176789148  0.103163176064082  0.078074757853336  0.071545260037418  0.028735938942239  0.008332701412748  0.000000000000000  0.035723072981689  0.431669779287206  0.010005936416639  0.049172652834598  0.135936048856860  0.004512053845912  0.000000000000000  1.000000000000000  0.000000000000000  0.000000000000000  0.000000000000000  0.000000000000000  0.000000000000000  0.000000000000000  0.006497047643554  1.000000000000000  1.000000000000000 
27.0    S  0.009678505451437  0.002927733597179  0.003540085696357  0.000000000000000  0.002744958398841  0.003374758544532  0.000000000000000  0.002789070272822  0.014895289770127  0.003192716126907  0.000000000000000  0.016187230680625  0.039968299414920  0.003599469477339  0.003692977018558  0.756283998641981  0.136976470805961  0.000000000000000  0.000000000000000  0.000000000000000  1.000000000000000  0.000000000000000  0.000000000000000  0.000000000000000  0.000000000000000  0.000000000000000  0.000000000000000  0.006497047643554  1.000000000000000  1.000000000000000 
28.0    T  0.045626000332954  0.000000000000000  0.000000000000000  0.005855467194358  0.012378668920703  0.007016659163156  0.000000000000000  0.108668070011253  0.092397651954615  0.310787417225985  0.104530799989258  0.000000000000000  0.017542522219900  0.008740914851841  0.083736475151740  0.011226095129250  0.037162722343835  0.143985955293670  0.002697801656531  0.007704943003854  1.000000000000000  0.000000000000000  0.000000000000000  0.000000000000000  0.000000000000000  0.000000000000000  0.000000000000000  0.006497047643554  1.000000000000000  1.000000000000000 
29.0    E  0.068345966092790  0.002976845371757  0.025934205799687  0.132310549359392  0.000000000000000  0.024895003008924  0.037421209519342  0.000000000000000  0.011140825916907  0.000000000000000  0.000000000000000  0.389582289830250  0.010301512613222  0.036906020669673  0.012949139132625  0.193445624192799  0.053921334033916  0.000000000000000  0.000000000000000  0.000000000000000  0.999307092990453  0.000900491326087  0.000000000000000  0.062500000000000  0.937571096457110  0.000000000000000  0.000000000000000  0.006497047643554  0.500000000000000  1.000000000000000 
30.0    A  0.220522841299294  0.002741155714920  0.075467536967906  0.158548924915733  0.044935516651467  0.050066867349351  0.008924580053504  0.000000000000000  0.054560474445860  0.009310020113860  0.005182988830458  0.034339194299277  0.003054178293471  0.143289023216047  0.039172906888772  0.059457392270737  0.038983299122314  0.004775938584735  0.024552266145862  0.022035905632569  0.999307092990453  0.000000000000000  0.000466123542060  0.000000000000000  0.000000000000000  0.000000000000000  0.000000000000000  0.006497047643554  1.000000000000000  1.000000000000000 
31.0    E  0.018465805420849  0.002808469790717  0.004629268636491  0.198470982732913  0.099373156368622  0.000000000000000  0.005062269396224  0.062068280964815  0.000000000000000  0.208193942720137  0.011102281587354  0.000000000000000  0.000000000000000  0.070511383591032  0.000000000000000  0.002325892283916  0.008501894075553  0.053289680735497  0.095921631000055  0.159320078414908  1.000000000000000  0.000000000000000  0.000000000000000  0.000000000000000  0.000000000000000  0.000000000000000  1.000000000000000  0.006497047643554  1.000000000000000  0.500000000000000 
32.0    I  0.109727724701190  0.012421644546078  0.000000000000000  0.000000000000000  0.008644510571033  0.003073290802162  0.013782677581206  0.321524370857651  0.000000000000000  0.160094982666221  0.049138580758771  0.000000000000000  0.000000000000000  0.000000000000000  0.000000000000000  0.003469635921259  0.023292349793733  0.290175978595930  0.000000000000000  0.004842608202887  0.999307092990453  0.000456530858277  0.000000000000000  1.000000000000000  0.000000000000000  0.000000000000000  1.000000000000000  0.006519603759027  0.500000000000000  0.500000000000000 
33.0    R  0.060875266783953  0.009459633468364  0.010583788886604  0.119991157629863  0.000000000000000  0.012508043916505  0.010583788886604  0.071347169195423  0.074583483939483  0.082183922512817  0.011533706294397  0.047202268298838  0.000000000000000  0.023748825881274  0.294430697398745  0.037473122305972  0.032803646363221  0.093363341069521  0.000000000000000  0.007442484359718  0.997231251352069  0.000000000000000  0.002515393807636  0.000000000000000  0.000000000000000  1.000000000000000  0.000000000000000  0.006497047643554  1.000000000000000  0.500000000000000 
34.0    L  0.087595465567547  0.002276447652607  0.087474116599700  0.254017535748425  0.023814762974059  0.015953314464175  0.025190088484155  0.020067434515460  0.041868237575870  0.027148193285957  0.020832791829550  0.017157700215423  0.002086065250093  0.106579361470995  0.078726873746712  0.057273040292209  0.039996012932635  0.031752191968553  0.009030364894959  0.051154323849425  0.982139595263391  0.017725866952124  0.000000000000000  0.166662334636400  0.833353207159218  0.000000000000000  1.000000000000000  0.006510571930931  0.470087101254563  0.497924876547229 
35.0    I  0.370359949505080  0.010089510549237  0.002480763637771  0.006824788249349  0.010672189505894  0.004410017206274  0.006824788249349  0.134997069979110  0.038207508677877  0.191976283712762  0.022971677131079  0.002409584316034  0.000000000000000  0.009361789229214  0.045279442329840  0.036727385263118  0.019627224705368  0.060833085884890  0.013564691056266  0.012482061194518  1.000000000000000  0.000300780779650  0.000000000000000  0.125000000000000  0.874784764905822  0.000000000000000  1.000000000000000  0.006497047643554  0.500000000000000  0.497924876547229 
36.0    L  0.046391361582158  0.000000000000000  0.000000000000000  0.000000000000000  0.009099481144285  0.004759415092481  0.003520509619574  0.214492632607173  0.000000000000000  0.544876056106664  0.013489680602725  0.000000000000000  0.000000000000000  0.000000000000000  0.000000000000000  0.012395841299862  0.012577595900330  0.138504043483116  0.000000000000000  0.000000000000000  0.996540262827868  0.003349125143102  0.000378872487439  0.752623373705534  0.247242729095233  0.000000000000000  1.000000000000000  0.006615197752832  0.496890546661277  0.497924876547229 
37.0    D  0.129947429396910  0.006791754375703  0.054978067245152  0.238820734095609  0.003692977018558  0.010187896369208  0.008801712722635  0.013801797679398  0.066477042055824  0.038687196588670  0.025612643988672  0.019103754338939  0.000000000000000  0.056250120612095  0.166777896209721  0.067732872927799  0.062025273417864  0.023781771575615  0.002024806837929  0.004603669561764  1.000000000000000  0.000000000000000  0.000000000000000  1.000000000000000  0.000000000000000  0.269807059126107  0.730016005327261  0.006592310907266  0.500000000000000  0.490729531926740 
38.0    N  0.109272327551297  0.002613139755442  0.110032376695394  0.209061599978516  0.006763566918122  0.021567458646822  0.022530138616566  0.006176477473468  0.086389512908036  0.024332021595677  0.005358333158557  0.043224707156593  0.004283482767921  0.129408115480172  0.116629123942101  0.051510130309578  0.031796240378209  0.009055437124254  0.002792939426488  0.007213924302573  0.983502074026248  0.015668381810954  0.000575857711065  0.643048741715302  0.357000994921266  0.401368694357977  0.598739352309464  0.006619784648017  0.472373520498603  0.494142825750366 
39.0    I  0.243669907722887  0.007699604194839  0.022955759894974  0.055168937268166  0.043404847992660  0.030670595745421  0.059416193826864  0.007259067767585  0.065018766657624  0.031141883213371  0.011469926844016  0.016573245958878  0.004822510183178  0.029708096913432  0.015788303851356  0.083100444261357  0.030081076346930  0.025862400502444  0.026296233821418  0.189858961226816  0.989656656415207  0.009698652277548  0.000499925244350  0.653835674268380  0.346037429012870  0.098481735756168  0.901250462610830  0.006647372886770  0.482299092292069  0.489710148793463 
40.0    A  0.102379587232478  0.005467132287481  0.007662335968661  0.003741934446182  0.040498155169792  0.003540085696357  0.000000000000000  0.145289263439765  0.003007957711860  0.426908857195622  0.012090351512050  0.006129563264818  0.005766853147199  0.000000000000000  0.005695349136002  0.011469926844016  0.029502888098445  0.182251172352072  0.000000000000000  0.008578850107711  0.969289816935065  0.026811579075897  0.004080608448688  0.461691155364697  0.538493188096524  0.785128118673572  0.214939121560752  0.006628967982077  0.384218795322003  0.473028823362798 
41.0    K  0.112656307826354  0.000000000000000  0.120993378361717  0.206183387152520  0.002257591223740  0.067779838052691  0.017145811524676  0.010061575230546  0.083736475151740  0.015292838287460  0.005321320447814  0.033655824256033  0.015463385256488  0.047927583114784  0.094077921713192  0.094535499830248  0.040554336466849  0.016921485086343  0.003747125466114  0.011509747545441  0.948684315140454  0.042393885232740  0.009194583884522  0.377356492130140  0.622437117691085  0.634195699662934  0.366021423986406  0.006578616825066  0.336341802130457  0.447202450891303 
42.0    A  0.069540632536552  0.006796463693036  0.110720939887795  0.088941466327162  0.002769804757186  0.035133716368082  0.018262144508769  0.017481829703683  0.062586703481958  0.040274207202657  0.007971130150379  0.031884520601514  0.110108671765872  0.061853541025950  0.212863426937236  0.040358042196948  0.041234622211653  0.030777076340486  0.003518070233781  0.006920058742987  0.929804942613162  0.051581588032041  0.018338252785646  0.302498522304823  0.697371833175203  0.551716870020980  0.448444079831007  0.006524124370534  0.372419365780676  0.448444079831007 
43.0    Q  0.118832387653727  0.005879870107074  0.037085524926767  0.202641279971327  0.006651982091789  0.046262915562502  0.047464740306704  0.020489093972119  0.045216715183454  0.060245612983790  0.012788580962356  0.037525107108913  0.103163176064082  0.070364911633548  0.077213664820433  0.045879707376066  0.024467321758017  0.017015578364627  0.000000000000000  0.020789516266886  0.908778116448520  0.057273040292209  0.033984012214215  0.227825320159285  0.772175133091785  0.717972255311718  0.281850103036355  0.007016659163156  0.425726853874473  0.410655350376033 
44.0    Q  0.061341191490842  0.005754873772721  0.049104532291724  0.222364748384474  0.009678505451437  0.108668070011253  0.011589804170634  0.015635834179103  0.064034801439550  0.008344261000374  0.000000000000000  0.030081076346930  0.046681670534761  0.042777619159120  0.097937148368668  0.079164640857701  0.055745532463756  0.004499561102927  0.051260806949795  0.035329080222643  0.976708528962227  0.020703234641331  0.002522377637309  0.291385299533640  0.708578698254108  0.381300413314071  0.618995145418723  0.007294374569651  0.461051558956316  0.414947292794991 
45.0    T  0.032262454233851  0.000000000000000  0.121161227116883  0.034125642054552  0.042777619159120  0.033008925792246  0.003977285936581  0.023019495090883  0.042042725266307  0.017640068825096  0.015865095326085  0.011646174896867  0.098141014834197  0.049549008538143  0.388234437500520  0.045657636829552  0.022173802440631  0.014978116226453  0.003778423162554  0.000000000000000  0.912565488543452  0.080828058242968  0.006412043818832  0.325561047392257  0.674551267169849  0.409234590795402  0.590905773467183  0.007567329603333  0.387427965479586  0.443498152576075 
46.0    V  0.083042863381032  0.002484205091296  0.046908721797324  0.106727214298906  0.048968574184334  0.016769691974898  0.024130472909118  0.069060280299994  0.110490941382959  0.104169150894902  0.000000000000000  0.006112592044816  0.031012636708932  0.091062444618626  0.091886708524315  0.018262144508769  0.018840747307668  0.070316155293051  0.013715965587649  0.046166814486955  0.988970916380931  0.010866265403984  0.000000000000000  0.493458272942921  0.506277403675246  0.794434400096105  0.205755086319677  0.007866840234818  0.477310507069858  0.442576882289773 
47.0    R  0.078454499455165  0.002600491432102  0.062456693311903  0.127980862553555  0.022112408755104  0.073965688859536  0.013649576498698  0.003868526843488  0.097058609375130  0.012895397008010  0.006416489849626  0.045720975647010  0.035574813408590  0.068251284109103  0.134157535799182  0.108894274017782  0.056877426505056  0.000000000000000  0.006284440397984  0.042836962655616  0.995849753094458  0.004044003608755  0.000000000000000  0.250000000000000  0.750019494642909  0.220981882765918  0.779164579660500  0.008195229121679  0.499653546495226  0.489710148793463 
48.0    L  0.029914733068603  0.007551610133320  0.009759344731667  0.019050860844942  0.108743419088581  0.000000000000000  0.000000000000000  0.038340155539181  0.012208248127692  0.463294030945185  0.050555084272609  0.014905617977306  0.005691402788664  0.000000000000000  0.027035521580781  0.006133813427137  0.046876218415182  0.145188591490715  0.014761672515581  0.000000000000000  1.000000000000000  0.000000000000000  0.000000000000000  0.000000000000000  0.000000000000000  0.000000000000000  1.000000000000000  0.009086875324593  1.000000000000000  0.492774668469685 
49.0    G  0.287572973337651  0.010881339692727  0.013480333508479  0.030713143704539  0.015843116871719  0.318198733818986  0.000000000000000  0.017289021142067  0.005251699195909  0.085200162955157  0.018697640050480  0.004212814186306  0.007218926347241  0.003275656970472  0.055706905993561  0.043284670878466  0.028537445312875  0.026941985781800  0.004316267518750  0.023308500417054  1.000000000000000  0.000000000000000  0.000000000000000  0.000000000000000  0.000000000000000  0.000000000000000  1.000000000000000  0.009143739386520  1.000000000000000  0.492774668469685 
50.0    S  0.049893649147291  0.000000000000000  0.116548310804604  0.213602435222433  0.000000000000000  0.048697786228781  0.013725476066224  0.003307598876416  0.082526427563438  0.021597378227009  0.003747125466114  0.040949793870574  0.000000000000000  0.127273149970578  0.059251685320540  0.140827403562160  0.046359216682535  0.024791682599723  0.000000000000000  0.006824788249349  0.957271458195298  0.038022573707315  0.004515182447480  1.000000000000000  0.000000000000000  1.000000000000000  0.000000000000000  0.009137403625406  0.462331639056850  0.492774668469685 
51.0    M  0.129587637627465  0.003058415219752  0.042013593567270  0.071347169195423  0.006210822273039  0.012098734810207  0.003127010979126  0.014782150730087  0.065698306817982  0.105112051906714  0.022390025787080  0.004502681042183  0.000000000000000  0.066615421004246  0.304813773519076  0.028696130071904  0.006791754375703  0.102308647698850  0.003280201144313  0.007688937672139  0.993092495437036  0.007183984735560  0.000000000000000  1.000000000000000  0.000000000000000  0.000000000000000  1.000000000000000  0.010202029586632  0.496546247718518  0.500000000000000 
52.0    L  0.052084575447451  0.008686555918102  0.000000000000000  0.017397212784823  0.016944959513173  0.000000000000000  0.007213924302573  0.340328529124868  0.008116086744513  0.365767805176082  0.050415109951383  0.000000000000000  0.000000000000000  0.011981895778696  0.006354524985407  0.010068551800664  0.023568438698228  0.076309157041821  0.000000000000000  0.004862789981962  0.983502074026248  0.016379101179952  0.000000000000000  0.416099367355762  0.583983697306559  0.000000000000000  1.000000000000000  0.010202029586632  0.487339815445774  0.500000000000000 
53.0    A  0.251390145099617  0.004549740572142  0.032577055026285  0.104241380478121  0.005332397335489  0.000000000000000  0.040921419471361  0.026460791011329  0.022939853688033  0.123964591342287  0.020574483157176  0.026369243629063  0.000000000000000  0.025541729015259  0.150517172653927  0.077053270341488  0.041694474052430  0.036752851571593  0.000000000000000  0.009143739386520  0.944092419150250  0.000000000000000  0.055668306287918  0.000000000000000  0.000000000000000  0.000000000000000  1.000000000000000  0.010591127553125  1.000000000000000  0.500000000000000 
54.0    S  0.205470046823713  0.000000000000000  0.063946091858402  0.237994477124383  0.000000000000000  0.022173802440631  0.002923677708579  0.004920429609170  0.039254449410735  0.007619964543185  0.007299432397525  0.015942260300757  0.046746429948825  0.069975805540890  0.134997069979110  0.106505511884358  0.022312562182579  0.011719054603795  0.000000000000000  0.000000000000000  0.995849753094458  0.000000000000000  0.003849802097419  0.000000000000000  0.000000000000000  0.138696184008481  0.861546159712017  0.011694710834318  1.000000000000000  0.437999157533563 
55.0    I  0.077750728331154  0.000000000000000  0.005659930291230  0.011605882192663  0.057233355401133  0.000000000000000  0.012976094126420  0.183518829504263  0.045784402331604  0.202922395244320  0.059705183523902  0.005380664243684  0.017289021142067  0.025016087833009  0.231005643111706  0.012157580883678  0.011808749439971  0.025207554975691  0.000000000000000  0.015019702006074  0.958599438492977  0.000000000000000  0.041148966314351  0.000000000000000  0.000000000000000  0.000000000000000  1.000000000000000  0.011202775375124  1.000000000000000  0.443805668634749 
56.0    G  0.151249261152412  0.006891338790603  0.010194960528820  0.043737058299850  0.261702570493644  0.134623297024131  0.000000000000000  0.051331918797004  0.013012121420009  0.047136877396456  0.013129902378645  0.013946046429265  0.028458432299749  0.000000000000000  0.033585911651734  0.051012690384431  0.055706905993561  0.070658160445287  0.004382591720822  0.009200959293711  1.000000000000000  0.000000000000000  0.000000000000000  1.000000000000000  0.000000000000000  0.949342120950519  0.050906722691888  0.010642640895629  0.490389501994276  0.401925495371576 
57.0    Q  0.145793671223558  0.000000000000000  0.035451733904249  0.110337874536332  0.000000000000000  0.046038990181765  0.000000000000000  0.006078790441839  0.078563335907614  0.016607744911852  0.000000000000000  0.009585038884795  0.074376981019167  0.105039219029160  0.249135065706967  0.055552667572911  0.043314683926575  0.024163948045479  0.000000000000000  0.000000000000000  1.000000000000000  0.000000000000000  0.000000000000000  0.333324669272800  0.666649338545599  0.504525816922341  0.495171435966512  0.010194960528820  0.500000000000000  0.497235084336607 
58.0    E  0.080996310339583  0.008240799352094  0.072947381363654  0.209496783666987  0.000000000000000  0.073556671076173  0.038687196588670  0.000000000000000  0.156041318612701  0.007971130150379  0.000000000000000  0.028755864082027  0.069156084568267  0.038260512262506  0.138216331665034  0.036171569280941  0.025435724533451  0.015986522964601  0.000000000000000  0.000000000000000  0.995849753094458  0.000000000000000  0.004419197120492  0.000000000000000  0.000000000000000  0.000000000000000  1.000000000000000  0.010701820155981  1.000000000000000  0.500000000000000 
59.0    I  0.156257787823151  0.014619117153616  0.014710601008456  0.038393343138927  0.020861692238999  0.010503398391817  0.008704637897026  0.076946525834057  0.008838394240984  0.192642777089602  0.025630403474898  0.021522656974737  0.009658400475945  0.014680042956469  0.047761766273911  0.060078808024298  0.075362989230673  0.154320325861692  0.041550222130679  0.007134361328219  0.934975197751455  0.040638754579640  0.024315161767357  0.578344091952644  0.421907898065009  0.000000000000000  1.000000000000000  0.012166010797838  0.434371092575312  0.489710148793463 
60.0    G  0.040864729641774  0.000000000000000  0.049240867878084  0.051118878659861  0.010709240663904  0.584388624280623  0.018249490540830  0.000000000000000  0.013257935964155  0.019037660369925  0.000000000000000  0.054749894691695  0.026552656223083  0.038848427153248  0.034196678164398  0.034794425569646  0.014298424501999  0.009485897534336  0.000000000000000  0.000000000000000  0.990342871933025  0.003868526843488  0.005990947889348  1.000000000000000  0.000000000000000  0.448755025333631  0.551334581534456  0.013849714049920  0.488354264481114  0.455334916795989 
61.0    G  0.049275010878517  0.006501552614934  0.030585676574920  0.043797732783773  0.024180703024100  0.341036958719839  0.015975445790780  0.016379101179952  0.000000000000000  0.276241121199978  0.016176014435022  0.008292368819920  0.012006837353813  0.000000000000000  0.012293163208649  0.043465061615937  0.035206850890540  0.051724801004888  0.000000000000000  0.017039183322895  0.969289816935065  0.030543305200338  0.000000000000000  1.000000000000000  0.000000000000000  0.917004043204671  0.082870360018666  0.016781319869064  0.458184322337676  0.469435873657726 
62.0    V  0.029177498278604  0.000000000000000  0.184923438656105  0.025155191800660  0.071694189014135  0.009766111738947  0.013936383115939  0.060329189054485  0.006651982091789  0.063901783163120  0.010251650426500  0.000000000000000  0.013744516811288  0.017664540111322  0.029708096913432  0.064435519924674  0.210369870571345  0.188286308329227  0.000000000000000  0.000000000000000  0.988970916380931  0.000000000000000  0.010768790257622  0.000000000000000  0.000000000000000  0.000000000000000  1.000000000000000  0.018853811245637  1.000000000000000  0.500000000000000 
63.0    E  0.023421868777430  0.000000000000000  0.311218558845543  0.310787417225985  0.000000000000000  0.050942020775164  0.008257953441886  0.000000000000000  0.018491422214884  0.012904338514621  0.000000000000000  0.070854338298651  0.039664715188119  0.068203992315933  0.000000000000000  0.043919334381460  0.027261334555336  0.014170161389580  0.000000000000000  0.000000000000000  0.992404374685819  0.000000000000000  0.007279222103944  0.071446145963377  0.928516852306729  0.184411432135355  0.815637493339010  0.021642335439233  0.500000000000000  0.487339815445774 
64.0    L  0.098277161517541  0.000000000000000  0.059087632296921  0.151354135493819  0.079770548051810  0.025312608551001  0.000000000000000  0.036676505571292  0.035500914524584  0.332401777045429  0.010569126805080  0.014052786127309  0.036347501298370  0.011759740214149  0.000000000000000  0.017998244411709  0.029811235954611  0.061086610400675  0.000000000000000  0.000000000000000  0.765248384911334  0.218847832423566  0.015722778492153  0.240315232097190  0.759435844907265  1.000000000000000  0.000000000000000  0.024603374267788  0.319968103461077  0.482633512435878 
65.0    E  0.023914012028479  0.000000000000000  0.362235538638720  0.358488812003957  0.000000000000000  0.000000000000000  0.000000000000000  0.018984949873516  0.000000000000000  0.000000000000000  0.000000000000000  0.041463910643661  0.126920762608679  0.025155191800660  0.000000000000000  0.024348893114391  0.007002083590386  0.011343424061749  0.000000000000000  0.000000000000000  0.988285651500733  0.005023818294651  0.006834255975827  1.000000000000000  0.000000000000000  0.000000000000000  1.000000000000000  0.032690154368517  0.497579860910041  0.492774668469685 
66.0    D  0.030227385300435  0.000000000000000  0.024603374267788  0.005916665296394  0.065972107352373  0.000000000000000  0.000000000000000  0.206326352128164  0.016470178488918  0.296684199414133  0.024895003008924  0.017898717155934  0.005770851810869  0.087292408279212  0.012656304275501  0.017062821027276  0.007279222103944  0.180992271547445  0.000000000000000  0.000000000000000  0.843815796130018  0.140729823267095  0.015474107373954  1.000000000000000  0.000000000000000  0.000000000000000  1.000000000000000  0.033307710502123  0.414659772907221  0.478635729097649 
67.0    V  0.100203166174924  0.000000000000000  0.000000000000000  0.145490816800267  0.008396477912934  0.000000000000000  0.015324671937321  0.053142135004012  0.000000000000000  0.052012420919470  0.000000000000000  0.000000000000000  0.413798408039103  0.006461120065963  0.027661055143111  0.008309630256978  0.047960815500028  0.121161227116883  0.000000000000000  0.000000000000000  0.692074858025740  0.307786103336229  0.000000000000000  0.500693627855667  0.499307333050514  0.711038705293637  0.288971676638700  0.047728671811272  0.356506429341035  0.468460723436213 
68.0    R  0.000000000000000  0.000000000000000  0.000000000000000  0.000000000000000  0.000000000000000  0.009591685030586  0.015986522964601  0.011094588738621  0.009591685030586  0.035036439938391  0.000000000000000  0.000000000000000  0.025050791543731  0.020617311105826  0.872967591133763  0.000000000000000  0.000000000000000  0.000000000000000  0.000000000000000  0.000000000000000  1.000000000000000  0.000000000000000  0.000000000000000  0.000000000000000  0.000000000000000  1.000000000000000  0.000000000000000  0.053697547184199  1.000000000000000  0.492774668469685 
69.0    G  0.012841877926482  0.000000000000000  0.407818746669505  0.067032288551121  0.000000000000000  0.161208531331986  0.054598305994793  0.041406469282663  0.000000000000000  0.000000000000000  0.000000000000000  0.085673925311231  0.035648866120888  0.082927821287323  0.000000000000000  0.037085524926767  0.013792234317041  0.000000000000000  0.000000000000000  0.000000000000000  0.682546858942583  0.000000000000000  0.317317721504951  0.000000000000000  0.000000000000000  0.000000000000000  0.000000000000000  0.053363607149453  1.000000000000000  1.000000000000000 
70.0    R  0.035772630018709  0.000000000000000  0.047828024056958  0.066800374450688  0.000000000000000  0.044010757091003  0.000000000000000  0.000000000000000  0.304602565918798  0.000000000000000  0.000000000000000  0.018542762463383  0.059498619281096  0.105623298051564  0.270743761381481  0.000000000000000  0.046552420722584  0.000000000000000  0.000000000000000  0.000000000000000  1.000000000000000  0.000000000000000  0.000000000000000  0.000000000000000  0.000000000000000  0.825305408512657  0.174463845515271  0.071446145963377  1.000000000000000  0.358488812003957 
71.0    N  0.173018714506435  0.000000000000000  0.130851285246822  0.017579038823263  0.000000000000000  0.020660228205353  0.031708204580653  0.000000000000000  0.030991147835572  0.019613624863791  0.023373214974412  0.042423280621250  0.034506213973847  0.047038960856596  0.011735311929226  0.136219014026666  0.272438028053332  0.007774685326719  0.000000000000000  0.000000000000000  0.919550046151658  0.080158537672641  0.000000000000000  0.593368398828266  0.406407800992160  0.681129017320244  0.319082192207238  0.058924033494890  0.470087101254563  0.473356815618357 
72.0    T  0.070805242830987  0.000000000000000  0.033284631356044  0.062586703481958  0.000000000000000  0.000000000000000  0.021612353578296  0.066292983835514  0.031995215638389  0.048093975630027  0.029769937438873  0.000000000000000  0.442883759551180  0.000000000000000  0.000000000000000  0.098209064583448  0.094535499830248  0.000000000000000  0.000000000000000  0.000000000000000  0.961927454664775  0.019736363466341  0.018363692631559  0.500000000000000  0.500000000000000  0.000000000000000  1.000000000000000  0.056759276107594  0.497579860910041  0.493116352246680 
73.0    D  0.467811748915700  0.000000000000000  0.040582456335309  0.009881871424640  0.000000000000000  0.000000000000000  0.024030325488598  0.116790918360398  0.000000000000000  0.000000000000000  0.000000000000000  0.000000000000000  0.020803931456818  0.014874654820274  0.193848301586751  0.032735503971869  0.031950891581560  0.046681670534761  0.000000000000000  0.000000000000000  1.000000000000000  0.000000000000000  0.000000000000000  0.000000000000000  0.000000000000000  0.580754365962861  0.419284092220466  0.061596833558711  1.000000000000000  0.480297431976738 
74.0    N  0.042247213532129  0.000000000000000  0.060371020557803  0.387159513926610  0.000000000000000  0.000000000000000  0.000000000000000  0.000000000000000  0.088265900274047  0.000000000000000  0.000000000000000  0.035599480538191  0.045029054651185  0.067968024428430  0.230206424301260  0.010554485035435  0.032577055026285  0.000000000000000  0.000000000000000  0.000000000000000  0.983502074026248  0.000000000000000  0.016642315678022  0.000000000000000  0.000000000000000  0.000000000000000  1.000000000000000  0.061341191490842  1.000000000000000  0.493116352246680 
75.0    E  0.070854338298651  0.000000000000000  0.000000000000000  0.035574813408590  0.000000000000000  0.000000000000000  0.000000000000000  0.021285281791258  0.000000000000000  0.000000000000000  0.000000000000000  0.000000000000000  0.780245480173703  0.000000000000000  0.015040538173465  0.000000000000000  0.058435949859466  0.018684684324627  0.000000000000000  0.000000000000000  1.000000000000000  0.000000000000000  0.000000000000000  0.000000000000000  0.000000000000000  0.466516495768404  0.533292890415882  0.061383724703962  1.000000000000000  0.484980955170867 
76.0    V  0.187115373349086  0.000000000000000  0.000000000000000  0.000000000000000  0.000000000000000  0.000000000000000  0.000000000000000  0.077750728331154  0.000000000000000  0.177513419817928  0.176531800548094  0.000000000000000  0.081786129465938  0.000000000000000  0.000000000000000  0.000000000000000  0.024030325488598  0.275285399524491  0.000000000000000  0.000000000000000  1.000000000000000  0.000000000000000  0.000000000000000  0.000000000000000  0.000000000000000  1.000000000000000  0.000000000000000  0.062716984281844  1.000000000000000  0.493116352246680 
77.0    S  0.018971795068673  0.000000000000000  0.189464570813800  0.036778335538086  0.000000000000000  0.095589767367673  0.000000000000000  0.000000000000000  0.044286168640882  0.000000000000000  0.000000000000000  0.011187255790634  0.021823102069803  0.057154068093744  0.167821562847533  0.207761465398412  0.133971682817037  0.015282241772615  0.000000000000000  0.000000000000000  1.000000000000000  0.000000000000000  0.000000000000000  0.000000000000000  0.000000000000000  0.000000000000000  0.000000000000000  0.062456693311903  1.000000000000000  1.000000000000000 
78.0    L  0.000000000000000  0.000000000000000  0.000000000000000  0.000000000000000  0.823591017267573  0.000000000000000  0.000000000000000  0.000000000000000  0.000000000000000  0.085259239679960  0.017799740269096  0.029299096764285  0.043919334381460  0.000000000000000  0.000000000000000  0.000000000000000  0.000000000000000  0.000000000000000  0.000000000000000  0.000000000000000  1.000000000000000  0.000000000000000  0.000000000000000  1.000000000000000  0.000000000000000  0.000000000000000  0.000000000000000  0.062500000000000  1.000000000000000  1.000000000000000 
