No:  residues  hmm_col_1  hmm_col_2  hmm_col_3  hmm_col_4  hmm_col_5  hmm_col_6  hmm_col_7  hmm_col_8  hmm_col_9  hmm_col_10  hmm_col_11  hmm_col_12  hmm_col_13  hmm_col_14  hmm_col_15  hmm_col_16  hmm_col_17  hmm_col_18  hmm_col_19  hmm_col_20  hmm_col_21   hmm_col_22   hmm_col_23   hmm_col_24   hmm_col_25   hmm_col_26   hmm_col_27   hmm_col_28   hmm_col_29   hmm_col_30   
1.0    G  0.051617354058483  0.000000000000000  0.000000000000000  0.000000000000000  0.000000000000000  0.615145672375572  0.000000000000000  0.000000000000000  0.000000000000000  0.000000000000000  0.000000000000000  0.000000000000000  0.117440343651751  0.000000000000000  0.000000000000000  0.167125061925642  0.000000000000000  0.048495678392179  0.000000000000000  0.000000000000000  1.000000000000000  0.000000000000000  0.000000000000000  0.000000000000000  0.000000000000000  0.000000000000000  0.000000000000000  0.112969090843886  1.000000000000000  1.000000000000000 
2.0    W  0.000000000000000  0.000000000000000  0.000000000000000  0.000000000000000  0.520510798842056  0.000000000000000  0.000000000000000  0.000000000000000  0.000000000000000  0.077589218220382  0.154320325861692  0.000000000000000  0.000000000000000  0.000000000000000  0.000000000000000  0.000000000000000  0.038848427153248  0.116871899718932  0.025085543397374  0.066846692992828  1.000000000000000  0.000000000000000  0.000000000000000  0.000000000000000  0.000000000000000  0.000000000000000  0.000000000000000  0.067920928907879  1.000000000000000  1.000000000000000 
3.0    E  0.013830527571555  0.000000000000000  0.162780523696129  0.168170901065228  0.000000000000000  0.000000000000000  0.000000000000000  0.000000000000000  0.074842419038683  0.000000000000000  0.000000000000000  0.025826572442319  0.470413053756894  0.036498981081660  0.000000000000000  0.024197469620413  0.023486898094774  0.000000000000000  0.000000000000000  0.000000000000000  1.000000000000000  0.000000000000000  0.000000000000000  0.000000000000000  0.000000000000000  0.000000000000000  0.000000000000000  0.031228346655952  1.000000000000000  1.000000000000000 
4.0    I  0.000000000000000  0.000000000000000  0.000000000000000  0.137166492197405  0.000000000000000  0.000000000000000  0.034054753506667  0.337743521133909  0.000000000000000  0.081446696835206  0.042836962655616  0.000000000000000  0.000000000000000  0.000000000000000  0.046007089442756  0.000000000000000  0.017050998078983  0.303759197976254  0.000000000000000  0.000000000000000  0.977385766410805  0.022671128247409  0.000000000000000  0.333324669272800  0.666649338545599  0.000000000000000  0.000000000000000  0.022577037467555  0.496546247718518  1.000000000000000 
5.0    P  0.051403129294529  0.008138620539127  0.038660389958974  0.057631444869539  0.000000000000000  0.000000000000000  0.000000000000000  0.038580081465423  0.044194173824159  0.035500914524584  0.102521613899591  0.012482061194518  0.449689156073876  0.062543336716411  0.013003105229868  0.016734856612366  0.017027376753333  0.051940366349603  0.000000000000000  0.000000000000000  1.000000000000000  0.000000000000000  0.000000000000000  0.000000000000000  0.000000000000000  0.000000000000000  0.000000000000000  0.010576455305097  1.000000000000000  1.000000000000000 
6.0    E  0.102237757319723  0.000000000000000  0.126131454230585  0.160985203688728  0.000000000000000  0.026442456143759  0.019478143660548  0.044811101500495  0.095988141856381  0.027148193285957  0.000000000000000  0.080102995260012  0.076839929203411  0.035402621415494  0.020277168233425  0.093622558401511  0.037499105699163  0.052994997789572  0.000000000000000  0.000000000000000  0.995849753094458  0.004035603076891  0.000000000000000  1.000000000000000  0.000000000000000  0.000000000000000  0.000000000000000  0.007411596212035  0.500000000000000  1.000000000000000 
7.0    P  0.072846324883410  0.000000000000000  0.021732530807969  0.013849714049920  0.048900736358532  0.029687511964840  0.017217267435572  0.065972107352373  0.043555538708983  0.107992273425035  0.085911793473252  0.041463910643661  0.144786600774330  0.049104532291724  0.037629293163482  0.092077980363530  0.060790934213268  0.051545846788130  0.000000000000000  0.015019702006074  0.988970916380931  0.001771270173698  0.009585038884795  0.081956375888478  0.918276162300924  0.000000000000000  0.000000000000000  0.005582008358364  0.498615625676035  1.000000000000000 
8.0    Y  0.026515871928309  0.002527628231412  0.006519603759027  0.004852688600720  0.192242603908784  0.001804731586810  0.005240789940946  0.239152039522969  0.005941323254848  0.211539649150072  0.068393356328796  0.002897451042658  0.026405824512891  0.002376410856707  0.010322956294205  0.019303416205108  0.014548356559847  0.084260483233566  0.000000000000000  0.075206439124969  0.996540262827868  0.003433748284812  0.000000000000000  0.249826773247613  0.750019494642909  0.681129017320244  0.318640156829816  0.005941323254848  0.434371092575312  0.488692883205403 
9.0    V  0.069108165832517  0.001676885618042  0.029157280985525  0.200962747685788  0.018123432101647  0.012949139132625  0.014782150730087  0.051510130309578  0.104603280335424  0.036778335538086  0.013331657783001  0.053289680735497  0.051545846788130  0.071297732241776  0.031077192771038  0.032039601184019  0.085023178275372  0.112656307826354  0.001715684508278  0.008309630256978  0.963261894020148  0.033492920704259  0.003118353071706  0.549808074657276  0.450312989923965  0.000000000000000  1.000000000000000  0.005750886180344  0.386087566545892  0.499653546495226 
10.0    W  0.004160578919506  0.001686210075341  0.000000000000000  0.000000000000000  0.074068298183849  0.002460214804585  0.000000000000000  0.006642766875502  0.000000000000000  0.024740183308477  0.012040173568100  0.002363269705506  0.000000000000000  0.000000000000000  0.004089102663963  0.004100455795403  0.002125473518888  0.007877753553864  0.846158596600290  0.007375722024611  0.993092495437036  0.000000000000000  0.007055675860561  0.000000000000000  0.000000000000000  0.332862903309093  0.667111584838885  0.005730989625654  1.000000000000000  0.489031736723670 
11.0    D  0.003876579588616  0.005613047564625  0.198746312737244  0.031034140482407  0.001973537981419  0.014189819026899  0.031995215638389  0.003985565075189  0.105916554368265  0.018376425785796  0.008838394240984  0.142200653484063  0.021552514403548  0.030862526920168  0.054863862350595  0.182757181050004  0.129049816935405  0.011849746448238  0.000000000000000  0.002327505028465  0.961927454664775  0.026774436086518  0.011597840395539  0.761544369851631  0.238159499510984  0.861546159712017  0.138120560599989  0.005734963422008  0.400257405328151  0.468785548228555 
12.0    E  0.069012427947693  0.000000000000000  0.275667290767228  0.233419986228828  0.003887342663360  0.017506081471784  0.005317633267576  0.004049613675858  0.078508898821470  0.008015454260446  0.006323767316777  0.042130241616783  0.094143154164613  0.033423346496414  0.021732530807969  0.064212589961185  0.025435724533451  0.012149156810665  0.000000000000000  0.005013382412355  0.984184022033800  0.012691443693066  0.003259801879513  0.497579860910041  0.502431910211893  0.000000000000000  1.000000000000000  0.005679580145782  0.459775023075829  0.462652214018926 
13.0    S  0.093557686674543  0.011171757705951  0.145692649766820  0.151564102382717  0.006638164055771  0.025277542136304  0.009453078822026  0.006288797950165  0.091632297324326  0.010452559021767  0.010858736092518  0.079219532627152  0.017325010056298  0.042482132559586  0.053809324271181  0.182630547318209  0.042335155546418  0.011140825916907  0.001513390490155  0.006881791985367  0.989656656415207  0.004530858025412  0.006036801169125  0.673150034638391  0.326917837134190  0.762072415169885  0.238159499510984  0.005593627895317  0.490049707670935  0.452816991508911 
14.0    F  0.000000000000000  0.007993261482300  0.004239177233913  0.000000000000000  0.234717936828863  0.000000000000000  0.026168952734638  0.016356410655853  0.000000000000000  0.356753626429470  0.064346255214625  0.000000000000000  0.004487102949207  0.005613047564625  0.011485838565539  0.001725224709925  0.000000000000000  0.004789198672083  0.009861344000876  0.251215955105946  0.994470168673214  0.005613047564625  0.000000000000000  0.543744195427441  0.455966582759885  1.000000000000000  0.000000000000000  0.005535771080110  0.482633512435878  0.471065636952404 
15.0    R  0.104530799989258  0.013574096642978  0.052192994964273  0.168287508659598  0.004069310269563  0.010075533208249  0.013965393161825  0.015250496262129  0.067639040282857  0.082583650353642  0.008229383093397  0.054674047806614  0.001772498350229  0.017133931071686  0.051688960527704  0.259354984141403  0.028775803037658  0.038956287321097  0.000000000000000  0.007249011534932  0.998614666101029  0.000000000000000  0.001687379272266  1.000000000000000  0.000000000000000  0.000000000000000  0.000000000000000  0.005266280202098  0.500000000000000  1.000000000000000 
16.0    V  0.003604462861929  0.028164076956588  0.006483551449922  0.000000000000000  0.010591127553125  0.000000000000000  0.000000000000000  0.132035703168982  0.000000000000000  0.173499089876949  0.018173750649185  0.010380357922629  0.000000000000000  0.004638904945599  0.004449935067274  0.031576607702711  0.285982743300952  0.290377182981431  0.000000000000000  0.000000000000000  1.000000000000000  0.000000000000000  0.000000000000000  0.000000000000000  0.000000000000000  1.000000000000000  0.000000000000000  0.005233529696984  1.000000000000000  0.497924876547229 
17.0    F  0.021433332634228  0.007769298192759  0.040470093714201  0.014833470639852  0.026259804757290  0.733058378594605  0.032644867589507  0.000000000000000  0.017086491523197  0.000000000000000  0.000000000000000  0.060162152693859  0.004169239601719  0.014437852694482  0.006358931133363  0.009348820025240  0.004597291942261  0.004218658436847  0.000000000000000  0.002917604408423  0.995159721820083  0.000000000000000  0.005072807041914  0.000000000000000  0.000000000000000  0.000000000000000  0.000000000000000  0.005204589160516  1.000000000000000  1.000000000000000 
18.0    Y  0.004106144176124  0.001931583821057  0.046070913040347  0.030290306779221  0.038075320739850  0.003549914517377  0.090621677054928  0.306296332976169  0.000000000000000  0.064973714698455  0.012327294388320  0.127273149970578  0.000000000000000  0.014538275901610  0.002631315579816  0.006163647194160  0.001426801150924  0.191710332459137  0.000000000000000  0.058072542140682  0.998614666101029  0.001383942770028  0.000000000000000  1.000000000000000  0.000000000000000  1.000000000000000  0.000000000000000  0.005229903347572  0.499653546495226  0.487339815445774 
19.0    E  0.145289263439765  0.001873562733057  0.148239312426368  0.164824201811546  0.003812624065532  0.038128140946007  0.006948898387015  0.013917076571979  0.080492601844364  0.009131072254385  0.005648173025569  0.012788580962356  0.205185402202625  0.039091533753540  0.025190088484155  0.047398985792951  0.034554082916258  0.010308655552913  0.002451703107974  0.004736378199460  0.999307092990453  0.000000000000000  0.000830921610846  0.000000000000000  0.000000000000000  0.000000000000000  0.000000000000000  0.005204589160516  1.000000000000000  1.000000000000000 
20.0    Q  0.093882495433808  0.000000000000000  0.060162152693859  0.200406332349848  0.048731552663208  0.012048522073500  0.018350968300213  0.061171353149840  0.048562954299003  0.084611642440779  0.036246864203295  0.021567458646822  0.041723384477997  0.049824529783784  0.053660339777360  0.048027349415250  0.046520164223954  0.066569262712089  0.005016858628865  0.002913562552132  0.999307092990453  0.000000000000000  0.001026536044031  1.000000000000000  0.000000000000000  1.000000000000000  0.000000000000000  0.005211809256554  0.500000000000000  0.500000000000000 
21.0    L  0.007823337935245  0.004978752450466  0.002384661157557  0.002498018713432  0.038366740122346  0.000000000000000  0.002100574981362  0.559806444327120  0.000000000000000  0.117603263439223  0.132677901118724  0.000000000000000  0.000000000000000  0.003467231786209  0.000000000000000  0.000000000000000  0.015887104270187  0.110951417158687  0.000000000000000  0.001419895036446  1.000000000000000  0.000000000000000  0.000000000000000  0.000000000000000  0.000000000000000  0.000000000000000  1.000000000000000  0.005172222306232  1.000000000000000  0.500000000000000 
22.0    D  0.005079844322455  0.000000000000000  0.934975197751455  0.007174032517976  0.000000000000000  0.000000000000000  0.000000000000000  0.000000000000000  0.000000000000000  0.000000000000000  0.000000000000000  0.040808118346529  0.000000000000000  0.004459198074714  0.000000000000000  0.004209895097827  0.000000000000000  0.003388822996688  0.000000000000000  0.000000000000000  1.000000000000000  0.000000000000000  0.000000000000000  0.000000000000000  0.000000000000000  1.000000000000000  0.000000000000000  0.005172222306232  1.000000000000000  0.500000000000000 
23.0    E  0.139564120247822  0.001086572383384  0.151459082553780  0.252963300256732  0.006083005398919  0.025120343460723  0.021792869786725  0.009472756398920  0.049721030234682  0.018866884241977  0.002274870286071  0.044132950137024  0.001170223653652  0.061044283060139  0.090308149870220  0.075154328056136  0.041320456410705  0.004886441719192  0.001151715422130  0.002548740132205  1.000000000000000  0.000000000000000  0.000000000000000  0.000000000000000  0.000000000000000  0.000000000000000  0.000000000000000  0.005175808660333  1.000000000000000  1.000000000000000 
24.0    E  0.021094343517543  0.000000000000000  0.111723145294598  0.181494784987987  0.000000000000000  0.023099412988654  0.045499673406221  0.009264957026648  0.012717862266726  0.009226505167418  0.000000000000000  0.002897451042658  0.000000000000000  0.501735874254751  0.005175808660333  0.011398596439376  0.037111239564794  0.023732370153352  0.000000000000000  0.003985565075189  1.000000000000000  0.000000000000000  0.000000000000000  0.000000000000000  0.000000000000000  0.000000000000000  0.000000000000000  0.005168638437141  1.000000000000000  1.000000000000000 
25.0    H  0.005009908604540  0.000000000000000  0.000000000000000  0.000000000000000  0.002779420822724  0.000000000000000  0.945402116750744  0.003812624065532  0.000000000000000  0.002364908367091  0.000000000000000  0.010510681316577  0.000000000000000  0.006228066222973  0.013111713079790  0.000000000000000  0.005328702479997  0.000000000000000  0.000000000000000  0.005463344073197  1.000000000000000  0.000000000000000  0.000000000000000  0.000000000000000  0.000000000000000  0.000000000000000  0.000000000000000  0.005168638437141  1.000000000000000  1.000000000000000 
26.0    K  0.029894004940371  0.004446851676074  0.019037660369925  0.094273754792911  0.005675644724888  0.004512053845912  0.018971795068673  0.005358333158557  0.321524370857651  0.019586453444386  0.011446100582901  0.004629268636491  0.000000000000000  0.173138683513866  0.258816230960344  0.008484233252518  0.004866161779568  0.011319860582460  0.000000000000000  0.004160578919506  1.000000000000000  0.000000000000000  0.000000000000000  0.000000000000000  0.000000000000000  0.000000000000000  0.000000000000000  0.005168638437141  1.000000000000000  1.000000000000000 
27.0    K  0.053252755942179  0.001584232725736  0.014427848605147  0.262429170905767  0.012404436420807  0.033100572958871  0.043888902366812  0.020731955321831  0.131123665946868  0.029523345031163  0.015155654849090  0.026314467300263  0.000000000000000  0.102521613899591  0.130308220105140  0.012850782323632  0.046294993688135  0.037603219562484  0.005186582649931  0.021403640311962  1.000000000000000  0.000000000000000  0.000000000000000  0.000000000000000  0.000000000000000  0.000000000000000  0.000000000000000  0.005172222306232  1.000000000000000  1.000000000000000 
28.0    I  0.013039207518053  0.000000000000000  0.002604098978694  0.017627845897758  0.118175264593843  0.000000000000000  0.004632478513324  0.106431713468618  0.000000000000000  0.649769531227720  0.047300524780299  0.000000000000000  0.001535580648712  0.007249011534932  0.000000000000000  0.001860621089930  0.000000000000000  0.021065120808392  0.003736750617546  0.004982204654994  1.000000000000000  0.000000000000000  0.000000000000000  0.000000000000000  0.000000000000000  0.000000000000000  0.000000000000000  0.005172222306232  1.000000000000000  1.000000000000000 
29.0    F  0.014043048853297  0.017110194856150  0.000000000000000  0.002475610394598  0.357744130005728  0.000000000000000  0.014669871051804  0.182757181050004  0.000000000000000  0.109120948891720  0.021868529149925  0.000000000000000  0.000000000000000  0.000000000000000  0.003398231846518  0.002359995787871  0.005365766536834  0.250694108975269  0.001736020861653  0.016769691974898  0.998614666101029  0.001184915586180  0.000000000000000  0.333324669272800  0.666649338545599  0.000000000000000  0.000000000000000  0.005172222306232  0.500000000000000  1.000000000000000 
30.0    K  0.100342173589494  0.001912930268724  0.175677337525840  0.225312615652708  0.009162773040874  0.049549008538143  0.023324662239015  0.004613252583709  0.039172906888772  0.011367036590897  0.002194335748109  0.071396640428034  0.000000000000000  0.059292769696278  0.090747392493993  0.063946091858402  0.037499105699163  0.019050860844942  0.001826123433108  0.013640118611465  0.997231251352069  0.002135811440400  0.000822897294437  0.281850103036355  0.717972255311718  0.000000000000000  0.000000000000000  0.005172222306232  0.497235084336607  1.000000000000000 
31.0    G  0.045342256494818  0.015975445790780  0.007894151925678  0.028497911422493  0.012056876367648  0.021642335439233  0.012753172596108  0.146097156070156  0.026774436086518  0.375529981735232  0.085733330536912  0.001244688112616  0.001945019049013  0.032017400719775  0.080214118597682  0.006061959799022  0.031228346655952  0.023421868777430  0.001928907932510  0.043737058299850  0.992404374685819  0.007345110957103  0.000000000000000  0.360232437209480  0.639936206922154  1.000000000000000  0.000000000000000  0.005172222306232  0.473028823362798  0.500000000000000 
32.0    I  0.137547326170767  0.014548356559847  0.000000000000000  0.000000000000000  0.027054267672489  0.020109206989082  0.000000000000000  0.298540796768647  0.000000000000000  0.239982315259727  0.065561832973434  0.000000000000000  0.000000000000000  0.000000000000000  0.000000000000000  0.010488847677971  0.032464346978052  0.142991371650476  0.004581386520437  0.006155108484761  0.997231251352069  0.002851625020810  0.000000000000000  0.333324669272800  0.666649338545599  0.000000000000000  0.000000000000000  0.005172222306232  0.494142825750366  1.000000000000000 
33.0    F  0.070658160445287  0.002093307544016  0.059375023929680  0.041291825176821  0.027204705103004  0.051012690384431  0.013830527571555  0.001902352086999  0.016596237288990  0.012586317047637  0.004667934393972  0.584793832025974  0.000000000000000  0.027699428099840  0.022939853688033  0.038101721689884  0.014915953345933  0.004989116246857  0.000000000000000  0.005154327776457  0.991029563264079  0.008850655353873  0.000000000000000  0.305660069423017  0.694477567882555  0.000000000000000  0.000000000000000  0.005172222306232  0.473356815618357  1.000000000000000 
34.0    D  0.104530799989258  0.001629900939757  0.104024841838941  0.173018714506435  0.001865786985122  0.015145153389610  0.020832791829550  0.011233879162867  0.134623297024131  0.019236631458514  0.007954571873161  0.044656066866909  0.000000000000000  0.079770548051810  0.179866697501352  0.050590138534213  0.035012162943568  0.012638771068152  0.001859331852534  0.001563505489563  0.967947026893737  0.024063661694877  0.008127345832203  0.346517471412604  0.653382626946587  0.000000000000000  0.000000000000000  0.005172222306232  0.424842499569325  1.000000000000000 
35.0    C  0.065244495463857  0.016561762240583  0.000000000000000  0.000000000000000  0.083736475151740  0.001412043256392  0.000000000000000  0.095656048113917  0.000000000000000  0.573553512113083  0.035847094507068  0.000000000000000  0.000000000000000  0.002116652278994  0.000000000000000  0.004626060983803  0.018607138271328  0.084494427064258  0.002550507396658  0.015657525079369  0.984184022033800  0.008765183441644  0.007243988644027  0.230366046549676  0.769503610080431  0.293005570918628  0.707106781186547  0.005186582649931  0.474342157570227  0.468785548228555 
36.0    I  0.114149781251499  0.015314053364717  0.045499673406221  0.074428553085311  0.061341191490842  0.048596627242660  0.083042863381032  0.047497651762547  0.016333751565706  0.120074357994185  0.007319698803691  0.027337023903307  0.002510168627870  0.016711673248207  0.028125060306047  0.052811649025782  0.017591227908387  0.052592467642836  0.002976845371757  0.165740720037332  0.990342871933025  0.004253894591157  0.005226279510883  0.246216610723888  0.753667454779191  0.520871714504111  0.478967609111348  0.005193777766335  0.464580337125457  0.455650640318571 
37.0    R  0.112812590932804  0.009645020366356  0.165511113799425  0.177882932654324  0.006049367405103  0.027969533466499  0.030500992524257  0.020861692238999  0.046552420722584  0.036448417805890  0.007094909513449  0.066430979647410  0.012216713173884  0.063372467486877  0.056367211148891  0.047038960856596  0.058476468614463  0.030628106729433  0.001681541383474  0.022436632978491  0.990342871933025  0.007619964543185  0.001776187991798  0.219759890227947  0.780245480173703  0.420448207626857  0.579547975952228  0.005226279510883  0.466193243218416  0.462011286223412 
38.0    D  0.398596238270268  0.020137103601328  0.030143693268254  0.029646384848139  0.018085784640471  0.031554728049896  0.025295069267107  0.028855697210294  0.032554482156507  0.139081265073104  0.007370611335120  0.022483337187669  0.013276328111541  0.021300040738789  0.018414678247058  0.078237278665875  0.026811579075897  0.041926319527571  0.001709748690809  0.014588749139302  0.170164264562434  0.823591017267573  0.006202218210404  0.239982315259727  0.759962428200758  0.353063601096189  0.647072827241427  0.005193777766335  0.009310020113860  0.466516495768404 
39.0    N  0.100203166174924  0.009093176050017  0.090245574720156  0.125956720051313  0.014199658069508  0.083736475151740  0.008315392050417  0.039582320428851  0.071347169195423  0.041984482053791  0.018775563273857  0.088695209762524  0.014338123161115  0.045436641166260  0.050275523183870  0.069733707645310  0.046423528770651  0.057711394420587  0.002433080889784  0.021537580515244  0.717474767303352  0.278741554681924  0.003884649096380  0.141708676597303  0.858565436437754  0.247414164103802  0.752623373705534  0.005208197957387  0.086990399489444  0.442883759551180 
40.0    S  0.090936292727172  0.017193415771346  0.036524289017539  0.029523345031163  0.070413701781080  0.040470093714201  0.005867655964613  0.128781744202509  0.027603595358796  0.149166967878965  0.025225033578274  0.059829466137206  0.009137403625406  0.026589491547079  0.024467321758017  0.064390872101255  0.041435180009333  0.147113342152346  0.000000000000000  0.005354620331952  0.750019494642909  0.240481863666194  0.009585038884795  0.137356777197110  0.862741344542656  0.301243078748697  0.698823485925533  0.005244423838985  0.108894274017782  0.396392068305142 
41.0    A  0.135090675254919  0.016277241078253  0.043254678626609  0.079384436408674  0.006180760165511  0.079604842207906  0.016265962463814  0.060706718471352  0.087474116599700  0.124481219136807  0.026886019706607  0.025577161924713  0.029646384848139  0.055054335882936  0.061086610400675  0.060538636826664  0.031752191968553  0.054939972556987  0.002070220280073  0.003747125466114  0.991716730738293  0.008478354467827  0.000000000000000  0.246216610723888  0.753667454779191  0.472046209575125  0.527776858818983  0.005284563402540  0.447512535463986  0.396666921595571 
42.0    P  0.109120948891720  0.000000000000000  0.085792776953432  0.168520966467132  0.006997231797585  0.046973796189549  0.015766431778823  0.020095273178603  0.095988141856381  0.040864729641774  0.013955716443012  0.043015487549709  0.048093975630027  0.063857505169644  0.076999879590360  0.063240825064183  0.057911753868148  0.032803646363221  0.002611329092588  0.007375722024611  0.949342120950519  0.049480366616954  0.000869817285749  0.183264594648651  0.816768991110023  0.683020128377198  0.317097849831467  0.005237158560861  0.334481888696528  0.444113397921202 
43.0    N  0.170518479359919  0.010746420454217  0.005350910077990  0.018236845340914  0.024332021595677  0.013030172559765  0.009169126392823  0.162893393670412  0.020179021098474  0.205327675188016  0.035012162943568  0.016723260912916  0.005990947889348  0.025862400502444  0.029956232452906  0.027355979052946  0.085852264589351  0.127008767874213  0.000000000000000  0.006443230848516  0.971980987981352  0.027950153180706  0.000000000000000  0.273005136436413  0.726986258660155  0.169106028881284  0.831045861593648  0.005172222306232  0.415235012045447  0.481630947010074 
44.0    L  0.029157280985525  0.007319698803691  0.004456108265111  0.000000000000000  0.130037533315248  0.003513196531827  0.004606861688520  0.151354135493819  0.003925249298530  0.516557193842066  0.029441602309525  0.003757529119784  0.000000000000000  0.001487391347366  0.002946054837278  0.008071206153782  0.011327709631866  0.068015152604425  0.009518830184962  0.014447863720527  0.988970916380931  0.009433442120988  0.001864494168242  0.360982298880624  0.639049681601526  0.153679858406823  0.846158596600290  0.005175808660333  0.472373520498603  0.485317234884773 
45.0    A  0.119741902277837  0.007463147940488  0.192109397661002  0.112890813768978  0.017676788481967  0.041435180009333  0.026096497482137  0.012976094126420  0.096588818705998  0.032284824615129  0.008026573745148  0.071051060827251  0.009400804890621  0.065561832973434  0.070218743939478  0.045029054651185  0.044255482444204  0.019437682082789  0.004337261068862  0.003321383437751  0.999307092990453  0.000000000000000  0.000814950469878  0.000000000000000  0.000000000000000  0.000000000000000  1.000000000000000  0.005186582649931  1.000000000000000  0.480963727332387 
46.0    T  0.110874538144019  0.003144398975083  0.083388948104861  0.268129154204486  0.118750047859361  0.050415109951383  0.014659706195323  0.010591127553125  0.058801631719612  0.021285281791258  0.009220112057314  0.018658799798040  0.000000000000000  0.039747281460737  0.072947381363654  0.035353576963934  0.038875364165577  0.020890632740705  0.000000000000000  0.024315161767357  0.985549336939371  0.014447863720527  0.000000000000000  0.549427108788440  0.450625231305415  0.272249253834027  0.727490341817379  0.005186582649931  0.446892581178393  0.477641468191219 
47.0    L  0.024946824573645  0.009086875324593  0.000000000000000  0.000000000000000  0.087595465567547  0.000000000000000  0.000000000000000  0.047398985792951  0.000000000000000  0.727994774499543  0.038633601903780  0.000000000000000  0.000000000000000  0.000000000000000  0.000000000000000  0.000000000000000  0.013452331067795  0.041206050452886  0.009752582413294  0.000000000000000  1.000000000000000  0.000000000000000  0.000000000000000  0.500000000000000  0.500000000000000  0.180992271547445  0.819036697859828  0.005175808660333  0.500000000000000  0.484980955170867 
48.0    V  0.089374061647606  0.008602668735140  0.021050524638526  0.072092850316251  0.053215856734309  0.020375792738415  0.012073602338250  0.151144459479170  0.075887180274690  0.126744934973754  0.019183370061173  0.027930786323650  0.000000000000000  0.042188687035086  0.068726009332159  0.038767728053606  0.031098741306878  0.110337874536332  0.001498775484376  0.029666941279704  1.000000000000000  0.000000000000000  0.000000000000000  0.000000000000000  0.000000000000000  0.000000000000000  1.000000000000000  0.005175808660333  1.000000000000000  0.488354264481114 
49.0    K  0.113912660079643  0.000000000000000  0.268501117905031  0.160094982666221  0.006867496569623  0.027930786323650  0.017253106986923  0.013303964183577  0.042688758023575  0.026168952734638  0.004146184409960  0.085082132281217  0.000000000000000  0.028008334361544  0.076045147414629  0.072644631719882  0.032061817041786  0.015679246070461  0.000000000000000  0.009558500321343  1.000000000000000  0.000000000000000  0.000000000000000  0.000000000000000  0.000000000000000  0.000000000000000  1.000000000000000  0.005175808660333  1.000000000000000  0.488354264481114 
50.0    V  0.035036439938391  0.012182888165802  0.024113752735296  0.020207014560742  0.026960667016958  0.000000000000000  0.126920762608679  0.004635690615846  0.007535923317064  0.035847094507068  0.007515058239569  0.004829200237972  0.000000000000000  0.007473501235093  0.019532223477894  0.015722778492153  0.003980043736784  0.023340835267380  0.002472180847598  0.621574834451970  1.000000000000000  0.000000000000000  0.000000000000000  0.000000000000000  0.000000000000000  0.691116103264291  0.308854659281732  0.005175808660333  1.000000000000000  0.488354264481114 
51.0    T  0.213602435222433  0.020934118787935  0.000000000000000  0.002391282016407  0.017591227908387  0.004346289533535  0.000000000000000  0.075677067746910  0.000000000000000  0.063284675459406  0.054146053525005  0.001911604785932  0.000000000000000  0.000000000000000  0.000000000000000  0.037265902260332  0.357248534935273  0.151564102382717  0.000000000000000  0.000000000000000  0.996540262827868  0.003775805066660  0.000000000000000  0.248962438273615  0.751059963470465  0.000000000000000  1.000000000000000  0.005175808660333  0.490049707670935  0.499653546495226 
52.0    T  0.111955708761356  0.001979017383123  0.051367511705928  0.128158404736074  0.008263679403269  0.027469986278493  0.024365776331604  0.054560474445860  0.091125586176036  0.045060277233132  0.009466192659611  0.025665959398502  0.002933827982307  0.069540632536552  0.113676031475092  0.024080347136200  0.058638824781292  0.146502785459314  0.000000000000000  0.005154327776457  1.000000000000000  0.000000000000000  0.000000000000000  0.000000000000000  0.000000000000000  0.000000000000000  1.000000000000000  0.005186582649931  1.000000000000000  0.490729531926740 
53.0    N  0.054183597719668  0.002351830822718  0.071446145963377  0.121919432690955  0.076839929203411  0.036322315859941  0.040218413978165  0.034363004666080  0.063197005053207  0.022483337187669  0.017898717155934  0.046584699587466  0.000000000000000  0.040949793870574  0.039037378926668  0.064928693956104  0.098686735837569  0.030564483545229  0.004540289482493  0.133508176005981  1.000000000000000  0.000000000000000  0.000000000000000  0.000000000000000  0.000000000000000  0.000000000000000  1.000000000000000  0.005186582649931  1.000000000000000  0.490729531926740 
54.0    H  0.007416735319926  0.000000000000000  0.009551877169469  0.000000000000000  0.006011746953753  0.002921651871802  0.924022572446823  0.000000000000000  0.000000000000000  0.002613139755442  0.002933827982307  0.014358013804360  0.000000000000000  0.007960087473568  0.000000000000000  0.003812624065532  0.005343497280869  0.000000000000000  0.000000000000000  0.013120804577252  1.000000000000000  0.000000000000000  0.000000000000000  0.000000000000000  0.000000000000000  0.000000000000000  1.000000000000000  0.005186582649931  1.000000000000000  0.490729531926740 
55.0    F  0.006749517089065  0.002170134235654  0.000000000000000  0.000000000000000  0.921464186198704  0.000000000000000  0.002338825594959  0.006332539999104  0.000000000000000  0.033749267494778  0.003925249298530  0.004825854051277  0.000000000000000  0.004635690615846  0.000000000000000  0.002084619800859  0.004403907859943  0.000000000000000  0.000000000000000  0.007515058239569  1.000000000000000  0.000000000000000  0.000000000000000  0.000000000000000  0.000000000000000  0.000000000000000  1.000000000000000  0.005186582649931  1.000000000000000  0.490729531926740 
56.0    T  0.240815473505037  0.003796800734302  0.054071043161562  0.067826835742613  0.004562372635207  0.060245612983790  0.024946824573645  0.005879870107074  0.124913386623807  0.037499105699163  0.007360400577381  0.039281667953807  0.002613139755442  0.040638754579640  0.081559684230560  0.132218870452303  0.048194088293998  0.014358013804360  0.000000000000000  0.009055437124254  1.000000000000000  0.000000000000000  0.000000000000000  0.000000000000000  0.000000000000000  0.000000000000000  1.000000000000000  0.005186582649931  1.000000000000000  0.490729531926740 
57.0    H  0.084143754329799  0.008478354467827  0.154213396226187  0.113282742283417  0.044409126349417  0.005111633091621  0.070560275300383  0.020123150461091  0.012673861805891  0.029543816148461  0.009538644630228  0.035206850890540  0.003293871524415  0.043615961378818  0.117440343651751  0.038234001285371  0.116790918360398  0.019077289260455  0.000000000000000  0.074273944066058  1.000000000000000  0.000000000000000  0.000000000000000  0.000000000000000  0.000000000000000  0.635956503371787  0.363997387249772  0.005186582649931  1.000000000000000  0.490729531926740 
58.0    E  0.000000000000000  0.000000000000000  0.006133813427137  0.977385766410805  0.000000000000000  0.000000000000000  0.000000000000000  0.000000000000000  0.000000000000000  0.000000000000000  0.000000000000000  0.000000000000000  0.000000000000000  0.016527358806538  0.000000000000000  0.000000000000000  0.000000000000000  0.000000000000000  0.000000000000000  0.000000000000000  0.991029563264079  0.000000000000000  0.008899870134548  0.000000000000000  0.000000000000000  0.000000000000000  1.000000000000000  0.005175808660333  1.000000000000000  0.499653546495226 
59.0    E  0.005671712030875  0.001708563993957  0.037369368649254  0.854409740889733  0.000000000000000  0.003360752463326  0.004143311489720  0.002226510298229  0.004471578752339  0.007630535382517  0.000000000000000  0.028875705388963  0.000000000000000  0.042013593567270  0.005336094752947  0.000000000000000  0.002629492322806  0.000000000000000  0.000000000000000  0.000000000000000  1.000000000000000  0.000000000000000  0.000000000000000  0.000000000000000  0.000000000000000  0.000000000000000  1.000000000000000  0.005222658185176  1.000000000000000  0.466839972457657 
60.0    A  0.169575540930959  0.001731214256240  0.040162698045918  0.142793280856068  0.001768816373082  0.043344717785356  0.010237448467643  0.012949139132625  0.142102121654502  0.023486898094774  0.017181502333040  0.038740865623093  0.003305307017970  0.091950421615984  0.122852574818156  0.079000193653300  0.032329611922466  0.020731955321831  0.000000000000000  0.005798920197770  0.996540262827868  0.000000000000000  0.003619484616759  0.500000000000000  0.500000000000000  0.396392068305142  0.603740295743248  0.005222658185176  0.489370825198718  0.466839972457657 
61.0    M  0.025400487562010  0.013849714049920  0.003342168069073  0.011654250208527  0.066754088002991  0.002487651318997  0.005624731712948  0.125520942904872  0.003949812815825  0.385552706351985  0.067311648512066  0.002097664983633  0.006138066536465  0.012098734810207  0.008918396149428  0.008048859012657  0.004713452811409  0.047431851655439  0.068678388598555  0.130488990927715  0.989656656415207  0.000000000000000  0.010075533208249  0.000000000000000  0.000000000000000  0.500000000000000  0.500000000000000  0.005240789940946  1.000000000000000  0.468785548228555 
62.0    M  0.015832139064986  0.000000000000000  0.000000000000000  0.000000000000000  0.053921334033916  0.000000000000000  0.001587530472626  0.014558444207887  0.000000000000000  0.142694338390847  0.659753955386447  0.000000000000000  0.000000000000000  0.077696854306496  0.000000000000000  0.001643514613839  0.000000000000000  0.001814766941896  0.028242272710971  0.002366548164903  0.999307092990453  0.000000000000000  0.000818914242618  1.000000000000000  0.000000000000000  0.324659650682471  0.675487042267819  0.005200982864205  0.489370825198718  0.445037866626248 
63.0    D  0.125956720051313  0.003022587878012  0.045847917005229  0.206469416233930  0.000000000000000  0.006592310907266  0.020165038913309  0.019846109102169  0.123621364547616  0.059581159080510  0.010605820155313  0.021717472185037  0.002361632179362  0.087960523457837  0.166662334636400  0.027148193285957  0.032106294980593  0.035451733904249  0.002027615762779  0.002833891030926  0.990342871933025  0.005589752031340  0.003938876776932  1.000000000000000  0.000000000000000  0.078617810739751  0.921464186198704  0.005208197957387  0.478967609111348  0.460093825312437 
64.0    A  0.113991645689971  0.004635690615846  0.040893064732969  0.199851457588118  0.003705798106017  0.014598864795050  0.012191335627714  0.007494250932229  0.175312406330300  0.043919334381460  0.008961773626767  0.014659706195323  0.004397806977097  0.094077921713192  0.105257869201052  0.103234708116965  0.038313589376661  0.011841535675862  0.000000000000000  0.002642281701270  0.994470168673214  0.003307598876416  0.002384661157557  0.698823485925533  0.301034345307854  0.265539796623843  0.734584316639154  0.005200982864205  0.477972658796871  0.449689156073876 
65.0    A  0.141120550600766  0.040358042196948  0.007223931860263  0.007075265492327  0.023147496844068  0.004687388212395  0.072192861534599  0.176287245060549  0.017506081471784  0.041177498491692  0.015484836926001  0.037786114869793  0.000000000000000  0.002640450845758  0.025225033578274  0.085852264589351  0.103306289769276  0.070658160445287  0.004474679288983  0.123878695408010  0.973329374158238  0.016827912128016  0.009978232493714  0.650670927720967  0.349411742962767  0.259714775824416  0.740206649000025  0.005208197957387  0.441351498145327  0.455650640318571 
66.0    K  0.058679484207216  0.007720981652349  0.101531549544529  0.044347604881262  0.014121136355486  0.326917837134190  0.063857505169644  0.000000000000000  0.060454770600871  0.013285533751003  0.001518644601333  0.146909541052471  0.008437316873694  0.037291741969741  0.044842172956459  0.046391361582158  0.004337261068862  0.012267626854275  0.000000000000000  0.007099829034754  0.986916545885842  0.000838442809021  0.012499377005199  0.759962428200758  0.240148715988369  0.614719433627290  0.385552706351985  0.005179397501167  0.477641468191219  0.434070113800521 
67.0    Y  0.014915953345933  0.022374511581268  0.018198962288570  0.003083960494924  0.197784325296362  0.002741155714920  0.015250496262129  0.015527829583165  0.001440714313557  0.025277542136304  0.004819168632068  0.002266999832781  0.006398724202030  0.003922529465777  0.004382591720822  0.013917076571979  0.000000000000000  0.012534080724258  0.007971130150379  0.627201102260497  0.931740429304773  0.065789447169340  0.002311427776860  0.432268615653933  0.567621051073032  0.418703243754213  0.581157053759059  0.005240789940946  0.302079460847486  0.421615555125056 
68.0    S  0.062370169937441  0.000000000000000  0.035329080222643  0.035085044439800  0.025190088484155  0.022127741222102  0.008789519411631  0.004964967536350  0.035574813408590  0.009150079540772  0.001688549279898  0.016956708935653  0.622005826649234  0.011915637916065  0.027223568504446  0.054033576956742  0.012542771698687  0.009971318506476  0.000000000000000  0.005020337255740  0.976031760776225  0.021211640310625  0.003026780980309  0.451876363375543  0.547905883223845  0.232451235653290  0.767373048000443  0.005215423059750  0.426613049056034  0.446582926176380 
69.0    E  0.084260483233566  0.006805892126111  0.170991912987811  0.147113342152346  0.034939432842683  0.146097156070156  0.054598305994793  0.006542238183660  0.054598305994793  0.032307210507749  0.014417851447716  0.038446604523473  0.041492661199451  0.041063488348418  0.037059828106592  0.029502888098445  0.007203930608692  0.005574275412960  0.014802657353114  0.032106294980593  0.968618189226628  0.031055659166330  0.000000000000000  0.304813773519076  0.695440985854994  0.000000000000000  1.000000000000000  0.005211809256554  0.401925495371576  0.446892581178393 
70.0    V  0.109272327551297  0.007139308204917  0.006829520471956  0.023535788541153  0.065289735179014  0.013443009853304  0.007264101114165  0.076627178753322  0.014111351721122  0.289172045976322  0.019942637012952  0.003930694623038  0.000000000000000  0.020095273178603  0.092077980363530  0.019572881853502  0.039719740290802  0.045879707376066  0.004920429609170  0.141120550600766  0.996540262827868  0.003305307017970  0.000000000000000  0.313166109656032  0.686818116714811  0.461371246326899  0.538866572521835  0.005211809256554  0.491410299272626  0.446892581178393 
71.0    V  0.128247268167143  0.004540289482493  0.125433968563688  0.239317864548824  0.028144561870248  0.032644867589507  0.020460709735681  0.011581773514085  0.077481731246187  0.033054717613076  0.000000000000000  0.035353576963934  0.049686578184311  0.058476468614463  0.034722147770472  0.049480366616954  0.022297101651842  0.039200068891281  0.000000000000000  0.009840859218339  0.996540262827868  0.003513196531827  0.000000000000000  0.500000000000000  0.500000000000000  0.000000000000000  1.000000000000000  0.005200982864205  0.492774668469685  0.472701058375372 
72.0    P  0.132402291835485  0.063416409161305  0.053252755942179  0.197100043514070  0.012250632094933  0.038154578520910  0.032849153408991  0.025155191800660  0.047761766273911  0.025120343460723  0.015614173327976  0.049859077488065  0.030374405874417  0.064793818813733  0.049721030234682  0.076786686277853  0.042247213532129  0.033077637339848  0.002724108723341  0.007284269425288  0.995159721820083  0.000000000000000  0.004992575637512  0.000000000000000  0.000000000000000  0.000000000000000  1.000000000000000  0.005200982864205  1.000000000000000  0.472701058375372 
73.0    H  0.000000000000000  0.000000000000000  0.003026780980309  0.010337276874282  0.000000000000000  0.005867655964613  0.885767519102361  0.004642121504129  0.000000000000000  0.005204589160516  0.005746901350999  0.014318260073052  0.000000000000000  0.051118878659861  0.001882675405743  0.000000000000000  0.000000000000000  0.004453020596459  0.000000000000000  0.007614684616340  0.997922718999051  0.002067352333740  0.000000000000000  0.110797712399358  0.889458993537898  1.000000000000000  0.000000000000000  0.005251699195909  0.493800430722686  0.455650640318571 
74.0    K  0.071943093207985  0.011565728890625  0.005628631831398  0.018555619782397  0.011517728260087  0.001765142044436  0.036347501298370  0.084611642440779  0.342458244991391  0.039996012932635  0.026168952734638  0.007309558576808  0.000000000000000  0.074376981019167  0.169575540930959  0.023535788541153  0.033423346496414  0.039091533753540  0.000000000000000  0.002192815277488  0.996540262827868  0.000000000000000  0.003611965930132  0.000000000000000  0.000000000000000  0.000000000000000  0.000000000000000  0.005179397501167  1.000000000000000  1.000000000000000 
75.0    K  0.174584816558425  0.004128976720943  0.066430979647410  0.100411749594629  0.013677989526473  0.037707622491274  0.019804883156788  0.017027376753333  0.179617522068008  0.042042725266307  0.025577161924713  0.021270533070304  0.001354522430792  0.098960733233909  0.113282742283417  0.032150834621674  0.012931200251222  0.026607928367155  0.000000000000000  0.012508043916505  1.000000000000000  0.000000000000000  0.000000000000000  0.000000000000000  0.000000000000000  0.000000000000000  1.000000000000000  0.005190178961314  1.000000000000000  0.491410299272626 
76.0    M  0.111955708761356  0.008361630456458  0.058476468614463  0.301451956922690  0.006095667813857  0.008431470597691  0.008820034412548  0.086569341756933  0.039363436873356  0.064928693956104  0.025648175275328  0.015282241772615  0.004403907859943  0.109803808529795  0.033913417871306  0.033749267494778  0.019777446780786  0.052811649025782  0.002861525145725  0.007238969233519  1.000000000000000  0.000000000000000  0.000000000000000  0.000000000000000  0.000000000000000  0.000000000000000  1.000000000000000  0.005190178961314  1.000000000000000  0.491410299272626 
77.0    H  0.000000000000000  0.000000000000000  0.000000000000000  0.000000000000000  0.000000000000000  0.000000000000000  0.971307495541633  0.000000000000000  0.000000000000000  0.000000000000000  0.004629268636491  0.003757529119784  0.000000000000000  0.014387901518829  0.005734963422008  0.000000000000000  0.000000000000000  0.000000000000000  0.000000000000000  0.000000000000000  0.989656656415207  0.003457631892889  0.006768256690626  0.263522855822684  0.736623842908240  1.000000000000000  0.000000000000000  0.005190178961314  0.491751037013124  0.491410299272626 
78.0    K  0.130308220105140  0.000000000000000  0.157562923947873  0.170400325910313  0.001491520994102  0.021807980689409  0.015975445790780  0.006596881932998  0.101601950248040  0.035996488823417  0.007223931860263  0.050520054300348  0.000000000000000  0.093492859897649  0.150100428435651  0.019357010902874  0.014528202228331  0.014328188175073  0.005336094752947  0.003339852257391  1.000000000000000  0.000000000000000  0.000000000000000  0.000000000000000  0.000000000000000  0.679714120953369  0.320411981040048  0.005229903347572  1.000000000000000  0.469110598250336 
79.0    D  0.157453747493425  0.000000000000000  0.073709787016326  0.112033337446176  0.007089993400915  0.049240867878084  0.032963197408377  0.027223568504446  0.088388347648318  0.041349107497129  0.015876095984277  0.047464740306704  0.000000000000000  0.065335006262823  0.138216331665034  0.068062313458507  0.026024242840017  0.023666661185578  0.007916069532493  0.017960857000542  0.999307092990453  0.000742150808790  0.000000000000000  0.142892291926755  0.857376036634172  0.000000000000000  1.000000000000000  0.005182988830458  0.500000000000000  0.493116352246680 
80.0    F  0.008783429092020  0.000000000000000  0.000000000000000  0.000000000000000  0.506628450079543  0.000000000000000  0.000000000000000  0.076946525834057  0.000000000000000  0.247071412875183  0.031380235726218  0.008912216530222  0.000000000000000  0.000000000000000  0.006350121890502  0.004477781975501  0.002917604408423  0.094797971585903  0.000000000000000  0.011990203875007  0.992404374685819  0.007489058113226  0.000000000000000  0.190518103792471  0.809442216547408  0.000000000000000  1.000000000000000  0.005182988830458  0.469110598250336  0.493116352246680 
81.0    L  0.033655824256033  0.002828004242929  0.001479166324099  0.023211764385325  0.012542771698687  0.002378058630201  0.000000000000000  0.203344799533031  0.058598193528569  0.274332984394811  0.054108535344979  0.009361789229214  0.003657313466541  0.004713452811409  0.061383724703962  0.024450368179266  0.047960815500028  0.173499089876949  0.000000000000000  0.008507789182313  0.996540262827868  0.000000000000000  0.003443281866825  0.000000000000000  0.000000000000000  0.000000000000000  1.000000000000000  0.005226279510883  1.000000000000000  0.469110598250336 
82.0    E  0.164253953393671  0.000000000000000  0.096187951260054  0.131944214704746  0.011071542160220  0.046714039019842  0.026259804757290  0.017050998078983  0.141512362763834  0.009888723390393  0.018478609378815  0.066201145917742  0.008490116113485  0.073048578035078  0.061896429495814  0.063592480756418  0.039968299414920  0.010394758133443  0.006045175756025  0.006929658634001  1.000000000000000  0.000000000000000  0.000000000000000  1.000000000000000  0.000000000000000  0.253138701837623  0.746906728556171  0.005229903347572  0.492433221447775  0.457866843209063 
83.0    K  0.034963659407366  0.003081823597080  0.076362068854594  0.144686277123765  0.010481579881893  0.017652300227658  0.015744590006414  0.020207014560742  0.191444749636798  0.020876157474845  0.020861692238999  0.018504243935213  0.000000000000000  0.117358968414432  0.118667765118815  0.067639040282857  0.058112808913323  0.044873265956982  0.003431369016556  0.015113692650218  0.993092495437036  0.002783276590134  0.003881957395791  1.000000000000000  0.000000000000000  0.000000000000000  1.000000000000000  0.005226279510883  0.495171435966512  0.469110598250336 
84.0    I  0.080548414405313  0.011086901220315  0.000000000000000  0.000000000000000  0.046746429948825  0.006528648116577  0.002071655744860  0.190650206657036  0.000000000000000  0.256316809472148  0.071495685825238  0.001624261910888  0.000000000000000  0.000000000000000  0.000000000000000  0.003520509619574  0.016198454703433  0.299577255334855  0.001936946739723  0.011694710834318  1.000000000000000  0.000000000000000  0.000000000000000  1.000000000000000  0.000000000000000  0.277969789379277  0.721964597761248  0.005251699195909  0.490729531926740  0.456282744271726 
85.0    G  0.083331167318200  0.000000000000000  0.091062444618626  0.113676031475092  0.015560152392101  0.048731552663208  0.033215489823705  0.049549008538143  0.085852264589351  0.068440779424598  0.023373214974412  0.061383724703962  0.006258358418669  0.047333322371155  0.109499789383391  0.052301640167712  0.046294993688135  0.051940366349603  0.000000000000000  0.012216713173884  0.987600861445373  0.003505898635419  0.008572905762338  1.000000000000000  0.000000000000000  0.000000000000000  1.000000000000000  0.005226279510883  0.492774668469685  0.469110598250336 
86.0    G  0.080214118597682  0.004163463812765  0.107172004579271  0.234392774114277  0.007828762539685  0.057831526752366  0.032084048303750  0.005321320447814  0.083736475151740  0.020151066416498  0.013527133836245  0.058883204619051  0.008200911590805  0.053400608805608  0.079660039207454  0.075519865211871  0.042217940141739  0.018853811245637  0.000000000000000  0.016804599850897  0.986916545885842  0.003700664338278  0.009485897534336  0.670356295790168  0.329419987933535  0.000000000000000  1.000000000000000  0.005255340658288  0.491751037013124  0.441963765531836 
87.0    L  0.025330159996416  0.014199658069508  0.001493590115120  0.012967102899843  0.142200653484063  0.010358795002333  0.007442484359718  0.108592773143828  0.013734993139247  0.391477148128271  0.067732872927799  0.003974530047276  0.000000000000000  0.009929935072701  0.008076802626937  0.008437316873694  0.004648561313698  0.113912660079643  0.015700997194122  0.039857637239955  0.950659101229818  0.027393928791126  0.022112408755104  0.303338390062173  0.696888619343735  0.830470024090894  0.169340622185671  0.005255340658288  0.404721108273704  0.412938832467860 
88.0    S  0.057631444869539  0.018035709648701  0.031576607702711  0.058557590429527  0.006768256690626  0.011164016716727  0.024671683959392  0.079660039207454  0.132494097924660  0.097665985021540  0.023980407750014  0.027622735345740  0.000000000000000  0.115743252815915  0.131944214704746  0.063990431276778  0.023781771575615  0.067873866020143  0.006284440397984  0.020645912588410  0.975355461527642  0.019818615614467  0.004964967536350  0.217486838177163  0.782411781736511  0.253138701837623  0.746906728556171  0.005306587049019  0.424548123223420  0.389582289830250 
89.0    A  0.142991371650476  0.009011606289531  0.084377374070172  0.134716643130459  0.012482061194518  0.044625124365158  0.020389921057640  0.020919613390288  0.094797971585903  0.049002528379734  0.015755507107728  0.038313589376661  0.013499034178129  0.081390261848064  0.094404536597677  0.066155274679696  0.038983299122314  0.022374511581268  0.002373118734189  0.013396500572409  0.780786492607391  0.211833108736530  0.007289320246381  0.153893051668115  0.846158596600290  0.387159513926610  0.612592665952338  0.005365766536834  0.123878695408010  0.393108646070166 
90.0    P  0.079439480581604  0.003649716198762  0.073454770526236  0.114546080584419  0.022844647631251  0.034602018265134  0.019832357594059  0.017157700215423  0.120407736752519  0.043314683926575  0.026006210459735  0.056523711097568  0.044378354954482  0.062197482613755  0.164367845025634  0.067032288551121  0.023699492896476  0.014308338850283  0.002397921257647  0.009766111738947  0.815072332402625  0.179991414814336  0.004772629303412  0.150204506190856  0.849684999138650  0.415522930796824  0.584793832025974  0.005332397335489  0.149477474597016  0.382094130191292 
91.0    V  0.076680311078363  0.004913613171234  0.024365776331604  0.029708096913432  0.115023456328109  0.007026393063654  0.011517728260087  0.116467553663097  0.008413956064008  0.226094844390272  0.031928752584822  0.007370611335120  0.006163647194160  0.011932167952818  0.012753172596108  0.026681803574726  0.021388809579560  0.172539669174579  0.017469716421342  0.071495685825238  0.882702996290655  0.113439894414645  0.003532731943598  0.150517172653927  0.849684999138650  0.398320048142791  0.601651512999751  0.005448217446681  0.223601225445651  0.416676603579609 
92.0    D  0.149996422796652  0.011241668593835  0.132127255070173  0.113518552215189  0.018300159081544  0.037786114869793  0.014864348067684  0.043919334381460  0.038848427153248  0.050555084272609  0.007401328676557  0.047894373756493  0.031163476604752  0.025312608551001  0.041579032533771  0.093169399174933  0.062283766426742  0.070560275300383  0.000000000000000  0.009479324689443  0.870550563296124  0.116548310804604  0.012673861805891  0.150621539374348  0.849096246446840  0.761016690419679  0.239152039522969  0.005388128600887  0.232451235653290  0.438910898804760 
93.0    A  0.106137030805855  0.003922529465777  0.082985322398902  0.157672176103906  0.020347565462016  0.031532863557646  0.013057296233154  0.033008925792246  0.056759276107594  0.095193046231454  0.037034149091924  0.042188687035086  0.023243965038039  0.083736475151740  0.062326953209504  0.054146053525005  0.053586002289636  0.036651092163496  0.002143226440584  0.004289425053856  0.829319545814442  0.162667731930242  0.007866840234818  0.163119368461120  0.836826242683391  0.581963267201068  0.418123199957031  0.005391864661706  0.158548924915733  0.441351498145327 
94.0    K  0.072695002596741  0.001899716694165  0.125695072549809  0.238655253534929  0.000000000000000  0.135465745855598  0.014915953345933  0.008172538592129  0.095656048113917  0.021065120808392  0.001949067810545  0.034172983046395  0.003710938995605  0.063636574985289  0.066569262712089  0.052337905469277  0.038207508677877  0.023308500417054  0.000000000000000  0.001904991135796  0.922742492653798  0.076203443379769  0.000921965253076  0.154534407615119  0.845572287377516  0.793883930931653  0.206040521238310  0.005418089723169  0.276241121199978  0.450625231305415 
95.0    N  0.030649343874642  0.002871459641385  0.059995578814932  0.057992092279455  0.043105028807096  0.041320456410705  0.002933827982307  0.119244943818445  0.019263317585372  0.283220971323950  0.058314561971050  0.029977003728915  0.007421877991210  0.023633874957562  0.010474317121721  0.016504462896123  0.039996012932635  0.147726443366796  0.001821067356322  0.003591992367780  0.816768991110023  0.179368691825838  0.004035603076891  0.146299830184324  0.853817714391245  0.449689156073876  0.550189304683069  0.005399344556752  0.160650792183672  0.472373520498603 
96.0    V  0.086329653008991  0.005090418552200  0.002712802999541  0.024197469620413  0.048765342510856  0.022718320583130  0.032039601184019  0.083968964107581  0.035624164771671  0.268315071598363  0.046714039019842  0.037136972033029  0.011981895778696  0.025506345192216  0.051760666333409  0.042836962655616  0.044594203303684  0.088633752229966  0.000000000000000  0.041035035169505  0.992404374685819  0.007509851003037  0.000000000000000  0.216434141379915  0.783497186949341  0.813943185070435  0.185822873053877  0.005418089723169  0.471719125447680  0.469110598250336 
97.0    D  0.077912574642194  0.000000000000000  0.131761427911342  0.108442335894008  0.007473501235093  0.059005776196891  0.046166814486955  0.025137761591935  0.081390261848064  0.036600318163088  0.011597840395539  0.070805242830987  0.002655133284974  0.096722812096399  0.081503170953660  0.060496689180859  0.063372467486877  0.023765293019391  0.003672555478551  0.011367036590897  0.994470168673214  0.000000000000000  0.005551140793677  0.000000000000000  0.000000000000000  0.000000000000000  1.000000000000000  0.005384395128811  1.000000000000000  0.497924876547229 
98.0    Y  0.050171086794747  0.002020600745154  0.022702578899553  0.061426287409078  0.391477148128271  0.005900283537355  0.006963363249195  0.041091961256408  0.022844647631251  0.116386852478779  0.027073026762503  0.020560226953578  0.000000000000000  0.013003105229868  0.024247839196089  0.014199658069508  0.021433332634228  0.042777619159120  0.018879966302968  0.096991356784357  0.987600861445373  0.010117523428550  0.002611329092588  0.240815473505037  0.758909626487027  0.361483073636437  0.638606879597695  0.005384395128811  0.470087101254563  0.478635729097649 
99.0    C  0.048765342510856  0.009923054551084  0.000000000000000  0.002954234369695  0.011438169499575  0.006758880395195  0.000000000000000  0.111723145294598  0.000000000000000  0.611320138846034  0.054825846795801  0.000000000000000  0.000000000000000  0.000000000000000  0.000000000000000  0.011202775375124  0.015920174947136  0.115342811581725  0.000000000000000  0.000000000000000  0.940174202509126  0.059829466137206  0.000000000000000  0.226251615720726  0.773782496771195  1.000000000000000  0.000000000000000  0.005414335490822  0.325786787340824  0.474342157570227 
100.0    K  0.084553014440642  0.013773127467300  0.020503300852999  0.037864770638445  0.015625000000000  0.033725882390763  0.017253106986923  0.062456693311903  0.179991414814336  0.039118639332937  0.026571067502006  0.041521431690516  0.047894373756493  0.041063488348418  0.074686950303549  0.072543994648983  0.061511501377113  0.098892162648181  0.002152158429447  0.028261855548784  0.991716730738293  0.004233304557987  0.003825860537449  1.000000000000000  0.000000000000000  0.000000000000000  0.000000000000000  0.005380664243684  0.487339815445774  1.000000000000000 
101.0    E  0.047861187409199  0.003188293149027  0.253841525217357  0.126481650128366  0.002019200656734  0.071793647187315  0.045499673406221  0.008326927625531  0.067498534989555  0.003232800062805  0.003455236075514  0.089933348750676  0.019873640730368  0.056094378166704  0.060412881066561  0.047006367230897  0.075834597515543  0.010598471308185  0.000000000000000  0.007129417879246  0.996540262827868  0.003255285965466  0.000000000000000  1.000000000000000  0.000000000000000  1.000000000000000  0.000000000000000  0.005399344556752  0.493458272942921  0.490389501994276 
102.0    W  0.012293163208649  0.000909272284990  0.000000000000000  0.001364889620948  0.005463344073197  0.003627018954323  0.003188293149027  0.003077554242380  0.001841376046715  0.038313589376661  0.011406500083238  0.000000000000000  0.000000000000000  0.000000000000000  0.001625388153733  0.003791540897537  0.002179178363916  0.020432364820887  0.873572895916694  0.016792955825867  0.997922718999051  0.002321060752064  0.000000000000000  0.250000000000000  0.750019494642909  0.000000000000000  0.000000000000000  0.005380664243684  0.499307333050514  1.000000000000000 
103.0    L  0.000000000000000  0.005589752031340  0.000000000000000  0.000000000000000  0.142595464483553  0.000000000000000  0.000000000000000  0.103234708116965  0.000000000000000  0.601651512999751  0.007075265492327  0.000000000000000  0.000000000000000  0.000000000000000  0.000000000000000  0.007872295003207  0.007279222103944  0.074583483939483  0.038687196588670  0.011272880366106  0.992404374685819  0.000000000000000  0.007905103133023  0.000000000000000  0.000000000000000  0.000000000000000  0.000000000000000  0.005380664243684  1.000000000000000  1.000000000000000 
104.0    V  0.079825859949712  0.009834040418007  0.028955876934074  0.031445556984306  0.056523711097568  0.012762015486094  0.014905617977306  0.139564120247822  0.035971546603993  0.127980862553555  0.024586326417299  0.014268722656437  0.041091961256408  0.012464769372016  0.040864729641774  0.043980261728919  0.058314561971050  0.199298119135134  0.001285014184599  0.026205255763779  1.000000000000000  0.000000000000000  0.000000000000000  0.000000000000000  0.000000000000000  1.000000000000000  0.000000000000000  0.005388128600887  1.000000000000000  0.476979775273779 
105.0    N  0.030332327180298  0.001557016555743  0.101601950248040  0.121077273653328  0.021270533070304  0.084143754329799  0.041723384477997  0.009888723390393  0.054108535344979  0.024030325488598  0.012797448404060  0.219607617059590  0.001903671154085  0.075467536967906  0.065743861200242  0.055668306287918  0.040666932982560  0.008795613954193  0.002249780551464  0.027450952132449  1.000000000000000  0.000000000000000  0.000000000000000  0.000000000000000  0.000000000000000  0.000000000000000  0.000000000000000  0.005380664243684  1.000000000000000  1.000000000000000 
106.0    H  0.000000000000000  0.000000000000000  0.000000000000000  0.000000000000000  0.000000000000000  0.000000000000000  0.988970916380931  0.000000000000000  0.000000000000000  0.000000000000000  0.000000000000000  0.000000000000000  0.000000000000000  0.000000000000000  0.000000000000000  0.000000000000000  0.000000000000000  0.000000000000000  0.000000000000000  0.011288518733778  1.000000000000000  0.000000000000000  0.000000000000000  0.000000000000000  0.000000000000000  0.000000000000000  0.000000000000000  0.005380664243684  1.000000000000000  1.000000000000000 
107.0    I  0.050450067156548  0.004587742075053  0.000000000000000  0.002006643436287  0.013897796774030  0.000000000000000  0.000000000000000  0.693034942825207  0.000000000000000  0.053623158151793  0.052337905469277  0.003584530790279  0.000000000000000  0.002361632179362  0.005190178961314  0.004373487846306  0.017886315009354  0.096856991369896  0.000000000000000  0.000000000000000  0.997231251352069  0.000000000000000  0.002604098978694  0.000000000000000  0.000000000000000  0.000000000000000  0.000000000000000  0.005380664243684  1.000000000000000  1.000000000000000 
108.0    K  0.090120554466264  0.018594245254792  0.038393343138927  0.017591227908387  0.011164016716727  0.033100572958871  0.002077407564245  0.048866852695537  0.097260647069427  0.276816146121071  0.056055509978876  0.032599643547808  0.026168952734638  0.053809324271181  0.059457392270737  0.045216715183454  0.047104215923699  0.039445376003504  0.000000000000000  0.006091444082901  1.000000000000000  0.000000000000000  0.000000000000000  0.000000000000000  0.000000000000000  0.000000000000000  1.000000000000000  0.005399344556752  1.000000000000000  0.495514781632040 
109.0    G  0.027527167941468  0.004349303196206  0.022359008125358  0.076097876166437  0.005896195189533  0.166085726762064  0.033261568201667  0.031840349894273  0.142200653484063  0.023340835267380  0.005703250041619  0.057791454882106  0.000000000000000  0.042866665268456  0.057352492644460  0.061213768599183  0.134530015597975  0.065652784000672  0.000000000000000  0.041839226780576  0.996540262827868  0.001869670816788  0.001821067356322  0.500000000000000  0.500000000000000  1.000000000000000  0.000000000000000  0.005425605999082  0.498270131413934  0.495514781632040 
110.0    T  0.044163551371335  0.015345931175990  0.069204036530268  0.204617295397701  0.033215489823705  0.000000000000000  0.042013593567270  0.061810682273808  0.016401823181610  0.039472726932681  0.120658378108970  0.026042287723726  0.005034275900332  0.026114592466308  0.013574096642978  0.081446696835206  0.117115180859053  0.058032303269171  0.012344395497865  0.013415084944340  1.000000000000000  0.000000000000000  0.000000000000000  0.000000000000000  0.000000000000000  1.000000000000000  0.000000000000000  0.005421846558655  1.000000000000000  0.498270131413934 
111.0    D  0.000000000000000  0.000000000000000  0.961927454664775  0.004204062987437  0.000000000000000  0.000000000000000  0.010679589468295  0.000000000000000  0.000000000000000  0.000000000000000  0.000000000000000  0.010258758792376  0.000000000000000  0.003796800734302  0.000000000000000  0.002905495629755  0.000000000000000  0.006066163085946  0.000000000000000  0.000000000000000  0.997231251352069  0.001949067810545  0.000643398413933  0.333324669272800  0.666649338545599  0.000000000000000  0.000000000000000  0.005410583859808  0.498270131413934  1.000000000000000 
112.0    F  0.067779838052691  0.006385432253815  0.000000000000000  0.002625849597954  0.044102370106522  0.016550286479436  0.017775081685508  0.018023212579063  0.241316756217939  0.059788009880742  0.097598311575924  0.007530701622974  0.008507789182313  0.074273944066058  0.174342958293801  0.065561832973434  0.048900736358532  0.036957218757629  0.005140056738395  0.006953716666035  1.000000000000000  0.000000000000000  0.000000000000000  0.000000000000000  0.000000000000000  0.000000000000000  1.000000000000000  0.005656008485858  1.000000000000000  0.500000000000000 
113.0    K  0.126218912199586  0.001230960343343  0.052120690239060  0.085673925311231  0.001173472704616  0.030883926609398  0.021226348196077  0.011784219349114  0.230845577682349  0.052301640167712  0.029914733068603  0.041752314949691  0.039609766313576  0.080884103405178  0.102379587232478  0.037499105699163  0.011670417633690  0.026737344552581  0.007284269425288  0.008826150113829  0.986916545885842  0.013359409029562  0.000000000000000  0.122937759253281  0.877213548732822  0.000000000000000  1.000000000000000  0.005679580145782  0.466193243218416  0.500000000000000 
114.0    Y  0.007144258511718  0.001809742308380  0.003863167642113  0.002822129683444  0.132677901118724  0.002102031493718  0.002147687791630  0.118585539392557  0.000000000000000  0.286578046432095  0.062154385542076  0.000000000000000  0.000000000000000  0.000000000000000  0.000000000000000  0.001643514613839  0.014558444207887  0.041810236087066  0.007114608074937  0.315125847895746  0.997922718999051  0.002422983003350  0.000000000000000  1.000000000000000  0.000000000000000  1.000000000000000  0.000000000000000  0.005863590224666  0.497579860910041  0.500000000000000 
115.0    K  0.310572070446110  0.005129379396188  0.000000000000000  0.012482061194518  0.041579032533771  0.166893537911988  0.006665828891501  0.020404059173264  0.109727724701190  0.013782677581206  0.006707542472170  0.003069033268233  0.012568880795967  0.008127345832203  0.059705183523902  0.074531804520664  0.024518253059273  0.107544078826430  0.002794876015670  0.013368672276291  1.000000000000000  0.000000000000000  0.000000000000000  0.000000000000000  0.000000000000000  0.000000000000000  0.000000000000000  0.005945442893904  1.000000000000000  1.000000000000000 
116.0    G  0.131578894338680  0.003971776067547  0.077374393177340  0.116145084281364  0.004097614560840  0.093882495433808  0.025594896808120  0.008200911590805  0.068916822691807  0.026755883892077  0.005197379066721  0.033492920704259  0.103449602009776  0.051367511705928  0.122597375498569  0.064034801439550  0.042600081477578  0.015953314464175  0.000000000000000  0.004792519442398  0.987600861445373  0.012157580883678  0.000000000000000  0.148753962038334  0.851453707748945  0.000000000000000  0.000000000000000  0.005566553180269  0.486664687079119  1.000000000000000 
117.0    K  0.015474107373954  0.012344395497865  0.004733096329806  0.000000000000000  0.240148715988369  0.000000000000000  0.172659306017982  0.007099829034754  0.069588851139293  0.026241609154504  0.000000000000000  0.003567180664109  0.000000000000000  0.017469716421342  0.011833330592789  0.008484233252518  0.003952551566511  0.030395467106634  0.118914784541475  0.257206676973394  1.000000000000000  0.000000000000000  0.000000000000000  0.000000000000000  0.000000000000000  0.000000000000000  0.000000000000000  0.005859527301898  1.000000000000000  1.000000000000000 
118.0    L  0.010075533208249  0.000000000000000  0.000000000000000  0.000000000000000  0.000000000000000  0.000000000000000  0.000000000000000  0.203344799533031  0.034482304376311  0.638606879597695  0.073709787016326  0.000000000000000  0.000000000000000  0.000000000000000  0.000000000000000  0.000000000000000  0.000000000000000  0.039774841727373  0.000000000000000  0.000000000000000  1.000000000000000  0.000000000000000  0.000000000000000  1.000000000000000  0.000000000000000  0.000000000000000  0.000000000000000  0.007801677078914  1.000000000000000  1.000000000000000 
