No:  residues  hmm_col_1  hmm_col_2  hmm_col_3  hmm_col_4  hmm_col_5  hmm_col_6  hmm_col_7  hmm_col_8  hmm_col_9  hmm_col_10  hmm_col_11  hmm_col_12  hmm_col_13  hmm_col_14  hmm_col_15  hmm_col_16  hmm_col_17  hmm_col_18  hmm_col_19  hmm_col_20  hmm_col_21   hmm_col_22   hmm_col_23   hmm_col_24   hmm_col_25   hmm_col_26   hmm_col_27   hmm_col_28   hmm_col_29   hmm_col_30   
1.0    L  0.002446610231688  0.002077407564245  0.000000000000000  0.033330805650993  0.049514675682811  0.000000000000000  0.009604991150426  0.019832357594059  0.000000000000000  0.420448207626857  0.000000000000000  0.000000000000000  0.293005570918628  0.005589752031340  0.004556052225736  0.100760353936621  0.003033081542973  0.055822865772048  0.000000000000000  0.000000000000000  0.962594443101751  0.024013674707625  0.013387218043259  0.753145233316906  0.247071412875183  0.000000000000000  0.000000000000000  0.041984482053791  0.373194595824238  1.000000000000000 
2.0    Q  0.000000000000000  0.000000000000000  0.000000000000000  0.031336763621909  0.000000000000000  0.000000000000000  0.009658400475945  0.000000000000000  0.000000000000000  0.011686607487206  0.015843116871719  0.000000000000000  0.000000000000000  0.764718138941384  0.044470733163581  0.122173220801351  0.000000000000000  0.000000000000000  0.000000000000000  0.000000000000000  0.978063473447339  0.017591227908387  0.004143311489720  0.484644908467533  0.515126976810037  0.110720939887795  0.889458993537898  0.040808118346529  0.477641468191219  0.482299092292069 
3.0    N  0.062630100317477  0.007872295003207  0.010746420454217  0.104821023055116  0.010496120513448  0.014558444207887  0.001974906407913  0.000000000000000  0.041752314949691  0.000000000000000  0.000000000000000  0.222518933313124  0.002865494812827  0.017775081685508  0.010783729323411  0.444113397921202  0.047136877396456  0.000000000000000  0.000000000000000  0.000000000000000  0.993781093322555  0.006112592044816  0.000000000000000  0.625031151292605  0.374749900438887  0.731028724200017  0.269060031195949  0.040666932982560  0.493116352246680  0.480963727332387 
4.0    R  0.000000000000000  0.000000000000000  0.030734439813320  0.008004350179944  0.000000000000000  0.006915263785778  0.000000000000000  0.002329118891271  0.039664715188119  0.000000000000000  0.000000000000000  0.002829965145615  0.006754197119593  0.143388378028271  0.695440985854994  0.033984012214215  0.026205255763779  0.003936147501604  0.000000000000000  0.000000000000000  0.967276329613932  0.013175486097658  0.019357010902874  0.147419574032652  0.852634891767957  0.000000000000000  1.000000000000000  0.039747281460737  0.481630947010074  0.496546247718518 
5.0    P  0.042985681816867  0.000000000000000  0.003941607944706  0.002714684023130  0.000000000000000  0.017676788481967  0.000000000000000  0.007213924302573  0.012421644546078  0.137071448573487  0.002051649500021  0.021914050791288  0.516557193842066  0.033215489823705  0.006501552614934  0.013048248741068  0.133600748901376  0.049002528379734  0.000000000000000  0.000000000000000  0.951977908497532  0.045310838527464  0.002865494812827  0.191047065095646  0.808881348361739  0.115743252815915  0.884540435331541  0.041206050452886  0.438302860658018  0.464902471306581 
6.0    E  0.036982844429768  0.000000000000000  0.000000000000000  0.713507252858939  0.000000000000000  0.012413037501502  0.022876338999150  0.000000000000000  0.016030908520893  0.000000000000000  0.000000000000000  0.047333322371155  0.004829200237972  0.028125060306047  0.067078767899591  0.019064070473003  0.017325010056298  0.014318260073052  0.000000000000000  0.000000000000000  0.894404901782606  0.091315273659105  0.013955716443012  0.288771446138396  0.711038705293637  0.185694115082604  0.814507563070215  0.041665583659100  0.364502344704145  0.464258426153364 
7.0    P  0.081333865965121  0.000000000000000  0.000000000000000  0.000000000000000  0.000000000000000  0.000000000000000  0.000000000000000  0.018312848182414  0.000000000000000  0.000000000000000  0.000000000000000  0.000000000000000  0.828744904487992  0.045879707376066  0.005782864445313  0.000000000000000  0.019928818619977  0.000000000000000  0.000000000000000  0.000000000000000  0.966606097064973  0.014864348067684  0.018658799798040  0.301243078748697  0.698823485925533  0.478635729097649  0.521232880420561  0.045562793088018  0.482299092292069  0.431669779287206 
8.0    T  0.010394758133443  0.000000000000000  0.000000000000000  0.000000000000000  0.000000000000000  0.000000000000000  0.005589752031340  0.023324662239015  0.006702894768974  0.008566965535843  0.000000000000000  0.070756181381917  0.012603777487846  0.000000000000000  0.005208197957387  0.196554323035083  0.660211420507500  0.000000000000000  0.000000000000000  0.000000000000000  0.963929807740643  0.036121459579837  0.000000000000000  0.353308410970682  0.646624465943743  0.535886731268147  0.463936738235641  0.042955896736626  0.453759577658580  0.434672280045011 
9.0    A  0.750019494642909  0.013849714049920  0.006698250286204  0.013936383115939  0.000000000000000  0.003016309113640  0.000000000000000  0.000000000000000  0.000000000000000  0.000000000000000  0.000000000000000  0.030628106729433  0.026278012976679  0.035772630018709  0.000000000000000  0.113833729198997  0.002422983003350  0.003807342308170  0.000000000000000  0.000000000000000  0.980099415341871  0.018414678247058  0.001434734993436  0.430474594169452  0.569591688611057  0.000000000000000  1.000000000000000  0.041868237575870  0.476318999021969  0.469435873657726 
10.0    P  0.005410583859808  0.000000000000000  0.000000000000000  0.000000000000000  0.000000000000000  0.000000000000000  0.000000000000000  0.000000000000000  0.013659040943912  0.000000000000000  0.000000000000000  0.000000000000000  0.908148417721510  0.007694269085121  0.031950891581560  0.003817913150042  0.029400815859806  0.000000000000000  0.000000000000000  0.000000000000000  0.980099415341871  0.020053529649420  0.000000000000000  0.551716870020980  0.448444079831007  0.062413416631314  0.937571096457110  0.043164826504496  0.471719125447680  0.467487598875728 
11.0    P  0.000000000000000  0.000000000000000  0.000000000000000  0.031928752584822  0.003266587499664  0.013630667277668  0.022483337187669  0.000000000000000  0.000000000000000  0.007588339808919  0.000000000000000  0.000000000000000  0.747942879181195  0.007011797270838  0.024791682599723  0.032464346978052  0.109120948891720  0.000000000000000  0.000000000000000  0.000000000000000  0.976031760776225  0.021687386234619  0.002564689698094  0.183137609326417  0.816768991110023  0.048194088293998  0.951977908497532  0.043224707156593  0.471392267959120  0.469435873657726 
12.0    A  0.477972658796871  0.000000000000000  0.012267626854275  0.221135108832885  0.000000000000000  0.005912565597537  0.006528648116577  0.028795755818709  0.006091444082901  0.044966674375338  0.020890632740705  0.000000000000000  0.009310020113860  0.030670595745421  0.058638824781292  0.067920928907879  0.000000000000000  0.006245358049629  0.002867481711004  0.000000000000000  0.982820598545251  0.015071846634127  0.001852899053009  0.290377182981431  0.709561678100191  0.000000000000000  1.000000000000000  0.043284670878466  0.449066186441967  0.467811748915700 
13.0    E  0.007411596212035  0.000000000000000  0.058760887656820  0.689202576487815  0.000000000000000  0.019818615614467  0.000000000000000  0.000000000000000  0.040358042196948  0.000000000000000  0.002658816633788  0.000000000000000  0.018312848182414  0.027223568504446  0.130217928626028  0.005912565597537  0.000000000000000  0.000000000000000  0.000000000000000  0.000000000000000  0.980779003988551  0.008263679403269  0.011117683290895  0.518709968282806  0.481297221550876  0.837406487508427  0.162442382806930  0.043314683926575  0.490729531926740  0.465224828851508 
14.0    S  0.008555097428075  0.002746861718580  0.032486857349227  0.100272645794061  0.014588749139302  0.014179986801831  0.003647187284825  0.090183042928852  0.026626377971090  0.067732872927799  0.004316267518750  0.058274155402302  0.036121459579837  0.000000000000000  0.032329611922466  0.448444079831007  0.027204705103004  0.032128557083002  0.000000000000000  0.000000000000000  0.974679630891549  0.000331431879854  0.025068161448515  1.000000000000000  0.000000000000000  0.157235621479502  0.842646829503152  0.041665583659100  0.500000000000000  0.480963727332387 
15.0    F  0.063022028430912  0.039308905369876  0.000000000000000  0.000000000000000  0.521232880420561  0.000000000000000  0.000000000000000  0.011541703621739  0.000000000000000  0.206183387152520  0.004733096329806  0.000000000000000  0.003012130518375  0.000000000000000  0.006707542472170  0.013066349998657  0.006929658634001  0.007324774191071  0.089498046325071  0.027565355162412  0.942784535918240  0.053289680735497  0.004149059322248  0.229887511537915  0.770037174236072  0.103306289769276  0.896888159662015  0.042305821220389  0.432868282759829  0.445346450303340 
16.0    G  0.017015578364627  0.002121058313129  0.014710601008456  0.040302132832996  0.000000000000000  0.382094130191292  0.000000000000000  0.000000000000000  0.034674046002120  0.002135811440400  0.004845966006701  0.000000000000000  0.031185084968720  0.088818252698835  0.299577255334855  0.032712821311705  0.000000000000000  0.005953690743515  0.043676467870346  0.000000000000000  0.918912883479050  0.031336763621909  0.050032175666019  1.000000000000000  0.000000000000000  0.226879788829290  0.773246337455317  0.044010757091003  0.451250363731215  0.446273485736488 
17.0    F  0.004204062987437  0.006693609021629  0.032374461361251  0.032396909406866  0.390934821564297  0.067405026980903  0.000000000000000  0.009150079540772  0.004474679288983  0.071051060827251  0.168287508659598  0.015975445790780  0.030018589498546  0.011164016716727  0.010047636589302  0.034866853822655  0.004108991325015  0.069492447344819  0.020703234641331  0.016676958406874  0.932386486436833  0.024586326417299  0.042777619159120  0.958599438492977  0.041349107497129  0.612592665952338  0.387159513926610  0.048127323389754  0.444113397921202  0.396392068305142 
18.0    G  0.040864729641774  0.000000000000000  0.046455718263469  0.107395094368398  0.000000000000000  0.672217497076313  0.000000000000000  0.000000000000000  0.007625248131064  0.000000000000000  0.000000000000000  0.000000000000000  0.006948898387015  0.029584800976147  0.063460381304339  0.004108991325015  0.007254037908646  0.003312187361848  0.010964622859680  0.000000000000000  0.964598184584138  0.013350152201402  0.022312562182579  1.000000000000000  0.000000000000000  0.489710148793463  0.510506062853597  0.043134917293645  0.487002134271620  0.405282559942655 
19.0    E  0.003887342663360  0.000000000000000  0.040190546357206  0.615145672375572  0.001922234418035  0.086090627898946  0.008437316873694  0.000000000000000  0.058072542140682  0.007070362991273  0.004055231525559  0.032509383328812  0.013331657783001  0.000000000000000  0.083504629899381  0.017157700215423  0.010532560404196  0.018148573936339  0.000000000000000  0.000000000000000  0.918912883479050  0.040893064732969  0.040162698045918  0.375790369516391  0.624165274450806  0.381564802240140  0.618137630460476  0.041897268486885  0.449689156073876  0.423372656181264 
20.0    E  0.014998894703733  0.000000000000000  0.064123634083571  0.529976391698641  0.000000000000000  0.057312752700292  0.000000000000000  0.007588339808919  0.073251392729657  0.003462428512480  0.001994164308022  0.031928752584822  0.011525714508460  0.022452190258501  0.064883704408941  0.018186352100033  0.093363341069521  0.000000000000000  0.000000000000000  0.005006437203751  0.828744904487992  0.047006367230897  0.124394965227510  0.477972658796871  0.522317881432116  0.368311921454120  0.631563630922900  0.043919334381460  0.448133349784702  0.392292048948375 
21.0    T  0.047202268298838  0.000000000000000  0.063109456099793  0.026387527731993  0.000000000000000  0.024046987815013  0.000000000000000  0.245364765963370  0.011148550825921  0.052519609514580  0.018478609378815  0.096388176587996  0.055822865772048  0.031840349894273  0.020067434515460  0.016898043179432  0.281264621172202  0.009426905622818  0.000000000000000  0.000000000000000  0.978063473447339  0.006121071773042  0.015592542484360  1.000000000000000  0.000000000000000  0.746906728556171  0.252788020212826  0.043434944370073  0.494485458190466  0.306296332976169 
22.0    A  0.174222154835934  0.016042024151875  0.015755507107728  0.027814866664141  0.008223680896167  0.010047636589302  0.000000000000000  0.022561393680039  0.007355300504228  0.033238521027912  0.009936820365184  0.066384949155961  0.066754088002991  0.049824529783784  0.010746420454217  0.073709787016326  0.385285554179204  0.022235366581791  0.000000000000000  0.000000000000000  0.364755086060044  0.599985691186608  0.035012162943568  0.971980987981352  0.028008334361544  0.762600826628142  0.237664775307455  0.042659178683911  0.110951417158687  0.426317445883978 
23.0    P  0.023131457781251  0.001658391106341  0.000000000000000  0.060706718471352  0.012015162744299  0.025648175275328  0.003026780980309  0.014377932041014  0.007704943003854  0.064346255214625  0.003933420117409  0.000000000000000  0.586011141837257  0.020067434515460  0.022359008125358  0.121077273653328  0.026755883892077  0.004610056028657  0.000000000000000  0.002743056397926  0.931094819830229  0.023798261557863  0.044873265956982  0.569986636346731  0.429878243121503  0.761544369851631  0.238324636322040  0.045373696246997  0.456282744271726  0.389042588277709 
24.0    P  0.055092509869198  0.009426905622818  0.003938876776932  0.067639040282857  0.008373230176065  0.002684743546039  0.001870967223091  0.000000000000000  0.032940356977836  0.042482132559586  0.000000000000000  0.006810611246383  0.289172045976322  0.041607862913637  0.016164805961233  0.352818960852173  0.067451764781527  0.001664148623193  0.000000000000000  0.000000000000000  0.970634469769547  0.015050967094065  0.014467906601989  1.000000000000000  0.000000000000000  0.975355461527642  0.024450368179266  0.043555538708983  0.483303048532487  0.418993567333974 
25.0    Q  0.007144258511718  0.000000000000000  0.008561029425373  0.139854637629464  0.018645870984871  0.050380176968310  0.002306626291855  0.002991324213075  0.104241380478121  0.075677067746910  0.003210469481621  0.000000000000000  0.173018714506435  0.276624338273068  0.049549008538143  0.063153215405423  0.018827692421794  0.000000000000000  0.000000000000000  0.005908468739390  0.976031760776225  0.022955759894974  0.000716870427751  0.249307812838017  0.750539548757186  0.957271458195298  0.042570563582515  0.042807280623924  0.470413053756894  0.478304079045937 
26.0    K  0.098823639575493  0.000000000000000  0.002443220859596  0.082927821287323  0.004775938584735  0.026941985781800  0.000000000000000  0.000000000000000  0.407818746669505  0.014004167180772  0.004440691301703  0.037996227599472  0.020775111065339  0.143587294374629  0.035182455816774  0.058274155402302  0.043555538708983  0.018401918587422  0.000000000000000  0.000000000000000  0.986916545885842  0.001137435143036  0.012284645189693  0.500000000000000  0.500000000000000  0.472701058375372  0.527411158534031  0.041521431690516  0.500000000000000  0.500000000000000 
27.0    Q  0.041550222130679  0.000000000000000  0.039885274025905  0.181117769319360  0.006675076100701  0.099856489556144  0.000000000000000  0.000000000000000  0.028359973603661  0.007845058931554  0.000000000000000  0.011662331119507  0.028915763376183  0.469110598250336  0.047038960856596  0.007504647374637  0.019077289260455  0.008071206153782  0.003412394124675  0.000000000000000  0.963929807740643  0.025808677029241  0.010496120513448  0.304602565918798  0.695440985854994  0.681601303641254  0.318419368831625  0.041349107497129  0.461051558956316  0.483303048532487 
28.0    E  0.077267203807559  0.000000000000000  0.041868237575870  0.491410299272626  0.003938876776932  0.040330077826618  0.002575378153305  0.006189334460351  0.055939066932998  0.003296155453633  0.000000000000000  0.019804883156788  0.055283777208221  0.125173406963917  0.054146053525005  0.012904338514621  0.009999003233159  0.000000000000000  0.000000000000000  0.000000000000000  0.917639882311365  0.064034801439550  0.018427446754082  0.299369676154732  0.700763724540373  0.294430697398745  0.705637921704346  0.041063488348418  0.417254640577705  0.480297431976738 
29.0    Q  0.034458411345904  0.000000000000000  0.035648866120888  0.114625505400584  0.000000000000000  0.038154578520910  0.002701544197287  0.003649716198762  0.102237757319723  0.030374405874417  0.004487102949207  0.016164805961233  0.247929182684573  0.198884120938730  0.071793647187315  0.039830019603727  0.059046690062325  0.000000000000000  0.000000000000000  0.000000000000000  0.874178620410373  0.030101934188130  0.095523532547823  0.491069797631696  0.509092599882310  0.059457392270737  0.940826107513788  0.042247213532129  0.462973011263662  0.424842499569325 
30.0    K  0.017349044275447  0.000000000000000  0.064123634083571  0.080940187428402  0.000000000000000  0.067968024428430  0.000000000000000  0.108367195439336  0.280097303548544  0.003624505767466  0.010061575230546  0.017003788151106  0.025737219289612  0.039527485698561  0.175312406330300  0.005539609514373  0.075362989230673  0.012293163208649  0.000000000000000  0.016781319869064  0.917004043204671  0.063240825064183  0.019518689463334  0.986916545885842  0.012949139132625  0.528509020280690  0.471392267959120  0.040610595701733  0.428985265214345  0.334945900606960 
31.0    D  0.043254678626609  0.000000000000000  0.442883759551180  0.106063487713237  0.000000000000000  0.121750533567905  0.004719991575742  0.000000000000000  0.072393300387165  0.005336094752947  0.000000000000000  0.022081775685668  0.009565128065627  0.056641371141708  0.043045313949473  0.008419790195654  0.057671405790862  0.001783590332055  0.000000000000000  0.004376520367946  0.949342120950519  0.035921714001084  0.014629253866164  0.626332219312064  0.373453364278086  0.173138683513866  0.827023368443266  0.044873265956982  0.448133349784702  0.392564059336786 
32.0    K  0.042777619159120  0.021314809919990  0.007683609953330  0.112344390826379  0.000000000000000  0.067078767899591  0.005528102188776  0.005350910077990  0.324659650682471  0.000000000000000  0.004069310269563  0.054108535344979  0.024981432198515  0.069927318814732  0.187895184758195  0.007938047992138  0.028636520146105  0.035550163371016  0.000000000000000  0.000000000000000  0.898755126611030  0.027167017502813  0.073863221683398  0.933032991536807  0.066754088002991  0.807201074504765  0.192642777089602  0.045310838527464  0.461051558956316  0.394473420426233 
33.0    E  0.021418481327808  0.000000000000000  0.097260647069427  0.458502021602336  0.000000000000000  0.075362989230673  0.003223849252003  0.026811579075897  0.031228346655952  0.026663315566002  0.000000000000000  0.036931610841699  0.035624164771671  0.029543816148461  0.025190088484155  0.054560474445860  0.043585739573450  0.019090517213648  0.000000000000000  0.015155654849090  0.736623842908240  0.015581738302376  0.247585717983256  0.621574834451970  0.378404198242395  0.245364765963370  0.754712984260280  0.047104215923699  0.481297221550876  0.393926943024673 
34.0    L  0.044378354954482  0.008309630256978  0.012123919598045  0.042511589137686  0.000000000000000  0.054258764225065  0.015463385256488  0.023814762974059  0.024895003008924  0.432568345292494  0.028996046139728  0.023389421668636  0.036372704200067  0.095988141856381  0.022655419263732  0.045436641166260  0.066893043651664  0.004769322315114  0.000000000000000  0.017169597149639  0.816203046150902  0.111105335145821  0.072594295745358  0.633756261017212  0.366275218652834  0.371388230165207  0.628506687260914  0.045626000332954  0.353308410970682  0.225938181687771 
35.0    Y  0.014947002470186  0.005888026990462  0.012985091587401  0.077804639711386  0.086449414313185  0.005823087448433  0.021672358892678  0.029811235954611  0.000000000000000  0.075362989230673  0.000000000000000  0.007124477855623  0.124308771084152  0.006744840301363  0.014150530984653  0.062803988776487  0.030522141530070  0.021642335439233  0.000000000000000  0.401925495371576  0.877821797609519  0.053921334033916  0.067968024428430  0.634195699662934  0.366021423986406  0.891310495896971  0.108442335894008  0.048462075396688  0.448755025333631  0.256672386430000 
36.0    P  0.029564301460175  0.000000000000000  0.016097718025314  0.000000000000000  0.000000000000000  0.000000000000000  0.005013382412355  0.000000000000000  0.000000000000000  0.016075417310837  0.000000000000000  0.020207014560742  0.741233504901418  0.015690117863109  0.000000000000000  0.086210057614191  0.041550222130679  0.024399577893981  0.000000000000000  0.003966273831521  0.912565488543452  0.070609200910633  0.016792955825867  0.657471380102535  0.342458244991391  0.577943353277399  0.421907898065009  0.049240867878084  0.397768241877459  0.405282559942655 
37.0    L  0.012691443693066  0.000000000000000  0.000000000000000  0.000000000000000  0.064524908467703  0.000000000000000  0.000000000000000  0.031380235726218  0.000000000000000  0.622868707784737  0.002064488360471  0.000000000000000  0.020151066416498  0.064480198706335  0.000000000000000  0.122682382981685  0.031884520601514  0.012464769372016  0.003510762213324  0.011272880366106  0.985549336939371  0.004756117260402  0.009888723390393  0.238986329398436  0.761016690419679  0.905006462882905  0.095259051896236  0.050101583087462  0.496890546661277  0.416387885440275 
38.0    A  0.178872065002864  0.006323767316777  0.027950153180706  0.000000000000000  0.060037178997092  0.011899130778932  0.000000000000000  0.160205990520024  0.014792400488074  0.056956330039821  0.000000000000000  0.032622247731929  0.064659223844932  0.007780076196050  0.000000000000000  0.015324671937321  0.264071406337964  0.089064850884299  0.000000000000000  0.009387781636929  0.988970916380931  0.000000000000000  0.010753871887427  0.000000000000000  0.000000000000000  0.971980987981352  0.027834153143959  0.044625124365158  1.000000000000000  0.478304079045937 
39.0    S  0.028438713252528  0.003001709338453  0.000000000000000  0.000000000000000  0.041752314949691  0.000000000000000  0.016584737639841  0.000000000000000  0.000000000000000  0.011446100582901  0.000000000000000  0.019791160214425  0.039281667953807  0.029914733068603  0.008734858210671  0.727490341817379  0.066707833627497  0.000000000000000  0.000000000000000  0.006968191557969  0.981459063853479  0.013415084944340  0.005440669846363  0.574349177498517  0.425431864753270  0.000000000000000  1.000000000000000  0.044378354954482  0.482633512435878  0.484644908467533 
40.0    L  0.000000000000000  0.000000000000000  0.032106294980593  0.000000000000000  0.049617745683228  0.000000000000000  0.000000000000000  0.025068161448515  0.000000000000000  0.785672516667580  0.000000000000000  0.008626553493462  0.050730598811080  0.023601134149419  0.000000000000000  0.024603374267788  0.000000000000000  0.000000000000000  0.000000000000000  0.000000000000000  0.934975197751455  0.020389921057640  0.044811101500495  0.496890546661277  0.503128911748891  0.634635443009902  0.365261094636419  0.046423528770651  0.471719125447680  0.475659138165900 
41.0    R  0.000000000000000  0.000000000000000  0.005609158244623  0.000000000000000  0.000000000000000  0.000000000000000  0.034842694335241  0.029036271070341  0.499307333050514  0.000000000000000  0.000000000000000  0.037317599596081  0.063416409161305  0.038260512262506  0.237335530237630  0.007753159177233  0.011948720920959  0.000000000000000  0.035060733766578  0.000000000000000  1.000000000000000  0.000000000000000  0.000000000000000  0.500000000000000  0.500000000000000  0.855002177891973  0.145087989297965  0.053142135004012  0.475988954248766  0.438606774366411 
42.0    S  0.000000000000000  0.000000000000000  0.000000000000000  0.008155561932982  0.000000000000000  0.007249011534932  0.023003544721378  0.031034140482407  0.000000000000000  0.011899130778932  0.000000000000000  0.000000000000000  0.016075417310837  0.068916822691807  0.000000000000000  0.764718138941384  0.069060280299994  0.000000000000000  0.000000000000000  0.000000000000000  0.978741650397436  0.000000000000000  0.021094343517543  0.000000000000000  0.000000000000000  1.000000000000000  0.000000000000000  0.046681670534761  1.000000000000000  0.492433221447775 
43.0    L  0.000000000000000  0.000000000000000  0.000000000000000  0.000000000000000  0.000000000000000  0.000000000000000  0.000000000000000  0.044656066866909  0.000000000000000  0.859160754947185  0.000000000000000  0.000000000000000  0.000000000000000  0.000000000000000  0.035698320214017  0.019887420863687  0.032531924927628  0.008183875992967  0.000000000000000  0.000000000000000  1.000000000000000  0.000000000000000  0.000000000000000  0.000000000000000  0.000000000000000  0.000000000000000  1.000000000000000  0.047071577082307  1.000000000000000  0.470739232270603 
44.0    F  0.033492920704259  0.000000000000000  0.000000000000000  0.000000000000000  0.735603372927869  0.000000000000000  0.000000000000000  0.000000000000000  0.000000000000000  0.060245612983790  0.000000000000000  0.000000000000000  0.035946621667206  0.000000000000000  0.000000000000000  0.015019702006074  0.024247839196089  0.016142412307565  0.063636574985289  0.015474107373954  0.922742492653798  0.037421209519342  0.040134869030920  1.000000000000000  0.000000000000000  0.362235538638720  0.637722195839272  0.050380176968310  0.454704125900367  0.470739232270603 
45.0    G  0.029056404456661  0.000000000000000  0.000000000000000  0.000000000000000  0.000000000000000  0.771105412703970  0.000000000000000  0.000000000000000  0.000000000000000  0.000000000000000  0.000000000000000  0.013984766733250  0.000000000000000  0.049928244778072  0.000000000000000  0.021477948368313  0.038956287321097  0.041607862913637  0.033936933010072  0.000000000000000  1.000000000000000  0.000000000000000  0.000000000000000  0.000000000000000  0.000000000000000  0.529976391698641  0.469761374607006  0.055437269072009  1.000000000000000  0.438606774366411 
46.0    N  0.004723264358724  0.000000000000000  0.000000000000000  0.000000000000000  0.000000000000000  0.017676788481967  0.020432364820887  0.017469716421342  0.012673861805891  0.000000000000000  0.000000000000000  0.540362701019676  0.000000000000000  0.045847917005229  0.045310838527464  0.187504873660727  0.108142086323124  0.000000000000000  0.000000000000000  0.000000000000000  1.000000000000000  0.000000000000000  0.000000000000000  0.000000000000000  0.000000000000000  0.222673225151670  0.777546035882558  0.054071043161562  1.000000000000000  0.471065636952404 
47.0    D  0.001977646108106  0.000000000000000  0.724973416439426  0.004230371271586  0.000000000000000  0.011694710834318  0.015303442149796  0.000000000000000  0.017469716421342  0.000000000000000  0.000000000000000  0.003718663705068  0.077160162930846  0.014741222670240  0.045752677998301  0.016561762240583  0.025260027150174  0.040949793870574  0.000000000000000  0.000000000000000  1.000000000000000  0.000000000000000  0.000000000000000  0.000000000000000  0.000000000000000  1.000000000000000  0.000000000000000  0.054409410206008  1.000000000000000  0.477972658796871 
48.0    P  0.000000000000000  0.000000000000000  0.000000000000000  0.000000000000000  0.000000000000000  0.000000000000000  0.004594106446449  0.000000000000000  0.040751585476830  0.101110168545217  0.000000000000000  0.000000000000000  0.737645728541420  0.076521024525013  0.030332327180298  0.008936960728155  0.000000000000000  0.000000000000000  0.000000000000000  0.000000000000000  0.993781093322555  0.006219438271709  0.000000000000000  0.643940814754913  0.356012548899268  0.000000000000000  0.000000000000000  0.057273040292209  0.492774668469685  1.000000000000000 
49.0    S  0.016288527513143  0.038794609110191  0.000000000000000  0.000000000000000  0.000000000000000  0.000000000000000  0.035574813408590  0.018945512797840  0.000000000000000  0.442883759551180  0.000000000000000  0.000000000000000  0.000000000000000  0.000000000000000  0.000000000000000  0.333093706273005  0.000000000000000  0.092654188112677  0.018632951130166  0.003241775724961  1.000000000000000  0.000000000000000  0.000000000000000  0.000000000000000  0.000000000000000  0.000000000000000  0.000000000000000  0.060412881066561  1.000000000000000  1.000000000000000 
50.0    S  0.037864770638445  0.003731573970244  0.000000000000000  0.000000000000000  0.002662505092349  0.045216715183454  0.031576607702711  0.000000000000000  0.000000000000000  0.048934643516034  0.000000000000000  0.035574813408590  0.013878543685038  0.006249688502600  0.000000000000000  0.652025367629280  0.059829466137206  0.062586703481958  0.000000000000000  0.000000000000000  0.997231251352069  0.002564689698094  0.000000000000000  0.561749951515823  0.438302860658018  0.000000000000000  0.000000000000000  0.060371020557803  0.484980955170867  1.000000000000000 
51.0    Q  0.011849746448238  0.000000000000000  0.045405157799105  0.008999122205854  0.000000000000000  0.000000000000000  0.000000000000000  0.041035035169505  0.043949787497285  0.016944959513173  0.000000000000000  0.009067999331123  0.011048543456040  0.678772489940003  0.000000000000000  0.068298608693810  0.050836199883258  0.013763583970734  0.000000000000000  0.000000000000000  1.000000000000000  0.000000000000000  0.000000000000000  1.000000000000000  0.000000000000000  0.000000000000000  0.000000000000000  0.060162152693859  1.000000000000000  1.000000000000000 
