No:  residues  hmm_col_1  hmm_col_2  hmm_col_3  hmm_col_4  hmm_col_5  hmm_col_6  hmm_col_7  hmm_col_8  hmm_col_9  hmm_col_10  hmm_col_11  hmm_col_12  hmm_col_13  hmm_col_14  hmm_col_15  hmm_col_16  hmm_col_17  hmm_col_18  hmm_col_19  hmm_col_20  hmm_col_21   hmm_col_22   hmm_col_23   hmm_col_24   hmm_col_25   hmm_col_26   hmm_col_27   hmm_col_28   hmm_col_29   hmm_col_30   
1.0    M  0.000000000000000  0.000000000000000  0.000000000000000  0.000000000000000  0.000000000000000  0.000000000000000  0.000000000000000  0.000000000000000  0.000000000000000  0.000000000000000  1.000000000000000  0.000000000000000  0.000000000000000  0.000000000000000  0.000000000000000  0.000000000000000  0.000000000000000  0.000000000000000  0.000000000000000  0.000000000000000  1.000000000000000  0.000000000000000  0.000000000000000  0.000000000000000  0.000000000000000  0.000000000000000  0.000000000000000  0.500000000000000  1.000000000000000  1.000000000000000 
2.0    G  0.000000000000000  0.000000000000000  0.000000000000000  0.000000000000000  0.000000000000000  1.000000000000000  0.000000000000000  0.000000000000000  0.000000000000000  0.000000000000000  0.000000000000000  0.000000000000000  0.000000000000000  0.000000000000000  0.000000000000000  0.000000000000000  0.000000000000000  0.000000000000000  0.000000000000000  0.000000000000000  1.000000000000000  0.000000000000000  0.000000000000000  0.000000000000000  0.000000000000000  0.000000000000000  0.000000000000000  0.500000000000000  1.000000000000000  1.000000000000000 
3.0    L  0.000000000000000  0.000000000000000  0.000000000000000  0.000000000000000  0.000000000000000  0.000000000000000  0.000000000000000  0.000000000000000  0.000000000000000  1.000000000000000  0.000000000000000  0.000000000000000  0.000000000000000  0.000000000000000  0.000000000000000  0.000000000000000  0.000000000000000  0.000000000000000  0.000000000000000  0.000000000000000  1.000000000000000  0.000000000000000  0.000000000000000  0.000000000000000  0.000000000000000  0.000000000000000  0.000000000000000  0.500000000000000  1.000000000000000  1.000000000000000 
4.0    V  0.000000000000000  0.000000000000000  0.000000000000000  0.000000000000000  0.000000000000000  0.000000000000000  0.000000000000000  0.000000000000000  0.000000000000000  0.000000000000000  0.000000000000000  0.000000000000000  0.000000000000000  0.000000000000000  0.000000000000000  0.000000000000000  0.000000000000000  1.000000000000000  0.000000000000000  0.000000000000000  1.000000000000000  0.000000000000000  0.000000000000000  0.000000000000000  0.000000000000000  0.000000000000000  0.000000000000000  0.500000000000000  1.000000000000000  1.000000000000000 
5.0    L  0.000000000000000  0.000000000000000  0.000000000000000  0.000000000000000  0.000000000000000  0.000000000000000  0.000000000000000  0.000000000000000  0.000000000000000  0.342220953272960  0.657927262514504  0.000000000000000  0.000000000000000  0.000000000000000  0.000000000000000  0.000000000000000  0.000000000000000  0.000000000000000  0.000000000000000  0.000000000000000  1.000000000000000  0.000000000000000  0.000000000000000  0.000000000000000  0.000000000000000  0.000000000000000  0.000000000000000  0.332632260270172  1.000000000000000  1.000000000000000 
6.0    I  0.000000000000000  0.000000000000000  0.657927262514504  0.000000000000000  0.000000000000000  0.000000000000000  0.000000000000000  0.342220953272960  0.000000000000000  0.000000000000000  0.000000000000000  0.000000000000000  0.000000000000000  0.000000000000000  0.000000000000000  0.000000000000000  0.000000000000000  0.000000000000000  0.000000000000000  0.000000000000000  1.000000000000000  0.000000000000000  0.000000000000000  0.000000000000000  0.000000000000000  0.000000000000000  0.000000000000000  0.332632260270172  1.000000000000000  1.000000000000000 
7.0    K  0.000000000000000  0.000000000000000  0.000000000000000  0.000000000000000  0.000000000000000  0.000000000000000  0.000000000000000  0.000000000000000  0.342220953272960  0.000000000000000  0.000000000000000  0.000000000000000  0.000000000000000  0.000000000000000  0.657927262514504  0.000000000000000  0.000000000000000  0.000000000000000  0.000000000000000  0.000000000000000  1.000000000000000  0.000000000000000  0.000000000000000  0.000000000000000  0.000000000000000  0.000000000000000  0.000000000000000  0.332632260270172  1.000000000000000  1.000000000000000 
8.0    F  0.000000000000000  0.000000000000000  0.000000000000000  0.000000000000000  0.342220953272960  0.000000000000000  0.000000000000000  0.000000000000000  0.657927262514504  0.000000000000000  0.000000000000000  0.000000000000000  0.000000000000000  0.000000000000000  0.000000000000000  0.000000000000000  0.000000000000000  0.000000000000000  0.000000000000000  0.000000000000000  1.000000000000000  0.000000000000000  0.000000000000000  0.000000000000000  0.000000000000000  0.000000000000000  0.000000000000000  0.332632260270172  1.000000000000000  1.000000000000000 
9.0    L  0.522680050102582  0.000000000000000  0.000000000000000  0.000000000000000  0.000000000000000  0.000000000000000  0.000000000000000  0.000000000000000  0.000000000000000  0.477641468191219  0.000000000000000  0.000000000000000  0.000000000000000  0.000000000000000  0.000000000000000  0.000000000000000  0.000000000000000  0.000000000000000  0.000000000000000  0.000000000000000  1.000000000000000  0.000000000000000  0.000000000000000  0.000000000000000  0.000000000000000  0.000000000000000  0.000000000000000  0.328507906787343  1.000000000000000  1.000000000000000 
10.0    R  0.000000000000000  0.000000000000000  0.000000000000000  0.522680050102582  0.000000000000000  0.000000000000000  0.000000000000000  0.000000000000000  0.000000000000000  0.000000000000000  0.000000000000000  0.000000000000000  0.000000000000000  0.224222039915504  0.253314225039771  0.000000000000000  0.000000000000000  0.000000000000000  0.000000000000000  0.000000000000000  1.000000000000000  0.000000000000000  0.000000000000000  0.000000000000000  0.000000000000000  0.000000000000000  0.000000000000000  0.328507906787343  1.000000000000000  1.000000000000000 
11.0    S  0.155717176946184  0.000000000000000  0.000000000000000  0.000000000000000  0.000000000000000  0.000000000000000  0.000000000000000  0.000000000000000  0.000000000000000  0.679243142274472  0.000000000000000  0.000000000000000  0.000000000000000  0.000000000000000  0.000000000000000  0.165281825642822  0.000000000000000  0.000000000000000  0.000000000000000  0.000000000000000  1.000000000000000  0.000000000000000  0.000000000000000  0.000000000000000  0.000000000000000  0.000000000000000  0.000000000000000  0.217185546287656  1.000000000000000  1.000000000000000 
12.0    T  0.000000000000000  0.000000000000000  0.000000000000000  0.449689156073876  0.000000000000000  0.000000000000000  0.000000000000000  0.000000000000000  0.000000000000000  0.000000000000000  0.000000000000000  0.000000000000000  0.000000000000000  0.317537745634697  0.000000000000000  0.000000000000000  0.232935107326193  0.000000000000000  0.000000000000000  0.000000000000000  1.000000000000000  0.000000000000000  0.000000000000000  0.000000000000000  0.000000000000000  0.000000000000000  0.000000000000000  0.160985203688728  1.000000000000000  1.000000000000000 
13.0    Y  0.000000000000000  0.000000000000000  0.000000000000000  0.000000000000000  0.000000000000000  0.000000000000000  0.000000000000000  0.000000000000000  0.000000000000000  0.482968164462423  0.000000000000000  0.000000000000000  0.000000000000000  0.000000000000000  0.284204243309004  0.000000000000000  0.000000000000000  0.112969090843886  0.000000000000000  0.119908014915658  1.000000000000000  0.000000000000000  0.000000000000000  0.000000000000000  0.000000000000000  0.000000000000000  0.000000000000000  0.160985203688728  1.000000000000000  1.000000000000000 
14.0    S  0.000000000000000  0.072192861534599  0.000000000000000  0.000000000000000  0.000000000000000  0.000000000000000  0.130760617474066  0.059705183523902  0.181998693624886  0.047994070928191  0.000000000000000  0.160985203688728  0.042866665268456  0.114308136187488  0.000000000000000  0.126832818322610  0.062456693311903  0.000000000000000  0.000000000000000  0.000000000000000  1.000000000000000  0.000000000000000  0.000000000000000  0.000000000000000  0.000000000000000  0.000000000000000  0.000000000000000  0.051545846788130  1.000000000000000  1.000000000000000 
15.0    T  0.078508898821470  0.000000000000000  0.000000000000000  0.000000000000000  0.000000000000000  0.179120206296638  0.000000000000000  0.000000000000000  0.131487722400484  0.000000000000000  0.000000000000000  0.042866665268456  0.059705183523902  0.000000000000000  0.072192861534599  0.350867931509769  0.085318357367823  0.000000000000000  0.000000000000000  0.000000000000000  1.000000000000000  0.000000000000000  0.000000000000000  0.000000000000000  0.000000000000000  0.000000000000000  0.000000000000000  0.051545846788130  1.000000000000000  1.000000000000000 
16.0    L  0.212274061611710  0.000000000000000  0.292802545304702  0.000000000000000  0.000000000000000  0.050765774772265  0.000000000000000  0.000000000000000  0.054598305994793  0.034818551588104  0.000000000000000  0.115023456328109  0.062456693311903  0.031206708315657  0.111413811987121  0.000000000000000  0.000000000000000  0.034602018265134  0.000000000000000  0.000000000000000  0.900001929793512  0.000000000000000  0.100272645794061  0.000000000000000  0.000000000000000  0.000000000000000  0.000000000000000  0.051545846788130  1.000000000000000  1.000000000000000 
17.0    S  0.000000000000000  0.000000000000000  0.000000000000000  0.000000000000000  0.000000000000000  0.000000000000000  0.045342256494818  0.000000000000000  0.127803566326240  0.046746429948825  0.000000000000000  0.072745408400134  0.000000000000000  0.044132950137024  0.000000000000000  0.462331639056850  0.145188591490715  0.055900306361413  0.000000000000000  0.000000000000000  0.836826242683391  0.056406295466402  0.106727214298906  0.333324669272800  0.666649338545599  0.000000000000000  1.000000000000000  0.062803988776487  0.500000000000000  0.450312989923965 
18.0    G  0.000000000000000  0.000000000000000  0.039912929974856  0.162217345867398  0.000000000000000  0.131396613635963  0.000000000000000  0.000000000000000  0.000000000000000  0.000000000000000  0.000000000000000  0.000000000000000  0.000000000000000  0.224222039915504  0.066292983835514  0.228141372135863  0.088941466327162  0.058842404033825  0.000000000000000  0.000000000000000  0.559030925482931  0.250694108975269  0.190386092462908  0.866336856400087  0.133693385985656  0.254546299941155  0.745355193399460  0.068726009332159  0.458819941155683  0.428985265214345 
19.0    G  0.084085450532614  0.000000000000000  0.000000000000000  0.000000000000000  0.000000000000000  0.112969090843886  0.057273040292209  0.000000000000000  0.126744934973754  0.252437824399171  0.000000000000000  0.000000000000000  0.259175275254930  0.000000000000000  0.000000000000000  0.000000000000000  0.000000000000000  0.000000000000000  0.063990431276778  0.043224707156593  0.878430468238362  0.051904376505681  0.069492447344819  1.000000000000000  0.000000000000000  0.683020128377198  0.316878130508606  0.095193046231454  0.500000000000000  0.399149193178325 
20.0    K  0.094601049560599  0.000000000000000  0.000000000000000  0.000000000000000  0.000000000000000  0.212568540016049  0.000000000000000  0.056602123938614  0.309068815230238  0.000000000000000  0.093557686674543  0.000000000000000  0.000000000000000  0.037917298757772  0.108517528450130  0.034698088550895  0.052410511527558  0.000000000000000  0.000000000000000  0.000000000000000  1.000000000000000  0.000000000000000  0.000000000000000  0.000000000000000  0.000000000000000  0.190386092462908  0.809442216547408  0.061682284117865  1.000000000000000  0.467487598875728 
21.0    K  0.000000000000000  0.034007576302213  0.055861572647299  0.000000000000000  0.000000000000000  0.000000000000000  0.032150834621674  0.000000000000000  0.359484133211739  0.099373156368622  0.000000000000000  0.000000000000000  0.035797434311867  0.000000000000000  0.338681244371342  0.044718016250716  0.000000000000000  0.000000000000000  0.000000000000000  0.000000000000000  1.000000000000000  0.000000000000000  0.000000000000000  0.000000000000000  0.000000000000000  0.000000000000000  1.000000000000000  0.058760887656820  1.000000000000000  0.476979775273779 
22.0    Q  0.000000000000000  0.000000000000000  0.000000000000000  0.000000000000000  0.000000000000000  0.083910781423766  0.000000000000000  0.043465061615937  0.417833479460927  0.000000000000000  0.000000000000000  0.000000000000000  0.000000000000000  0.245875518506562  0.209061599978516  0.000000000000000  0.000000000000000  0.000000000000000  0.000000000000000  0.000000000000000  1.000000000000000  0.000000000000000  0.000000000000000  0.000000000000000  0.000000000000000  0.000000000000000  1.000000000000000  0.058314561971050  1.000000000000000  0.476979775273779 
23.0    P  0.152406886759538  0.000000000000000  0.000000000000000  0.000000000000000  0.053734780390188  0.000000000000000  0.000000000000000  0.048394939240826  0.068203992315933  0.027546254934599  0.056562903930182  0.059005776196891  0.234068061858623  0.000000000000000  0.115262889739079  0.084435880283477  0.100411749594629  0.000000000000000  0.000000000000000  0.000000000000000  1.000000000000000  0.000000000000000  0.000000000000000  0.000000000000000  0.000000000000000  0.000000000000000  1.000000000000000  0.058314561971050  1.000000000000000  0.476979775273779 
24.0    L  0.000000000000000  0.000000000000000  0.000000000000000  0.000000000000000  0.000000000000000  0.000000000000000  0.027546254934599  0.081956375888478  0.158768872817349  0.234392774114277  0.000000000000000  0.000000000000000  0.161320311306472  0.056562903930182  0.107395094368398  0.000000000000000  0.066800374450688  0.105330853687894  0.000000000000000  0.000000000000000  0.946057646725596  0.053734780390188  0.000000000000000  1.000000000000000  0.000000000000000  1.000000000000000  0.000000000000000  0.058314561971050  0.500000000000000  0.476979775273779 
25.0    N  0.028399316139016  0.000000000000000  0.000000000000000  0.097058609375130  0.000000000000000  0.000000000000000  0.000000000000000  0.000000000000000  0.352818960852173  0.000000000000000  0.000000000000000  0.161656116485936  0.000000000000000  0.073505703143185  0.203344799533031  0.039500096826650  0.000000000000000  0.043525358770907  0.000000000000000  0.000000000000000  1.000000000000000  0.000000000000000  0.000000000000000  0.000000000000000  0.000000000000000  0.000000000000000  0.000000000000000  0.048630323534714  1.000000000000000  1.000000000000000 
26.0    L  0.000000000000000  0.000000000000000  0.095855166229568  0.000000000000000  0.000000000000000  0.000000000000000  0.000000000000000  0.000000000000000  0.000000000000000  0.904379377561088  0.000000000000000  0.000000000000000  0.000000000000000  0.000000000000000  0.000000000000000  0.000000000000000  0.000000000000000  0.000000000000000  0.000000000000000  0.000000000000000  1.000000000000000  0.000000000000000  0.000000000000000  0.000000000000000  0.000000000000000  0.000000000000000  0.000000000000000  0.048630323534714  1.000000000000000  1.000000000000000 
27.0    S  0.076839929203411  0.021807980689409  0.000000000000000  0.141316320890574  0.000000000000000  0.207042665333636  0.000000000000000  0.000000000000000  0.000000000000000  0.000000000000000  0.000000000000000  0.000000000000000  0.000000000000000  0.054636163775648  0.000000000000000  0.276432663330067  0.182504001331815  0.039500096826650  0.000000000000000  0.000000000000000  0.904379377561088  0.000000000000000  0.095855166229568  0.000000000000000  0.000000000000000  0.000000000000000  0.000000000000000  0.048630323534714  1.000000000000000  1.000000000000000 
28.0    V  0.052301640167712  0.000000000000000  0.000000000000000  0.000000000000000  0.031120304784202  0.000000000000000  0.000000000000000  0.289773987976114  0.032039601184019  0.169340622185671  0.119908014915658  0.000000000000000  0.000000000000000  0.030670595745421  0.000000000000000  0.000000000000000  0.041006601705999  0.200684347178988  0.000000000000000  0.033238521027912  1.000000000000000  0.000000000000000  0.000000000000000  0.000000000000000  0.000000000000000  0.000000000000000  1.000000000000000  0.058924033494890  1.000000000000000  0.450312989923965 
29.0    Y  0.089684345912919  0.078836088051953  0.000000000000000  0.000000000000000  0.000000000000000  0.000000000000000  0.000000000000000  0.000000000000000  0.000000000000000  0.000000000000000  0.000000000000000  0.000000000000000  0.000000000000000  0.000000000000000  0.000000000000000  0.370103324500012  0.117929781361920  0.245194750997138  0.000000000000000  0.098345305669196  1.000000000000000  0.000000000000000  0.000000000000000  0.010987446874321  0.988970916380931  0.000000000000000  1.000000000000000  0.058924033494890  0.499653546495226  0.450312989923965 
30.0    N  0.000000000000000  0.000000000000000  0.085200162955157  0.084846561242500  0.000000000000000  0.000000000000000  0.037969899747032  0.000000000000000  0.292802545304702  0.000000000000000  0.000000000000000  0.126744934973754  0.000000000000000  0.148239312426368  0.000000000000000  0.150412878249938  0.039747281460737  0.034078366645789  0.000000000000000  0.000000000000000  1.000000000000000  0.000000000000000  0.000000000000000  0.000000000000000  0.000000000000000  0.000000000000000  1.000000000000000  0.064390872101255  1.000000000000000  0.450312989923965 
31.0    V  0.044904380517002  0.040442051702589  0.000000000000000  0.000000000000000  0.000000000000000  0.000000000000000  0.000000000000000  0.188678246065070  0.039747281460737  0.041897268486885  0.000000000000000  0.000000000000000  0.000000000000000  0.000000000000000  0.037969899747032  0.000000000000000  0.137261601723381  0.469110598250336  0.000000000000000  0.000000000000000  1.000000000000000  0.000000000000000  0.000000000000000  0.000000000000000  0.000000000000000  0.000000000000000  1.000000000000000  0.064390872101255  1.000000000000000  0.450312989923965 
32.0    Q  0.181369025979272  0.000000000000000  0.000000000000000  0.037969899747032  0.056445406884489  0.040442051702589  0.034078366645789  0.000000000000000  0.000000000000000  0.000000000000000  0.000000000000000  0.055784185717061  0.000000000000000  0.236678407809178  0.000000000000000  0.104748391833494  0.181369025979272  0.071051060827251  0.000000000000000  0.000000000000000  1.000000000000000  0.000000000000000  0.000000000000000  0.000000000000000  0.000000000000000  0.000000000000000  1.000000000000000  0.064390872101255  1.000000000000000  0.450312989923965 
33.0    A  0.075992455198944  0.000000000000000  0.000000000000000  0.233905874457850  0.000000000000000  0.000000000000000  0.042926132294676  0.047828024056958  0.000000000000000  0.070903467808497  0.037008487870426  0.000000000000000  0.082870360018666  0.261884031774949  0.000000000000000  0.078074757853336  0.039747281460737  0.028755864082027  0.000000000000000  0.000000000000000  1.000000000000000  0.000000000000000  0.000000000000000  0.000000000000000  0.000000000000000  1.000000000000000  0.000000000000000  0.064390872101255  1.000000000000000  0.450312989923965 
34.0    T  0.065018766657624  0.000000000000000  0.000000000000000  0.000000000000000  0.000000000000000  0.000000000000000  0.039010329653175  0.276624338273068  0.090621677054928  0.000000000000000  0.000000000000000  0.000000000000000  0.000000000000000  0.036171569280941  0.000000000000000  0.000000000000000  0.289372554247531  0.203203900496080  0.000000000000000  0.000000000000000  1.000000000000000  0.000000000000000  0.000000000000000  0.000000000000000  0.000000000000000  0.000000000000000  0.000000000000000  0.052374195916747  1.000000000000000  1.000000000000000 
35.0    N  0.026223426159579  0.000000000000000  0.250346813927834  0.000000000000000  0.000000000000000  0.023051429016919  0.066017851584491  0.000000000000000  0.000000000000000  0.000000000000000  0.000000000000000  0.332401777045429  0.000000000000000  0.000000000000000  0.000000000000000  0.165052855126875  0.110032376695394  0.026755883892077  0.000000000000000  0.000000000000000  1.000000000000000  0.000000000000000  0.000000000000000  0.000000000000000  0.000000000000000  0.000000000000000  0.000000000000000  0.052374195916747  1.000000000000000  1.000000000000000 
36.0    I  0.000000000000000  0.000000000000000  0.000000000000000  0.000000000000000  0.238986329398436  0.000000000000000  0.000000000000000  0.428985265214345  0.000000000000000  0.000000000000000  0.066017851584491  0.000000000000000  0.000000000000000  0.000000000000000  0.090621677054928  0.000000000000000  0.036171569280941  0.139081265073104  0.000000000000000  0.000000000000000  1.000000000000000  0.000000000000000  0.000000000000000  0.000000000000000  0.000000000000000  0.000000000000000  0.000000000000000  0.052374195916747  1.000000000000000  1.000000000000000 
37.0    P  0.067358321565229  0.000000000000000  0.000000000000000  0.000000000000000  0.000000000000000  0.000000000000000  0.000000000000000  0.000000000000000  0.000000000000000  0.067968024428430  0.023470623858452  0.000000000000000  0.584388624280623  0.104966436618018  0.090621677054928  0.000000000000000  0.000000000000000  0.061086610400675  0.000000000000000  0.000000000000000  1.000000000000000  0.000000000000000  0.000000000000000  0.000000000000000  0.000000000000000  0.000000000000000  0.000000000000000  0.052374195916747  1.000000000000000  1.000000000000000 
38.0    P  0.000000000000000  0.000000000000000  0.000000000000000  0.000000000000000  0.000000000000000  0.032894723584670  0.000000000000000  0.000000000000000  0.000000000000000  0.000000000000000  0.000000000000000  0.000000000000000  0.876605721316035  0.000000000000000  0.090621677054928  0.000000000000000  0.000000000000000  0.000000000000000  0.000000000000000  0.000000000000000  1.000000000000000  0.000000000000000  0.000000000000000  0.000000000000000  0.000000000000000  0.000000000000000  0.000000000000000  0.052374195916747  1.000000000000000  1.000000000000000 
39.0    K  0.066017851584491  0.000000000000000  0.000000000000000  0.000000000000000  0.000000000000000  0.000000000000000  0.000000000000000  0.000000000000000  0.704172113456040  0.000000000000000  0.000000000000000  0.000000000000000  0.094995303525095  0.000000000000000  0.135090675254919  0.000000000000000  0.000000000000000  0.000000000000000  0.000000000000000  0.000000000000000  1.000000000000000  0.000000000000000  0.000000000000000  0.000000000000000  0.000000000000000  0.000000000000000  0.000000000000000  0.052374195916747  1.000000000000000  1.000000000000000 
40.0    E  0.000000000000000  0.000000000000000  0.045279442329840  0.866336856400087  0.000000000000000  0.000000000000000  0.000000000000000  0.066017851584491  0.000000000000000  0.022097086912080  0.000000000000000  0.000000000000000  0.000000000000000  0.000000000000000  0.000000000000000  0.000000000000000  0.000000000000000  0.000000000000000  0.000000000000000  0.000000000000000  1.000000000000000  0.000000000000000  0.000000000000000  0.000000000000000  0.000000000000000  0.000000000000000  0.000000000000000  0.052374195916747  1.000000000000000  1.000000000000000 
41.0    T  0.045279442329840  0.000000000000000  0.000000000000000  0.000000000000000  0.000000000000000  0.000000000000000  0.000000000000000  0.041120453907157  0.116064606538341  0.149684838077366  0.059746582349609  0.090496135773722  0.060917476930722  0.000000000000000  0.064346255214625  0.034818551588104  0.190254172604920  0.147317425976460  0.000000000000000  0.000000000000000  0.909408251800733  0.000000000000000  0.090621677054928  0.000000000000000  0.000000000000000  0.000000000000000  0.000000000000000  0.052374195916747  1.000000000000000  1.000000000000000 
42.0    L  0.084846561242500  0.000000000000000  0.000000000000000  0.114228931278675  0.000000000000000  0.000000000000000  0.000000000000000  0.208338301789805  0.000000000000000  0.094143154164613  0.000000000000000  0.000000000000000  0.000000000000000  0.000000000000000  0.000000000000000  0.000000000000000  0.000000000000000  0.498270131413934  0.000000000000000  0.000000000000000  1.000000000000000  0.000000000000000  0.000000000000000  0.000000000000000  0.000000000000000  0.000000000000000  1.000000000000000  0.064390872101255  1.000000000000000  0.450312989923965 
43.0    V  0.028755864082027  0.123792858991628  0.000000000000000  0.000000000000000  0.000000000000000  0.000000000000000  0.000000000000000  0.056445406884489  0.000000000000000  0.081616236693057  0.000000000000000  0.025190088484155  0.000000000000000  0.000000000000000  0.037969899747032  0.216734390878672  0.233258247884202  0.196146024474188  0.000000000000000  0.000000000000000  1.000000000000000  0.000000000000000  0.000000000000000  0.000000000000000  0.000000000000000  1.000000000000000  0.000000000000000  0.064390872101255  1.000000000000000  0.450312989923965 
44.0    Y  0.000000000000000  0.000000000000000  0.000000000000000  0.090621677054928  0.000000000000000  0.000000000000000  0.000000000000000  0.000000000000000  0.000000000000000  0.000000000000000  0.000000000000000  0.000000000000000  0.000000000000000  0.000000000000000  0.000000000000000  0.000000000000000  0.000000000000000  0.000000000000000  0.000000000000000  0.909408251800733  1.000000000000000  0.000000000000000  0.000000000000000  0.000000000000000  0.000000000000000  0.000000000000000  0.000000000000000  0.052374195916747  1.000000000000000  1.000000000000000 
45.0    T  0.080381092714413  0.064390872101255  0.000000000000000  0.000000000000000  0.000000000000000  0.066017851584491  0.000000000000000  0.000000000000000  0.000000000000000  0.000000000000000  0.000000000000000  0.053921334033916  0.000000000000000  0.090621677054928  0.000000000000000  0.410370804405249  0.234392774114277  0.000000000000000  0.000000000000000  0.000000000000000  1.000000000000000  0.000000000000000  0.000000000000000  0.000000000000000  0.000000000000000  0.000000000000000  0.000000000000000  0.052374195916747  1.000000000000000  1.000000000000000 
46.0    K  0.000000000000000  0.000000000000000  0.000000000000000  0.000000000000000  0.000000000000000  0.000000000000000  0.000000000000000  0.000000000000000  1.000000000000000  0.000000000000000  0.000000000000000  0.000000000000000  0.000000000000000  0.000000000000000  0.000000000000000  0.000000000000000  0.000000000000000  0.000000000000000  0.000000000000000  0.000000000000000  1.000000000000000  0.000000000000000  0.000000000000000  0.000000000000000  0.000000000000000  0.000000000000000  0.000000000000000  0.052374195916747  1.000000000000000  1.000000000000000 
47.0    Q  0.037759932605936  0.000000000000000  0.090621677054928  0.361733721467631  0.000000000000000  0.000000000000000  0.066017851584491  0.027930786323650  0.000000000000000  0.030991147835572  0.000000000000000  0.000000000000000  0.000000000000000  0.262975444800968  0.000000000000000  0.000000000000000  0.122088566120278  0.000000000000000  0.000000000000000  0.000000000000000  1.000000000000000  0.000000000000000  0.000000000000000  0.000000000000000  0.000000000000000  0.000000000000000  0.000000000000000  0.052374195916747  1.000000000000000  1.000000000000000 
48.0    T  0.066017851584491  0.025137761591935  0.000000000000000  0.000000000000000  0.000000000000000  0.000000000000000  0.000000000000000  0.000000000000000  0.000000000000000  0.090621677054928  0.000000000000000  0.000000000000000  0.000000000000000  0.000000000000000  0.000000000000000  0.000000000000000  0.780245480173703  0.037759932605936  0.000000000000000  0.000000000000000  1.000000000000000  0.000000000000000  0.000000000000000  0.000000000000000  0.000000000000000  0.000000000000000  0.000000000000000  0.052374195916747  1.000000000000000  1.000000000000000 
49.0    Q  0.000000000000000  0.000000000000000  0.000000000000000  0.000000000000000  0.000000000000000  0.000000000000000  0.000000000000000  0.000000000000000  0.000000000000000  0.000000000000000  0.000000000000000  0.000000000000000  0.000000000000000  1.000000000000000  0.000000000000000  0.000000000000000  0.000000000000000  0.000000000000000  0.000000000000000  0.000000000000000  1.000000000000000  0.000000000000000  0.000000000000000  0.000000000000000  0.000000000000000  0.000000000000000  0.000000000000000  0.052374195916747  1.000000000000000  1.000000000000000 
50.0    T  0.000000000000000  0.000000000000000  0.000000000000000  0.090621677054928  0.000000000000000  0.000000000000000  0.000000000000000  0.000000000000000  0.000000000000000  0.000000000000000  0.000000000000000  0.000000000000000  0.000000000000000  0.000000000000000  0.000000000000000  0.000000000000000  0.909408251800733  0.000000000000000  0.000000000000000  0.000000000000000  1.000000000000000  0.000000000000000  0.000000000000000  0.000000000000000  0.000000000000000  0.000000000000000  0.000000000000000  0.052374195916747  1.000000000000000  1.000000000000000 
51.0    T  0.134157535799182  0.000000000000000  0.146097156070156  0.000000000000000  0.058924033494890  0.000000000000000  0.000000000000000  0.074635199192162  0.000000000000000  0.092014178885511  0.000000000000000  0.056916864599499  0.208482760956241  0.000000000000000  0.000000000000000  0.000000000000000  0.171466661073825  0.057312752700292  0.000000000000000  0.000000000000000  0.886996305152150  0.000000000000000  0.112734422297781  0.000000000000000  0.000000000000000  0.000000000000000  0.000000000000000  0.052374195916747  1.000000000000000  1.000000000000000 
52.0    S  0.045816148662163  0.000000000000000  0.084787770465479  0.119162318161020  0.047038960856596  0.000000000000000  0.041723384477997  0.062283766426742  0.000000000000000  0.049343367918785  0.000000000000000  0.000000000000000  0.028379638053797  0.049036506118547  0.000000000000000  0.141316320890574  0.119079749755492  0.212126975426474  0.000000000000000  0.000000000000000  0.971307495541633  0.000000000000000  0.028537445312875  0.000000000000000  0.000000000000000  0.554784736033923  0.445037866626248  0.060875266783953  1.000000000000000  0.401646998378517 
53.0    T  0.049617745683228  0.000000000000000  0.082526427563438  0.170991912987811  0.000000000000000  0.000000000000000  0.000000000000000  0.037291741969741  0.000000000000000  0.000000000000000  0.023732370153352  0.000000000000000  0.000000000000000  0.019491649561157  0.000000000000000  0.341510064188599  0.229409970577841  0.045405157799105  0.000000000000000  0.000000000000000  1.000000000000000  0.000000000000000  0.000000000000000  0.000000000000000  0.000000000000000  0.000000000000000  1.000000000000000  0.049549008538143  1.000000000000000  0.454074208860755 
54.0    G  0.098755163982922  0.000000000000000  0.000000000000000  0.036906020669673  0.000000000000000  0.263888429409492  0.045248067886861  0.000000000000000  0.041435180009333  0.080325396091836  0.000000000000000  0.000000000000000  0.053958722410901  0.000000000000000  0.083388948104861  0.091823039579894  0.119244943818445  0.026626377971090  0.000000000000000  0.058395459180199  0.974679630891549  0.025295069267107  0.000000000000000  1.000000000000000  0.000000000000000  0.149477474597016  0.850274160064196  0.044625124365158  0.500000000000000  0.454074208860755 
55.0    G  0.043980261728919  0.000000000000000  0.035599480538191  0.175555609467250  0.000000000000000  0.106505511884358  0.129767408817882  0.029278795214763  0.093752436830364  0.000000000000000  0.000000000000000  0.092654188112677  0.025277542136304  0.159762420400381  0.000000000000000  0.000000000000000  0.000000000000000  0.107842668067832  0.000000000000000  0.000000000000000  1.000000000000000  0.000000000000000  0.000000000000000  0.000000000000000  0.000000000000000  0.000000000000000  1.000000000000000  0.044378354954482  1.000000000000000  0.463615273217731 
56.0    G  0.027091798859834  0.000000000000000  0.212863426937236  0.229251010801168  0.000000000000000  0.023568438698228  0.085023178275372  0.000000000000000  0.000000000000000  0.000000000000000  0.000000000000000  0.000000000000000  0.116952937228925  0.100272645794061  0.062803988776487  0.086629367853151  0.025033433674676  0.030522141530070  0.000000000000000  0.000000000000000  1.000000000000000  0.000000000000000  0.000000000000000  0.000000000000000  0.000000000000000  0.000000000000000  1.000000000000000  0.046262915562502  1.000000000000000  0.463615273217731 
57.0    N  0.086629367853151  0.000000000000000  0.031120304784202  0.197921466467818  0.000000000000000  0.031664278129971  0.000000000000000  0.000000000000000  0.122003970097028  0.000000000000000  0.000000000000000  0.023568438698228  0.036196650193583  0.129857387912208  0.192109397661002  0.120909541201742  0.027814866664141  0.000000000000000  0.000000000000000  0.000000000000000  1.000000000000000  0.000000000000000  0.000000000000000  0.000000000000000  0.000000000000000  0.000000000000000  1.000000000000000  0.046262915562502  1.000000000000000  0.463615273217731 
58.0    G  0.000000000000000  0.000000000000000  0.222210670291643  0.290175978595930  0.095523532547823  0.141316320890574  0.115582909764212  0.000000000000000  0.000000000000000  0.000000000000000  0.000000000000000  0.000000000000000  0.040638754579640  0.000000000000000  0.062978360025657  0.000000000000000  0.000000000000000  0.031664278129971  0.000000000000000  0.000000000000000  0.935623497831400  0.064659223844932  0.000000000000000  0.405844790488639  0.594191552528466  0.000000000000000  1.000000000000000  0.046262915562502  0.500000000000000  0.463615273217731 
59.0    D  0.077535456107212  0.000000000000000  0.271872097713721  0.166085726762064  0.000000000000000  0.069878865685366  0.058638824781292  0.000000000000000  0.072343138561883  0.000000000000000  0.000000000000000  0.000000000000000  0.000000000000000  0.000000000000000  0.000000000000000  0.114704985288921  0.168871760566955  0.000000000000000  0.000000000000000  0.000000000000000  0.536630143196727  0.369334515895640  0.094143154164613  0.139081265073104  0.860949188338904  1.000000000000000  0.000000000000000  0.052337905469277  0.399149193178325  0.463615273217731 
60.0    V  0.000000000000000  0.000000000000000  0.000000000000000  0.000000000000000  0.000000000000000  0.000000000000000  0.000000000000000  0.000000000000000  0.000000000000000  0.000000000000000  0.000000000000000  0.000000000000000  0.163912751776956  0.000000000000000  0.000000000000000  0.000000000000000  0.000000000000000  0.836246399914063  0.000000000000000  0.000000000000000  1.000000000000000  0.000000000000000  0.000000000000000  0.000000000000000  0.000000000000000  0.000000000000000  1.000000000000000  0.172898828626371  1.000000000000000  0.474342157570227 
61.0    L  0.000000000000000  0.000000000000000  0.000000000000000  0.000000000000000  0.000000000000000  0.000000000000000  0.000000000000000  0.000000000000000  0.000000000000000  0.683493725970905  0.000000000000000  0.000000000000000  0.000000000000000  0.000000000000000  0.163912751776956  0.000000000000000  0.000000000000000  0.152512563784028  0.000000000000000  0.000000000000000  1.000000000000000  0.000000000000000  0.000000000000000  0.000000000000000  0.000000000000000  0.000000000000000  1.000000000000000  0.172898828626371  1.000000000000000  0.474342157570227 
62.0    A  0.137929217505245  0.000000000000000  0.152512563784028  0.000000000000000  0.000000000000000  0.000000000000000  0.000000000000000  0.000000000000000  0.163912751776956  0.000000000000000  0.000000000000000  0.000000000000000  0.000000000000000  0.000000000000000  0.000000000000000  0.000000000000000  0.349654020684615  0.000000000000000  0.000000000000000  0.196010113518935  1.000000000000000  0.000000000000000  0.000000000000000  0.000000000000000  0.000000000000000  1.000000000000000  0.000000000000000  0.172898828626371  1.000000000000000  0.474342157570227 
63.0    F  0.219912268980609  0.000000000000000  0.000000000000000  0.000000000000000  0.284598507268719  0.000000000000000  0.000000000000000  0.000000000000000  0.146909541052471  0.188809073195353  0.000000000000000  0.000000000000000  0.000000000000000  0.000000000000000  0.000000000000000  0.000000000000000  0.000000000000000  0.000000000000000  0.000000000000000  0.159873197659679  0.666649338545599  0.333093706273005  0.000000000000000  0.519789717587639  0.479964630519454  0.000000000000000  0.000000000000000  0.176043028364010  0.398320048142791  1.000000000000000 
64.0    D  0.000000000000000  0.000000000000000  0.258099633870810  0.000000000000000  0.000000000000000  0.000000000000000  0.408667664244142  0.000000000000000  0.000000000000000  0.000000000000000  0.000000000000000  0.173378871141423  0.159873197659679  0.000000000000000  0.000000000000000  0.000000000000000  0.000000000000000  0.000000000000000  0.000000000000000  0.000000000000000  1.000000000000000  0.000000000000000  0.000000000000000  0.000000000000000  0.000000000000000  0.000000000000000  0.000000000000000  0.176043028364010  1.000000000000000  1.000000000000000 
65.0    A  0.519789717587639  0.000000000000000  0.000000000000000  0.146909541052471  0.000000000000000  0.333093706273005  0.000000000000000  0.000000000000000  0.000000000000000  0.000000000000000  0.000000000000000  0.000000000000000  0.000000000000000  0.000000000000000  0.000000000000000  0.000000000000000  0.000000000000000  0.000000000000000  0.000000000000000  0.000000000000000  1.000000000000000  0.000000000000000  0.000000000000000  0.000000000000000  0.000000000000000  0.000000000000000  0.000000000000000  0.176043028364010  1.000000000000000  1.000000000000000 
66.0    Q  0.000000000000000  0.000000000000000  0.000000000000000  0.159873197659679  0.000000000000000  0.000000000000000  0.000000000000000  0.000000000000000  0.146909541052471  0.000000000000000  0.000000000000000  0.000000000000000  0.000000000000000  0.473356815618357  0.000000000000000  0.000000000000000  0.219912268980609  0.000000000000000  0.000000000000000  0.000000000000000  1.000000000000000  0.000000000000000  0.000000000000000  0.000000000000000  0.000000000000000  0.000000000000000  0.000000000000000  0.176043028364010  1.000000000000000  1.000000000000000 
67.0    G  0.000000000000000  0.000000000000000  0.508387336645978  0.144987456813179  0.000000000000000  0.346757742282846  0.000000000000000  0.000000000000000  0.000000000000000  0.000000000000000  0.000000000000000  0.000000000000000  0.000000000000000  0.000000000000000  0.000000000000000  0.000000000000000  0.000000000000000  0.000000000000000  0.000000000000000  0.000000000000000  1.000000000000000  0.000000000000000  0.000000000000000  0.000000000000000  0.000000000000000  0.000000000000000  0.000000000000000  0.238489887636890  1.000000000000000  1.000000000000000 
68.0    D  0.000000000000000  0.000000000000000  0.346757742282846  0.352086056728020  0.000000000000000  0.000000000000000  0.000000000000000  0.000000000000000  0.000000000000000  0.000000000000000  0.000000000000000  0.000000000000000  0.000000000000000  0.000000000000000  0.000000000000000  0.000000000000000  0.000000000000000  0.000000000000000  0.000000000000000  0.301243078748697  1.000000000000000  0.000000000000000  0.000000000000000  0.000000000000000  0.000000000000000  0.000000000000000  0.000000000000000  0.238489887636890  1.000000000000000  1.000000000000000 
69.0    D  0.000000000000000  0.000000000000000  0.346757742282846  0.144987456813179  0.000000000000000  0.000000000000000  0.000000000000000  0.000000000000000  0.000000000000000  0.000000000000000  0.000000000000000  0.000000000000000  0.000000000000000  0.000000000000000  0.000000000000000  0.000000000000000  0.000000000000000  0.207042665333636  0.000000000000000  0.301243078748697  1.000000000000000  0.000000000000000  0.000000000000000  0.000000000000000  0.000000000000000  0.000000000000000  0.000000000000000  0.238489887636890  1.000000000000000  1.000000000000000 
70.0    E  0.000000000000000  0.000000000000000  0.301243078748697  0.698823485925533  0.000000000000000  0.000000000000000  0.000000000000000  0.000000000000000  0.000000000000000  0.000000000000000  0.000000000000000  0.000000000000000  0.000000000000000  0.000000000000000  0.000000000000000  0.000000000000000  0.000000000000000  0.000000000000000  0.000000000000000  0.000000000000000  0.855002177891973  0.000000000000000  0.144987456813179  0.000000000000000  0.000000000000000  0.000000000000000  0.000000000000000  0.238489887636890  1.000000000000000  1.000000000000000 
71.0    E  0.000000000000000  0.000000000000000  0.000000000000000  0.738157202841417  0.000000000000000  0.262065618879232  0.000000000000000  0.000000000000000  0.000000000000000  0.000000000000000  0.000000000000000  0.000000000000000  0.000000000000000  0.000000000000000  0.000000000000000  0.000000000000000  0.000000000000000  0.000000000000000  0.000000000000000  0.000000000000000  1.000000000000000  0.000000000000000  0.000000000000000  0.000000000000000  0.000000000000000  0.000000000000000  1.000000000000000  0.269060031195949  1.000000000000000  0.463615273217731 
72.0    S  0.000000000000000  0.000000000000000  0.000000000000000  0.000000000000000  0.000000000000000  0.000000000000000  0.000000000000000  0.000000000000000  0.000000000000000  0.000000000000000  0.000000000000000  0.000000000000000  0.000000000000000  0.000000000000000  0.000000000000000  0.658839975867070  0.000000000000000  0.000000000000000  0.000000000000000  0.341036958719839  1.000000000000000  0.000000000000000  0.000000000000000  0.000000000000000  0.000000000000000  0.000000000000000  1.000000000000000  0.269060031195949  1.000000000000000  0.463615273217731 
73.0    S  0.000000000000000  0.000000000000000  0.000000000000000  0.000000000000000  0.000000000000000  0.000000000000000  0.000000000000000  0.000000000000000  0.000000000000000  0.000000000000000  0.000000000000000  0.341036958719839  0.000000000000000  0.000000000000000  0.000000000000000  0.658839975867070  0.000000000000000  0.000000000000000  0.000000000000000  0.000000000000000  1.000000000000000  0.000000000000000  0.000000000000000  0.000000000000000  0.000000000000000  0.000000000000000  1.000000000000000  0.269060031195949  1.000000000000000  0.463615273217731 
74.0    L  0.000000000000000  0.000000000000000  0.000000000000000  0.000000000000000  0.000000000000000  0.000000000000000  0.000000000000000  0.000000000000000  0.000000000000000  1.000000000000000  0.000000000000000  0.000000000000000  0.000000000000000  0.000000000000000  0.000000000000000  0.000000000000000  0.000000000000000  0.000000000000000  0.000000000000000  0.000000000000000  0.658839975867070  0.000000000000000  0.341036958719839  0.000000000000000  0.000000000000000  0.000000000000000  1.000000000000000  0.269060031195949  1.000000000000000  0.463615273217731 
75.0    Q  0.000000000000000  0.000000000000000  0.000000000000000  0.000000000000000  0.000000000000000  0.000000000000000  0.000000000000000  0.000000000000000  0.000000000000000  0.000000000000000  0.000000000000000  0.000000000000000  0.000000000000000  0.342933322147649  0.000000000000000  0.000000000000000  0.657015813574686  0.000000000000000  0.000000000000000  0.000000000000000  1.000000000000000  0.000000000000000  0.000000000000000  0.000000000000000  0.000000000000000  0.638164384414476  0.361984543094890  0.309068815230238  1.000000000000000  0.378666578969244 
76.0    N  0.000000000000000  0.000000000000000  0.000000000000000  0.000000000000000  0.000000000000000  0.000000000000000  0.219455449402380  0.000000000000000  0.000000000000000  0.000000000000000  0.000000000000000  0.518709968282806  0.000000000000000  0.000000000000000  0.000000000000000  0.262065618879232  0.000000000000000  0.000000000000000  0.000000000000000  0.000000000000000  1.000000000000000  0.000000000000000  0.000000000000000  0.000000000000000  0.000000000000000  0.000000000000000  1.000000000000000  0.269060031195949  1.000000000000000  0.463615273217731 
77.0    L  0.000000000000000  0.000000000000000  0.000000000000000  0.000000000000000  0.000000000000000  0.000000000000000  0.262065618879232  0.219455449402380  0.000000000000000  0.177390419525048  0.000000000000000  0.000000000000000  0.341036958719839  0.000000000000000  0.000000000000000  0.000000000000000  0.000000000000000  0.000000000000000  0.000000000000000  0.000000000000000  1.000000000000000  0.000000000000000  0.000000000000000  0.000000000000000  0.000000000000000  0.000000000000000  1.000000000000000  0.269060031195949  1.000000000000000  0.463615273217731 
78.0    G  0.000000000000000  0.000000000000000  0.481297221550876  0.000000000000000  0.000000000000000  0.518709968282806  0.000000000000000  0.000000000000000  0.000000000000000  0.000000000000000  0.000000000000000  0.000000000000000  0.000000000000000  0.000000000000000  0.000000000000000  0.000000000000000  0.000000000000000  0.000000000000000  0.000000000000000  0.000000000000000  1.000000000000000  0.000000000000000  0.000000000000000  0.000000000000000  0.000000000000000  0.000000000000000  1.000000000000000  0.269060031195949  1.000000000000000  0.463615273217731 
79.0    N  0.000000000000000  0.000000000000000  0.000000000000000  0.000000000000000  0.000000000000000  0.000000000000000  0.219455449402380  0.000000000000000  0.000000000000000  0.603321959860381  0.000000000000000  0.177390419525048  0.000000000000000  0.000000000000000  0.000000000000000  0.000000000000000  0.000000000000000  0.000000000000000  0.000000000000000  0.000000000000000  1.000000000000000  0.000000000000000  0.000000000000000  0.000000000000000  0.000000000000000  0.000000000000000  1.000000000000000  0.269060031195949  1.000000000000000  0.463615273217731 
80.0    G  0.000000000000000  0.000000000000000  0.262065618879232  0.341036958719839  0.000000000000000  0.396941965465826  0.000000000000000  0.000000000000000  0.000000000000000  0.000000000000000  0.000000000000000  0.000000000000000  0.000000000000000  0.000000000000000  0.000000000000000  0.000000000000000  0.000000000000000  0.000000000000000  0.000000000000000  0.000000000000000  0.738157202841417  0.000000000000000  0.262065618879232  0.000000000000000  0.000000000000000  0.000000000000000  1.000000000000000  0.269060031195949  1.000000000000000  0.463615273217731 
81.0    F  0.000000000000000  0.000000000000000  0.000000000000000  0.000000000000000  0.530711604474897  0.000000000000000  0.000000000000000  0.000000000000000  0.000000000000000  0.000000000000000  0.000000000000000  0.000000000000000  0.000000000000000  0.000000000000000  0.000000000000000  0.000000000000000  0.000000000000000  0.000000000000000  0.469110598250336  0.000000000000000  1.000000000000000  0.000000000000000  0.000000000000000  0.000000000000000  0.000000000000000  0.000000000000000  1.000000000000000  0.328507906787343  1.000000000000000  0.409802303818759 
82.0    T  0.000000000000000  0.000000000000000  0.000000000000000  0.469110598250336  0.000000000000000  0.000000000000000  0.277584708407160  0.000000000000000  0.000000000000000  0.000000000000000  0.000000000000000  0.000000000000000  0.000000000000000  0.000000000000000  0.000000000000000  0.000000000000000  0.253314225039771  0.000000000000000  0.000000000000000  0.000000000000000  1.000000000000000  0.000000000000000  0.000000000000000  0.000000000000000  0.000000000000000  0.000000000000000  1.000000000000000  0.328507906787343  1.000000000000000  0.409802303818759 
83.0    S  0.000000000000000  0.000000000000000  0.469110598250336  0.000000000000000  0.000000000000000  0.000000000000000  0.000000000000000  0.000000000000000  0.000000000000000  0.000000000000000  0.000000000000000  0.000000000000000  0.000000000000000  0.000000000000000  0.000000000000000  0.530711604474897  0.000000000000000  0.000000000000000  0.000000000000000  0.000000000000000  1.000000000000000  0.000000000000000  0.000000000000000  0.000000000000000  0.000000000000000  0.000000000000000  1.000000000000000  0.328507906787343  1.000000000000000  0.409802303818759 
84.0    K  0.000000000000000  0.000000000000000  0.000000000000000  0.469110598250336  0.000000000000000  0.000000000000000  0.000000000000000  0.000000000000000  0.530711604474897  0.000000000000000  0.000000000000000  0.000000000000000  0.000000000000000  0.000000000000000  0.000000000000000  0.000000000000000  0.000000000000000  0.000000000000000  0.000000000000000  0.000000000000000  1.000000000000000  0.000000000000000  0.000000000000000  0.000000000000000  0.000000000000000  1.000000000000000  0.000000000000000  0.328507906787343  1.000000000000000  0.409802303818759 
85.0    L  0.000000000000000  0.000000000000000  0.000000000000000  0.000000000000000  0.301243078748697  0.000000000000000  0.000000000000000  0.000000000000000  0.000000000000000  0.346757742282846  0.000000000000000  0.000000000000000  0.000000000000000  0.000000000000000  0.000000000000000  0.000000000000000  0.207042665333636  0.144987456813179  0.000000000000000  0.000000000000000  0.863938187400277  0.135936048856860  0.000000000000000  0.049997508020797  0.950000382874886  0.000000000000000  0.000000000000000  0.238489887636890  0.474342157570227  1.000000000000000 
86.0    P  0.000000000000000  0.000000000000000  0.000000000000000  0.000000000000000  0.000000000000000  0.000000000000000  0.000000000000000  0.000000000000000  0.144987456813179  0.000000000000000  0.000000000000000  0.000000000000000  0.689680460913530  0.000000000000000  0.000000000000000  0.000000000000000  0.165281825642822  0.000000000000000  0.000000000000000  0.000000000000000  1.000000000000000  0.000000000000000  0.000000000000000  0.000000000000000  0.000000000000000  0.000000000000000  0.000000000000000  0.238489887636890  1.000000000000000  1.000000000000000 
87.0    P  0.000000000000000  0.000000000000000  0.000000000000000  0.000000000000000  0.000000000000000  0.165281825642822  0.000000000000000  0.000000000000000  0.000000000000000  0.000000000000000  0.000000000000000  0.000000000000000  0.834509281155409  0.000000000000000  0.000000000000000  0.000000000000000  0.000000000000000  0.000000000000000  0.000000000000000  0.000000000000000  1.000000000000000  0.000000000000000  0.000000000000000  0.000000000000000  0.000000000000000  0.000000000000000  0.000000000000000  0.238489887636890  1.000000000000000  1.000000000000000 
88.0    G  0.000000000000000  0.000000000000000  0.000000000000000  0.000000000000000  0.000000000000000  0.647970482716667  0.000000000000000  0.000000000000000  0.144987456813179  0.000000000000000  0.207042665333636  0.000000000000000  0.000000000000000  0.000000000000000  0.000000000000000  0.000000000000000  0.000000000000000  0.000000000000000  0.000000000000000  0.000000000000000  0.689680460913530  0.165281825642822  0.144987456813179  0.333324669272800  0.666649338545599  0.000000000000000  0.000000000000000  0.238489887636890  0.465870214652387  1.000000000000000 
89.0    Y  0.000000000000000  0.000000000000000  0.000000000000000  0.000000000000000  0.155070912214424  0.000000000000000  0.000000000000000  0.219455449402380  0.000000000000000  0.000000000000000  0.000000000000000  0.000000000000000  0.000000000000000  0.000000000000000  0.000000000000000  0.000000000000000  0.186080656895817  0.000000000000000  0.000000000000000  0.439519780455894  0.738157202841417  0.262065618879232  0.000000000000000  1.000000000000000  0.000000000000000  0.000000000000000  1.000000000000000  0.269060031195949  0.459775023075829  0.463615273217731 
90.0    L  0.000000000000000  0.000000000000000  0.000000000000000  0.000000000000000  0.000000000000000  0.000000000000000  0.000000000000000  0.000000000000000  0.000000000000000  0.552099423581546  0.000000000000000  0.000000000000000  0.000000000000000  0.000000000000000  0.000000000000000  0.448133349784702  0.000000000000000  0.000000000000000  0.000000000000000  0.000000000000000  1.000000000000000  0.000000000000000  0.000000000000000  0.000000000000000  0.000000000000000  0.000000000000000  1.000000000000000  0.269060031195949  1.000000000000000  0.463615273217731 
91.0    T  0.000000000000000  0.000000000000000  0.000000000000000  0.000000000000000  0.000000000000000  0.000000000000000  0.000000000000000  0.000000000000000  0.000000000000000  0.000000000000000  0.000000000000000  0.000000000000000  0.405563577788521  0.000000000000000  0.262065618879232  0.000000000000000  0.332401777045429  0.000000000000000  0.000000000000000  0.000000000000000  0.738157202841417  0.262065618879232  0.000000000000000  0.250000000000000  0.750019494642909  0.000000000000000  1.000000000000000  0.269060031195949  0.459775023075829  0.463615273217731 
92.0    H  0.000000000000000  0.000000000000000  0.000000000000000  0.000000000000000  0.000000000000000  0.000000000000000  0.552099423581546  0.000000000000000  0.262065618879232  0.000000000000000  0.000000000000000  0.000000000000000  0.000000000000000  0.000000000000000  0.000000000000000  0.000000000000000  0.186080656895817  0.000000000000000  0.000000000000000  0.000000000000000  1.000000000000000  0.000000000000000  0.000000000000000  0.000000000000000  0.000000000000000  0.000000000000000  1.000000000000000  0.269060031195949  1.000000000000000  0.463615273217731 
93.0    G  0.000000000000000  0.000000000000000  0.000000000000000  0.000000000000000  0.000000000000000  1.000000000000000  0.000000000000000  0.000000000000000  0.000000000000000  0.000000000000000  0.000000000000000  0.000000000000000  0.000000000000000  0.000000000000000  0.000000000000000  0.000000000000000  0.000000000000000  0.000000000000000  0.000000000000000  0.000000000000000  1.000000000000000  0.000000000000000  0.000000000000000  0.000000000000000  0.000000000000000  0.000000000000000  1.000000000000000  0.269060031195949  1.000000000000000  0.463615273217731 
94.0    L  0.000000000000000  0.000000000000000  0.000000000000000  0.000000000000000  0.000000000000000  0.000000000000000  0.000000000000000  0.000000000000000  0.000000000000000  1.000000000000000  0.000000000000000  0.000000000000000  0.000000000000000  0.000000000000000  0.000000000000000  0.000000000000000  0.000000000000000  0.000000000000000  0.000000000000000  0.000000000000000  1.000000000000000  0.000000000000000  0.000000000000000  0.000000000000000  0.000000000000000  1.000000000000000  0.000000000000000  0.269060031195949  1.000000000000000  0.463615273217731 
95.0    P  0.000000000000000  0.000000000000000  0.000000000000000  0.000000000000000  0.000000000000000  0.000000000000000  0.000000000000000  0.000000000000000  0.000000000000000  0.000000000000000  0.000000000000000  0.000000000000000  1.000000000000000  0.000000000000000  0.000000000000000  0.000000000000000  0.000000000000000  0.000000000000000  0.000000000000000  0.000000000000000  1.000000000000000  0.000000000000000  0.000000000000000  0.000000000000000  0.000000000000000  0.000000000000000  0.000000000000000  0.238489887636890  1.000000000000000  1.000000000000000 
96.0    T  0.000000000000000  0.000000000000000  0.000000000000000  0.000000000000000  0.000000000000000  0.000000000000000  0.207042665333636  0.144987456813179  0.000000000000000  0.000000000000000  0.000000000000000  0.000000000000000  0.000000000000000  0.000000000000000  0.000000000000000  0.000000000000000  0.647970482716667  0.000000000000000  0.000000000000000  0.000000000000000  1.000000000000000  0.000000000000000  0.000000000000000  0.000000000000000  0.000000000000000  0.000000000000000  0.000000000000000  0.238489887636890  1.000000000000000  1.000000000000000 
97.0    V  0.000000000000000  0.000000000000000  0.000000000000000  0.000000000000000  0.000000000000000  0.000000000000000  0.000000000000000  0.000000000000000  0.000000000000000  0.000000000000000  0.000000000000000  0.000000000000000  0.000000000000000  0.144987456813179  0.000000000000000  0.000000000000000  0.000000000000000  0.855002177891973  0.000000000000000  0.000000000000000  1.000000000000000  0.000000000000000  0.000000000000000  0.000000000000000  0.000000000000000  0.000000000000000  0.000000000000000  0.238489887636890  1.000000000000000  1.000000000000000 
98.0    K  0.000000000000000  0.000000000000000  0.000000000000000  0.207042665333636  0.000000000000000  0.000000000000000  0.000000000000000  0.000000000000000  0.647970482716667  0.000000000000000  0.000000000000000  0.000000000000000  0.000000000000000  0.144987456813179  0.000000000000000  0.000000000000000  0.000000000000000  0.000000000000000  0.000000000000000  0.000000000000000  1.000000000000000  0.000000000000000  0.000000000000000  0.000000000000000  0.000000000000000  0.000000000000000  0.000000000000000  0.238489887636890  1.000000000000000  1.000000000000000 
99.0    D  0.000000000000000  0.000000000000000  0.456599125005996  0.336341802130457  0.000000000000000  0.000000000000000  0.000000000000000  0.000000000000000  0.000000000000000  0.000000000000000  0.207042665333636  0.000000000000000  0.000000000000000  0.000000000000000  0.000000000000000  0.000000000000000  0.000000000000000  0.000000000000000  0.000000000000000  0.000000000000000  1.000000000000000  0.000000000000000  0.000000000000000  0.000000000000000  0.000000000000000  0.000000000000000  0.000000000000000  0.238489887636890  1.000000000000000  1.000000000000000 
100.0    V  0.000000000000000  0.000000000000000  0.000000000000000  0.000000000000000  0.000000000000000  0.000000000000000  0.000000000000000  0.000000000000000  0.000000000000000  0.000000000000000  0.000000000000000  0.000000000000000  0.000000000000000  0.000000000000000  0.000000000000000  0.144987456813179  0.000000000000000  0.855002177891973  0.000000000000000  0.000000000000000  1.000000000000000  0.000000000000000  0.000000000000000  0.000000000000000  0.000000000000000  0.000000000000000  0.000000000000000  0.238489887636890  1.000000000000000  1.000000000000000 
101.0    A  0.647970482716667  0.000000000000000  0.000000000000000  0.000000000000000  0.000000000000000  0.000000000000000  0.000000000000000  0.000000000000000  0.000000000000000  0.000000000000000  0.000000000000000  0.000000000000000  0.000000000000000  0.144987456813179  0.207042665333636  0.000000000000000  0.000000000000000  0.000000000000000  0.000000000000000  0.000000000000000  1.000000000000000  0.000000000000000  0.000000000000000  0.000000000000000  0.000000000000000  0.000000000000000  0.000000000000000  0.238489887636890  1.000000000000000  1.000000000000000 
102.0    P  0.000000000000000  0.000000000000000  0.000000000000000  0.000000000000000  0.000000000000000  0.000000000000000  0.000000000000000  0.000000000000000  0.000000000000000  0.000000000000000  0.000000000000000  0.000000000000000  1.000000000000000  0.000000000000000  0.000000000000000  0.000000000000000  0.000000000000000  0.000000000000000  0.000000000000000  0.000000000000000  0.855002177891973  0.000000000000000  0.144987456813179  0.000000000000000  0.000000000000000  0.000000000000000  0.000000000000000  0.238489887636890  1.000000000000000  1.000000000000000 
103.0    A  1.000000000000000  0.000000000000000  0.000000000000000  0.000000000000000  0.000000000000000  0.000000000000000  0.000000000000000  0.000000000000000  0.000000000000000  0.000000000000000  0.000000000000000  0.000000000000000  0.000000000000000  0.000000000000000  0.000000000000000  0.000000000000000  0.000000000000000  0.000000000000000  0.000000000000000  0.000000000000000  0.738157202841417  0.262065618879232  0.000000000000000  0.333324669272800  0.666649338545599  0.000000000000000  1.000000000000000  0.269060031195949  0.459775023075829  0.463615273217731 
104.0    I  0.000000000000000  0.000000000000000  0.000000000000000  0.000000000000000  0.000000000000000  0.000000000000000  0.000000000000000  0.738157202841417  0.000000000000000  0.000000000000000  0.000000000000000  0.000000000000000  0.000000000000000  0.000000000000000  0.000000000000000  0.000000000000000  0.000000000000000  0.262065618879232  0.000000000000000  0.000000000000000  1.000000000000000  0.000000000000000  0.000000000000000  0.000000000000000  0.000000000000000  0.000000000000000  1.000000000000000  0.269060031195949  1.000000000000000  0.463615273217731 
105.0    T  0.000000000000000  0.000000000000000  0.000000000000000  0.000000000000000  0.000000000000000  0.000000000000000  0.000000000000000  0.000000000000000  0.000000000000000  0.000000000000000  0.000000000000000  0.000000000000000  0.000000000000000  0.000000000000000  0.000000000000000  0.000000000000000  1.000000000000000  0.000000000000000  0.000000000000000  0.000000000000000  1.000000000000000  0.000000000000000  0.000000000000000  0.000000000000000  0.000000000000000  0.000000000000000  1.000000000000000  0.269060031195949  1.000000000000000  0.463615273217731 
106.0    P  0.000000000000000  0.000000000000000  0.000000000000000  0.000000000000000  0.000000000000000  0.000000000000000  0.000000000000000  0.000000000000000  0.000000000000000  0.000000000000000  0.000000000000000  0.000000000000000  1.000000000000000  0.000000000000000  0.000000000000000  0.000000000000000  0.000000000000000  0.000000000000000  0.000000000000000  0.000000000000000  1.000000000000000  0.000000000000000  0.000000000000000  0.000000000000000  0.000000000000000  0.000000000000000  1.000000000000000  0.269060031195949  1.000000000000000  0.463615273217731 
107.0    L  0.000000000000000  0.000000000000000  0.000000000000000  0.000000000000000  0.000000000000000  0.000000000000000  0.000000000000000  0.000000000000000  0.000000000000000  0.518709968282806  0.000000000000000  0.000000000000000  0.000000000000000  0.219455449402380  0.000000000000000  0.000000000000000  0.000000000000000  0.262065618879232  0.000000000000000  0.000000000000000  1.000000000000000  0.000000000000000  0.000000000000000  0.000000000000000  0.000000000000000  1.000000000000000  0.000000000000000  0.269060031195949  1.000000000000000  0.463615273217731 
108.0    E  0.000000000000000  0.000000000000000  0.000000000000000  1.000000000000000  0.000000000000000  0.000000000000000  0.000000000000000  0.000000000000000  0.000000000000000  0.000000000000000  0.000000000000000  0.000000000000000  0.000000000000000  0.000000000000000  0.000000000000000  0.000000000000000  0.000000000000000  0.000000000000000  0.000000000000000  0.000000000000000  1.000000000000000  0.000000000000000  0.000000000000000  0.000000000000000  0.000000000000000  0.000000000000000  0.000000000000000  0.238489887636890  1.000000000000000  1.000000000000000 
109.0    I  0.000000000000000  0.000000000000000  0.000000000000000  0.000000000000000  0.000000000000000  0.000000000000000  0.000000000000000  0.778624691061662  0.000000000000000  0.000000000000000  0.000000000000000  0.000000000000000  0.000000000000000  0.000000000000000  0.000000000000000  0.000000000000000  0.221595424798717  0.000000000000000  0.000000000000000  0.000000000000000  1.000000000000000  0.000000000000000  0.000000000000000  1.000000000000000  0.000000000000000  0.000000000000000  0.000000000000000  0.339621571137236  1.000000000000000  1.000000000000000 
