No:  residues  hmm_col_1  hmm_col_2  hmm_col_3  hmm_col_4  hmm_col_5  hmm_col_6  hmm_col_7  hmm_col_8  hmm_col_9  hmm_col_10  hmm_col_11  hmm_col_12  hmm_col_13  hmm_col_14  hmm_col_15  hmm_col_16  hmm_col_17  hmm_col_18  hmm_col_19  hmm_col_20  hmm_col_21   hmm_col_22   hmm_col_23   hmm_col_24   hmm_col_25   hmm_col_26   hmm_col_27   hmm_col_28   hmm_col_29   hmm_col_30   
1.0    M  0.017337023001060  0.000000000000000  0.000000000000000  0.010467059393968  0.000000000000000  0.000000000000000  0.019478143660548  0.008166875782853  0.000000000000000  0.006202218210404  0.865736565519658  0.009868181733170  0.000000000000000  0.017652300227658  0.000000000000000  0.005140056738395  0.020588749245846  0.019290040732712  0.000000000000000  0.000000000000000  0.993092495437036  0.003296155453633  0.003876579588616  0.500000000000000  0.500000000000000  0.000000000000000  0.000000000000000  0.069012427947693  0.497579860910041  1.000000000000000 
2.0    A  0.395568650592725  0.000000000000000  0.021732530807969  0.000000000000000  0.000000000000000  0.020361674208801  0.000000000000000  0.000000000000000  0.000000000000000  0.010223266183242  0.009322935492435  0.060371020557803  0.035329080222643  0.000000000000000  0.000000000000000  0.376050937847172  0.047695600280017  0.023373214974412  0.000000000000000  0.000000000000000  0.762072415169885  0.005463344073197  0.232612414425754  1.000000000000000  0.000000000000000  0.000000000000000  1.000000000000000  0.064973714698455  0.500000000000000  0.500000000000000 
3.0    G  0.084905392784309  0.007731692628244  0.008048859012657  0.016379101179952  0.000000000000000  0.038499939795180  0.000000000000000  0.008009900296005  0.026042287723726  0.049377581991461  0.013377941946038  0.039308905369876  0.000000000000000  0.101954686667376  0.000000000000000  0.398044049389390  0.173980798978888  0.022158438057492  0.000000000000000  0.012115518849172  0.669427628489221  0.000000000000000  0.330563651285644  0.000000000000000  0.000000000000000  0.634635443009902  0.365514362100008  0.059046690062325  1.000000000000000  0.386891248385597 
4.0    T  0.033100572958871  0.018236845340914  0.030522141530070  0.017713584574663  0.018684684324627  0.014377932041014  0.051083458030518  0.079825859949712  0.238489887636890  0.024603374267788  0.007154169425142  0.028340322779161  0.004331252514074  0.031250000000000  0.040218413978165  0.123878695408010  0.047927583114784  0.190254172604920  0.000000000000000  0.000000000000000  0.884540435331541  0.065289735179014  0.050032175666019  0.758909626487027  0.240982451935161  0.762072415169885  0.237829569082950  0.064793818813733  0.465547409915115  0.333555792419442 
5.0    D  0.069588851139293  0.000000000000000  0.146401272652351  0.080381092714413  0.000000000000000  0.041839226780576  0.000000000000000  0.000000000000000  0.005179397501167  0.013030172559765  0.000000000000000  0.007850498597061  0.020517517584752  0.129497845445002  0.000000000000000  0.404160434402784  0.062847536274904  0.018620040227719  0.000000000000000  0.000000000000000  0.953298545288159  0.011133106360537  0.035624164771671  0.815072332402625  0.185051662250006  0.969961910341735  0.029769937438873  0.046423528770651  0.494142825750366  0.432868282759829 
6.0    E  0.010054603494541  0.000000000000000  0.041177498491692  0.717474767303352  0.000000000000000  0.015187202937209  0.021477948368313  0.000000000000000  0.038154578520910  0.000000000000000  0.000000000000000  0.000000000000000  0.007657026682358  0.070609200910633  0.011202775375124  0.005786874211017  0.049790006017849  0.011509747545441  0.000000000000000  0.000000000000000  0.997231251352069  0.002554045602611  0.000000000000000  0.500000000000000  0.500000000000000  0.230525779478158  0.769503610080431  0.048731552663208  0.500000000000000  0.473685035299634 
7.0    L  0.033054717613076  0.000000000000000  0.012832979699251  0.000000000000000  0.027508094173848  0.000000000000000  0.000000000000000  0.023519480428298  0.020053529649420  0.591315500122071  0.188678246065070  0.000000000000000  0.005601387687562  0.012421644546078  0.008093615340313  0.017554685984869  0.033842970172685  0.016131227116926  0.000000000000000  0.009284243008257  0.984184022033800  0.015646675870490  0.000000000000000  0.332632260270172  0.667111584838885  0.699792932797598  0.300200856871302  0.035574813408590  0.491069797631696  0.480297431976738 
8.0    A  0.533292890415882  0.019887420863687  0.000000000000000  0.171823586946504  0.011202775375124  0.037059828106592  0.000000000000000  0.017277041458129  0.000000000000000  0.034101996157967  0.011792390379067  0.014568538850576  0.011367036590897  0.000000000000000  0.000000000000000  0.041781265481410  0.052775055463986  0.042985681816867  0.000000000000000  0.000000000000000  1.000000000000000  0.000000000000000  0.000000000000000  0.000000000000000  0.000000000000000  0.000000000000000  1.000000000000000  0.034674046002120  1.000000000000000  0.495858365369147 
9.0    C  0.061044283060139  0.462973011263662  0.000000000000000  0.014288517023436  0.005384395128811  0.000000000000000  0.000000000000000  0.038419964601706  0.000000000000000  0.029831906691866  0.013687473672924  0.000000000000000  0.007567329603333  0.000000000000000  0.000000000000000  0.012310216969521  0.025719385789960  0.084318908396231  0.000000000000000  0.244346441602701  1.000000000000000  0.000000000000000  0.000000000000000  0.000000000000000  0.000000000000000  0.000000000000000  1.000000000000000  0.031928752584822  1.000000000000000  0.495858365369147 
10.0    V  0.075519865211871  0.010330114102676  0.004819168632068  0.000000000000000  0.017935975216484  0.000000000000000  0.000000000000000  0.279709275258928  0.000000000000000  0.008402299925448  0.014091802787223  0.006350121890502  0.030122806491895  0.013527133836245  0.008777342992435  0.170282254330061  0.169223284881557  0.190914687245088  0.000000000000000  0.000000000000000  0.986916545885842  0.012976094126420  0.000000000000000  1.000000000000000  0.000000000000000  0.323760749713606  0.676424115525137  0.031840349894273  0.491069797631696  0.495858365369147 
11.0    Y  0.012859692894980  0.008240799352094  0.007213924302573  0.000000000000000  0.032917532373589  0.000000000000000  0.013424386796050  0.000000000000000  0.000000000000000  0.137547326170767  0.000000000000000  0.000000000000000  0.000000000000000  0.000000000000000  0.000000000000000  0.012967102899843  0.000000000000000  0.000000000000000  0.000000000000000  0.774855930959171  0.986916545885842  0.013120804577252  0.000000000000000  1.000000000000000  0.000000000000000  1.000000000000000  0.000000000000000  0.029278795214763  0.489370825198718  0.498270131413934 
12.0    A  0.675955416514063  0.007845058931554  0.000000000000000  0.000000000000000  0.009665097489744  0.012815201737449  0.000000000000000  0.005815020527994  0.000000000000000  0.044563303667629  0.000000000000000  0.000000000000000  0.000000000000000  0.000000000000000  0.012753172596108  0.227037104430377  0.003360752463326  0.000000000000000  0.000000000000000  0.000000000000000  1.000000000000000  0.000000000000000  0.000000000000000  0.000000000000000  0.000000000000000  0.000000000000000  0.000000000000000  0.029137077701151  1.000000000000000  1.000000000000000 
13.0    S  0.729004689408289  0.010591127553125  0.005362048559589  0.000000000000000  0.000000000000000  0.022892201165802  0.000000000000000  0.014608987464866  0.000000000000000  0.033655824256033  0.000000000000000  0.000000000000000  0.000000000000000  0.000000000000000  0.000000000000000  0.075206439124969  0.051048061944376  0.048934643516034  0.000000000000000  0.008820034412548  1.000000000000000  0.000000000000000  0.000000000000000  0.000000000000000  0.000000000000000  0.000000000000000  0.000000000000000  0.029137077701151  1.000000000000000  1.000000000000000 
14.0    L  0.040949793870574  0.000000000000000  0.000000000000000  0.000000000000000  0.008015454260446  0.000000000000000  0.000000000000000  0.016265962463814  0.000000000000000  0.834509281155409  0.038181034427297  0.000000000000000  0.013859317268002  0.007432174033842  0.005255340658288  0.008584798574819  0.000000000000000  0.005277242517717  0.000000000000000  0.021702423996330  1.000000000000000  0.000000000000000  0.000000000000000  0.000000000000000  0.000000000000000  0.000000000000000  0.000000000000000  0.026534257701464  1.000000000000000  1.000000000000000 
15.0    I  0.051118878659861  0.000000000000000  0.000000000000000  0.000000000000000  0.008543245761599  0.000000000000000  0.000000000000000  0.486664687079119  0.006853230849475  0.332401777045429  0.052301640167712  0.010650020369395  0.000000000000000  0.000000000000000  0.000000000000000  0.015788303851356  0.012967102899843  0.022467758325734  0.000000000000000  0.000000000000000  0.996540262827868  0.003337538050351  0.000000000000000  1.000000000000000  0.000000000000000  0.000000000000000  0.000000000000000  0.026681803574726  0.496546247718518  1.000000000000000 
16.0    L  0.029894004940371  0.017445515030978  0.000000000000000  0.000000000000000  0.000000000000000  0.000000000000000  0.000000000000000  0.060120465916548  0.000000000000000  0.843815796130018  0.004259795830724  0.000000000000000  0.000000000000000  0.000000000000000  0.000000000000000  0.000000000000000  0.000000000000000  0.044656066866909  0.000000000000000  0.000000000000000  1.000000000000000  0.000000000000000  0.000000000000000  0.000000000000000  0.000000000000000  0.000000000000000  0.000000000000000  0.026571067502006  1.000000000000000  1.000000000000000 
17.0    A  0.165855642574645  0.008930768245422  0.005798920197770  0.016921485086343  0.016734856612366  0.033984012214215  0.323312232971872  0.007817917089551  0.018123432101647  0.006403160997168  0.003203800434362  0.081842838942723  0.026241609154504  0.039857637239955  0.007468322793701  0.089684345912919  0.013424386796050  0.038499939795180  0.000000000000000  0.095855166229568  0.959264119325264  0.026424133980547  0.014268722656437  0.255607132652481  0.744322627583270  0.000000000000000  0.000000000000000  0.026589491547079  0.472373520498603  1.000000000000000 
18.0    D  0.057074890625749  0.007753159177233  0.508387336645978  0.059622471909222  0.000000000000000  0.111259466656562  0.008021012075937  0.000000000000000  0.031445556984306  0.051904376505681  0.000000000000000  0.026644840367749  0.000000000000000  0.013696964395563  0.000000000000000  0.078074757853336  0.021522656974737  0.003246272896850  0.000000000000000  0.021167577773209  0.991716730738293  0.001918241396999  0.006452169257310  1.000000000000000  0.000000000000000  0.429282718218877  0.570777353563387  0.020517517584752  0.500000000000000  0.466839972457657 
19.0    D  0.243163736853071  0.010138584116712  0.248617542168304  0.061511501377113  0.002909526295162  0.133323222603971  0.006542238183660  0.010591127553125  0.008478354467827  0.024231037698344  0.000000000000000  0.059746582349609  0.000000000000000  0.007164094087536  0.000000000000000  0.125173406963917  0.030311309698179  0.016723260912916  0.000000000000000  0.011343424061749  0.981459063853479  0.010776257201774  0.007763914791582  0.820741608810498  0.179244406001978  0.379981214100379  0.620283648857694  0.019763742849280  0.473685035299634  0.464580337125457 
20.0    D  0.014298424501999  0.000000000000000  0.080047491333111  0.179368691825838  0.000000000000000  0.347479554960584  0.005640348420010  0.000000000000000  0.102806258589058  0.003153129197284  0.000000000000000  0.229251010801168  0.000000000000000  0.014710601008456  0.000000000000000  0.003271119091830  0.009538644630228  0.003159692767038  0.000000000000000  0.007370611335120  0.982139595263391  0.003760134543366  0.014417851447716  0.058842404033825  0.941478464541206  0.099304300012013  0.900625979847929  0.016619260513956  0.493116352246680  0.468136123717246 
21.0    V  0.112656307826354  0.001676885618042  0.050871449066902  0.050171086794747  0.000000000000000  0.018529914053296  0.012886461697033  0.089560103148319  0.138792354203580  0.092397651954615  0.020861692238999  0.029137077701151  0.004937512103331  0.061001985048514  0.005101014793316  0.032690154368517  0.056562903930182  0.222056698960601  0.000000000000000  0.000000000000000  0.964598184584138  0.022686848123498  0.012395841299862  1.000000000000000  0.000000000000000  0.399980064166376  0.599985691186608  0.016561762240583  0.468460723436213  0.446273485736488 
22.0    E  0.089995707407168  0.007747786958893  0.074016975740852  0.221135108832885  0.000000000000000  0.014427848605147  0.009492474936758  0.005715121955876  0.048866852695537  0.005774853247163  0.015517070241204  0.072695002596741  0.070413701781080  0.020460709735681  0.005582008358364  0.214939121560752  0.112111019957752  0.011025592526630  0.000000000000000  0.000000000000000  0.991029563264079  0.004876291206647  0.004416135027830  0.218090676442690  0.781869643128594  0.649769531227720  0.350139080221801  0.016734856612366  0.488354264481114  0.458184322337676 
23.0    V  0.009329399899020  0.002796813947658  0.000000000000000  0.000000000000000  0.008513688376667  0.003402946063056  0.003549914517377  0.322417062663971  0.000000000000000  0.030991147835572  0.003039395220920  0.005013382412355  0.363241262392842  0.002718449984045  0.000000000000000  0.000000000000000  0.026755883892077  0.218241897783441  0.000000000000000  0.000000000000000  0.986916545885842  0.007483868892365  0.005719084749788  0.208482760956241  0.791685865871272  0.162329825341235  0.837406487508427  0.016390458243359  0.484309094613314  0.471392267959120 
24.0    T  0.026405824512891  0.011414409207388  0.043015487549709  0.009624984948795  0.001984511998035  0.001940978697896  0.000000000000000  0.002475610394598  0.021838233935173  0.000000000000000  0.014348065035952  0.079439480581604  0.002116652278994  0.011630041055989  0.004746237468379  0.287971910587339  0.470739232270603  0.010401965728409  0.000000000000000  0.000000000000000  0.982820598545251  0.000000000000000  0.016968466505036  0.000000000000000  0.000000000000000  0.202360554136852  0.797745239809033  0.016299821773904  1.000000000000000  0.467163673441590 
25.0    A  0.382624192455667  0.006479058951675  0.017361073885236  0.240148715988369  0.000000000000000  0.041665583659100  0.000000000000000  0.004568701812703  0.085792776953432  0.004968410182592  0.010979833595365  0.014179986801831  0.018555619782397  0.015986522964601  0.000000000000000  0.098686735837569  0.025559439329931  0.032352028870043  0.000000000000000  0.000000000000000  1.000000000000000  0.000000000000000  0.000000000000000  0.000000000000000  0.000000000000000  0.025016087833009  0.974679630891549  0.016538818669924  1.000000000000000  0.424842499569325 
26.0    D  0.149270398384324  0.000000000000000  0.336108748538157  0.291183396617114  0.000000000000000  0.014298424501999  0.009284243008257  0.001991401724606  0.070854338298651  0.000000000000000  0.000000000000000  0.027795593548059  0.003698100122018  0.020333466491280  0.007509851003037  0.054409410206008  0.003164076068875  0.007432174033842  0.000000000000000  0.002557588716960  0.996540262827868  0.003695537682522  0.000000000000000  1.000000000000000  0.000000000000000  0.197236710213116  0.802737388715953  0.016550286479436  0.489370825198718  0.426613049056034 
27.0    K  0.036347501298370  0.000000000000000  0.321078952247356  0.037291741969741  0.000000000000000  0.022051185053261  0.012387252134536  0.000000000000000  0.276432663330067  0.004128976720943  0.000000000000000  0.180616299740441  0.000000000000000  0.027261334555336  0.015071846634127  0.052921582022658  0.009766111738947  0.004616451355212  0.000000000000000  0.000000000000000  1.000000000000000  0.000000000000000  0.000000000000000  0.000000000000000  0.000000000000000  0.177513419817928  0.822450068712464  0.016573245958878  1.000000000000000  0.440434687063490 
28.0    I  0.000000000000000  0.000000000000000  0.000000000000000  0.005072807041914  0.008437316873694  0.000000000000000  0.000000000000000  0.534032704023926  0.000000000000000  0.231326107009463  0.017985773301996  0.000000000000000  0.000000000000000  0.000000000000000  0.000000000000000  0.000000000000000  0.012276133072931  0.190782401120070  0.000000000000000  0.000000000000000  1.000000000000000  0.000000000000000  0.000000000000000  0.000000000000000  0.000000000000000  0.000000000000000  1.000000000000000  0.016550286479436  1.000000000000000  0.450937689191125 
29.0    S  0.049859077488065  0.003936147501604  0.023650262390150  0.128069602879100  0.003601965304346  0.008906041192918  0.004242116626259  0.013782677581206  0.301660979930191  0.059995578814932  0.006288797950165  0.143090520074836  0.000000000000000  0.064928693956104  0.028027754989438  0.073965688859536  0.063769041203029  0.022219959540426  0.000000000000000  0.000000000000000  1.000000000000000  0.000000000000000  0.000000000000000  0.000000000000000  0.000000000000000  0.000000000000000  1.000000000000000  0.016550286479436  1.000000000000000  0.450937689191125 
30.0    A  0.285586561712136  0.000000000000000  0.030819772015417  0.024063661694877  0.002712802999541  0.016356410655853  0.005679580145782  0.000000000000000  0.285190928967106  0.008722757515489  0.000000000000000  0.044102370106522  0.000000000000000  0.037996227599472  0.023864335905636  0.094863703310878  0.135936048856860  0.004209895097827  0.000000000000000  0.000000000000000  0.995159721820083  0.000000000000000  0.005069292058356  0.000000000000000  0.000000000000000  0.000000000000000  1.000000000000000  0.016550286479436  1.000000000000000  0.450937689191125 
31.0    I  0.029238234307231  0.000000000000000  0.000000000000000  0.000000000000000  0.007243988644027  0.000000000000000  0.000000000000000  0.364502344704145  0.000000000000000  0.282436803642531  0.000000000000000  0.000000000000000  0.000000000000000  0.000000000000000  0.000000000000000  0.000000000000000  0.012508043916505  0.304180589658517  0.000000000000000  0.000000000000000  0.997231251352069  0.000000000000000  0.002593291324966  0.000000000000000  0.000000000000000  0.000000000000000  1.000000000000000  0.016700093612672  1.000000000000000  0.444421340583285 
32.0    L  0.018236845340914  0.023584780758134  0.000000000000000  0.000000000000000  0.021300040738789  0.000000000000000  0.000000000000000  0.181243354109856  0.000000000000000  0.569986636346731  0.004642121504129  0.000000000000000  0.002712802999541  0.000000000000000  0.009538644630228  0.007380836257791  0.072092850316251  0.089374061647606  0.000000000000000  0.000000000000000  0.985549336939371  0.014578640492763  0.000000000000000  0.561749951515823  0.438302860658018  0.000000000000000  1.000000000000000  0.016630784100834  0.484644908467533  0.438606774366411 
33.0    K  0.022235366581791  0.000000000000000  0.067873866020143  0.142595464483553  0.000000000000000  0.081108672933699  0.007021524426649  0.004233304557987  0.373712312158735  0.000000000000000  0.004556052225736  0.041492661199451  0.000000000000000  0.017385158134138  0.014690221914205  0.157344646688107  0.058557590429527  0.007203930608692  0.000000000000000  0.000000000000000  0.992404374685819  0.000000000000000  0.007588339808919  1.000000000000000  0.000000000000000  0.273005136436413  0.726986258660155  0.017003788151106  0.497924876547229  0.424548123223420 
34.0    A  0.571965486601904  0.005966083976409  0.010159688644910  0.011573748422034  0.011565728890625  0.010858736092518  0.010308655552913  0.000000000000000  0.019451159927846  0.004559211335228  0.000000000000000  0.006564951189323  0.003226084628655  0.002609519684356  0.004126115724031  0.274904037328638  0.042629619839980  0.009472756398920  0.000000000000000  0.000000000000000  0.997922718999051  0.001751734686840  0.000000000000000  0.066661611301985  0.933032991536807  0.000000000000000  1.000000000000000  0.016676958406874  0.500000000000000  0.434371092575312 
35.0    A  0.493116352246680  0.000000000000000  0.000000000000000  0.000000000000000  0.009207339123529  0.012370091654239  0.000000000000000  0.023666661185578  0.000000000000000  0.015832139064986  0.011784219349114  0.000000000000000  0.005277242517717  0.000000000000000  0.000000000000000  0.077750728331154  0.024046987815013  0.326917837134190  0.000000000000000  0.000000000000000  0.995849753094458  0.000000000000000  0.003879267560301  0.000000000000000  0.000000000000000  0.000000000000000  1.000000000000000  0.016676958406874  1.000000000000000  0.434371092575312 
36.0    S  0.009658400475945  0.003807342308170  0.024080347136200  0.010517969291225  0.000000000000000  0.723467442935263  0.007452808988653  0.000000000000000  0.033936933010072  0.000000000000000  0.000000000000000  0.131214585452883  0.000000000000000  0.002814315915699  0.004799167892366  0.048060650977196  0.000000000000000  0.000000000000000  0.000000000000000  0.000000000000000  0.997922718999051  0.000000000000000  0.002200428180659  0.000000000000000  0.000000000000000  0.000000000000000  1.000000000000000  0.016424576704495  1.000000000000000  0.431071772508798 
37.0    V  0.129947429396910  0.011125392153102  0.000000000000000  0.000000000000000  0.008789519411631  0.026534257701464  0.000000000000000  0.238324636322040  0.000000000000000  0.070560275300383  0.014538275901610  0.054749894691695  0.000000000000000  0.000000000000000  0.000000000000000  0.011549706494327  0.011071542160220  0.422786143688758  0.000000000000000  0.000000000000000  0.969289816935065  0.030500992524257  0.000000000000000  1.000000000000000  0.000000000000000  0.047960815500028  0.951977908497532  0.016401823181610  0.456599125005996  0.428094142273228 
38.0    S  0.021777769354492  0.007198938954677  0.160539476123678  0.403600537252382  0.000000000000000  0.018035709648701  0.011621982519020  0.000000000000000  0.072343138561883  0.003879267560301  0.000000000000000  0.109499789383391  0.026515871928309  0.037603219562484  0.004610056028657  0.048968574184334  0.071743900865938  0.000000000000000  0.000000000000000  0.002118119939147  0.984866442895551  0.006881791985367  0.008229383093397  1.000000000000000  0.000000000000000  0.046070913040347  0.953959550547558  0.016447361792335  0.489031736723670  0.431370672271328 
39.0    V  0.179120206296638  0.030479858172739  0.000000000000000  0.000000000000000  0.017385158134138  0.015942260300757  0.003670010739117  0.106063487713237  0.004058043372257  0.021477948368313  0.016311123865964  0.000000000000000  0.023035456520173  0.000000000000000  0.000000000000000  0.036322315859941  0.014926295880976  0.515126976810037  0.002292281598206  0.013677989526473  1.000000000000000  0.000000000000000  0.000000000000000  0.000000000000000  0.000000000000000  0.000000000000000  1.000000000000000  0.016886334406865  1.000000000000000  0.426022047537433 
40.0    E  0.025988190574216  0.004849326138774  0.358488812003957  0.448133349784702  0.000000000000000  0.005034275900332  0.016561762240583  0.000000000000000  0.003879267560301  0.006958538285990  0.000000000000000  0.039912929974856  0.016053147490296  0.011573748422034  0.026259804757290  0.021914050791288  0.004126115724031  0.010358795002333  0.000000000000000  0.000000000000000  1.000000000000000  0.000000000000000  0.000000000000000  0.000000000000000  0.000000000000000  0.000000000000000  1.000000000000000  0.016886334406865  1.000000000000000  0.426022047537433 
41.0    P  0.114228931278675  0.009685216405773  0.144085793349858  0.150830489965095  0.005222658185176  0.043706752585577  0.010972225591703  0.009499056899868  0.046617000834108  0.008121714337307  0.008355836624103  0.036931610841699  0.266277050848354  0.032712821311705  0.008043281901828  0.089684345912919  0.011438169499575  0.003611965930132  0.000000000000000  0.000000000000000  0.996540262827868  0.000000000000000  0.003166269999552  0.000000000000000  0.000000000000000  0.000000000000000  1.000000000000000  0.016886334406865  1.000000000000000  0.426022047537433 
42.0    F  0.105550110927973  0.002073092204980  0.113833729198997  0.168170901065228  0.168754748140343  0.020674553748564  0.008537326086726  0.075102253095428  0.026904662135591  0.004044003608755  0.000000000000000  0.000000000000000  0.000000000000000  0.007179006902180  0.000000000000000  0.056680645558321  0.056995822844986  0.045091521464426  0.000000000000000  0.140340177759201  0.994470168673214  0.005719084749788  0.000000000000000  1.000000000000000  0.000000000000000  0.068298608693810  0.931740429304773  0.016909760070714  0.494485458190466  0.420739741142690 
43.0    W  0.006452169257310  0.014477938467037  0.010836179446339  0.005108091205222  0.009156424091207  0.008138620539127  0.003412394124675  0.031576607702711  0.109499789383391  0.056956330039821  0.023211764385325  0.006944083446614  0.000000000000000  0.051940366349603  0.254017535748425  0.013926726498390  0.015614173327976  0.019998006466317  0.335410556220565  0.023535788541153  0.982139595263391  0.017591227908387  0.000000000000000  1.000000000000000  0.000000000000000  0.000000000000000  1.000000000000000  0.016886334406865  0.482299092292069  0.426022047537433 
44.0    P  0.152090294829258  0.006121071773042  0.000000000000000  0.001994164308022  0.007031265076512  0.010620533139896  0.000000000000000  0.107097744346071  0.000000000000000  0.208193942720137  0.014710601008456  0.007432174033842  0.311002913324617  0.002174651598103  0.002218807157786  0.013093548979187  0.022250784306204  0.134064577102243  0.000000000000000  0.000000000000000  1.000000000000000  0.000000000000000  0.000000000000000  0.000000000000000  0.000000000000000  0.000000000000000  1.000000000000000  0.017265070074999  1.000000000000000  0.412081042476620 
45.0    G  0.048866852695537  0.000000000000000  0.107618648542363  0.116952937228925  0.000000000000000  0.160873655912659  0.004072131878286  0.036096430767300  0.183900843231967  0.002833891030926  0.017457611532378  0.099718154976129  0.009705377201441  0.020717590004667  0.008048859012657  0.086629367853151  0.081503170953660  0.010881339692727  0.000000000000000  0.004212814186306  0.999307092990453  0.000504800164184  0.000000000000000  0.652929893544459  0.347238783941278  0.339857060476685  0.660211420507500  0.017265070074999  0.500000000000000  0.412081042476620 
46.0    M  0.139564120247822  0.000000000000000  0.010866265403984  0.009156424091207  0.025808677029241  0.003775805066660  0.009827226342469  0.062326953209504  0.155286035223055  0.399425958224574  0.010569126805080  0.014864348067684  0.000000000000000  0.013148116910709  0.013048248741068  0.037996227599472  0.033702513490452  0.049206748535575  0.003081823597080  0.008280881120291  1.000000000000000  0.000000000000000  0.000000000000000  0.000000000000000  0.000000000000000  0.000000000000000  1.000000000000000  0.016333751565706  1.000000000000000  0.440740078953585 
47.0    F  0.002789070272822  0.000000000000000  0.000000000000000  0.004527718562127  0.440434687063490  0.005237158560861  0.000000000000000  0.013946046429265  0.009827226342469  0.267757705797864  0.012233660879008  0.000000000000000  0.002671748640435  0.000000000000000  0.000000000000000  0.008906041192918  0.002482483768175  0.182883902588041  0.000000000000000  0.046166814486955  0.986232704493359  0.000509369430435  0.012940166583352  0.027776333786455  0.971980987981352  0.000000000000000  1.000000000000000  0.016333751565706  0.500000000000000  0.440740078953585 
48.0    A  0.367037659008526  0.009093176050017  0.004218658436847  0.032195436050627  0.047300524780299  0.010110512925647  0.000000000000000  0.149063609041329  0.009971318506476  0.094339123032535  0.018453010334836  0.000000000000000  0.008519591661447  0.007437327410137  0.000000000000000  0.034101996157967  0.008037708655419  0.200128702664076  0.000000000000000  0.000000000000000  0.985549336939371  0.000000000000000  0.014199658069508  0.000000000000000  0.000000000000000  0.000000000000000  1.000000000000000  0.016816251949747  1.000000000000000  0.426022047537433 
49.0    K  0.122682382981685  0.012726680672972  0.062240609568404  0.040949793870574  0.004578212045604  0.044132950137024  0.000000000000000  0.004642121504129  0.326238736922239  0.002557588716960  0.008722757515489  0.057871626407958  0.000000000000000  0.015124172295215  0.072042896674929  0.187245116803023  0.028438713252528  0.003577084712571  0.000000000000000  0.006293158523818  0.986916545885842  0.000000000000000  0.013184621814532  0.000000000000000  0.000000000000000  0.839731492944140  0.160539476123678  0.016992006107108  1.000000000000000  0.410655350376033 
50.0    F  0.381036207584942  0.016769691974898  0.013706461698950  0.206755842110816  0.057591511637419  0.006619784648017  0.000000000000000  0.029380443828410  0.033077637339848  0.050380176968310  0.018376425785796  0.022671128247409  0.000000000000000  0.032531924927628  0.002589698750583  0.062716984281844  0.022734073181793  0.035797434311867  0.000000000000000  0.007375722024611  1.000000000000000  0.000000000000000  0.000000000000000  0.000000000000000  0.000000000000000  0.623300597137549  0.376572616658453  0.016596237288990  1.000000000000000  0.462331639056850 
51.0    L  0.012370091654239  0.008893703352147  0.000000000000000  0.000000000000000  0.050695447223565  0.000000000000000  0.000000000000000  0.019559319666469  0.009971318506476  0.706616821941365  0.066477042055824  0.000000000000000  0.007385954037115  0.009220112057314  0.000000000000000  0.002422983003350  0.006210822273039  0.091886708524315  0.000000000000000  0.008217982650030  0.978741650397436  0.021123606766064  0.000000000000000  0.605836330215122  0.394200087028139  0.552865326660134  0.447202450891303  0.016424576704495  0.468460723436213  0.487339815445774 
52.0    E  0.207761465398412  0.002005253018984  0.065335006262823  0.281459646534191  0.000000000000000  0.007850498597061  0.007457976672967  0.002224967533637  0.183264594648651  0.009080578964985  0.000000000000000  0.065289735179014  0.006679704514781  0.039500096826650  0.006185045827119  0.094863703310878  0.016176014435022  0.002735461564233  0.000000000000000  0.002153650709119  1.000000000000000  0.000000000000000  0.000000000000000  0.000000000000000  0.000000000000000  0.000000000000000  1.000000000000000  0.016288527513143  1.000000000000000  0.495858365369147 
53.0    G  0.015603354157829  0.000000000000000  0.055475708579344  0.052848267961095  0.000000000000000  0.540362701019676  0.008844522672740  0.007228940844046  0.099304300012013  0.000000000000000  0.000000000000000  0.108292107050011  0.007604135735611  0.009297122627396  0.003559770627489  0.049514675682811  0.031928752584822  0.010166733245640  0.000000000000000  0.000000000000000  0.993092495437036  0.005551140793677  0.001287689076653  0.625464540056633  0.374749900438887  0.000000000000000  1.000000000000000  0.016288527513143  0.488015880388112  0.495858365369147 
54.0    N  0.030290306779221  0.005343497280869  0.020531744174209  0.104748391833494  0.008396477912934  0.019196671569463  0.015788303851356  0.060496689180859  0.398596238270268  0.030081076346930  0.007002083590386  0.010209103546040  0.017193415771346  0.038660389958974  0.018440224114628  0.018274807250812  0.017985773301996  0.173739777480292  0.000000000000000  0.005101014793316  0.996540262827868  0.003079688179907  0.000225591448351  0.259714775824416  0.740206649000025  0.000000000000000  1.000000000000000  0.003300728064111  0.495514781632040  0.493116352246680 
55.0    D  0.036524289017539  0.007938047992138  0.270931491711195  0.050101583087462  0.000000000000000  0.037317599596081  0.000000000000000  0.016956708935653  0.085141127165031  0.016120049676584  0.010459806695144  0.235696133979560  0.025155191800660  0.011751591807724  0.011272880366106  0.091695834010458  0.049686578184311  0.027110583973502  0.000000000000000  0.016232173489026  1.000000000000000  0.000000000000000  0.000000000000000  0.000000000000000  0.000000000000000  0.109879945113973  0.890075733252496  0.003321383437751  1.000000000000000  0.485990493990676 
56.0    I  0.040610595701733  0.007520269086732  0.000000000000000  0.000000000000000  0.038983299122314  0.028636520146105  0.000000000000000  0.383686524000222  0.029217974929733  0.161768206810357  0.024315161767357  0.000000000000000  0.014731008373722  0.000000000000000  0.020446532366485  0.010082519456655  0.030039404012149  0.192910021882367  0.000000000000000  0.017050998078983  0.997922718999051  0.001878764559892  0.000000000000000  1.000000000000000  0.000000000000000  0.343171107813728  0.657015813574686  0.003298440966499  0.500000000000000  0.488015880388112 
57.0    K  0.073149915092162  0.011327709631866  0.090621677054928  0.158219574246285  0.011940441568478  0.134064577102243  0.057114465639338  0.004985659253238  0.236350529187686  0.008043281901828  0.008771261109950  0.030905341136904  0.009099481144285  0.015463385256488  0.041810236087066  0.070952631384129  0.025277542136304  0.006189334460351  0.005687459175778  0.000000000000000  1.000000000000000  0.000000000000000  0.000000000000000  0.000000000000000  0.000000000000000  0.210369870571345  0.789493886700555  0.003275656970472  1.000000000000000  0.493116352246680 
58.0    S  0.072443496994028  0.000000000000000  0.181369025979272  0.374230746698173  0.000000000000000  0.014619117153616  0.000000000000000  0.006872258405644  0.065516404719808  0.019695365493484  0.000000000000000  0.049480366616954  0.011414409207388  0.022452190258501  0.009264957026648  0.144485838319350  0.020418207092081  0.000000000000000  0.000000000000000  0.007796271242180  1.000000000000000  0.000000000000000  0.000000000000000  0.000000000000000  0.000000000000000  0.000000000000000  1.000000000000000  0.003275656970472  1.000000000000000  0.495171435966512 
59.0    L  0.098481735756168  0.017169597149639  0.000000000000000  0.019695365493484  0.070170088879601  0.000000000000000  0.013859317268002  0.053996136712517  0.006987538295177  0.413225159077106  0.040554336466849  0.009264957026648  0.022765611154656  0.000000000000000  0.030991147835572  0.000000000000000  0.010919116967586  0.118093380124651  0.008082402980616  0.065789447169340  0.978741650397436  0.016053147490296  0.005101014793316  0.135936048856860  0.863938187400277  0.000000000000000  1.000000000000000  0.003275656970472  0.485653747770817  0.495171435966512 
60.0    V  0.032690154368517  0.020617311105826  0.000000000000000  0.029977003728915  0.024080347136200  0.000000000000000  0.000000000000000  0.426022047537433  0.000000000000000  0.305872010282967  0.041234622211653  0.016164805961233  0.013640118611465  0.000000000000000  0.000000000000000  0.008355836624103  0.011581773514085  0.069637103176208  0.000000000000000  0.000000000000000  0.833353207159218  0.152618314083642  0.014150530984653  0.161544103829687  0.838568184440931  0.000000000000000  1.000000000000000  0.003287029227677  0.272815969263734  0.479299719246488 
61.0    S  0.256494536334285  0.092077980363530  0.011662331119507  0.086210057614191  0.022514527325593  0.026571067502006  0.013668511951653  0.026168952734638  0.077213664820433  0.039885274025905  0.020617311105826  0.028008334361544  0.022328033433455  0.043980261728919  0.000000000000000  0.103377921055408  0.075572229739585  0.014884968719437  0.024231037698344  0.014548356559847  0.911301280637141  0.085318357367823  0.003296155453633  0.148753962038334  0.851453707748945  0.279321784518055  0.720464874418961  0.003339852257391  0.311218558845543  0.433168428200044 
62.0    N  0.096254646779509  0.007577827424545  0.086629367853151  0.054409410206008  0.009207339123529  0.021255794568843  0.015324671937321  0.015625000000000  0.062068280964815  0.008390659934532  0.000000000000000  0.269433286260918  0.000000000000000  0.030798416779355  0.020460709735681  0.243501067135810  0.050415109951383  0.000000000000000  0.000000000000000  0.008722757515489  0.955945317593742  0.040414029121484  0.003680200288691  0.166777896209721  0.833353207159218  0.320856474390726  0.679243142274472  0.003582047043768  0.414372452243996  0.427501088945986 
63.0    I  0.115502821555853  0.009061716050824  0.006574058455355  0.000000000000000  0.039037378926668  0.071396640428034  0.000000000000000  0.080828058242968  0.009355302379835  0.069444295540943  0.056133273305246  0.000000000000000  0.202080217201392  0.000000000000000  0.006777645993376  0.026278012976679  0.038687196588670  0.268873597614345  0.000000000000000  0.000000000000000  0.948026965128645  0.030883926609398  0.020963159763785  0.467487598875728  0.532554101696709  0.299784978447778  0.700278160443602  0.003680200288691  0.463615273217731  0.434371092575312 
64.0    G  0.128960397412670  0.000000000000000  0.020731955321831  0.051438771579919  0.000000000000000  0.294226684304692  0.013066349998657  0.000000000000000  0.015463385256488  0.013193763865997  0.000000000000000  0.022005378545501  0.201520707873242  0.012913286221160  0.014288517023436  0.179617522068008  0.012107123921237  0.020460709735681  0.000000000000000  0.000000000000000  0.963261894020148  0.014518135535171  0.022235366581791  0.656105627295980  0.344123900397674  0.287772372831941  0.712025097798536  0.003900838539457  0.477972658796871  0.412081042476620 
65.0    A  0.351598299978280  0.020861692238999  0.000000000000000  0.000000000000000  0.007699604194839  0.051403129294529  0.000000000000000  0.016933218231950  0.068916822691807  0.041868237575870  0.006533174999329  0.012815201737449  0.029502888098445  0.001841376046715  0.011940441568478  0.269060031195949  0.048900736358532  0.060245612983790  0.000000000000000  0.000000000000000  0.967947026893737  0.007179006902180  0.024705909893873  0.763658748980350  0.236023104787562  0.534402995605504  0.465870214652387  0.028716027608720  0.483973513446869  0.404721108273704 
66.0    G  0.113204247877228  0.010724097119179  0.005982648426150  0.003377098559796  0.139177702278586  0.555939578758553  0.000000000000000  0.005062269396224  0.006592310907266  0.005888026990462  0.000000000000000  0.002338825594959  0.008507789182313  0.003001709338453  0.028855697210294  0.049617745683228  0.011102281587354  0.020645912588410  0.000000000000000  0.029935475569459  0.815072332402625  0.053772039413215  0.131396613635963  0.504176227447298  0.495858365369147  0.239152039522969  0.761016690419679  0.031423768137452  0.417833479460927  0.421031476804208 
67.0    G  0.217185546287656  0.003374758544532  0.003515632538256  0.007556846325109  0.000000000000000  0.594191552528466  0.000000000000000  0.009162773040874  0.003223849252003  0.002270144741246  0.000000000000000  0.000000000000000  0.024791682599723  0.011719054603795  0.028183605574445  0.040921419471361  0.007016659163156  0.046941247716904  0.000000000000000  0.000000000000000  0.696888619343735  0.202360554136852  0.100690536381094  0.583983697306559  0.415811049187453  0.771640087529467  0.228616272374975  0.035182455816774  0.250000000000000  0.286379474494939 
68.0    P  0.378141999320990  0.007785470803343  0.000000000000000  0.012770864507629  0.000000000000000  0.263157788677360  0.000000000000000  0.002701544197287  0.000000000000000  0.008722757515489  0.006712193398025  0.003855142757367  0.147828875030518  0.006288797950165  0.019998006466317  0.046102858033839  0.008543245761599  0.087292408279212  0.000000000000000  0.000000000000000  0.926588061890371  0.030883926609398  0.042305821220389  0.483303048532487  0.516915368123982  0.552099423581546  0.448133349784702  0.032712821311705  0.458184322337676  0.321524370857651 
69.0    A  0.546010272872826  0.004549740572142  0.000000000000000  0.003807342308170  0.000000000000000  0.147317425976460  0.000000000000000  0.008686555918102  0.017664540111322  0.013057296233154  0.000000000000000  0.008881382603406  0.017664540111322  0.011557714916007  0.024467321758017  0.037447156916857  0.040134869030920  0.118750047859361  0.000000000000000  0.000000000000000  0.911301280637141  0.025453361345944  0.063504383937106  0.350139080221801  0.649769531227720  0.390122740086852  0.610050255136112  0.030841142058933  0.443498152576075  0.364755086060044 
70.0    P  0.359484133211739  0.008980428500271  0.000000000000000  0.002891432222656  0.003137867174832  0.106949378210325  0.005255340658288  0.006843736836462  0.000000000000000  0.010591127553125  0.003402946063056  0.001876161843659  0.329191730514811  0.000000000000000  0.000000000000000  0.049928244778072  0.021050524638526  0.090433430366908  0.000000000000000  0.000000000000000  0.727490341817379  0.018594245254792  0.253841525217357  0.465547409915115  0.534402995605504  0.117358968414432  0.882702996290655  0.032084048303750  0.475329550614909  0.338212057762569 
71.0    A  0.630688704415625  0.000000000000000  0.001843930506153  0.000000000000000  0.000000000000000  0.079992025865269  0.000000000000000  0.009827226342469  0.000000000000000  0.005044755274618  0.007334935525902  0.002901470548166  0.061939347704005  0.008759109984598  0.018684684324627  0.066939426449466  0.032017400719775  0.074016975740852  0.000000000000000  0.000000000000000  0.703196599956560  0.283220971323950  0.013677989526473  0.872362705770759  0.127538082406057  0.823591017267573  0.176531800548094  0.039968299414920  0.248445273330639  0.182757181050004 
72.0    A  0.612168196200102  0.000000000000000  0.008071206153782  0.000000000000000  0.000000000000000  0.094404536597677  0.004809157864629  0.010387555532670  0.000000000000000  0.018504243935213  0.005118724233822  0.005037766604125  0.074325444687670  0.011702819800189  0.000000000000000  0.061682284117865  0.034078366645789  0.059912464905811  0.000000000000000  0.000000000000000  0.948026965128645  0.029687511964840  0.022127741222102  0.274713554394220  0.725476103917089  0.191444749636798  0.808320868805567  0.030458738465361  0.455019412040450  0.393108646070166 
73.0    T  0.363745170908689  0.005429368046259  0.006443230848516  0.007541148631811  0.000000000000000  0.246900215361343  0.000000000000000  0.003991094073103  0.020095273178603  0.002978909479016  0.000000000000000  0.003884649096380  0.161544103829687  0.002889428729002  0.009950605275988  0.084318908396231  0.041091961256408  0.039363436873356  0.000000000000000  0.000000000000000  0.744838731561351  0.018710604759671  0.236350529187686  0.349411742962767  0.650670927720967  0.319968103461077  0.680185426202977  0.030248344590429  0.472373520498603  0.381829374490175 
74.0    A  0.541487522762962  0.000000000000000  0.007672965587995  0.011702819800189  0.000000000000000  0.123279088061670  0.000000000000000  0.000000000000000  0.004480886813383  0.000000000000000  0.000000000000000  0.014062530153024  0.086509357253217  0.007218926347241  0.023019495090883  0.094404536597677  0.031358492140922  0.052884912287518  0.000000000000000  0.002055920224042  0.836826242683391  0.010627897284422  0.152512563784028  0.670821112441131  0.329191730514811  0.814507563070215  0.185179974752540  0.033725882390763  0.488015880388112  0.203203900496080 
75.0    G  0.562919293068381  0.000000000000000  0.014680042956469  0.007954571873161  0.000000000000000  0.149996422796652  0.000000000000000  0.002416274372436  0.008838394240984  0.016921485086343  0.007427024228358  0.011581773514085  0.045122787360078  0.007883215889412  0.000000000000000  0.087716982877442  0.039582320428851  0.036803837174843  0.000000000000000  0.000000000000000  0.971980987981352  0.013801797679398  0.014288517023436  0.531816336446592  0.468460723436213  0.538120062391899  0.462011286223412  0.036196650193583  0.473356815618357  0.284204243309004 
76.0    A  0.304813773519076  0.000000000000000  0.013285533751003  0.040218413978165  0.000000000000000  0.137071448573487  0.000000000000000  0.011351289449776  0.004958089398515  0.034987902770445  0.000000000000000  0.000000000000000  0.306084098100051  0.011040887842834  0.002245107125068  0.079881210200191  0.039527485698561  0.014619117153616  0.000000000000000  0.000000000000000  0.871758239537062  0.103664943226805  0.024416496255385  0.620283648857694  0.379717922453632  0.184283652161388  0.815637493339010  0.031840349894273  0.368311921454120  0.367292158319577 
77.0    A  0.547526235396787  0.000000000000000  0.014248955711246  0.026241609154504  0.000000000000000  0.128603338486697  0.000000000000000  0.000000000000000  0.019709022012988  0.000000000000000  0.004283482767921  0.000000000000000  0.048968574184334  0.004373487846306  0.023897441841918  0.085023178275372  0.054560474445860  0.042541066140609  0.000000000000000  0.000000000000000  0.961260928388761  0.006542238183660  0.032106294980593  0.471065636952404  0.528875481809214  0.361483073636437  0.638606879597695  0.031906628928350  0.489031736723670  0.361232599480881 
78.0    A  0.457549584063964  0.003018400584562  0.043646204139606  0.014957366534302  0.000000000000000  0.267016352011963  0.000000000000000  0.000000000000000  0.007883215889412  0.018517074545962  0.002773647184655  0.002211130668185  0.042101049277053  0.010858736092518  0.035673584597712  0.031120304784202  0.051653144884638  0.011164016716727  0.000000000000000  0.000000000000000  0.888842681166570  0.028340322779161  0.082583650353642  0.586011141837257  0.413798408039103  0.052592467642836  0.947370070599268  0.032217759962337  0.467163673441590  0.366529189297302 
79.0    G  0.341983825975623  0.000000000000000  0.023099412988654  0.032329611922466  0.000000000000000  0.337743521133909  0.002688467971857  0.009929935072701  0.003530284088871  0.017110194856150  0.003289308412533  0.004277548714037  0.055861572647299  0.014619117153616  0.000000000000000  0.085673925311231  0.040051497630006  0.009297122627396  0.018312848182414  0.000000000000000  0.687770909069872  0.062025273417864  0.250346813927834  0.783497186949341  0.216434141379915  0.421907898065009  0.578344091952644  0.032622247731929  0.366783336041831  0.286379474494939 
80.0    G  0.359235044136016  0.000000000000000  0.029564301460175  0.034602018265134  0.000000000000000  0.224844578036938  0.000000000000000  0.000000000000000  0.010258758792376  0.012904338514621  0.000000000000000  0.000000000000000  0.194386508970640  0.026774436086518  0.000000000000000  0.043980261728919  0.045091521464426  0.018414678247058  0.000000000000000  0.000000000000000  0.978063473447339  0.018110874248507  0.003520509619574  0.740719899010160  0.259354984141403  0.608783009331493  0.391205890868256  0.035402621415494  0.478304079045937  0.186080656895817 
81.0    D  0.512278411516401  0.000000000000000  0.055168937268166  0.020404059173264  0.000000000000000  0.165167300707283  0.000000000000000  0.000000000000000  0.043434944370073  0.000000000000000  0.000000000000000  0.015484836926001  0.066846692992828  0.008620576094078  0.017289021142067  0.022828818414776  0.061853541025950  0.010679589468295  0.000000000000000  0.000000000000000  0.222982129855023  0.000000000000000  0.777007268784049  0.000000000000000  0.000000000000000  0.075154328056136  0.924663278113700  0.032284824615129  1.000000000000000  0.331941289595609 
82.0    A  0.351111218934499  0.000000000000000  0.010409178321031  0.012859692894980  0.022844647631251  0.162893393670412  0.000000000000000  0.000000000000000  0.054033576956742  0.034554082916258  0.000000000000000  0.000000000000000  0.288571354379210  0.000000000000000  0.000000000000000  0.054522669110672  0.000000000000000  0.008286622979439  0.000000000000000  0.000000000000000  0.827023368443266  0.011800567074710  0.161096828810627  0.083331167318200  0.916368644675351  0.104241380478121  0.895645670090849  0.084729020425000  0.496202187342909  0.048968574184334 
83.0    G  0.432568345292494  0.000000000000000  0.026497498894786  0.004879672365834  0.000000000000000  0.176409480426087  0.000000000000000  0.000000000000000  0.000000000000000  0.000000000000000  0.000000000000000  0.000000000000000  0.028537445312875  0.016493026838093  0.000000000000000  0.254369923025672  0.050695447223565  0.009558500321343  0.000000000000000  0.000000000000000  0.791137301185450  0.026187097958373  0.182504001331815  0.327144517863753  0.672683604260913  0.004825854051277  0.995159721820083  0.071793647187315  0.495858365369147  0.055900306361413 
84.0    A  0.331481440074665  0.000000000000000  0.052265399994629  0.083678453561153  0.000000000000000  0.135184345435452  0.000000000000000  0.007380836257791  0.000000000000000  0.000000000000000  0.000000000000000  0.000000000000000  0.048900736358532  0.000000000000000  0.020053529649420  0.049446081324091  0.271495464080574  0.000000000000000  0.000000000000000  0.000000000000000  0.946713631236714  0.053363607149453  0.000000000000000  0.084202098554106  0.915733686418126  0.844986384412514  0.155286035223055  0.075834597515543  0.473685035299634  0.051832471613403 
85.0    G  0.445346450303340  0.017960857000542  0.041435180009333  0.049309177553279  0.000000000000000  0.107767943127199  0.004250947037777  0.005388128600887  0.024450368179266  0.000000000000000  0.005566553180269  0.003289308412533  0.130942015887475  0.004108991325015  0.000000000000000  0.072293011494080  0.071893243334413  0.016030908520893  0.000000000000000  0.000000000000000  0.437392382452911  0.094012734461793  0.468460723436213  0.968618189226628  0.031445556984306  0.037317599596081  0.962594443101751  0.031250000000000  0.369590607818461  0.329419987933535 
86.0    G  0.546388869550476  0.027950153180706  0.017664540111322  0.052556025953357  0.000000000000000  0.089684345912919  0.000000000000000  0.000000000000000  0.032486857349227  0.026387527731993  0.000000000000000  0.000000000000000  0.117196387057139  0.010096506489355  0.004468480364077  0.028242272710971  0.010709240663904  0.036021448337465  0.000000000000000  0.000000000000000  0.915733686418126  0.023357019509921  0.060917476930722  0.777007268784049  0.222982129855023  0.813943185070435  0.186209682890338  0.045847917005229  0.484980955170867  0.093492859897649 
87.0    A  0.426613049056034  0.000000000000000  0.037136972033029  0.092141826080694  0.000000000000000  0.058557590429527  0.000000000000000  0.000000000000000  0.035036439938391  0.007254037908646  0.000000000000000  0.011218316489246  0.160650792183672  0.057035343033966  0.018853811245637  0.040246300922182  0.047662551664259  0.007572576694805  0.000000000000000  0.000000000000000  0.782954296256543  0.188416863694798  0.028438713252528  0.632439771176968  0.367546834097260  0.264071406337964  0.736113431084089  0.032173127607312  0.297507924076669  0.321301584367343 
88.0    K  0.498615625676035  0.018684684324627  0.012344395497865  0.161432168787792  0.000000000000000  0.039857637239955  0.000000000000000  0.011493802701998  0.079000193653300  0.000000000000000  0.000000000000000  0.000000000000000  0.074171049853533  0.025701564647265  0.005535771080110  0.015920174947136  0.025648175275328  0.031664278129971  0.000000000000000  0.000000000000000  0.817902058557781  0.134903529563053  0.046908721797324  0.328507906787343  0.671286251390132  0.496546247718518  0.503477775028359  0.032486857349227  0.327598350964591  0.308213081365952 
89.0    E  0.288771446138396  0.000000000000000  0.028755864082027  0.349654020684615  0.000000000000000  0.041810236087066  0.019011286853657  0.000000000000000  0.068773663085384  0.000000000000000  0.000000000000000  0.000000000000000  0.115663053504732  0.006744840301363  0.000000000000000  0.019559319666469  0.016198454703433  0.044966674375338  0.000000000000000  0.000000000000000  0.895025070927972  0.103163176064082  0.002103489016002  0.936921446872426  0.062934721878545  0.820172911196726  0.179866697501352  0.031708204580653  0.359733395002705  0.324434691734796 
90.0    E  0.250867937127376  0.000000000000000  0.011226095129250  0.164140140678019  0.000000000000000  0.007572576694805  0.000000000000000  0.008875228631146  0.280874975757911  0.000000000000000  0.000000000000000  0.000000000000000  0.082755556899712  0.022405550750247  0.026096497482137  0.032940356977836  0.032374461361251  0.079770548051810  0.000000000000000  0.000000000000000  0.921464186198704  0.020361674208801  0.058395459180199  0.523768063549899  0.476318999021969  0.628506687260914  0.371645746107754  0.029894004940371  0.464258426153364  0.455966582759885 
91.0    E  0.235696133979560  0.000000000000000  0.014043048853297  0.202080217201392  0.000000000000000  0.004180815228229  0.000000000000000  0.000000000000000  0.392020227037869  0.015953314464175  0.000000000000000  0.003547454756725  0.037421209519342  0.000000000000000  0.032150834621674  0.008292368819920  0.012284645189693  0.042393885232740  0.000000000000000  0.000000000000000  0.956608158091874  0.003353771236085  0.039857637239955  0.715984370600572  0.284007316196672  0.924022572446823  0.076309157041821  0.030670595745421  0.497579860910041  0.386891248385597 
92.0    K  0.136786712657592  0.000000000000000  0.012490716099257  0.354780839050096  0.000000000000000  0.004958089398515  0.000000000000000  0.000000000000000  0.239483804555674  0.028399316139016  0.007340021478234  0.000000000000000  0.050660319992832  0.004239177233913  0.016561762240583  0.022467758325734  0.006987538295177  0.114864110434881  0.000000000000000  0.000000000000000  0.956608158091874  0.027035521580781  0.016619260513956  0.542614685940904  0.457549584063964  0.860352630611440  0.139370777340962  0.030691862351981  0.449377563305515  0.434973676354325 
93.0    K  0.140048651774272  0.000000000000000  0.036676505571292  0.488015880388112  0.000000000000000  0.012267626854275  0.000000000000000  0.000000000000000  0.157672176103906  0.000000000000000  0.000000000000000  0.000000000000000  0.042042725266307  0.019316800951890  0.017579038823263  0.035797434311867  0.008478354467827  0.042276507220321  0.000000000000000  0.000000000000000  0.976031760776225  0.010387555532670  0.013322420183874  1.000000000000000  0.000000000000000  0.574349177498517  0.425726853874473  0.029769937438873  0.487677730763821  0.456915725114700 
94.0    K  0.233905874457850  0.000000000000000  0.001919571481534  0.258099633870810  0.000000000000000  0.019627224705368  0.000000000000000  0.000000000000000  0.337509496280686  0.000000000000000  0.000000000000000  0.021898866391887  0.047006367230897  0.002931795112333  0.033866436463899  0.011233879162867  0.014782150730087  0.017337023001060  0.000000000000000  0.000000000000000  0.964598184584138  0.018958649378886  0.016458766186794  0.232451235653290  0.767373048000443  0.377356492130140  0.622868707784737  0.029441602309525  0.464258426153364  0.458502021602336 
95.0    E  0.089808761034004  0.000000000000000  0.014258835758491  0.155070912214424  0.000000000000000  0.009698652277548  0.000000000000000  0.000000000000000  0.568408486618007  0.012940166583352  0.001874861837967  0.004739662344721  0.041521431690516  0.004664699949510  0.056133273305246  0.003692977018558  0.012174446557195  0.025172634095273  0.000000000000000  0.000000000000000  0.958599438492977  0.033772668813730  0.007478683267151  0.911301280637141  0.088510964888409  0.484980955170867  0.515126976810037  0.030185510278901  0.456599125005996  0.450312989923965 
96.0    P  0.059539874877746  0.000000000000000  0.041091961256408  0.364755086060044  0.000000000000000  0.001833733881475  0.000000000000000  0.000000000000000  0.317537745634697  0.017421347167620  0.005770851810869  0.012327294388320  0.028359973603661  0.006679704514781  0.026700304402804  0.040414029121484  0.003381783459061  0.074222479129588  0.000000000000000  0.000000000000000  0.958599438492977  0.021388809579560  0.020249077584896  0.759962428200758  0.240315232097190  0.496890546661277  0.503128911748891  0.029894004940371  0.472701058375372  0.459138081150462 
97.0    E  0.053996136712517  0.004477781975501  0.025755065154789  0.659296807246183  0.000000000000000  0.001659541013943  0.004575039770386  0.005161478147103  0.075782051191359  0.000000000000000  0.000000000000000  0.000000000000000  0.055475708579344  0.011017952816284  0.029360085912938  0.029016151634585  0.003654779288404  0.040949793870574  0.000000000000000  0.000000000000000  0.949342120950519  0.026589491547079  0.023897441841918  0.256316809472148  0.743806881217253  0.126394010106413  0.873572895916694  0.030734439813320  0.440740078953585  0.436483795566881 
98.0    P  0.039091533753540  0.000000000000000  0.021657341963288  0.522317881432116  0.000000000000000  0.007391075365044  0.003532731943598  0.017325010056298  0.100690536381094  0.005269931774764  0.000000000000000  0.031206708315657  0.096924150793376  0.012284645189693  0.052012420919470  0.068630800861691  0.000000000000000  0.021747599872361  0.000000000000000  0.000000000000000  0.982820598545251  0.012753172596108  0.004449935067274  0.590905773467183  0.408951029278891  0.768437590644006  0.231486505631831  0.030416542942445  0.451876363375543  0.404721108273704 
99.0    E  0.028775803037658  0.000000000000000  0.016665402825496  0.385018587118036  0.004687388212395  0.013021143861863  0.000000000000000  0.004879672365834  0.180616299740441  0.007710285514733  0.000000000000000  0.011086901220315  0.089126607335259  0.006829520471956  0.012378668920703  0.227825320159285  0.000000000000000  0.007504647374637  0.000000000000000  0.003809982271592  0.988285651500733  0.000880737674201  0.010919116967586  1.000000000000000  0.000000000000000  0.301660979930191  0.698339266233699  0.028775803037658  0.500000000000000  0.470413053756894 
100.0    S  0.012806321994336  0.000000000000000  0.060580613558442  0.719466790005410  0.000000000000000  0.005640348420010  0.000000000000000  0.000000000000000  0.056916864599499  0.000000000000000  0.000000000000000  0.011605882192663  0.030628106729433  0.004322255285517  0.063592480756418  0.021868529149925  0.000000000000000  0.012378668920703  0.000000000000000  0.000000000000000  0.977385766410805  0.003118353071706  0.019451159927846  1.000000000000000  0.000000000000000  0.531447837179277  0.468460723436213  0.029016151634585  0.496546247718518  0.462331639056850 
101.0    E  0.015050967094065  0.007807086663988  0.053289680735497  0.717474767303352  0.000000000000000  0.033215489823705  0.002638621258859  0.000000000000000  0.014130927774392  0.000000000000000  0.000000000000000  0.001932923157061  0.011125392153102  0.008716713455664  0.018048215383650  0.083910781423766  0.023067412588794  0.009492474936758  0.000000000000000  0.000000000000000  0.908778116448520  0.003508329581578  0.087777804733625  0.222056698960601  0.778085176555419  0.351111218934499  0.648869383469592  0.029036271070341  0.494828328207603  0.454389058224260 
102.0    S  0.033400187225344  0.000000000000000  0.028047189083352  0.267201497802752  0.006777645993376  0.027853452996780  0.000000000000000  0.000000000000000  0.006007581372149  0.002769804757186  0.008686555918102  0.000000000000000  0.045752677998301  0.000000000000000  0.016734856612366  0.521594296764929  0.012421644546078  0.013452331067795  0.000000000000000  0.009245711107442  0.983502074026248  0.009277809891199  0.007036140467562  0.950000382874886  0.050032175666019  0.913198250011992  0.086990399489444  0.030227385300435  0.484980955170867  0.355026839635857 
103.0    D  0.016333751565706  0.000000000000000  0.581560020773925  0.274332984394811  0.000000000000000  0.005758864130043  0.000000000000000  0.017960857000542  0.005097480264410  0.000000000000000  0.007704943003854  0.020717590004667  0.025844480263852  0.000000000000000  0.005321320447814  0.018814646581741  0.007259067767585  0.011430243911753  0.000000000000000  0.001693237428740  0.987600861445373  0.000990194804482  0.011257263662796  0.500000000000000  0.500000000000000  0.407536166201313  0.592546385470791  0.029400815859806  0.499653546495226  0.477310507069858 
104.0    D  0.034674046002120  0.000000000000000  0.559030925482931  0.215237297084726  0.000000000000000  0.048462075396688  0.000000000000000  0.021990130864459  0.005006437203751  0.023963791557392  0.014209503934386  0.003941607944706  0.000000000000000  0.000000000000000  0.015920174947136  0.004406961474439  0.019505164826588  0.015261070765035  0.015942260300757  0.002314634318245  0.948026965128645  0.048093975630027  0.003554839156566  0.662962880149329  0.337275633584925  0.235532818476202  0.764718138941384  0.029056404456661  0.420739741142690  0.468136123717246 
105.0    D  0.018827692421794  0.000000000000000  0.756808396484790  0.052811649025782  0.000000000000000  0.032441852204471  0.000000000000000  0.002841759147724  0.005237158560861  0.000000000000000  0.012859692894980  0.021747599872361  0.015744590006414  0.004809157864629  0.024569290379385  0.017799740269096  0.033238521027912  0.000000000000000  0.000000000000000  0.000000000000000  0.990342871933025  0.009532035236502  0.000000000000000  0.691595314505482  0.308213081365952  0.295248165357383  0.704660377571010  0.029584800976147  0.489031736723670  0.451876363375543 
106.0    M  0.007411596212035  0.000000000000000  0.003562238927812  0.024163948045479  0.051260806949795  0.033725882390763  0.018529914053296  0.052738487258126  0.010979833595365  0.097463105326415  0.580351957191860  0.000000000000000  0.008396477912934  0.000000000000000  0.009691932013401  0.021285281791258  0.010679589468295  0.022343515411901  0.033842970172685  0.013574096642978  0.977385766410805  0.006197920649931  0.016653855251062  0.774319027853220  0.225781627537956  0.791685865871272  0.208338301789805  0.029728696135369  0.485317234884773  0.466516495768404 
107.0    G  0.045943354262158  0.000000000000000  0.055360469943898  0.007385954037115  0.005624731712948  0.793883930931653  0.000000000000000  0.005547294369310  0.000000000000000  0.005009908604540  0.012149156810665  0.007572576694805  0.004474679288983  0.000000000000000  0.006934463572418  0.006011746953753  0.000000000000000  0.036271997324491  0.007758535120602  0.000000000000000  0.950659101229818  0.017506081471784  0.031995215638389  0.552865326660134  0.447202450891303  0.192910021882367  0.807201074504765  0.030269318413332  0.477641468191219  0.470087101254563 
108.0    F  0.013849714049920  0.009194583884522  0.012395841299862  0.000000000000000  0.722465198961763  0.034915223064757  0.000000000000000  0.007960087473568  0.000000000000000  0.056562903930182  0.074583483939483  0.000000000000000  0.000000000000000  0.000000000000000  0.015668381810954  0.008584798574819  0.006323767316777  0.037421209519342  0.000000000000000  0.000000000000000  0.953959550547558  0.042423280621250  0.003358423774387  0.440434687063490  0.559418550517856  0.882091365197176  0.117684808067651  0.030332327180298  0.440740078953585  0.426613049056034 
109.0    G  0.038633601903780  0.004600479646855  0.080996310339583  0.000000000000000  0.007169061580558  0.616426162731903  0.000000000000000  0.003700664338278  0.005269931774764  0.036423162441705  0.000000000000000  0.006358931133363  0.005806964782934  0.000000000000000  0.017664540111322  0.142102121654502  0.020404059173264  0.009131072254385  0.005190178961314  0.000000000000000  0.924022572446823  0.076203443379769  0.000000000000000  0.979420297586927  0.020674553748564  0.609205131837596  0.390934821564297  0.030416542942445  0.393926943024673  0.480297431976738 
110.0    L  0.000000000000000  0.017385158134138  0.002543445682752  0.000000000000000  0.023552107961850  0.009368280576493  0.004556052225736  0.020617311105826  0.000000000000000  0.753145233316906  0.067171823303469  0.004825854051277  0.019316800951890  0.000000000000000  0.004600479646855  0.004477781975501  0.021065120808392  0.034722147770472  0.012886461697033  0.000000000000000  0.985549336939371  0.014258835758491  0.000000000000000  0.591725510876286  0.408101523075451  1.000000000000000  0.000000000000000  0.029502888098445  0.483303048532487  0.493800430722686 
111.0    F  0.000000000000000  0.026241609154504  0.000000000000000  0.000000000000000  0.881480157907170  0.000000000000000  0.000000000000000  0.014751444049223  0.000000000000000  0.027073026762503  0.000000000000000  0.021108970070869  0.000000000000000  0.000000000000000  0.000000000000000  0.020333466491280  0.000000000000000  0.003431369016556  0.005436899968090  0.000000000000000  0.964598184584138  0.035060733766578  0.000000000000000  0.345079338349157  0.654742711541783  0.000000000000000  0.000000000000000  0.030290306779221  0.456282744271726  1.000000000000000 
112.0    D  0.000000000000000  0.000000000000000  0.700278160443602  0.025862400502444  0.011171757705951  0.127892183716804  0.025016087833009  0.000000000000000  0.000000000000000  0.005425605999082  0.000000000000000  0.005255340658288  0.003892735401671  0.000000000000000  0.014487977288054  0.046520164223954  0.028716027608720  0.000000000000000  0.005478512697822  0.000000000000000  1.000000000000000  0.000000000000000  0.000000000000000  1.000000000000000  0.000000000000000  0.000000000000000  0.000000000000000  0.030585676574920  1.000000000000000  1.000000000000000 
