No:  residues  hmm_col_1  hmm_col_2  hmm_col_3  hmm_col_4  hmm_col_5  hmm_col_6  hmm_col_7  hmm_col_8  hmm_col_9  hmm_col_10  hmm_col_11  hmm_col_12  hmm_col_13  hmm_col_14  hmm_col_15  hmm_col_16  hmm_col_17  hmm_col_18  hmm_col_19  hmm_col_20  hmm_col_21   hmm_col_22   hmm_col_23   hmm_col_24   hmm_col_25   hmm_col_26   hmm_col_27   hmm_col_28   hmm_col_29   hmm_col_30   
1.0    M  0.000000000000000  0.006189334460351  0.000000000000000  0.000000000000000  0.000000000000000  0.000000000000000  0.005489916797682  0.015581738302376  0.000000000000000  0.000000000000000  0.936272247434492  0.000000000000000  0.020919613390288  0.000000000000000  0.000000000000000  0.000000000000000  0.000000000000000  0.015843116871719  0.000000000000000  0.000000000000000  1.000000000000000  0.000000000000000  0.000000000000000  0.000000000000000  0.000000000000000  0.000000000000000  0.000000000000000  0.088879838161705  1.000000000000000  1.000000000000000 
2.0    F  0.088388347648318  0.000000000000000  0.020489093972119  0.000000000000000  0.778624691061662  0.000000000000000  0.020948634243443  0.000000000000000  0.000000000000000  0.028935813203979  0.005069292058356  0.004930672000438  0.000000000000000  0.000000000000000  0.000000000000000  0.020207014560742  0.000000000000000  0.032240099353167  0.000000000000000  0.000000000000000  0.979420297586927  0.000000000000000  0.020919613390288  0.000000000000000  0.000000000000000  0.000000000000000  0.000000000000000  0.088879838161705  1.000000000000000  1.000000000000000 
3.0    T  0.000000000000000  0.000000000000000  0.000000000000000  0.000000000000000  0.108743419088581  0.000000000000000  0.000000000000000  0.018998113799736  0.000000000000000  0.000000000000000  0.000000000000000  0.000000000000000  0.086809695985319  0.025844480263852  0.000000000000000  0.043555538708983  0.715984370600572  0.000000000000000  0.000000000000000  0.000000000000000  0.995849753094458  0.000000000000000  0.003985565075189  0.000000000000000  0.000000000000000  0.772175133091785  0.227509706020225  0.089498046325071  1.000000000000000  0.485653747770817 
4.0    L  0.000000000000000  0.000000000000000  0.000000000000000  0.000000000000000  0.006271385849343  0.006228066222973  0.000000000000000  0.000000000000000  0.015592542484360  0.606676780124346  0.299784978447778  0.000000000000000  0.000000000000000  0.000000000000000  0.000000000000000  0.015865095326085  0.024097044146999  0.025471010387582  0.000000000000000  0.000000000000000  1.000000000000000  0.000000000000000  0.000000000000000  0.000000000000000  0.000000000000000  1.000000000000000  0.000000000000000  0.088756709908964  1.000000000000000  0.495858365369147 
5.0    K  0.000000000000000  0.000000000000000  0.000000000000000  0.036752851571593  0.000000000000000  0.000000000000000  0.000000000000000  0.000000000000000  0.920825697205040  0.000000000000000  0.000000000000000  0.011446100582901  0.000000000000000  0.000000000000000  0.022765611154656  0.000000000000000  0.007965606898423  0.000000000000000  0.000000000000000  0.000000000000000  1.000000000000000  0.000000000000000  0.000000000000000  0.000000000000000  0.000000000000000  0.000000000000000  0.000000000000000  0.088572337281764  1.000000000000000  1.000000000000000 
6.0    K  0.000000000000000  0.000000000000000  0.000000000000000  0.015843116871719  0.000000000000000  0.000000000000000  0.000000000000000  0.000000000000000  0.951977908497532  0.000000000000000  0.000000000000000  0.000000000000000  0.000000000000000  0.000000000000000  0.000000000000000  0.020905118043533  0.011359160291565  0.000000000000000  0.000000000000000  0.000000000000000  1.000000000000000  0.000000000000000  0.000000000000000  0.000000000000000  0.000000000000000  0.000000000000000  0.000000000000000  0.088572337281764  1.000000000000000  1.000000000000000 
7.0    S  0.000000000000000  0.000000000000000  0.000000000000000  0.000000000000000  0.029625842660270  0.000000000000000  0.010012874407502  0.015843116871719  0.000000000000000  0.008807815719886  0.000000000000000  0.000000000000000  0.148342099707066  0.022343515411901  0.000000000000000  0.735093668194520  0.026867390195094  0.000000000000000  0.000000000000000  0.003307598876416  1.000000000000000  0.000000000000000  0.000000000000000  0.000000000000000  0.000000000000000  0.000000000000000  0.000000000000000  0.088572337281764  1.000000000000000  1.000000000000000 
8.0    L  0.000000000000000  0.054484889971066  0.000000000000000  0.000000000000000  0.028835702895431  0.000000000000000  0.000000000000000  0.012378668920703  0.003066906713569  0.749499800877774  0.109045338221345  0.031973045929201  0.004951220789197  0.000000000000000  0.000000000000000  0.000000000000000  0.000000000000000  0.005839254877480  0.000000000000000  0.000000000000000  1.000000000000000  0.000000000000000  0.000000000000000  0.000000000000000  0.000000000000000  0.000000000000000  0.000000000000000  0.088572337281764  1.000000000000000  1.000000000000000 
9.0    L  0.000000000000000  0.020905118043533  0.000000000000000  0.000000000000000  0.170873431492726  0.000000000000000  0.000000000000000  0.057352492644460  0.009712106788312  0.666649338545599  0.000000000000000  0.011477879947487  0.000000000000000  0.000000000000000  0.000000000000000  0.000000000000000  0.000000000000000  0.019887420863687  0.000000000000000  0.043015487549709  1.000000000000000  0.000000000000000  0.000000000000000  0.000000000000000  0.000000000000000  0.000000000000000  0.000000000000000  0.088572337281764  1.000000000000000  1.000000000000000 
10.0    V  0.000000000000000  0.000000000000000  0.000000000000000  0.000000000000000  0.024757337841405  0.031973045929201  0.003157503393772  0.012352954946937  0.000000000000000  0.798851916449148  0.000000000000000  0.000000000000000  0.003917095452739  0.000000000000000  0.022343515411901  0.054484889971066  0.000000000000000  0.048428495684948  0.000000000000000  0.000000000000000  0.977385766410805  0.000000000000000  0.022343515411901  0.000000000000000  0.000000000000000  0.000000000000000  0.000000000000000  0.088572337281764  1.000000000000000  1.000000000000000 
11.0    L  0.000000000000000  0.000000000000000  0.000000000000000  0.000000000000000  0.111878133865997  0.000000000000000  0.000000000000000  0.088879838161705  0.000000000000000  0.635956503371787  0.000000000000000  0.000000000000000  0.000000000000000  0.000000000000000  0.007011797270838  0.000000000000000  0.000000000000000  0.156366135014158  0.000000000000000  0.000000000000000  1.000000000000000  0.000000000000000  0.000000000000000  0.000000000000000  0.000000000000000  0.000000000000000  1.000000000000000  0.091378590525002  1.000000000000000  0.485317234884773 
12.0    F  0.033492920704259  0.000000000000000  0.000000000000000  0.000000000000000  0.719466790005410  0.000000000000000  0.000000000000000  0.000000000000000  0.000000000000000  0.163119368461120  0.000000000000000  0.000000000000000  0.000000000000000  0.000000000000000  0.000000000000000  0.056133273305246  0.006323767316777  0.021522656974737  0.000000000000000  0.000000000000000  1.000000000000000  0.000000000000000  0.000000000000000  0.000000000000000  0.000000000000000  0.000000000000000  1.000000000000000  0.091378590525002  1.000000000000000  0.485317234884773 
13.0    F  0.000000000000000  0.000000000000000  0.000000000000000  0.000000000000000  0.920825697205040  0.000000000000000  0.000000000000000  0.006578616825066  0.000000000000000  0.017373111836205  0.033492920704259  0.000000000000000  0.000000000000000  0.000000000000000  0.000000000000000  0.000000000000000  0.000000000000000  0.022005378545501  0.000000000000000  0.000000000000000  1.000000000000000  0.000000000000000  0.000000000000000  0.000000000000000  0.000000000000000  1.000000000000000  0.000000000000000  0.091315273659105  1.000000000000000  0.485317234884773 
14.0    L  0.000000000000000  0.000000000000000  0.000000000000000  0.000000000000000  0.046359216682535  0.015538596385519  0.000000000000000  0.018338252785646  0.000000000000000  0.852044095074866  0.000000000000000  0.000000000000000  0.000000000000000  0.000000000000000  0.022343515411901  0.000000000000000  0.031973045929201  0.013592927386073  0.000000000000000  0.000000000000000  1.000000000000000  0.000000000000000  0.000000000000000  0.000000000000000  0.000000000000000  0.000000000000000  0.000000000000000  0.088510964888409  1.000000000000000  1.000000000000000 
15.0    G  0.033215489823705  0.000000000000000  0.000000000000000  0.000000000000000  0.000000000000000  0.925304428037852  0.000000000000000  0.031973045929201  0.000000000000000  0.000000000000000  0.000000000000000  0.000000000000000  0.000000000000000  0.000000000000000  0.009712106788312  0.000000000000000  0.000000000000000  0.000000000000000  0.000000000000000  0.000000000000000  1.000000000000000  0.000000000000000  0.000000000000000  0.000000000000000  0.000000000000000  0.000000000000000  0.000000000000000  0.088510964888409  1.000000000000000  1.000000000000000 
16.0    I  0.034650020112596  0.000000000000000  0.000000000000000  0.000000000000000  0.021270533070304  0.000000000000000  0.031973045929201  0.126657112519886  0.000000000000000  0.106653262264008  0.095988141856381  0.000000000000000  0.075102253095428  0.000000000000000  0.000000000000000  0.020760715845258  0.468136123717246  0.018984949873516  0.000000000000000  0.000000000000000  1.000000000000000  0.000000000000000  0.000000000000000  0.000000000000000  0.000000000000000  0.000000000000000  0.000000000000000  0.088510964888409  1.000000000000000  1.000000000000000 
17.0    V  0.000000000000000  0.031973045929201  0.000000000000000  0.000000000000000  0.038929294236546  0.000000000000000  0.000000000000000  0.598739352309464  0.000000000000000  0.029278795214763  0.000000000000000  0.000000000000000  0.000000000000000  0.000000000000000  0.000000000000000  0.047038960856596  0.000000000000000  0.254017535748425  0.000000000000000  0.000000000000000  1.000000000000000  0.000000000000000  0.000000000000000  0.000000000000000  0.000000000000000  0.000000000000000  0.000000000000000  0.087960523457837  1.000000000000000  1.000000000000000 
18.0    S  0.005193777766335  0.000000000000000  0.010583788886604  0.000000000000000  0.031973045929201  0.000000000000000  0.000000000000000  0.000000000000000  0.029977003728915  0.000000000000000  0.000000000000000  0.200823499189258  0.083968964107581  0.000000000000000  0.000000000000000  0.609627547038152  0.028008334361544  0.000000000000000  0.000000000000000  0.000000000000000  0.977385766410805  0.022343515411901  0.000000000000000  0.250000000000000  0.750019494642909  0.000000000000000  0.000000000000000  0.087960523457837  0.485317234884773  1.000000000000000 
19.0    L  0.000000000000000  0.000000000000000  0.000000000000000  0.000000000000000  0.087231922757635  0.000000000000000  0.000000000000000  0.031642337729703  0.000000000000000  0.754190038343289  0.006638164055771  0.000000000000000  0.000000000000000  0.000000000000000  0.000000000000000  0.026904662135591  0.000000000000000  0.033655824256033  0.000000000000000  0.059912464905811  1.000000000000000  0.000000000000000  0.000000000000000  0.000000000000000  0.000000000000000  0.000000000000000  0.000000000000000  0.087960523457837  1.000000000000000  1.000000000000000 
20.0    S  0.015271652600169  0.000000000000000  0.000000000000000  0.000000000000000  0.058598193528569  0.000000000000000  0.000000000000000  0.000000000000000  0.000000000000000  0.082240907814313  0.008116086744513  0.000000000000000  0.005734963422008  0.000000000000000  0.000000000000000  0.820172911196726  0.010117523428550  0.000000000000000  0.000000000000000  0.000000000000000  1.000000000000000  0.000000000000000  0.000000000000000  0.000000000000000  0.000000000000000  0.000000000000000  0.000000000000000  0.087960523457837  1.000000000000000  1.000000000000000 
21.0    V  0.000000000000000  0.012850782323632  0.000000000000000  0.000000000000000  0.116790918360398  0.000000000000000  0.000000000000000  0.096455010941183  0.000000000000000  0.634635443009902  0.013303964183577  0.006564951189323  0.028164076956588  0.000000000000000  0.000000000000000  0.047038960856596  0.000000000000000  0.022097086912080  0.000000000000000  0.022343515411901  1.000000000000000  0.000000000000000  0.000000000000000  0.000000000000000  0.000000000000000  0.000000000000000  0.000000000000000  0.087960523457837  1.000000000000000  1.000000000000000 
22.0    C  0.031055659166330  0.833353207159218  0.000000000000000  0.015527829583165  0.007198938954677  0.003520509619574  0.000000000000000  0.000000000000000  0.000000000000000  0.000000000000000  0.000000000000000  0.000000000000000  0.000000000000000  0.000000000000000  0.028458432299749  0.015997607819194  0.000000000000000  0.059912464905811  0.000000000000000  0.005233529696984  0.990342871933025  0.002611329092588  0.007375722024611  1.000000000000000  0.000000000000000  0.000000000000000  0.000000000000000  0.087960523457837  0.496890546661277  1.000000000000000 
23.0    D  0.000000000000000  0.000000000000000  0.076521024525013  0.628506687260914  0.005656008485858  0.014988501864457  0.000000000000000  0.000000000000000  0.034244117701490  0.005037766604125  0.000000000000000  0.000000000000000  0.000000000000000  0.106357966188318  0.065698306817982  0.031250000000000  0.000000000000000  0.027892092858531  0.000000000000000  0.003993861447695  0.994470168673214  0.005802941096331  0.000000000000000  1.000000000000000  0.000000000000000  0.244515868361835  0.755236292781413  0.088204740213043  0.497235084336607  0.496202187342909 
24.0    Q  0.000000000000000  0.000000000000000  0.063284675459406  0.452503231441453  0.000000000000000  0.026187097958373  0.013564691056266  0.000000000000000  0.070560275300383  0.000000000000000  0.012430257558671  0.010881339692727  0.014998894703733  0.299577255334855  0.021777769354492  0.010709240663904  0.000000000000000  0.003747125466114  0.000000000000000  0.000000000000000  0.999307092990453  0.000650573645064  0.000000000000000  0.250000000000000  0.750019494642909  0.000000000000000  1.000000000000000  0.088204740213043  0.500000000000000  0.497579860910041 
25.0    K  0.004355336791905  0.000000000000000  0.006881791985367  0.792234810924969  0.000000000000000  0.007525483547032  0.022498926851792  0.000000000000000  0.071446145963377  0.000000000000000  0.000000000000000  0.010237448467643  0.000000000000000  0.007796271242180  0.068109507013333  0.000000000000000  0.000000000000000  0.008986655416802  0.000000000000000  0.000000000000000  0.997922718999051  0.000000000000000  0.002152158429447  0.000000000000000  0.000000000000000  0.000000000000000  1.000000000000000  0.088204740213043  1.000000000000000  0.496890546661277 
26.0    R  0.007203930608692  0.000000000000000  0.000000000000000  0.063813257856700  0.000000000000000  0.010467059393968  0.000000000000000  0.000000000000000  0.169106028881284  0.000000000000000  0.000000000000000  0.005695349136002  0.000000000000000  0.012430257558671  0.683967651951245  0.017241152188156  0.030269318413332  0.000000000000000  0.000000000000000  0.000000000000000  0.991029563264079  0.003584530790279  0.005695349136002  0.500000000000000  0.500000000000000  0.343409058357406  0.656560562712076  0.088204740213043  0.499307333050514  0.493800430722686 
27.0    D  0.031423768137452  0.000000000000000  0.379717922453632  0.033469713224733  0.000000000000000  0.122597375498569  0.024501264189867  0.000000000000000  0.008138620539127  0.000000000000000  0.063813257856700  0.175555609467250  0.000000000000000  0.000000000000000  0.135371880690741  0.019410754402882  0.002640450845758  0.000000000000000  0.000000000000000  0.003486511607316  0.972654947412286  0.002231145013376  0.025277542136304  0.199990032083188  0.799960128332753  0.000000000000000  1.000000000000000  0.088082547196376  0.500000000000000  0.490049707670935 
28.0    A  0.716977624007914  0.000000000000000  0.043615961378818  0.115984184558910  0.000000000000000  0.004126115724031  0.000000000000000  0.000000000000000  0.000000000000000  0.026830169888680  0.000000000000000  0.006167920989848  0.043164826504496  0.014957366534302  0.000000000000000  0.006155108484761  0.006721504926652  0.015345931175990  0.000000000000000  0.000000000000000  0.931094819830229  0.042747978246953  0.025880333166705  0.754190038343289  0.245705149636313  0.675018992561373  0.325110036637120  0.089498046325071  0.466516495768404  0.472701058375372 
29.0    D  0.022189177477241  0.000000000000000  0.494828328207603  0.248101093671455  0.000000000000000  0.022923958502614  0.023552107961850  0.000000000000000  0.032150834621674  0.000000000000000  0.039010329653175  0.093752436830364  0.000000000000000  0.014771908074230  0.000000000000000  0.000000000000000  0.008795613954193  0.000000000000000  0.000000000000000  0.000000000000000  0.982820598545251  0.017122058850745  0.000000000000000  0.555169416814320  0.444729496768949  0.714497069870547  0.285190928967106  0.088449635020416  0.490389501994276  0.461371246326899 
30.0    E  0.027603595358796  0.000000000000000  0.062978360025657  0.798298386356650  0.000000000000000  0.003337538050351  0.000000000000000  0.000000000000000  0.090183042928852  0.000000000000000  0.000000000000000  0.003346804510815  0.000000000000000  0.010202029586632  0.000000000000000  0.000000000000000  0.000000000000000  0.000000000000000  0.000000000000000  0.004007727130223  0.694959109921168  0.304813773519076  0.000000000000000  0.368822864270710  0.631126016056058  1.000000000000000  0.000000000000000  0.088265900274047  0.284007316196672  0.488354264481114 
31.0    E  0.004671171081157  0.000000000000000  0.263340258988709  0.470413053756894  0.000000000000000  0.013907433332070  0.000000000000000  0.004619652344704  0.077804639711386  0.000000000000000  0.000000000000000  0.055668306287918  0.000000000000000  0.000000000000000  0.109423916211783  0.000000000000000  0.000000000000000  0.000000000000000  0.000000000000000  0.000000000000000  0.913198250011992  0.071843428002167  0.014947002470186  0.348685916587601  0.651573574681647  0.000000000000000  1.000000000000000  0.088204740213043  0.411225034356232  0.499653546495226 
32.0    D  0.000000000000000  0.000000000000000  0.332171453524128  0.370873733460280  0.000000000000000  0.037551126547714  0.015103220266640  0.000000000000000  0.077804639711386  0.000000000000000  0.000000000000000  0.065743861200242  0.006763566918122  0.003601965304346  0.051048061944376  0.013536513381251  0.019117000642685  0.003980043736784  0.000000000000000  0.002771725305079  0.963929807740643  0.028557232819669  0.007411596212035  0.610896550836750  0.389312345530831  0.408667664244142  0.591315500122071  0.087838668762920  0.476318999021969  0.478967609111348 
33.0    G  0.021807980689409  0.000000000000000  0.090999346812443  0.186468003336433  0.000000000000000  0.344840230456765  0.000000000000000  0.000000000000000  0.017289021142067  0.003535181495636  0.013111713079790  0.100411749594629  0.039719740290802  0.053474689105163  0.075729541276890  0.028105572254617  0.000000000000000  0.020731955321831  0.000000000000000  0.003642134712644  0.955282936382437  0.006740166754239  0.038128140946007  0.181369025979272  0.818469181590804  0.649769531227720  0.350139080221801  0.087777804733625  0.497924876547229  0.478635729097649 
34.0    G  0.010995065432230  0.000000000000000  0.178129701768598  0.241316756217939  0.000000000000000  0.241651524266243  0.007556846325109  0.002662505092349  0.016277241078253  0.003094667230176  0.000000000000000  0.050520054300348  0.062456693311903  0.020179021098474  0.017039183322895  0.076097876166437  0.015092755139451  0.056838015737546  0.000000000000000  0.000000000000000  0.942784535918240  0.053996136712517  0.003424241098891  0.435577096071128  0.564482202403066  0.545631938527468  0.454389058224260  0.102877543159839  0.461691155364697  0.469110598250336 
35.0    E  0.011109979770213  0.000000000000000  0.201102092735479  0.545253866332629  0.000000000000000  0.053363607149453  0.007635826300084  0.008844522672740  0.072443496994028  0.000000000000000  0.003817913150042  0.006306258394568  0.000000000000000  0.019276674528273  0.002744958398841  0.002611329092588  0.000000000000000  0.062630100317477  0.000000000000000  0.003037289202666  0.932386486436833  0.022498926851792  0.045279442329840  0.404440674180870  0.595428424682484  0.226565484566834  0.773246337455317  0.102308647698850  0.489031736723670  0.474013482564323 
36.0    V  0.148342099707066  0.000000000000000  0.077320779917948  0.208338301789805  0.004581386520437  0.015187202937209  0.021838233935173  0.044594203303684  0.043254678626609  0.008967987608242  0.085673925311231  0.079384436408674  0.041694474052430  0.003936147501604  0.042807280623924  0.025970183174801  0.058638824781292  0.089498046325071  0.000000000000000  0.000000000000000  0.726482524785685  0.071198961076382  0.202360554136852  0.654742711541783  0.345318612035964  0.173018714506435  0.827023368443266  0.110490941382959  0.459138081150462  0.454074208860755 
37.0    T  0.046649324478030  0.000000000000000  0.059539874877746  0.140729823267095  0.000000000000000  0.085614561247848  0.000000000000000  0.024671683959392  0.198196034152571  0.000000000000000  0.035158077646525  0.012081974022739  0.000000000000000  0.022828818414776  0.120825762133122  0.022908074331081  0.187115373349086  0.043706752585577  0.000000000000000  0.000000000000000  0.950000382874886  0.013897796774030  0.035921714001084  0.450625231305415  0.549427108788440  0.804966137621122  0.195061370043426  0.108668070011253  0.491751037013124  0.329648403623092 
38.0    G  0.098618355106558  0.000000000000000  0.154748786354681  0.261702570493644  0.000000000000000  0.040893064732969  0.000000000000000  0.025541729015259  0.032554482156507  0.041406469282663  0.058112808913323  0.055861572647299  0.005982648426150  0.064212589961185  0.021974893748642  0.019077289260455  0.031401994388243  0.087960523457837  0.000000000000000  0.000000000000000  0.938221196500671  0.032441852204471  0.029421202016913  0.920825697205040  0.079000193653300  0.264621098718783  0.735603372927869  0.110108671765872  0.485990493990676  0.441963765531836 
39.0    E  0.060078808024298  0.000000000000000  0.006389859832483  0.509092599882310  0.000000000000000  0.008263679403269  0.000000000000000  0.002822129683444  0.050625217102003  0.006820059305733  0.000000000000000  0.018023212579063  0.000000000000000  0.030164594527242  0.006497047643554  0.124222636665319  0.004307301418238  0.168287508659598  0.000000000000000  0.004428396143666  0.985549336939371  0.014298424501999  0.000000000000000  1.000000000000000  0.000000000000000  0.526680517977418  0.473356815618357  0.111568371434122  0.490389501994276  0.424842499569325 
40.0    E  0.037369368649254  0.000000000000000  0.137071448573487  0.679714120953369  0.000000000000000  0.004013286872574  0.000000000000000  0.000000000000000  0.023195680791079  0.009194583884522  0.002873450675499  0.006280085865181  0.005006437203751  0.019050860844942  0.008161216897377  0.006569503244170  0.011646174896867  0.049790006017849  0.000000000000000  0.000000000000000  0.967276329613932  0.007960087473568  0.024757337841405  0.637722195839272  0.362235538638720  0.788946840852465  0.211246596103128  0.110185019738396  0.490729531926740  0.463936738235641 
41.0    V  0.016607744911852  0.000000000000000  0.023276210361292  0.198058702731242  0.000000000000000  0.002767885540055  0.000000000000000  0.181872585454345  0.064973714698455  0.017086491523197  0.041926319527571  0.018632951130166  0.000000000000000  0.008127345832203  0.007345110957103  0.000000000000000  0.007839623035230  0.411510172639354  0.000000000000000  0.000000000000000  0.988285651500733  0.010598471308185  0.000997082154011  0.252963300256732  0.746906728556171  0.868742185150623  0.131123665946868  0.109272327551297  0.490729531926740  0.478635729097649 
42.0    K  0.017050998078983  0.000000000000000  0.014199658069508  0.193177637411997  0.000000000000000  0.009827226342469  0.000000000000000  0.000000000000000  0.626766510220345  0.005730989625654  0.000000000000000  0.024501264189867  0.000000000000000  0.025190088484155  0.060538636826664  0.000000000000000  0.004690638388614  0.018274807250812  0.000000000000000  0.000000000000000  1.000000000000000  0.000000000000000  0.000000000000000  1.000000000000000  0.000000000000000  0.155933196489256  0.843815796130018  0.109272327551297  0.500000000000000  0.494485458190466 
43.0    R  0.033423346496414  0.000000000000000  0.010012874407502  0.006336930902946  0.000000000000000  0.019117000642685  0.000000000000000  0.012140738574751  0.219455449402380  0.046876218415182  0.005941323254848  0.017050998078983  0.000000000000000  0.004762715211236  0.619853849969493  0.005258984645612  0.000000000000000  0.000000000000000  0.000000000000000  0.000000000000000  0.981459063853479  0.009264957026648  0.009426905622818  0.454704125900367  0.545253866332629  0.000000000000000  1.000000000000000  0.109575715164504  0.494828328207603  0.495514781632040 
44.0    A  0.112422289018469  0.004465384122711  0.035133716368082  0.017193415771346  0.009453078822026  0.357000994921266  0.000000000000000  0.000000000000000  0.004180815228229  0.020818356642063  0.004195329967266  0.083852639055141  0.009374776424791  0.003022587878012  0.240815473505037  0.054258764225065  0.014229216149875  0.020235046857100  0.004782564032813  0.004502681042183  0.911301280637141  0.079604842207906  0.009303569135664  0.238986329398436  0.761016690419679  0.506628450079543  0.493458272942921  0.109575715164504  0.436483795566881  0.488692883205403 
45.0    A  0.056406295466402  0.008235089244459  0.016874633747389  0.028656376350146  0.237500095718722  0.018186352100033  0.000000000000000  0.136030305208850  0.017591227908387  0.249653666525257  0.040808118346529  0.017133931071686  0.007796271242180  0.010194960528820  0.055591187096119  0.005226279510883  0.014988501864457  0.057312752700292  0.015420571029466  0.006398724202030  0.886381699194867  0.030458738465361  0.083158065067543  0.429580377473592  0.570381857934212  0.280680355518402  0.719466790005410  0.109272327551297  0.470087101254563  0.472701058375372 
46.0    L  0.027834153143959  0.011743449047387  0.000000000000000  0.029543816148461  0.086509357253217  0.029543816148461  0.000000000000000  0.073658712988230  0.082240907814313  0.345318612035964  0.046102858033839  0.025242524300300  0.020717590004667  0.037603219562484  0.039912929974856  0.020645912588410  0.013003105229868  0.103880732699206  0.003721242179859  0.002929763650949  0.978741650397436  0.000000000000000  0.021403640311962  0.000000000000000  0.000000000000000  0.616853584904748  0.383154990051946  0.112890813768978  1.000000000000000  0.404721108273704 
47.0    K  0.043706752585577  0.000000000000000  0.060833085884890  0.063197005053207  0.005365766536834  0.113676031475092  0.000000000000000  0.000000000000000  0.073812041339346  0.025844480263852  0.000000000000000  0.055130710324824  0.162329825341235  0.029687511964840  0.066063627535086  0.130037533315248  0.046617000834108  0.082354996983384  0.041406469282663  0.000000000000000  0.959929261038908  0.023914012028479  0.016322433794754  0.177513419817928  0.822450068712464  0.000000000000000  1.000000000000000  0.104966436618018  0.481630947010074  0.447202450891303 
48.0    G  0.102521613899591  0.000000000000000  0.027814866664141  0.045911519789947  0.029441602309525  0.239816029831316  0.000000000000000  0.046746429948825  0.147931377719071  0.115582909764212  0.032849153408991  0.015625000000000  0.023083407243478  0.000000000000000  0.055092509869198  0.044904380517002  0.044935516651467  0.027814866664141  0.000000000000000  0.000000000000000  0.622437117691085  0.369334515895640  0.008099227351717  0.316000774613202  0.683967651951245  0.745872013345733  0.254017535748425  0.099925728794059  0.359733395002705  0.434371092575312 
49.0    C  0.078508898821470  0.171229122495696  0.000000000000000  0.000000000000000  0.082354996983384  0.004815829396343  0.004355336791905  0.130488990927715  0.043015487549709  0.185179974752540  0.020560226953578  0.000000000000000  0.009591685030586  0.003919811517615  0.034626010870779  0.038660389958974  0.034746223672410  0.148342099707066  0.009558500321343  0.000000000000000  0.800514810656303  0.141806935616994  0.057591511637419  0.238655253534929  0.761544369851631  0.137738139484576  0.862143545017596  0.103449602009776  0.443190849597434  0.481297221550876 
50.0    W  0.307359716813645  0.000000000000000  0.000000000000000  0.000000000000000  0.015484836926001  0.043434944370073  0.006210822273039  0.051012690384431  0.039254449410735  0.083910781423766  0.041897268486885  0.030437633391976  0.069685388670481  0.015187202937209  0.007259067767585  0.076946525834057  0.009978232493714  0.020861692238999  0.162217345867398  0.018919266936727  0.958599438492977  0.008507789182313  0.032803646363221  0.500000000000000  0.500000000000000  0.209061599978516  0.791137301185450  0.065063849855257  0.499653546495226  0.453130969133667 
51.0    T  0.238489887636890  0.000000000000000  0.000000000000000  0.019859870145401  0.013946046429265  0.132494097924660  0.000000000000000  0.054598305994793  0.042482132559586  0.068916822691807  0.043495199744722  0.000000000000000  0.046166814486955  0.021079727099058  0.006853230849475  0.086329653008991  0.117277649562584  0.090558884659680  0.007002083590386  0.010322956294205  0.832775770880549  0.099235491366457  0.068156733291579  0.307999518361439  0.692074858025740  0.367037659008526  0.632878296985140  0.068015152604425  0.471392267959120  0.450312989923965 
52.0    K  0.071347169195423  0.000000000000000  0.000000000000000  0.027129382112533  0.008662505028149  0.046714039019842  0.045310838527464  0.052410511527558  0.294226684304692  0.043224707156593  0.022987605403996  0.135465745855598  0.000000000000000  0.068298608693810  0.012824087637664  0.079109787123142  0.070805242830987  0.005076324462717  0.016424576704495  0.000000000000000  0.966606097064973  0.000000000000000  0.033261568201667  0.000000000000000  0.000000000000000  0.542990928161147  0.457232544749951  0.097665985021540  1.000000000000000  0.440129506781575 
53.0    S  0.074325444687670  0.024046987815013  0.000000000000000  0.000000000000000  0.045943354262158  0.102735023411856  0.000000000000000  0.112578247480991  0.048596627242660  0.158439065254303  0.032106294980593  0.030122806491895  0.009407323290870  0.000000000000000  0.033492920704259  0.074222479129588  0.019627224705368  0.207186226121998  0.000000000000000  0.027129382112533  0.990342871933025  0.009671799147168  0.000000000000000  0.183391668020915  0.816768991110023  0.629378586752429  0.370616752450709  0.092718433365070  0.495858365369147  0.461051558956316 
54.0    I  0.007334935525902  0.018607138271328  0.006232384686008  0.000000000000000  0.078563335907614  0.003549914517377  0.000000000000000  0.118750047859361  0.045122787360078  0.452816991508911  0.050310383601320  0.037525107108913  0.010294374622923  0.000000000000000  0.064748922722501  0.007324774191071  0.000000000000000  0.054939972556987  0.000000000000000  0.043949787497285  0.982820598545251  0.012015162744299  0.005125825213250  0.500000000000000  0.500000000000000  0.000000000000000  1.000000000000000  0.092014178885511  0.495171435966512  0.486664687079119 
55.0    P  0.030649343874642  0.000000000000000  0.144686277123765  0.068203992315933  0.014998894703733  0.020277168233425  0.020151066416498  0.012387252134536  0.020095273178603  0.051510130309578  0.000000000000000  0.056055509978876  0.421615555125056  0.042101049277053  0.022813000166477  0.022686848123498  0.018504243935213  0.000000000000000  0.000000000000000  0.033377044001495  0.995159721820083  0.000000000000000  0.004742948767168  0.000000000000000  0.000000000000000  0.410940093647425  0.588861394797491  0.091950421615984  1.000000000000000  0.484980955170867 
56.0    P  0.047695600280017  0.000000000000000  0.000000000000000  0.000000000000000  0.015898120189104  0.054901904264898  0.047563543151230  0.006028438183824  0.256494536334285  0.039885274025905  0.016008700359888  0.005489916797682  0.242322454233766  0.043254678626609  0.032690154368517  0.083388948104861  0.089684345912919  0.000000000000000  0.000000000000000  0.018697640050480  0.971307495541633  0.003594483010253  0.025102937398657  0.111105335145821  0.888842681166570  0.124050546835727  0.875998315067126  0.092205716067677  0.500000000000000  0.489710148793463 
57.0    K  0.101180277068426  0.019901210551977  0.014751444049223  0.000000000000000  0.012387252134536  0.073607674349686  0.000000000000000  0.255961725107111  0.107544078826430  0.187374950219443  0.026571067502006  0.005912565597537  0.008110463051118  0.025898278265250  0.045154074935110  0.000000000000000  0.012387252134536  0.094339123032535  0.008980428500271  0.000000000000000  0.916368644675351  0.083446768955994  0.000000000000000  0.517991381780009  0.481964903870322  0.337041932934264  0.662962880149329  0.094732285406900  0.451250363731215  0.481297221550876 
58.0    P  0.010096506489355  0.014387901518829  0.000000000000000  0.013574096642978  0.141218401821265  0.009112104451472  0.005168638437141  0.119493164699218  0.208049683677881  0.104385989928546  0.041752314949691  0.012744335833422  0.093169399174933  0.026663315566002  0.128425179922370  0.029894004940371  0.008698606392412  0.009162773040874  0.000000000000000  0.024046987815013  0.988970916380931  0.011233879162867  0.000000000000000  0.250000000000000  0.750019494642909  0.824733548610081  0.175312406330300  0.101110168545217  0.500000000000000  0.488354264481114 
59.0    C  0.000000000000000  0.845572287377516  0.000000000000000  0.012895397008010  0.012182888165802  0.035871950432969  0.000000000000000  0.000000000000000  0.012949139132625  0.000000000000000  0.000000000000000  0.016333751565706  0.000000000000000  0.000000000000000  0.020375792738415  0.014308338850283  0.000000000000000  0.019942637012952  0.000000000000000  0.009413846210897  0.993092495437036  0.006891338790603  0.000000000000000  0.500000000000000  0.500000000000000  1.000000000000000  0.000000000000000  0.098005056759467  0.497924876547229  0.500000000000000 
60.0    F  0.121245238792717  0.000000000000000  0.000000000000000  0.010089510549237  0.066063627535086  0.006232384686008  0.000000000000000  0.061298687749284  0.556325060292417  0.047828024056958  0.000000000000000  0.000000000000000  0.020249077584896  0.039747281460737  0.000000000000000  0.034578042284134  0.020560226953578  0.000000000000000  0.015997607819194  0.000000000000000  1.000000000000000  0.000000000000000  0.000000000000000  0.000000000000000  0.000000000000000  0.000000000000000  0.000000000000000  0.101742898133804  1.000000000000000  1.000000000000000 
61.0    G  0.087171479146900  0.000000000000000  0.000000000000000  0.000000000000000  0.036322315859941  0.475329550614909  0.000000000000000  0.091125586176036  0.022718320583130  0.000000000000000  0.000000000000000  0.000000000000000  0.000000000000000  0.000000000000000  0.000000000000000  0.089808761034004  0.000000000000000  0.197647279150986  0.000000000000000  0.000000000000000  0.975355461527642  0.024964122389036  0.000000000000000  0.500000000000000  0.500000000000000  0.000000000000000  0.000000000000000  0.147521792917025  0.499307333050514  1.000000000000000 
62.0    K  0.000000000000000  0.000000000000000  0.000000000000000  0.000000000000000  0.000000000000000  0.000000000000000  0.000000000000000  0.037733768483953  0.387965427137428  0.090684512989636  0.000000000000000  0.000000000000000  0.122342706299679  0.000000000000000  0.132035703168982  0.047994070928191  0.181369025979272  0.000000000000000  0.000000000000000  0.000000000000000  0.917639882311365  0.082526427563438  0.000000000000000  1.000000000000000  0.000000000000000  0.000000000000000  0.000000000000000  0.147521792917025  0.494142825750366  1.000000000000000 
63.0    R  0.000000000000000  0.085971363633734  0.000000000000000  0.000000000000000  0.000000000000000  0.121413436942704  0.000000000000000  0.000000000000000  0.143189737247470  0.000000000000000  0.000000000000000  0.085792776953432  0.078291527414008  0.000000000000000  0.389582289830250  0.095656048113917  0.000000000000000  0.000000000000000  0.000000000000000  0.000000000000000  1.000000000000000  0.000000000000000  0.000000000000000  1.000000000000000  0.000000000000000  0.000000000000000  0.000000000000000  0.223291463088190  1.000000000000000  1.000000000000000 
