No:  residues  hmm_col_1  hmm_col_2  hmm_col_3  hmm_col_4  hmm_col_5  hmm_col_6  hmm_col_7  hmm_col_8  hmm_col_9  hmm_col_10  hmm_col_11  hmm_col_12  hmm_col_13  hmm_col_14  hmm_col_15  hmm_col_16  hmm_col_17  hmm_col_18  hmm_col_19  hmm_col_20  hmm_col_21   hmm_col_22   hmm_col_23   hmm_col_24   hmm_col_25   hmm_col_26   hmm_col_27   hmm_col_28   hmm_col_29   hmm_col_30   
1.0    E  0.000000000000000  0.000000000000000  0.000000000000000  0.944747040997206  0.000000000000000  0.018048215383650  0.000000000000000  0.000000000000000  0.020418207092081  0.000000000000000  0.000000000000000  0.000000000000000  0.000000000000000  0.004703661645435  0.000000000000000  0.007704943003854  0.000000000000000  0.004198238956467  0.000000000000000  0.000000000000000  0.988285651500733  0.006223750752231  0.005433132701992  1.000000000000000  0.000000000000000  0.000000000000000  0.000000000000000  0.140827403562160  0.497924876547229  1.000000000000000 
2.0    L  0.007203930608692  0.002355093413459  0.000000000000000  0.004201149962724  0.000000000000000  0.005738939973743  0.000000000000000  0.001740840812299  0.000000000000000  0.895025070927972  0.040554336466849  0.000000000000000  0.000000000000000  0.000000000000000  0.007731692628244  0.000000000000000  0.000000000000000  0.023633874957562  0.011727180449331  0.000000000000000  1.000000000000000  0.000000000000000  0.000000000000000  0.000000000000000  0.000000000000000  1.000000000000000  0.000000000000000  0.140827403562160  1.000000000000000  0.498615625676035 
3.0    E  0.013820944302055  0.000000000000000  0.168754748140343  0.705637921704346  0.000000000000000  0.021522656974737  0.000000000000000  0.000000000000000  0.041320456410705  0.000000000000000  0.000000000000000  0.012327294388320  0.000000000000000  0.016311123865964  0.003501041795193  0.014690221914205  0.000000000000000  0.002186743923153  0.000000000000000  0.000000000000000  0.997922718999051  0.002268571742042  0.000000000000000  0.500000000000000  0.500000000000000  0.000000000000000  0.000000000000000  0.140925051518178  0.499653546495226  1.000000000000000 
4.0    R  0.000000000000000  0.000000000000000  0.006219438271709  0.000000000000000  0.000000000000000  0.002771725305079  0.015788303851356  0.000000000000000  0.081503170953660  0.000000000000000  0.000000000000000  0.007254037908646  0.000000000000000  0.018814646581741  0.856781954768570  0.000000000000000  0.010798689113505  0.000000000000000  0.000000000000000  0.000000000000000  1.000000000000000  0.000000000000000  0.000000000000000  1.000000000000000  0.000000000000000  0.000000000000000  0.000000000000000  0.141414307855738  0.500000000000000  1.000000000000000 
5.0    F  0.000000000000000  0.014568538850576  0.000000000000000  0.000000000000000  0.852634891767957  0.000000000000000  0.004759415092481  0.014457881688091  0.007279222103944  0.056916864599499  0.000000000000000  0.000000000000000  0.000000000000000  0.000000000000000  0.000000000000000  0.008832270055661  0.000000000000000  0.000000000000000  0.008943157504677  0.031664278129971  1.000000000000000  0.000000000000000  0.000000000000000  0.000000000000000  0.000000000000000  0.000000000000000  0.000000000000000  0.141708676597303  1.000000000000000  1.000000000000000 
6.0    A  0.699308041369231  0.036957218757629  0.000000000000000  0.001858043508461  0.000000000000000  0.167009259798762  0.011187255790634  0.000000000000000  0.000000000000000  0.000000000000000  0.000000000000000  0.000000000000000  0.022297101651842  0.000000000000000  0.006688970973019  0.025330159996416  0.000000000000000  0.026424133980547  0.002752579599887  0.000000000000000  1.000000000000000  0.000000000000000  0.000000000000000  0.000000000000000  0.000000000000000  0.000000000000000  0.000000000000000  0.141708676597303  1.000000000000000  1.000000000000000 
7.0    L  0.012976094126420  0.037891025595679  0.000000000000000  0.000000000000000  0.008155561932982  0.007154169425142  0.000000000000000  0.085200162955157  0.001703833409709  0.645281245225889  0.005470923128466  0.000000000000000  0.003587016258988  0.000000000000000  0.000000000000000  0.008235089244459  0.004021640950914  0.175069540110901  0.000000000000000  0.005429368046259  1.000000000000000  0.000000000000000  0.000000000000000  0.000000000000000  0.000000000000000  0.000000000000000  0.000000000000000  0.141708676597303  1.000000000000000  1.000000000000000 
8.0    N  0.053772039413215  0.000000000000000  0.074325444687670  0.000000000000000  0.000000000000000  0.016527358806538  0.025016087833009  0.014558444207887  0.023897441841918  0.004900008611410  0.000000000000000  0.689680460913530  0.000000000000000  0.000000000000000  0.000000000000000  0.081446696835206  0.005051753640185  0.000000000000000  0.000000000000000  0.010605820155313  1.000000000000000  0.000000000000000  0.000000000000000  0.000000000000000  0.000000000000000  0.000000000000000  0.000000000000000  0.141708676597303  1.000000000000000  1.000000000000000 
9.0    P  0.020832791829550  0.000000000000000  0.051545846788130  0.087838668762920  0.014558444207887  0.019383864026803  0.018607138271328  0.000000000000000  0.006197920649931  0.010642640895629  0.000000000000000  0.003922529465777  0.729510172120088  0.000000000000000  0.000000000000000  0.037111239564794  0.000000000000000  0.000000000000000  0.000000000000000  0.000000000000000  1.000000000000000  0.000000000000000  0.000000000000000  0.000000000000000  0.000000000000000  0.000000000000000  0.000000000000000  0.141905262768258  1.000000000000000  1.000000000000000 
10.0    G  0.019942637012952  0.003582047043768  0.057992092279455  0.039940605100095  0.000000000000000  0.557096825409666  0.003884649096380  0.000000000000000  0.036271997324491  0.000000000000000  0.000000000000000  0.019249969897590  0.000000000000000  0.017898717155934  0.020731955321831  0.183264594648651  0.024113752735296  0.000000000000000  0.016019800592009  0.000000000000000  0.995159721820083  0.004658237782542  0.000000000000000  1.000000000000000  0.000000000000000  0.000000000000000  0.000000000000000  0.142003658098336  0.498270131413934  1.000000000000000 
11.0    L  0.016019800592009  0.000000000000000  0.013066349998657  0.000000000000000  0.003828513341179  0.013820944302055  0.002189777496149  0.000000000000000  0.000000000000000  0.924663278113700  0.000000000000000  0.000000000000000  0.013377941946038  0.000000000000000  0.013030172559765  0.000000000000000  0.000000000000000  0.000000000000000  0.000000000000000  0.000000000000000  1.000000000000000  0.000000000000000  0.000000000000000  0.000000000000000  0.000000000000000  0.000000000000000  0.000000000000000  0.142003658098336  1.000000000000000  1.000000000000000 
12.0    L  0.000000000000000  0.000000000000000  0.000000000000000  0.000000000000000  0.018173750649185  0.000000000000000  0.000000000000000  0.044966674375338  0.008674522137724  0.860352630611440  0.036322315859941  0.000000000000000  0.000000000000000  0.000000000000000  0.000000000000000  0.013801797679398  0.000000000000000  0.015145153389610  0.000000000000000  0.002859542374894  1.000000000000000  0.000000000000000  0.000000000000000  0.000000000000000  0.000000000000000  0.000000000000000  0.000000000000000  0.142102121654502  1.000000000000000  1.000000000000000 
13.0    E  0.010365977660915  0.000000000000000  0.029523345031163  0.825877664935720  0.000000000000000  0.015964376292411  0.000000000000000  0.000000000000000  0.074376981019167  0.000000000000000  0.000000000000000  0.000000000000000  0.000000000000000  0.000000000000000  0.017027376753333  0.013377941946038  0.002099119478233  0.011670417633690  0.000000000000000  0.000000000000000  1.000000000000000  0.000000000000000  0.000000000000000  0.000000000000000  0.000000000000000  0.000000000000000  0.000000000000000  0.142102121654502  1.000000000000000  1.000000000000000 
14.0    T  0.003314483991039  0.000000000000000  0.000000000000000  0.000000000000000  0.000000000000000  0.000000000000000  0.000000000000000  0.013820944302055  0.021211640310625  0.000000000000000  0.000000000000000  0.046007089442756  0.000000000000000  0.000000000000000  0.000000000000000  0.148136596367698  0.763658748980350  0.000000000000000  0.000000000000000  0.003844468836070  0.984184022033800  0.016019800592009  0.000000000000000  0.125000000000000  0.874784764905822  0.000000000000000  0.000000000000000  0.142102121654502  0.491751037013124  1.000000000000000 
15.0    T  0.410655350376033  0.000000000000000  0.000000000000000  0.025453361345944  0.000000000000000  0.020818356642063  0.000000000000000  0.013820944302055  0.121245238792717  0.003647187284825  0.001608576205601  0.000000000000000  0.014160342785427  0.034291623049351  0.008484233252518  0.236350529187686  0.072493728406590  0.014761672515581  0.000000000000000  0.022405550750247  1.000000000000000  0.000000000000000  0.000000000000000  0.000000000000000  0.000000000000000  0.000000000000000  0.000000000000000  0.142102121654502  1.000000000000000  1.000000000000000 
16.0    E  0.004364402883095  0.000000000000000  0.064257114166004  0.744838731561351  0.000000000000000  0.035946621667206  0.017110194856150  0.003705798106017  0.061086610400675  0.000000000000000  0.000000000000000  0.005140056738395  0.000000000000000  0.016734856612366  0.012276133072931  0.000000000000000  0.032307210507749  0.002146199643705  0.000000000000000  0.000000000000000  1.000000000000000  0.000000000000000  0.000000000000000  0.000000000000000  0.000000000000000  0.000000000000000  0.000000000000000  0.142003658098336  1.000000000000000  1.000000000000000 
17.0    G  0.000000000000000  0.000000000000000  0.000000000000000  0.021717472185037  0.000000000000000  0.929804942613162  0.000000000000000  0.000000000000000  0.000000000000000  0.000000000000000  0.000000000000000  0.000000000000000  0.000000000000000  0.000000000000000  0.013489680602725  0.035158077646525  0.000000000000000  0.000000000000000  0.000000000000000  0.000000000000000  1.000000000000000  0.000000000000000  0.000000000000000  0.000000000000000  0.000000000000000  0.000000000000000  0.000000000000000  0.142102121654502  1.000000000000000  1.000000000000000 
18.0    C  0.000000000000000  0.912565488543452  0.000000000000000  0.000000000000000  0.000000000000000  0.000000000000000  0.000000000000000  0.004166350706374  0.000000000000000  0.000000000000000  0.011288518733778  0.014229216149875  0.000000000000000  0.000000000000000  0.000000000000000  0.000000000000000  0.012922240131926  0.031012636708932  0.009992074853730  0.003644660123191  1.000000000000000  0.000000000000000  0.000000000000000  0.000000000000000  0.000000000000000  0.000000000000000  0.000000000000000  0.142200653484063  1.000000000000000  1.000000000000000 
19.0    Q  0.018414678247058  0.000000000000000  0.000000000000000  0.063284675459406  0.000000000000000  0.002921651871802  0.006758880395195  0.003747125466114  0.275667290767228  0.035747842912619  0.001716874142406  0.015208271471222  0.000000000000000  0.329876977693224  0.210224103813429  0.011288518733778  0.008004350179944  0.008127345832203  0.006319385534076  0.002718449984045  1.000000000000000  0.000000000000000  0.000000000000000  0.000000000000000  0.000000000000000  0.000000000000000  0.000000000000000  0.142299253634360  1.000000000000000  1.000000000000000 
20.0    Q  0.000000000000000  0.000000000000000  0.003400588137875  0.012048522073500  0.000000000000000  0.002444914958309  0.037447156916857  0.000000000000000  0.223756267731993  0.000000000000000  0.000000000000000  0.004799167892366  0.020333466491280  0.635515844652833  0.054146053525005  0.000000000000000  0.006185045827119  0.000000000000000  0.000000000000000  0.000000000000000  1.000000000000000  0.000000000000000  0.000000000000000  0.000000000000000  0.000000000000000  0.000000000000000  0.000000000000000  0.142299253634360  1.000000000000000  1.000000000000000 
21.0    I  0.014508075817293  0.000000000000000  0.011086901220315  0.000000000000000  0.000000000000000  0.000000000000000  0.000000000000000  0.768970415635134  0.000000000000000  0.174948233199399  0.004328251358847  0.000000000000000  0.000000000000000  0.000000000000000  0.008466609115975  0.001877462750759  0.002865494812827  0.012886461697033  0.000000000000000  0.000000000000000  1.000000000000000  0.000000000000000  0.000000000000000  0.000000000000000  0.000000000000000  0.000000000000000  0.000000000000000  0.142200653484063  1.000000000000000  1.000000000000000 
22.0    I  0.000000000000000  0.013102627881890  0.000000000000000  0.000000000000000  0.017074652173452  0.000000000000000  0.000000000000000  0.317537745634697  0.001996930723848  0.444729496768949  0.177882932654324  0.011086901220315  0.000000000000000  0.000000000000000  0.000000000000000  0.000000000000000  0.000000000000000  0.013057296233154  0.000000000000000  0.003562238927812  1.000000000000000  0.000000000000000  0.000000000000000  0.000000000000000  0.000000000000000  0.000000000000000  0.000000000000000  0.142299253634360  1.000000000000000  1.000000000000000 
23.0    D  0.040246300922182  0.000000000000000  0.017998244411709  0.351111218934499  0.000000000000000  0.186985719795299  0.004954653903617  0.020832791829550  0.089871033302935  0.006968191557969  0.002325892283916  0.014926295880976  0.000000000000000  0.050380176968310  0.076256281892014  0.053068515402927  0.054183597719668  0.029977003728915  0.000000000000000  0.000000000000000  1.000000000000000  0.000000000000000  0.000000000000000  0.000000000000000  0.000000000000000  0.000000000000000  0.000000000000000  0.142200653484063  1.000000000000000  1.000000000000000 
24.0    Q  0.012015162744299  0.000000000000000  0.000000000000000  0.008466609115975  0.000000000000000  0.000000000000000  0.038287041622021  0.004985659253238  0.031489180012828  0.016311123865964  0.000000000000000  0.000000000000000  0.001607461611872  0.702709350103360  0.013175486097658  0.002333967196986  0.022452190258501  0.145995924326640  0.000000000000000  0.000000000000000  1.000000000000000  0.000000000000000  0.000000000000000  0.000000000000000  0.000000000000000  0.000000000000000  0.000000000000000  0.142200653484063  1.000000000000000  1.000000000000000 
25.0    L  0.000000000000000  0.021567458646822  0.000000000000000  0.015229369232680  0.003081823597080  0.013527133836245  0.000000000000000  0.070024325887136  0.000000000000000  0.822450068712464  0.002548740132205  0.000000000000000  0.000000000000000  0.000000000000000  0.005347202394890  0.000000000000000  0.005928981456930  0.040442051702589  0.000000000000000  0.000000000000000  0.994470168673214  0.005436899968090  0.000000000000000  1.000000000000000  0.000000000000000  0.000000000000000  0.000000000000000  0.141905262768258  0.497235084336607  1.000000000000000 
26.0    Q  0.053883971563600  0.004100455795403  0.005879870107074  0.054749894691695  0.021403640311962  0.006628967982077  0.031576607702711  0.003314483991039  0.028399316139016  0.048294409352999  0.000000000000000  0.016345077184258  0.013763583970734  0.628506687260914  0.001484301617580  0.018173750649185  0.033446521825832  0.000000000000000  0.026886019706607  0.003043611639299  0.996540262827868  0.000000000000000  0.003255285965466  0.000000000000000  0.000000000000000  0.000000000000000  0.000000000000000  0.142003658098336  1.000000000000000  1.000000000000000 
27.0    P  0.002118119939147  0.000000000000000  0.000000000000000  0.000000000000000  0.000000000000000  0.004058043372257  0.000000000000000  0.000000000000000  0.000000000000000  0.021747599872361  0.000000000000000  0.002077407564245  0.792234810924969  0.027035521580781  0.024518253059273  0.123364568235730  0.002956282798769  0.000000000000000  0.000000000000000  0.000000000000000  1.000000000000000  0.000000000000000  0.000000000000000  0.000000000000000  0.000000000000000  1.000000000000000  0.000000000000000  0.139757731370733  1.000000000000000  0.497579860910041 
28.0    S  0.418123199957031  0.000000000000000  0.000000000000000  0.000000000000000  0.001661843221692  0.000000000000000  0.000000000000000  0.000000000000000  0.000000000000000  0.226094844390272  0.003498615898792  0.002179178363916  0.013350152201402  0.004030012419146  0.008680536942618  0.234555299125168  0.081052472165688  0.006670450893682  0.000000000000000  0.000000000000000  1.000000000000000  0.000000000000000  0.000000000000000  0.000000000000000  0.000000000000000  0.000000000000000  0.000000000000000  0.139951611081780  1.000000000000000  1.000000000000000 
29.0    I  0.000000000000000  0.000000000000000  0.000000000000000  0.082640912821411  0.006219438271709  0.000000000000000  0.000000000000000  0.075834597515543  0.000000000000000  0.646624465943743  0.011990203875007  0.000000000000000  0.008501894075553  0.012665079998208  0.001939633780150  0.005543450610158  0.003253030355002  0.116709993114414  0.000000000000000  0.028008334361544  0.984866442895551  0.000000000000000  0.015082297263621  0.000000000000000  0.000000000000000  0.000000000000000  0.000000000000000  0.139951611081780  1.000000000000000  1.000000000000000 
30.0    K  0.033469713224733  0.000000000000000  0.029523345031163  0.027584468634083  0.000000000000000  0.009793226722193  0.002138774357019  0.011800567074710  0.259714775824416  0.001533453356784  0.000000000000000  0.014669871051804  0.183518829504263  0.355765865308649  0.038075320739850  0.028616677700566  0.003705798106017  0.000000000000000  0.000000000000000  0.000000000000000  0.995159721820083  0.001424824554922  0.003649716198762  1.000000000000000  0.000000000000000  0.000000000000000  1.000000000000000  0.142991371650476  0.500000000000000  0.491751037013124 
31.0    T  0.008716713455664  0.000000000000000  0.010287241578588  0.016458766186794  0.000000000000000  0.013129902378645  0.003791540897537  0.016458766186794  0.000000000000000  0.007099829034754  0.000000000000000  0.019915009801863  0.000000000000000  0.014278616409834  0.012040173568100  0.015679246070461  0.860352630611440  0.001777419578283  0.000000000000000  0.000000000000000  0.984866442895551  0.000000000000000  0.014874654820274  0.000000000000000  0.000000000000000  0.236514411681399  0.763658748980350  0.141120550600766  1.000000000000000  0.489031736723670 
32.0    G  0.042101049277053  0.000000000000000  0.003105411136519  0.012949139132625  0.000000000000000  0.920187650624875  0.000000000000000  0.000000000000000  0.000000000000000  0.006524124370534  0.000000000000000  0.000000000000000  0.000000000000000  0.000000000000000  0.007619964543185  0.003677650252114  0.000000000000000  0.003518070233781  0.000000000000000  0.000000000000000  1.000000000000000  0.000000000000000  0.000000000000000  0.000000000000000  0.000000000000000  0.000000000000000  1.000000000000000  0.137833645383614  1.000000000000000  0.477972658796871 
33.0    S  0.007016659163156  0.000000000000000  0.000000000000000  0.000000000000000  0.000000000000000  0.000000000000000  0.000000000000000  0.003079688179907  0.006528648116577  0.000000000000000  0.000000000000000  0.018932385319223  0.005970220784239  0.000000000000000  0.000000000000000  0.689202576487815  0.269060031195949  0.000000000000000  0.000000000000000  0.000000000000000  0.993781093322555  0.006528648116577  0.000000000000000  0.333324669272800  0.666649338545599  0.000000000000000  1.000000000000000  0.137833645383614  0.496202187342909  0.477972658796871 
34.0    E  0.002944013495231  0.000000000000000  0.016108879981169  0.811689580977279  0.000000000000000  0.002215733369016  0.000000000000000  0.000000000000000  0.083910781423766  0.000000000000000  0.000000000000000  0.000000000000000  0.010387555532670  0.015711884068726  0.020025748815003  0.029956232452906  0.000000000000000  0.007223931860263  0.000000000000000  0.000000000000000  0.994470168673214  0.005418089723169  0.000000000000000  1.000000000000000  0.000000000000000  0.610050255136112  0.389852421305662  0.140340177759201  0.498270131413934  0.477972658796871 
35.0    E  0.008746975692611  0.000000000000000  0.017506081471784  0.612168196200102  0.000000000000000  0.072846324883410  0.000000000000000  0.000000000000000  0.049309177553279  0.000000000000000  0.000000000000000  0.117277649562584  0.028855697210294  0.000000000000000  0.002411255091589  0.037577164028068  0.013696964395563  0.039500096826650  0.000000000000000  0.000000000000000  0.997922718999051  0.000000000000000  0.002245107125068  0.000000000000000  0.000000000000000  0.000000000000000  1.000000000000000  0.136219014026666  1.000000000000000  0.491751037013124 
36.0    L  0.000000000000000  0.000000000000000  0.000000000000000  0.000000000000000  0.044163551371335  0.000000000000000  0.000000000000000  0.110797712399358  0.005118724233822  0.793883930931653  0.004239177233913  0.000000000000000  0.003039395220920  0.000000000000000  0.000000000000000  0.010322956294205  0.000000000000000  0.024637505439259  0.000000000000000  0.003863167642113  1.000000000000000  0.000000000000000  0.000000000000000  0.000000000000000  0.000000000000000  0.859160754947185  0.141022767182064  0.136219014026666  1.000000000000000  0.490389501994276 
37.0    K  0.000000000000000  0.000000000000000  0.025506345192216  0.001782354469811  0.000000000000000  0.009806812431896  0.000000000000000  0.060875266783953  0.527776858818983  0.000000000000000  0.000000000000000  0.016447361792335  0.000000000000000  0.042042725266307  0.297301778750680  0.003632050557083  0.012225184089633  0.002645947221651  0.000000000000000  0.000000000000000  1.000000000000000  0.000000000000000  0.000000000000000  0.500000000000000  0.500000000000000  1.000000000000000  0.000000000000000  0.133323222603971  0.499653546495226  0.499653546495226 
38.0    S  0.045436641166260  0.007965606898423  0.019846109102169  0.000000000000000  0.000000000000000  0.000000000000000  0.025400487562010  0.000000000000000  0.000000000000000  0.006228066222973  0.000000000000000  0.000000000000000  0.000000000000000  0.000000000000000  0.000000000000000  0.888842681166570  0.000000000000000  0.000000000000000  0.006492545793700  0.000000000000000  1.000000000000000  0.000000000000000  0.000000000000000  0.000000000000000  0.000000000000000  0.000000000000000  0.000000000000000  0.133508176005981  1.000000000000000  1.000000000000000 
39.0    L  0.000000000000000  0.000000000000000  0.000000000000000  0.000000000000000  0.024877753086837  0.000000000000000  0.000000000000000  0.016874633747389  0.000000000000000  0.866336856400087  0.004886441719192  0.000000000000000  0.007993261482300  0.000000000000000  0.000000000000000  0.033866436463899  0.000000000000000  0.015082297263621  0.000000000000000  0.030101934188130  1.000000000000000  0.000000000000000  0.000000000000000  0.000000000000000  0.000000000000000  0.000000000000000  0.000000000000000  0.133508176005981  1.000000000000000  1.000000000000000 
40.0    F  0.000000000000000  0.005251699195909  0.000000000000000  0.000000000000000  0.421031476804208  0.000000000000000  0.022204563174709  0.020717590004667  0.000000000000000  0.022266212721075  0.000000000000000  0.001722834697651  0.004131839701634  0.000000000000000  0.000000000000000  0.020832791829550  0.006125316047467  0.035353576963934  0.043045313949473  0.397492625474487  0.987600861445373  0.000000000000000  0.012073602338250  0.000000000000000  0.000000000000000  0.000000000000000  0.000000000000000  0.133508176005981  1.000000000000000  1.000000000000000 
41.0    N  0.000000000000000  0.000000000000000  0.006228066222973  0.000000000000000  0.000000000000000  0.129857387912208  0.000000000000000  0.011998517732048  0.000000000000000  0.001726420959109  0.000000000000000  0.782954296256543  0.000000000000000  0.008132981231907  0.012931200251222  0.021079727099058  0.011319860582460  0.000000000000000  0.000000000000000  0.013888166893228  0.985549336939371  0.000000000000000  0.014358013804360  0.000000000000000  0.000000000000000  0.000000000000000  1.000000000000000  0.134064577102243  1.000000000000000  0.491069797631696 
42.0    T  0.106505511884358  0.000000000000000  0.000000000000000  0.000000000000000  0.000000000000000  0.000000000000000  0.000000000000000  0.058072542140682  0.008449021589716  0.086389512908036  0.023357019509921  0.000000000000000  0.016153605253874  0.006232384686008  0.000000000000000  0.010145614083827  0.684441906545919  0.000000000000000  0.000000000000000  0.000000000000000  1.000000000000000  0.000000000000000  0.000000000000000  0.000000000000000  0.000000000000000  0.474671060475260  0.525586454543853  0.135653671485226  1.000000000000000  0.482299092292069 
43.0    V  0.029977003728915  0.059829466137206  0.000000000000000  0.004221583601716  0.000000000000000  0.003328297246386  0.000000000000000  0.174705871481383  0.000000000000000  0.035329080222643  0.014720801154763  0.000000000000000  0.000000000000000  0.000000000000000  0.023930593704600  0.002629492322806  0.024416496255385  0.615145672375572  0.000000000000000  0.011866185076676  1.000000000000000  0.000000000000000  0.000000000000000  0.000000000000000  0.000000000000000  0.828744904487992  0.170991912987811  0.132310549359392  1.000000000000000  0.491069797631696 
44.0    A  0.636397467637971  0.147624082678691  0.009310020113860  0.010026764824710  0.000000000000000  0.002426344300360  0.000000000000000  0.012762015486094  0.000000000000000  0.005362048559589  0.000000000000000  0.010731533073669  0.005215423059750  0.000000000000000  0.007938047992138  0.058883204619051  0.025862400502444  0.063284675459406  0.000000000000000  0.004230371271586  1.000000000000000  0.000000000000000  0.000000000000000  0.000000000000000  0.000000000000000  0.000000000000000  1.000000000000000  0.131396613635963  1.000000000000000  0.499307333050514 
45.0    T  0.025172634095273  0.003129179209334  0.000000000000000  0.008355836624103  0.000000000000000  0.016921485086343  0.000000000000000  0.012621262150150  0.005566553180269  0.000000000000000  0.000000000000000  0.001604122462406  0.004674410012620  0.007667648936355  0.009297122627396  0.000000000000000  0.475659138165900  0.423079298300145  0.000000000000000  0.006020086784050  1.000000000000000  0.000000000000000  0.000000000000000  0.000000000000000  0.000000000000000  0.000000000000000  1.000000000000000  0.131670129494355  1.000000000000000  0.499307333050514 
46.0    L  0.000000000000000  0.014328188175073  0.000000000000000  0.000000000000000  0.012815201737449  0.000000000000000  0.002054495662508  0.096121301954392  0.000000000000000  0.797192476540536  0.001794751725545  0.000000000000000  0.002508429314432  0.000000000000000  0.011288518733778  0.000000000000000  0.016921485086343  0.044935516651467  0.000000000000000  0.000000000000000  0.998614666101029  0.001658391106341  0.000000000000000  0.500000000000000  0.500000000000000  0.000000000000000  1.000000000000000  0.131670129494355  0.500000000000000  0.499307333050514 
47.0    W  0.040864729641774  0.019970302550048  0.008065613558463  0.000000000000000  0.033307710502123  0.000000000000000  0.000000000000000  0.000000000000000  0.000000000000000  0.022390025787080  0.000000000000000  0.008355836624103  0.010724097119179  0.000000000000000  0.016933218231950  0.010949433195943  0.000000000000000  0.000000000000000  0.222827623974243  0.605836330215122  1.000000000000000  0.000000000000000  0.000000000000000  0.000000000000000  0.000000000000000  0.000000000000000  1.000000000000000  0.131487722400484  1.000000000000000  0.499307333050514 
48.0    C  0.025808677029241  0.819604607637517  0.000000000000000  0.000000000000000  0.006389859832483  0.008332701412748  0.000000000000000  0.000000000000000  0.026241609154504  0.001778652018734  0.003342168069073  0.000000000000000  0.010724097119179  0.000000000000000  0.018568486016515  0.007309558576808  0.000000000000000  0.005995101937503  0.030691862351981  0.035280137650192  0.986916545885842  0.009329399899020  0.003505898635419  1.000000000000000  0.000000000000000  0.000000000000000  1.000000000000000  0.131487722400484  0.492774668469685  0.499307333050514 
49.0    V  0.000000000000000  0.037786114869793  0.000000000000000  0.019143520811011  0.000000000000000  0.014101573866600  0.000000000000000  0.061341191490842  0.005566553180269  0.113282742283417  0.000000000000000  0.000000000000000  0.000000000000000  0.000000000000000  0.017640068825096  0.000000000000000  0.000000000000000  0.724973416439426  0.000000000000000  0.005999258866024  0.999307092990453  0.000711425348583  0.000000000000000  0.500000000000000  0.500000000000000  0.549046406893525  0.450937689191125  0.131396613635963  0.500000000000000  0.497235084336607 
50.0    H  0.000000000000000  0.000000000000000  0.017169597149639  0.005566553180269  0.000000000000000  0.000000000000000  0.837987134667949  0.005999258866024  0.016933218231950  0.024247839196089  0.000000000000000  0.000000000000000  0.002620394970473  0.029605314706227  0.031708204580653  0.003488929110753  0.000000000000000  0.000000000000000  0.000000000000000  0.024518253059273  0.988970916380931  0.011249463425896  0.000000000000000  0.333324669272800  0.666649338545599  0.000000000000000  1.000000000000000  0.131578894338680  0.490049707670935  0.499307333050514 
51.0    Q  0.162667731930242  0.017289021142067  0.000000000000000  0.084143754329799  0.000000000000000  0.011792390379067  0.019627224705368  0.000000000000000  0.064435519924674  0.014150530984653  0.006443230848516  0.038419964601706  0.021522656974737  0.463615273217731  0.072745408400134  0.016164805961233  0.003476858333018  0.002266999832781  0.000000000000000  0.001225002152853  1.000000000000000  0.000000000000000  0.000000000000000  0.000000000000000  0.000000000000000  0.000000000000000  1.000000000000000  0.130579470358029  1.000000000000000  0.499307333050514 
52.0    R  0.003775805066660  0.000000000000000  0.022436632978491  0.092269650355177  0.000000000000000  0.127361399577090  0.004940935712320  0.000000000000000  0.198196034152571  0.014864348067684  0.009156424091207  0.045752677998301  0.012115518849172  0.046681670534761  0.413225159077106  0.002314634318245  0.006688970973019  0.000000000000000  0.000000000000000  0.000000000000000  1.000000000000000  0.000000000000000  0.000000000000000  0.000000000000000  0.000000000000000  1.000000000000000  0.000000000000000  0.133600748901376  1.000000000000000  0.499307333050514 
53.0    I  0.004137571619859  0.000000000000000  0.002439836182917  0.037603219562484  0.008032139270751  0.000000000000000  0.000000000000000  0.731028724200017  0.025701564647265  0.039968299414920  0.020404059173264  0.002396259721199  0.000000000000000  0.013129902378645  0.019777446780786  0.000000000000000  0.000000000000000  0.072644631719882  0.013965393161825  0.008795613954193  1.000000000000000  0.000000000000000  0.000000000000000  0.000000000000000  0.000000000000000  0.000000000000000  0.000000000000000  0.130760617474066  1.000000000000000  1.000000000000000 
54.0    E  0.026700304402804  0.000000000000000  0.207042665333636  0.418413121341696  0.000000000000000  0.010503398391817  0.006066163085946  0.000000000000000  0.170636714735646  0.004410017206274  0.000000000000000  0.020876157474845  0.033238521027912  0.039336161672027  0.020081349022959  0.027603595358796  0.006791754375703  0.002931795112333  0.005486112795852  0.000000000000000  1.000000000000000  0.000000000000000  0.000000000000000  0.000000000000000  0.000000000000000  0.000000000000000  0.000000000000000  0.130670012525646  1.000000000000000  1.000000000000000 
55.0    I  0.006197920649931  0.009150079540772  0.000000000000000  0.004328251358847  0.000000000000000  0.012709049970814  0.000000000000000  0.219151430329009  0.001613042314328  0.003467231786209  0.007567329603333  0.000000000000000  0.000000000000000  0.000000000000000  0.000000000000000  0.016254691664406  0.000000000000000  0.716480825186550  0.003266587499664  0.000000000000000  1.000000000000000  0.000000000000000  0.000000000000000  0.000000000000000  0.000000000000000  0.000000000000000  0.000000000000000  0.130670012525646  1.000000000000000  1.000000000000000 
56.0    K  0.029769937438873  0.000000000000000  0.006702894768974  0.079109787123142  0.000000000000000  0.001860621089930  0.006987538295177  0.000000000000000  0.559030925482931  0.018363692631559  0.000000000000000  0.012191335627714  0.000000000000000  0.051474438579223  0.171110476636480  0.018607138271328  0.044656066866909  0.000000000000000  0.000000000000000  0.000000000000000  1.000000000000000  0.000000000000000  0.000000000000000  0.000000000000000  0.000000000000000  0.000000000000000  0.000000000000000  0.130670012525646  1.000000000000000  1.000000000000000 
57.0    D  0.000000000000000  0.000000000000000  0.861546159712017  0.009271381231692  0.000000000000000  0.003342168069073  0.021388809579560  0.000000000000000  0.000000000000000  0.000000000000000  0.000000000000000  0.085555238318240  0.000000000000000  0.000000000000000  0.007801677078914  0.005879870107074  0.005186582649931  0.000000000000000  0.000000000000000  0.000000000000000  1.000000000000000  0.000000000000000  0.000000000000000  0.000000000000000  0.000000000000000  0.000000000000000  0.000000000000000  0.130670012525646  1.000000000000000  1.000000000000000 
58.0    T  0.038075320739850  0.000000000000000  0.000000000000000  0.000000000000000  0.000000000000000  0.008912216530222  0.007801677078914  0.002438145603323  0.000000000000000  0.000000000000000  0.000000000000000  0.000000000000000  0.011414409207388  0.000000000000000  0.004328251358847  0.000000000000000  0.927230546435463  0.000000000000000  0.000000000000000  0.000000000000000  0.995159721820083  0.004772629303412  0.000000000000000  1.000000000000000  0.000000000000000  0.000000000000000  0.000000000000000  0.130670012525646  0.498270131413934  1.000000000000000 
59.0    K  0.002622211919493  0.000000000000000  0.000000000000000  0.144385723069198  0.000000000000000  0.007604135735611  0.008912216530222  0.012081974022739  0.630688704415625  0.000000000000000  0.000000000000000  0.004106144176124  0.003980043736784  0.123193667117421  0.027016788478371  0.003540085696357  0.031752191968553  0.000000000000000  0.000000000000000  0.000000000000000  0.997922718999051  0.000000000000000  0.002070220280073  0.000000000000000  0.000000000000000  0.000000000000000  0.000000000000000  0.130670012525646  1.000000000000000  1.000000000000000 
60.0    E  0.015975445790780  0.000000000000000  0.012647534633553  0.844400887423782  0.000000000000000  0.016630784100834  0.006546774489593  0.000000000000000  0.029238234307231  0.008912216530222  0.000000000000000  0.000000000000000  0.000000000000000  0.065607292726442  0.000000000000000  0.000000000000000  0.000000000000000  0.000000000000000  0.000000000000000  0.000000000000000  1.000000000000000  0.000000000000000  0.000000000000000  0.000000000000000  0.000000000000000  0.000000000000000  1.000000000000000  0.130670012525646  1.000000000000000  0.499653546495226 
61.0    A  0.968618189226628  0.000000000000000  0.000000000000000  0.000000000000000  0.002604098978694  0.000000000000000  0.000000000000000  0.000000000000000  0.000000000000000  0.004218658436847  0.000000000000000  0.000000000000000  0.005302910077656  0.000000000000000  0.004799167892366  0.011890885787807  0.000000000000000  0.002504954302270  0.000000000000000  0.000000000000000  0.980099415341871  0.000404380205730  0.019695365493484  0.333324669272800  0.666649338545599  0.000000000000000  1.000000000000000  0.130670012525646  0.500000000000000  0.499653546495226 
62.0    L  0.000000000000000  0.000000000000000  0.000000000000000  0.013811367672870  0.018186352100033  0.000000000000000  0.000000000000000  0.042777619159120  0.102806258589058  0.727994774499543  0.000000000000000  0.005219039368711  0.004301334367570  0.000000000000000  0.014268722656437  0.006929658634001  0.000000000000000  0.062111318332660  0.001763918965140  0.000000000000000  1.000000000000000  0.000000000000000  0.000000000000000  0.000000000000000  0.000000000000000  0.714497069870547  0.285388676781693  0.132677901118724  1.000000000000000  0.486664687079119 
63.0    D  0.024826075003003  0.000000000000000  0.474013482564323  0.192242603908784  0.000000000000000  0.014720801154763  0.000000000000000  0.004089102663963  0.136881558849197  0.000000000000000  0.001478141399384  0.044718016250716  0.000000000000000  0.043284670878466  0.020235046857100  0.009545258606824  0.009739071830274  0.019928818619977  0.000000000000000  0.004143311489720  0.991029563264079  0.008986655416802  0.000000000000000  0.250000000000000  0.750019494642909  0.361483073636437  0.638606879597695  0.131123665946868  0.493800430722686  0.496890546661277 
64.0    K  0.013377941946038  0.000000000000000  0.018211581220852  0.062370169937441  0.000000000000000  0.008632535037499  0.006712193398025  0.020474896935287  0.705148980242195  0.011319860582460  0.001173472704616  0.003328297246386  0.002905495629755  0.056328153913177  0.055706905993561  0.000000000000000  0.019505164826588  0.010664794670978  0.000000000000000  0.004215735298845  1.000000000000000  0.000000000000000  0.000000000000000  0.000000000000000  0.000000000000000  1.000000000000000  0.000000000000000  0.131032809439616  1.000000000000000  0.498270131413934 
65.0    M  0.012525395771866  0.000000000000000  0.007993261482300  0.000000000000000  0.004358356727832  0.000000000000000  0.000000000000000  0.537374586427751  0.010337276874282  0.123792858991628  0.021359178936591  0.000000000000000  0.000000000000000  0.000000000000000  0.000000000000000  0.007562086147607  0.000000000000000  0.269060031195949  0.005624731712948  0.000000000000000  0.999307092990453  0.000000000000000  0.000742150808790  0.000000000000000  0.000000000000000  0.000000000000000  0.000000000000000  0.134064577102243  1.000000000000000  1.000000000000000 
66.0    E  0.007567329603333  0.000000000000000  0.001983136915761  0.643494623650635  0.000000000000000  0.012464769372016  0.000000000000000  0.000000000000000  0.192776353175993  0.000000000000000  0.000000000000000  0.000000000000000  0.000000000000000  0.044501568612408  0.061725053840336  0.000000000000000  0.005566553180269  0.023276210361292  0.000000000000000  0.006772949714958  0.960594863953477  0.037265902260332  0.002121058313129  0.164595865257405  0.835666958921854  0.000000000000000  1.000000000000000  0.135090675254919  0.478635729097649  0.500000000000000 
67.0    E  0.011662331119507  0.000000000000000  0.013611784252223  0.675955416514063  0.000000000000000  0.031511014215456  0.000000000000000  0.029956232452906  0.131670129494355  0.010481579881893  0.003114033111486  0.000000000000000  0.000000000000000  0.023765293019391  0.017205337470281  0.007188966020507  0.000000000000000  0.043919334381460  0.000000000000000  0.000000000000000  0.984866442895551  0.004584563196412  0.010701820155981  0.278741554681924  0.720964435730112  0.725476103917089  0.274332984394811  0.132769898311922  0.496890546661277  0.498961359499525 
68.0    M  0.071943093207985  0.018893057434896  0.014258835758491  0.386891248385597  0.002970661627424  0.003726404494326  0.005562696076551  0.153254357506645  0.058233776831548  0.021990130864459  0.039802421103953  0.009322935492435  0.000000000000000  0.016665402825496  0.086329653008991  0.000000000000000  0.013687473672924  0.093622558401511  0.000000000000000  0.002725997586176  0.997231251352069  0.000622344056308  0.002451703107974  0.199990032083188  0.799960128332753  0.000000000000000  1.000000000000000  0.136407984631867  0.500000000000000  0.493800430722686 
69.0    Q  0.000000000000000  0.000000000000000  0.000000000000000  0.018866884241977  0.000000000000000  0.009868181733170  0.022235366581791  0.000000000000000  0.028755864082027  0.020617311105826  0.039037378926668  0.003501041795193  0.016642315678022  0.778624691061662  0.027091798859834  0.000000000000000  0.012595044242078  0.010251650426500  0.011857962913860  0.000000000000000  0.982139595263391  0.008263679403269  0.009752582413294  0.303759197976254  0.696405740334518  0.100830219902766  0.899378312147752  0.167937928215162  0.496890546661277  0.492433221447775 
70.0    N  0.025524030972188  0.000000000000000  0.011670417633690  0.019196671569463  0.000000000000000  0.019424213576624  0.011249463425896  0.021138253610161  0.171704529178703  0.009413846210897  0.000000000000000  0.576742802530011  0.003604462861929  0.031532863557646  0.007213924302573  0.037996227599472  0.053660339777360  0.000000000000000  0.000000000000000  0.000000000000000  0.976708528962227  0.010033717257730  0.013322420183874  1.000000000000000  0.000000000000000  0.618566239343586  0.381300413314071  0.167937928215162  0.498961359499525  0.488354264481114 
71.0    K  0.053215856734309  0.010679589468295  0.000000000000000  0.016187230680625  0.015527829583165  0.014649548382142  0.000000000000000  0.000000000000000  0.699308041369231  0.003367748222725  0.000000000000000  0.051724801004888  0.000000000000000  0.028656376350146  0.034315400430845  0.044194173824159  0.018853811245637  0.009207339123529  0.000000000000000  0.000000000000000  0.935623497831400  0.030564483545229  0.034078366645789  0.285388676781693  0.714497069870547  0.793333843191143  0.206612579538553  0.168520966467132  0.489031736723670  0.489710148793463 
72.0    N  0.027242444985533  0.071594868623735  0.004512053845912  0.019736363466341  0.021138253610161  0.051976381148432  0.014558444207887  0.008166875782853  0.016064278541501  0.000000000000000  0.003353771236085  0.046584699587466  0.000000000000000  0.024501264189867  0.033796086358863  0.613442488626902  0.022097086912080  0.013649576498698  0.000000000000000  0.007447644885064  0.998614666101029  0.001235233928080  0.000000000000000  0.275667290767228  0.724471077277439  0.200267469397406  0.799960128332753  0.172300644121954  0.498961359499525  0.482299092292069 
73.0    K  0.001492555196060  0.000000000000000  0.000000000000000  0.037943590137345  0.000000000000000  0.000000000000000  0.003710938995605  0.004465384122711  0.523405140987288  0.000000000000000  0.001690891729531  0.010798689113505  0.006155108484761  0.310141824428847  0.085792776953432  0.006968191557969  0.007370611335120  0.000000000000000  0.000000000000000  0.000000000000000  0.955945317593742  0.029036271070341  0.015019702006074  0.531079593247686  0.468785548228555  0.072997962163320  0.927230546435463  0.172420115228383  0.490049707670935  0.485990493990676 
74.0    Q  0.011654250208527  0.000000000000000  0.010851211998165  0.031250000000000  0.000000000000000  0.001894456856136  0.001516540771486  0.001448725521329  0.309497572709361  0.004256844188333  0.010635266535152  0.027527167941468  0.018414678247058  0.533292890415882  0.010532560404196  0.006483551449922  0.020760715845258  0.000000000000000  0.000000000000000  0.000000000000000  0.985549336939371  0.014308338850283  0.000000000000000  0.499307333050514  0.500693627855667  1.000000000000000  0.000000000000000  0.177759676323409  0.494142825750366  0.481630947010074 
75.0    K  0.014874654820274  0.000000000000000  0.001244688112616  0.018723578458428  0.000000000000000  0.014792400488074  0.000000000000000  0.004493327708401  0.743291492215508  0.003716087016921  0.003807342308170  0.011841535675862  0.022328033433455  0.055939066932998  0.066707833627497  0.004629268636491  0.029523345031163  0.003887342663360  0.000000000000000  0.000000000000000  1.000000000000000  0.000000000000000  0.000000000000000  1.000000000000000  0.000000000000000  0.000000000000000  0.000000000000000  0.185308376225354  1.000000000000000  1.000000000000000 
