No:  residues  hmm_col_1  hmm_col_2  hmm_col_3  hmm_col_4  hmm_col_5  hmm_col_6  hmm_col_7  hmm_col_8  hmm_col_9  hmm_col_10  hmm_col_11  hmm_col_12  hmm_col_13  hmm_col_14  hmm_col_15  hmm_col_16  hmm_col_17  hmm_col_18  hmm_col_19  hmm_col_20  hmm_col_21   hmm_col_22   hmm_col_23   hmm_col_24   hmm_col_25   hmm_col_26   hmm_col_27   hmm_col_28   hmm_col_29   hmm_col_30   
1.0    M  0.000000000000000  0.000000000000000  0.000000000000000  0.000000000000000  0.084143754329799  0.000000000000000  0.000000000000000  0.000000000000000  0.000000000000000  0.216884671788017  0.621574834451970  0.000000000000000  0.000000000000000  0.000000000000000  0.000000000000000  0.000000000000000  0.000000000000000  0.077267203807559  0.000000000000000  0.000000000000000  1.000000000000000  0.000000000000000  0.000000000000000  0.500000000000000  0.500000000000000  0.000000000000000  0.000000000000000  0.051868411599374  0.485317234884773  1.000000000000000 
2.0    V  0.000000000000000  0.000000000000000  0.000000000000000  0.000000000000000  0.063636574985289  0.000000000000000  0.000000000000000  0.000000000000000  0.104024841838941  0.417254640577705  0.109499789383391  0.000000000000000  0.000000000000000  0.000000000000000  0.000000000000000  0.000000000000000  0.041665583659100  0.263705579267015  0.000000000000000  0.000000000000000  1.000000000000000  0.000000000000000  0.000000000000000  0.000000000000000  0.000000000000000  0.000000000000000  0.000000000000000  0.030777076340486  1.000000000000000  1.000000000000000 
3.0    P  0.000000000000000  0.000000000000000  0.000000000000000  0.034674046002120  0.021329589341956  0.036854893508163  0.000000000000000  0.000000000000000  0.000000000000000  0.040414029121484  0.000000000000000  0.000000000000000  0.713012858682070  0.000000000000000  0.000000000000000  0.064034801439550  0.047169561516268  0.042276507220321  0.000000000000000  0.000000000000000  1.000000000000000  0.000000000000000  0.000000000000000  0.000000000000000  0.000000000000000  0.000000000000000  0.000000000000000  0.023847800140009  1.000000000000000  1.000000000000000 
4.0    S  0.030691862351981  0.028855697210294  0.000000000000000  0.055283777208221  0.036221748497014  0.053734780390188  0.000000000000000  0.040414029121484  0.000000000000000  0.056995822844986  0.103808753011362  0.000000000000000  0.031950891581560  0.135090675254919  0.000000000000000  0.338916081700000  0.000000000000000  0.029956232452906  0.028261855548784  0.029852591761951  1.000000000000000  0.000000000000000  0.000000000000000  0.000000000000000  0.000000000000000  0.000000000000000  0.000000000000000  0.019763742849280  1.000000000000000  1.000000000000000 
5.0    A  0.115823507736296  0.000000000000000  0.028438713252528  0.084027187134539  0.000000000000000  0.171585553906864  0.000000000000000  0.000000000000000  0.062413416631314  0.000000000000000  0.033400187225344  0.023980407750014  0.000000000000000  0.025970183174801  0.177390419525048  0.096991356784357  0.126044056861824  0.053846634982001  0.000000000000000  0.000000000000000  1.000000000000000  0.000000000000000  0.000000000000000  0.000000000000000  0.000000000000000  0.000000000000000  0.000000000000000  0.018110874248507  1.000000000000000  1.000000000000000 
6.0    G  0.050730598811080  0.036906020669673  0.044718016250716  0.089933348750676  0.026132699997314  0.274142897146974  0.000000000000000  0.021914050791288  0.087716982877442  0.015292838287460  0.000000000000000  0.070805242830987  0.000000000000000  0.000000000000000  0.023864335905636  0.104241380478121  0.080381092714413  0.073302184326992  0.000000000000000  0.000000000000000  0.974004268543241  0.000000000000000  0.026296233821418  0.000000000000000  0.000000000000000  0.000000000000000  0.000000000000000  0.015657525079369  1.000000000000000  1.000000000000000 
7.0    Q  0.045122787360078  0.018148573936339  0.055054335882936  0.089003137224817  0.057074890625749  0.021448194238358  0.095855166229568  0.000000000000000  0.028027754989438  0.023535788541153  0.019559319666469  0.032374461361251  0.000000000000000  0.191047065095646  0.070854338298651  0.060120465916548  0.042807280623924  0.041723384477997  0.000000000000000  0.108142086323124  1.000000000000000  0.000000000000000  0.000000000000000  0.000000000000000  0.000000000000000  0.000000000000000  1.000000000000000  0.015356571852270  1.000000000000000  0.488692883205403 
8.0    L  0.102521613899591  0.030060232958274  0.000000000000000  0.035574813408590  0.154427329640866  0.034891030061955  0.000000000000000  0.062500000000000  0.017433426911328  0.155070912214424  0.036271997324491  0.000000000000000  0.000000000000000  0.058233776831548  0.067732872927799  0.080381092714413  0.039037378926668  0.043646204139606  0.023195680791079  0.058964890680960  1.000000000000000  0.000000000000000  0.000000000000000  0.000000000000000  0.000000000000000  1.000000000000000  0.000000000000000  0.014874654820274  1.000000000000000  0.488692883205403 
9.0    A  0.085911793473252  0.221288441144886  0.013111713079790  0.000000000000000  0.089871033302935  0.000000000000000  0.015506318354466  0.060664654360597  0.019024469041609  0.283613871233989  0.083678453561153  0.000000000000000  0.000000000000000  0.000000000000000  0.032084048303750  0.018620040227719  0.039885274025905  0.000000000000000  0.000000000000000  0.036829356494115  1.000000000000000  0.000000000000000  0.000000000000000  0.000000000000000  0.000000000000000  0.000000000000000  0.000000000000000  0.014377932041014  1.000000000000000  1.000000000000000 
10.0    L  0.063284675459406  0.109575715164504  0.000000000000000  0.000000000000000  0.021021362633154  0.000000000000000  0.049514675682811  0.053623158151793  0.153573372555706  0.208338301789805  0.000000000000000  0.031686233743438  0.022081775685668  0.012949139132625  0.043164826504496  0.143985955293670  0.038580081465423  0.030311309698179  0.000000000000000  0.018300159081544  0.982820598545251  0.017062821027276  0.000000000000000  1.000000000000000  0.000000000000000  0.000000000000000  0.000000000000000  0.014121136355486  0.499307333050514  1.000000000000000 
11.0    F  0.072092850316251  0.357248534935273  0.000000000000000  0.000000000000000  0.059046690062325  0.000000000000000  0.000000000000000  0.044041273598188  0.016816251949747  0.270368690870904  0.011565728890625  0.000000000000000  0.010620533139896  0.012310216969521  0.000000000000000  0.000000000000000  0.000000000000000  0.132218870452303  0.013859317268002  0.000000000000000  1.000000000000000  0.000000000000000  0.000000000000000  0.000000000000000  0.000000000000000  0.000000000000000  0.000000000000000  0.014936645587402  1.000000000000000  1.000000000000000 
12.0    A  0.221288441144886  0.041984482053791  0.000000000000000  0.007525483547032  0.000000000000000  0.019518689463334  0.008906041192918  0.050871449066902  0.020404059173264  0.201940194402402  0.005062269396224  0.016898043179432  0.150204506190856  0.027969533466499  0.015388538170243  0.052084575447451  0.030670595745421  0.122257934180917  0.000000000000000  0.006939271842519  0.997231251352069  0.003028879712293  0.000000000000000  0.500000000000000  0.500000000000000  0.000000000000000  0.000000000000000  0.012040173568100  0.493458272942921  1.000000000000000 
13.0    L  0.177390419525048  0.008419790195654  0.057035343033966  0.120574773073017  0.012327294388320  0.026793001144818  0.009793226722193  0.030039404012149  0.009316475565083  0.121666171769780  0.002121058313129  0.016758072137780  0.143886186415970  0.009485897534336  0.016008700359888  0.061298687749284  0.066985841408518  0.091252000665908  0.000000000000000  0.018971795068673  0.974004268543241  0.025862400502444  0.000000000000000  0.264621098718783  0.735093668194520  0.000000000000000  0.000000000000000  0.010873799936180  0.415811049187453  1.000000000000000 
14.0    G  0.010642640895629  0.012182888165802  0.007763914791582  0.020319377289820  0.002010820475457  0.844986384412514  0.003627018954323  0.000000000000000  0.004578212045604  0.012779719664965  0.002406246237199  0.008650504566283  0.005715121955876  0.014812921330135  0.001600790249292  0.033123524481165  0.008881382603406  0.004055231525559  0.000000000000000  0.001973537981419  0.996540262827868  0.002094759017223  0.001688549279898  0.413225159077106  0.586824089140676  0.000000000000000  0.000000000000000  0.010851211998165  0.497235084336607  1.000000000000000 
15.0    I  0.004982204654994  0.000000000000000  0.002263859281063  0.000000000000000  0.407536166201313  0.000000000000000  0.003868526843488  0.018568486016515  0.005373210227108  0.036121459579837  0.008918396149428  0.007294374569651  0.001863202247163  0.004030012419146  0.015474107373954  0.015420571029466  0.005819052590323  0.023324662239015  0.102948877158447  0.336108748538157  0.975355461527642  0.020660228205353  0.003871209231500  0.503128911748891  0.496890546661277  0.000000000000000  1.000000000000000  0.010828670981644  0.467811748915700  0.495171435966512 
16.0    V  0.059333882559407  0.006104124063846  0.024826075003003  0.084318908396231  0.018363692631559  0.027892092858531  0.014160342785427  0.029646384848139  0.041406469282663  0.037162722343835  0.015614173327976  0.041320456410705  0.002929763650949  0.029462016747445  0.020992241026895  0.092654188112677  0.335643125695066  0.081052472165688  0.007006938747359  0.030122806491895  0.966606097064973  0.031884520601514  0.001749307949396  0.346277367027731  0.653835674268380  0.543367431263029  0.456599125005996  0.010642640895629  0.463615273217731  0.481297221550876 
17.0    L  0.011638105180646  0.004490214250135  0.018173750649185  0.004739662344721  0.010783729323411  0.820741608810498  0.000000000000000  0.031664278129971  0.000000000000000  0.022797192878753  0.008286622979439  0.013003105229868  0.009194583884522  0.002899460098885  0.002684743546039  0.009545258606824  0.004382591720822  0.021050524638526  0.000000000000000  0.003900838539457  0.997922718999051  0.002138774357019  0.000000000000000  0.090684512989636  0.909408251800733  0.513700719689482  0.486327473706143  0.010510681316577  0.495514781632040  0.483638164806966 
18.0    A  0.095788747512986  0.004331252514074  0.093622558401511  0.057791454882106  0.024501264189867  0.012665079998208  0.023035456520173  0.034363004666080  0.078020659306351  0.077912574642194  0.015303442149796  0.050695447223565  0.058924033494890  0.041263213781719  0.068726009332159  0.064390872101255  0.141120550600766  0.043344717785356  0.007949060094552  0.006280085865181  0.988285651500733  0.011825131195075  0.000000000000000  0.513700719689482  0.486327473706143  0.903126510151822  0.096924150793376  0.010394758133443  0.484980955170867  0.493116352246680 
19.0    A  0.055784185717061  0.005543450610158  0.055092509869198  0.018389167769043  0.041063488348418  0.091505355996602  0.104530799989258  0.010979833595365  0.024843289092155  0.062326953209504  0.004283482767921  0.202500868408011  0.015208271471222  0.042629619839980  0.070756181381917  0.045911519789947  0.068916822691807  0.033772668813730  0.000000000000000  0.045879707376066  0.985549336939371  0.000000000000000  0.014417851447716  0.000000000000000  0.000000000000000  0.508739846051343  0.491410299272626  0.009061716050824  1.000000000000000  0.500000000000000 
20.0    C  0.005945442893904  0.930449657703015  0.005373210227108  0.003043611639299  0.008753040735892  0.005474716597972  0.000000000000000  0.003839142963067  0.002754488204071  0.007710285514733  0.004795842515293  0.004869535915137  0.000000000000000  0.002484205091296  0.001715684508278  0.003445669395301  0.002364908367091  0.003726404494326  0.000000000000000  0.002993398359781  0.950659101229818  0.010351617320666  0.038983299122314  0.075258586326963  0.924663278113700  0.354043859553636  0.645728675151168  0.009162773040874  0.486327473706143  0.481297221550876 
21.0    Q  0.026644840367749  0.005470923128466  0.070072879876782  0.379454813243513  0.008431470597691  0.030101934188130  0.024281477149502  0.015229369232680  0.005766853147199  0.021329589341956  0.003498615898792  0.049549008538143  0.016345077184258  0.155933196489256  0.012233660879008  0.055822865772048  0.059498619281096  0.039172906888772  0.011382805577328  0.009861344000876  0.141120550600766  0.835087919428369  0.023864335905636  0.512989072668570  0.487002134271620  0.845572287377516  0.154213396226187  0.009439983151484  0.050032175666019  0.440740078953585 
22.0    A  0.042926132294676  0.012361520331023  0.027969533466499  0.025453361345944  0.019117000642685  0.031467360939272  0.011327709631866  0.333555792419442  0.042130241616783  0.061383724703962  0.011957006014240  0.016956708935653  0.033936933010072  0.011857962913860  0.020688889224928  0.060078808024298  0.053883971563600  0.171229122495696  0.001777419578283  0.009806812431896  0.955945317593742  0.030206440533280  0.013649576498698  0.344362511595784  0.655651007107824  0.650220073274240  0.349654020684615  0.009290680585959  0.456599125005996  0.430773079856009 
23.0    L  0.013021143861863  0.000000000000000  0.490389501994276  0.029096713119695  0.003788913712272  0.026998068356259  0.016401823181610  0.003129179209334  0.019249969897590  0.029056404456661  0.001624261910888  0.225781627537956  0.022343515411901  0.017603425445270  0.019804883156788  0.042985681816867  0.027603595358796  0.007427024228358  0.000000000000000  0.003700664338278  0.990342871933025  0.005547294369310  0.003839142963067  1.000000000000000  0.000000000000000  0.058072542140682  0.942131273904809  0.008240799352094  0.491751037013124  0.458184322337676 
24.0    E  0.047038960856596  0.000000000000000  0.101884041550328  0.382624192455667  0.024063661694877  0.022639721164920  0.028537445312875  0.017787406704295  0.011965296852300  0.035822255804012  0.005478512697822  0.019011286853657  0.156800275565124  0.015722778492153  0.010280113476789  0.030143693268254  0.011882646509695  0.044532425442150  0.009162773040874  0.024740183308477  0.985549336939371  0.010798689113505  0.003752323687318  0.151249261152412  0.848507901705896  0.204901151909379  0.794985250948974  0.008172538592129  0.474013482564323  0.454074208860755 
25.0    N  0.002110791800858  0.944747040997206  0.000000000000000  0.003695537682522  0.002330733873109  0.000000000000000  0.000000000000000  0.000000000000000  0.000000000000000  0.003577084712571  0.003574606125500  0.021777769354492  0.000000000000000  0.000000000000000  0.000000000000000  0.003828513341179  0.006853230849475  0.005547294369310  0.000000000000000  0.002214198071833  0.971980987981352  0.019586453444386  0.008229383093397  0.314253343630457  0.685866644295299  0.095656048113917  0.904379377561088  0.008144263756571  0.467163673441590  0.458184322337676 
26.0    S  0.176776695296637  0.001394535136411  0.094797971585903  0.060748811748835  0.035822255804012  0.027261334555336  0.009297122627396  0.015250496262129  0.024365776331604  0.095259051896236  0.007154169425142  0.026923317491001  0.005578140545645  0.057114465639338  0.034101996157967  0.209642046110233  0.054825846795801  0.039609766313576  0.005269931774764  0.018762553554456  0.973329374158238  0.024620433939042  0.002340447307304  0.508387336645978  0.491751037013124  0.180866860733816  0.819036697859828  0.008149910886952  0.464902471306581  0.442576882289773 
27.0    T  0.025844480263852  0.005175808660333  0.041035035169505  0.030060232958274  0.004940935712320  0.037707622491274  0.009585038884795  0.016390458243359  0.016153605253874  0.027073026762503  0.014072280935124  0.056602123938614  0.135184345435452  0.020404059173264  0.020948634243443  0.442883759551180  0.065516404719808  0.025594896808120  0.000000000000000  0.004866161779568  0.971307495541633  0.018814646581741  0.009957504900932  0.234230361718106  0.765778998547191  0.173739777480292  0.826450318154212  0.007758535120602  0.459138081150462  0.441351498145327 
28.0    S  0.061171353149840  0.005258984645612  0.069060280299994  0.039118639332937  0.003436129202822  0.067218399403586  0.030649343874642  0.008449021589716  0.043284670878466  0.013276328111541  0.009055437124254  0.339386244970002  0.009284243008257  0.048731552663208  0.025541729015259  0.165281825642822  0.034482304376311  0.022297101651842  0.001264690428569  0.003747125466114  0.980779003988551  0.007982188146205  0.011367036590897  0.280680355518402  0.719466790005410  0.643048741715302  0.356753626429470  0.007525483547032  0.465870214652387  0.437089310205187 
29.0    P  0.022359008125358  0.000000000000000  0.022219959540426  0.015345931175990  0.002020600745154  0.073709787016326  0.013984766733250  0.009420373653834  0.007324774191071  0.015441963304699  0.005129379396188  0.026314467300263  0.686342215627455  0.010401965728409  0.014874654820274  0.022686848123498  0.033516144275561  0.011280696840020  0.000000000000000  0.007546377569725  0.973329374158238  0.026886019706607  0.000000000000000  0.492433221447775  0.507683050434715  0.323088207659373  0.676893139526230  0.007391075365044  0.458819941155683  0.456282744271726 
30.0    L  0.002399583946183  0.848507901705896  0.007421877991210  0.000000000000000  0.012673861805891  0.006429846447490  0.002859542374894  0.001515489949756  0.009413846210897  0.015103220266640  0.004256844188333  0.000000000000000  0.002217269730754  0.003186083958356  0.000000000000000  0.008138620539127  0.005118724233822  0.002251340521092  0.005069292058356  0.063284675459406  0.983502074026248  0.004134704667481  0.012421644546078  0.079715274479909  0.920187650624875  0.254722799154181  0.745355193399460  0.007259067767585  0.488354264481114  0.466193243218416 
31.0    S  0.052628934600526  0.004825854051277  0.035996488823417  0.081729459283547  0.037369368649254  0.026552656223083  0.045943354262158  0.021687386234619  0.066985841408518  0.138408073060536  0.026006210459735  0.023308500417054  0.025068161448515  0.198058702731242  0.059870951138919  0.048832992510770  0.022860487823505  0.054825846795801  0.007294374569651  0.021732530807969  0.976708528962227  0.009439983151484  0.014121136355486  0.064257114166004  0.935623497831400  0.330792859977030  0.668963777393056  0.007259067767585  0.466193243218416  0.452189688780544 
32.0    D  0.013003105229868  0.017923547253534  0.030122806491895  0.029708096913432  0.008466609115975  0.084085450532614  0.100970097201201  0.010040674511479  0.013965393161825  0.006310631075075  0.000000000000000  0.549808074657276  0.014649548382142  0.033796086358863  0.014091802787223  0.037395280100960  0.009712106788312  0.008425628372613  0.000000000000000  0.017530366883289  0.968618189226628  0.009868181733170  0.021329589341956  0.467163673441590  0.532923368033971  0.392020227037869  0.607939641591549  0.006810611246383  0.471719125447680  0.438606774366411 
33.0    P  0.012967102899843  0.000000000000000  0.069012427947693  0.027204705103004  0.003554839156566  0.504176227447298  0.017241152188156  0.003131348942966  0.006824788249349  0.006091444082901  0.000000000000000  0.225312615652708  0.033169475279681  0.017157700215423  0.016243428674614  0.038740865623093  0.005108091205222  0.004002175089972  0.000000000000000  0.010082519456655  0.981459063853479  0.006777645993376  0.011759740214149  0.188678246065070  0.811127155577043  0.323760749713606  0.676424115525137  0.007094909513449  0.480963727332387  0.419284092220466 
34.0    P  0.175069540110901  0.010642640895629  0.002482483768175  0.008009900296005  0.034149304346905  0.508387336645978  0.011249463425896  0.006328152137750  0.003210469481621  0.018186352100033  0.006049367405103  0.011776053980925  0.094339123032535  0.016619260513956  0.014268722656437  0.038075320739850  0.017133931071686  0.012404436420807  0.004024429506328  0.007812500000000  0.978741650397436  0.007910584432426  0.013239569296033  0.163799175482295  0.836246399914063  0.391205890868256  0.608783009331493  0.007139308204917  0.482968164462423  0.427501088945986 
35.0    V  0.022781396544009  0.033123524481165  0.025916235806701  0.040162698045918  0.011857962913860  0.007562086147607  0.010503398391817  0.071100326742032  0.040751585476830  0.027661055143111  0.005750886180344  0.033609199701793  0.001637828485236  0.030122806491895  0.038473262917029  0.076256281892014  0.337041932934264  0.098277161517541  0.002839790072891  0.084494427064258  0.146807746401707  0.853226098112067  0.000000000000000  0.097665985021540  0.902500727462430  0.542238704421532  0.457866843209063  0.007094909513449  0.026442456143759  0.437089310205187 
36.0    A  0.085377516047150  0.017133931071686  0.034939432842683  0.054749894691695  0.012318752719629  0.027016788478371  0.012630013575087  0.058193426239389  0.055745532463756  0.102877543159839  0.010738974184156  0.040978187944239  0.141512362763834  0.047431851655439  0.053289680735497  0.049309177553279  0.059954007457829  0.121666171769780  0.007198938954677  0.006997231797585  0.988285651500733  0.006712193398025  0.005108091205222  0.175677337525840  0.824162084953241  0.133508176005981  0.866336856400087  0.006358931133363  0.487002134271620  0.456599125005996 
37.0    A  0.100551046367739  0.004866161779568  0.220675749072664  0.054560474445860  0.005062269396224  0.017985773301996  0.013470992890900  0.021522656974737  0.023914012028479  0.035231262879544  0.003695537682522  0.044010757091003  0.215535886254399  0.034101996157967  0.029016151634585  0.081899587741148  0.065244495463857  0.020948634243443  0.001431754645693  0.006372167916711  0.993781093322555  0.004655010056930  0.001530267943260  0.603740295743248  0.396392068305142  0.021285281791258  0.978741650397436  0.006254021958252  0.488692883205403  0.448755025333631 
38.0    A  0.030122806491895  0.004648561313698  0.054825846795801  0.021990130864459  0.005839254877480  0.610473256334567  0.005365766536834  0.017579038823263  0.020263118041422  0.042452696392155  0.004010506037969  0.038473262917029  0.012797448404060  0.028795755818709  0.011446100582901  0.049755506173674  0.028577034046872  0.006015915423719  0.000000000000000  0.006488047063210  0.980099415341871  0.010532560404196  0.009200959293711  0.843815796130018  0.156149515706672  0.157453747493425  0.842646829503152  0.006189334460351  0.475000191437443  0.447512535463986 
39.0    V  0.012976094126420  0.018984949873516  0.012621262150150  0.011882646509695  0.218847832423566  0.100342173589494  0.008572905762338  0.036600318163088  0.004869535915137  0.029157280985525  0.001539844089954  0.009698652277548  0.016862941195382  0.007562086147607  0.023003544721378  0.005667782061852  0.024808872841614  0.062586703481958  0.147011406286371  0.246387334234843  0.978063473447339  0.019130256131253  0.002792939426488  0.379454813243513  0.620713745763056  0.533292890415882  0.466516495768404  0.006206518750751  0.467811748915700  0.432268615653933 
40.0    V  0.038154578520910  0.079936598829839  0.040666932982560  0.059046690062325  0.010330114102676  0.047894373756493  0.020067434515460  0.018581361171918  0.039664715188119  0.016827912128016  0.016075417310837  0.095855166229568  0.016607744911852  0.038660389958974  0.066707833627497  0.092654188112677  0.238655253534929  0.040330077826618  0.003721242179859  0.019586453444386  0.522680050102582  0.035378090690959  0.441963765531836  0.189990607050190  0.810003473632046  0.302708270987638  0.697371833175203  0.005863590224666  0.433168428200044  0.460732093099352 
41.0    S  0.028915763376183  0.005291894443302  0.063065727115293  0.055398856199679  0.013564691056266  0.329191730514811  0.007785470803343  0.030060232958274  0.047695600280017  0.025665959398502  0.007452808988653  0.070218743939478  0.003379440197598  0.067873866020143  0.056719947207323  0.105989995579143  0.067311648512066  0.010209103546040  0.000000000000000  0.004358356727832  0.835087919428369  0.157017797642941  0.007812500000000  0.177759676323409  0.822450068712464  0.024298313621330  0.976031760776225  0.004927255503247  0.337977708257031  0.074998211398326 
42.0    H  0.022173802440631  0.053400608805608  0.267386771971311  0.020890632740705  0.097665985021540  0.015603354157829  0.073556671076173  0.011241668593835  0.018645870984871  0.029769937438873  0.011776053980925  0.063109456099793  0.008869078923016  0.022405550750247  0.020277168233425  0.017960857000542  0.023035456520173  0.017217267435572  0.001955834483811  0.203063099089059  0.955282936382437  0.038902319855693  0.005687459175778  0.094601049560599  0.905633983017823  0.979420297586927  0.020249077584896  0.005306587049019  0.451563255075911  0.076574083244042 
43.0    F  0.017689045345479  0.003788913712272  0.020660228205353  0.024671683959392  0.032173127607312  0.437089310205187  0.009759344731667  0.160650792183672  0.017812082385835  0.030543305200338  0.008015454260446  0.022530138616566  0.006896117158521  0.018300159081544  0.020025748815003  0.032329611922466  0.062760471452436  0.056995822844986  0.000000000000000  0.017277041458129  0.991029563264079  0.006920058742987  0.002143226440584  0.307999518361439  0.692074858025740  0.122003970097028  0.877821797609519  0.005097480264410  0.483638164806966  0.473356815618357 
44.0    N  0.018827692421794  0.179866697501352  0.168754748140343  0.049686578184311  0.005175808660333  0.007483868892365  0.012015162744299  0.034578042284134  0.055900306361413  0.022514527325593  0.002954234369695  0.123364568235730  0.052446852319159  0.038553349056547  0.055360469943898  0.062716984281844  0.070952631384129  0.026755883892077  0.001571110099496  0.010554485035435  0.991716730738293  0.001824858099381  0.006301888743923  0.318198733818986  0.682073917439677  0.547146850630370  0.452816991508911  0.004951220789197  0.488692883205403  0.473028823362798 
45.0    D  0.011759740214149  0.000000000000000  0.055822865772048  0.191710332459137  0.017849160107009  0.018879966302968  0.050977343333688  0.027431931175297  0.030969673852002  0.072695002596741  0.009252121967607  0.105039219029160  0.092589987376270  0.045975210807992  0.093040328447909  0.048160694272400  0.090999346812443  0.023503183615448  0.000000000000000  0.013350152201402  0.991716730738293  0.002024806837929  0.006376586298054  0.606256409530869  0.393926943024673  0.396666921595571  0.603321959860381  0.004944361695196  0.490389501994276  0.479299719246488 
46.0    C  0.002470467856160  0.959264119325264  0.000000000000000  0.000000000000000  0.000000000000000  0.000000000000000  0.002422983003350  0.002964490728465  0.002972721446952  0.000000000000000  0.000000000000000  0.002421304101443  0.002371474383584  0.000000000000000  0.002295461578945  0.010124538792448  0.003579565018263  0.002735461564233  0.000000000000000  0.006297522121039  0.963929807740643  0.012922240131926  0.023131457781251  0.243501067135810  0.756283998641981  0.215386539928004  0.784584097896751  0.004920429609170  0.470739232270603  0.474671060475260 
47.0    P  0.065972107352373  0.000000000000000  0.085911793473252  0.223601225445651  0.002939935053537  0.042101049277053  0.013294745773540  0.011638105180646  0.039830019603727  0.050520054300348  0.014548356559847  0.050800975124020  0.126744934973754  0.101954686667376  0.023340835267380  0.070364911633548  0.060875266783953  0.008602668735140  0.002741155714920  0.004175023403168  0.857376036634172  0.045784402331604  0.096856991369896  0.237335530237630  0.762600826628142  0.596667871515861  0.403041415746484  0.004964967536350  0.397217200048052  0.432868282759829 
48.0    D  0.036778335538086  0.005508976408142  0.116225617826645  0.130488990927715  0.010474317121721  0.012985091587401  0.016322433794754  0.068488235402981  0.044071811265137  0.038848427153248  0.012284645189693  0.039885274025905  0.095722374818399  0.049240867878084  0.049206748535575  0.085852264589351  0.107023535568307  0.058964890680960  0.000000000000000  0.021582413252248  0.887611337269498  0.046617000834108  0.065880713955671  0.275667290767228  0.724471077277439  0.121077273653328  0.879039560911787  0.004852688600720  0.417543959714185  0.274904037328638 
49.0    S  0.029238234307231  0.088265900274047  0.167589073947542  0.092718433365070  0.007667648936355  0.196963471512337  0.020347565462016  0.011040887842834  0.053772039413215  0.015282241772615  0.006219438271709  0.076574083244042  0.052337905469277  0.027450952132449  0.022189177477241  0.071694189014135  0.026259804757290  0.021477948368313  0.000000000000000  0.012850782323632  0.631126016056058  0.307146745111412  0.061767853218796  0.223446290589197  0.776468875001040  0.083388948104861  0.916368644675351  0.004723264358724  0.159209684415812  0.198196034152571 
50.0    H  0.102379587232478  0.022844647631251  0.052738487258126  0.032464346978052  0.093363341069521  0.022908074331081  0.037551126547714  0.040330077826618  0.021929245719361  0.076309157041821  0.020631606890859  0.031686233743438  0.018453010334836  0.022143084320441  0.020235046857100  0.065880713955671  0.052592467642836  0.054071043161562  0.022813000166477  0.188678246065070  0.612168196200102  0.377618146390706  0.010209103546040  0.112969090843886  0.886996305152150  0.522317881432116  0.477641468191219  0.004989116246857  0.090621677054928  0.150308656112272 
51.0    T  0.028875705388963  0.007385954037115  0.068630800861691  0.058193426239389  0.008269409334962  0.044102370106522  0.042659178683911  0.016968466505036  0.054146053525005  0.046941247716904  0.003481681624598  0.071100326742032  0.106284270008024  0.026571067502006  0.022405550750247  0.308213081365952  0.065652784000672  0.012534080724258  0.002915582779877  0.004716721060494  0.964598184584138  0.019316800951890  0.016164805961233  0.265723918589638  0.734075318017052  0.820741608810498  0.179368691825838  0.005161478147103  0.462973011263662  0.261702570493644 
52.0    Q  0.046294993688135  0.014812921330135  0.094143154164613  0.025701564647265  0.010686994561738  0.107618648542363  0.035698320214017  0.020545980628204  0.035574813408590  0.015314053364717  0.007070362991273  0.293412044570338  0.016561762240583  0.031120304784202  0.021914050791288  0.146299830184324  0.041810236087066  0.008217982650030  0.006497047643554  0.020775111065339  0.971980987981352  0.009232902710425  0.018762553554456  0.571173123424273  0.428985265214345  0.489710148793463  0.510506062853597  0.004842608202887  0.462011286223412  0.418123199957031 
53.0    F  0.015799251263302  0.010613174098039  0.012656304275501  0.011493802701998  0.055861572647299  0.029056404456661  0.019011286853657  0.021138253610161  0.013668511951653  0.031532863557646  0.006121071773042  0.027603595358796  0.512633618944297  0.016053147490296  0.022797192878753  0.047398985792951  0.024877753086837  0.014854048456716  0.001720447996342  0.105112051906714  0.937571096457110  0.056916864599499  0.005554989885107  0.304813773519076  0.694959109921168  0.782411781736511  0.217486838177163  0.004733096329806  0.397768241877459  0.414947292794991 
54.0    C  0.033889919026346  0.914465089499901  0.003836482793998  0.000000000000000  0.000000000000000  0.003807342308170  0.005101014793316  0.004459198074714  0.000000000000000  0.003960779217930  0.000000000000000  0.000000000000000  0.000000000000000  0.000000000000000  0.000000000000000  0.004063672916102  0.000000000000000  0.012967102899843  0.005108091205222  0.008110463051118  0.958599438492977  0.010627897284422  0.031077192771038  0.630688704415625  0.369334515895640  0.440129506781575  0.559806444327120  0.004651784567832  0.475659138165900  0.470087101254563 
55.0    F  0.037008487870426  0.001889211581277  0.023617498879941  0.072896835611779  0.028795755818709  0.035427169149326  0.044316876114983  0.029137077701151  0.082583650353642  0.171110476636480  0.043949787497285  0.041206050452886  0.018620040227719  0.176165094392752  0.053734780390188  0.040470093714201  0.011948720920959  0.059087632296921  0.003849802097419  0.024163948045479  0.978063473447339  0.011086901220315  0.010672189505894  0.295043585834050  0.705148980242195  0.782954296256543  0.217185546287656  0.004749528449934  0.473028823362798  0.406689599066063 
56.0    H  0.012931200251222  0.024281477149502  0.024826075003003  0.038260512262506  0.009551877169469  0.023781771575615  0.110185019738396  0.015560152392101  0.019901210551977  0.009985151275024  0.016886334406865  0.572362080299342  0.020731955321831  0.021898866391887  0.019545766876770  0.022781396544009  0.011932167952818  0.004752821713414  0.002939935053537  0.016723260912916  0.844986384412514  0.132127255070173  0.023131457781251  0.978063473447339  0.022204563174709  0.595015848153338  0.405001736816023  0.005055256462824  0.183646079159789  0.450312989923965 
57.0    G  0.023683071351725  0.000000000000000  0.021329589341956  0.023633874957562  0.006624374723696  0.725979139951947  0.017229205672952  0.009834040418007  0.007834190905477  0.006438766288697  0.000000000000000  0.054221167947004  0.004175023403168  0.019832357594059  0.011296346051139  0.034939432842683  0.026923317491001  0.002845701394332  0.000000000000000  0.003066906713569  0.303548721098762  0.686342215627455  0.010068551800664  0.971307495541633  0.028399316139016  0.712518807074392  0.287373712008669  0.005051753640185  0.018594245254792  0.417833479460927 
58.0    T  0.038446604523473  0.014598864795050  0.038446604523473  0.073454770526236  0.007704943003854  0.007314626933082  0.010237448467643  0.066247048962330  0.048495678392179  0.042364510212500  0.009175484150107  0.031055659166330  0.010941846256931  0.052483218309009  0.049962864397030  0.088143622530274  0.334945900606960  0.067405026980903  0.002170134235654  0.006474569566312  0.978741650397436  0.020703234641331  0.000616334000055  0.419574818553271  0.580351957191860  0.784584097896751  0.215237297084726  0.005097480264410  0.458819941155683  0.446892581178393 
59.0    C  0.000000000000000  0.929160674250913  0.000000000000000  0.000000000000000  0.000000000000000  0.000000000000000  0.000000000000000  0.003980043736784  0.000000000000000  0.007319698803691  0.000000000000000  0.000000000000000  0.003557304037469  0.014043048853297  0.013350152201402  0.003601965304346  0.006215128779335  0.015452670568452  0.000000000000000  0.003491348290456  0.972654947412286  0.024912264891892  0.002589698750583  0.216434141379915  0.783497186949341  0.246729136471460  0.753145233316906  0.005058761714275  0.467487598875728  0.487339815445774 
60.0    R  0.018085784640471  0.002806523782313  0.018723578458428  0.061171353149840  0.038234001285371  0.004103299000042  0.033702513490452  0.140437487878956  0.047300524780299  0.038821508805764  0.023715925827720  0.025050791543731  0.011849746448238  0.070462525759089  0.070854338298651  0.065789447169340  0.130851285246822  0.160317075345281  0.007401328676557  0.030269318413332  0.705637921704346  0.016108879981169  0.278162530146209  0.667574151647954  0.332632260270172  0.047300524780299  0.952637998043937  0.005062269396224  0.448755025333631  0.482968164462423 
61.0    F  0.036473690681827  0.009245711107442  0.165625877130651  0.074738737298508  0.032017400719775  0.022671128247409  0.028935813203979  0.031598502526603  0.019437682082789  0.052811649025782  0.020277168233425  0.240148715988369  0.031818287492644  0.023243965038039  0.030185510278901  0.041810236087066  0.032871930600121  0.038902319855693  0.008379036068890  0.058801631719612  0.380772184925815  0.013480333508479  0.605836330215122  0.388503634392025  0.611320138846034  0.024433426347769  0.975355461527642  0.005570412958454  0.475329550614909  0.076097876166437 
62.0    L  0.024315161767357  0.022343515411901  0.120157616048595  0.039172906888772  0.018453010334836  0.049206748535575  0.025701564647265  0.126744934973754  0.014288517023436  0.134530015597975  0.016734856612366  0.032826392000336  0.028320685570854  0.018840747307668  0.015931213796847  0.054825846795801  0.070658160445287  0.163119368461120  0.005129379396188  0.018607138271328  0.824162084953241  0.037996227599472  0.137929217505245  0.267943365634073  0.732042847972813  0.501735874254751  0.498270131413934  0.006215128779335  0.440740078953585  0.017493951385222 
63.0    V  0.046778843337272  0.003559770627489  0.182251172352072  0.087656203165150  0.008862933476062  0.045626000332954  0.043919334381460  0.008501894075553  0.024450368179266  0.016886334406865  0.002559362116911  0.224377512666815  0.059912464905811  0.023147496844068  0.029299096764285  0.058354996557207  0.101531549544529  0.025295069267107  0.000000000000000  0.007144258511718  0.937571096457110  0.032195436050627  0.030332327180298  0.275858435010490  0.723969086189780  0.871154192142256  0.129139298460517  0.004706923105448  0.457232544749951  0.056562903930182 
64.0    Q  0.065926394816754  0.003330605045969  0.074325444687670  0.072393300387165  0.022955759894974  0.114784520287615  0.020660228205353  0.031554728049896  0.031995215638389  0.089622203000989  0.019915009801863  0.060790934213268  0.017923547253534  0.039692218204337  0.034149304346905  0.087474116599700  0.152090294829258  0.048093975630027  0.001897084952230  0.010409178321031  0.948026965128645  0.023748825881274  0.028242272710971  0.395020655931689  0.604997044609646  0.298333935757930  0.701735863019538  0.004775938584735  0.441351498145327  0.326917837134190 
65.0    E  0.059912464905811  0.004066490615954  0.072695002596741  0.051976381148432  0.025506345192216  0.062847536274904  0.028183605574445  0.109651693591603  0.020460709735681  0.095457343622544  0.014915953345933  0.061767853218796  0.104024841838941  0.031840349894273  0.021657341963288  0.043045313949473  0.046778843337272  0.127715010339288  0.001733615893104  0.015777364024948  0.967947026893737  0.023601134149419  0.008390659934532  0.515841589650680  0.483973513446869  0.653835674268380  0.346277367027731  0.004809157864629  0.441963765531836  0.313817997820661 
66.0    D  0.045279442329840  0.004782564032813  0.093492859897649  0.024214247842474  0.009759344731667  0.331481440074665  0.011694710834318  0.012913286221160  0.019437682082789  0.014367969471120  0.013611784252223  0.158439065254303  0.030991147835572  0.033330805650993  0.038075320739850  0.082812938565325  0.034987902770445  0.028497911422493  0.002857560977938  0.008918396149428  0.974004268543241  0.018338252785646  0.007457976672967  0.399980064166376  0.599985691186608  0.183518829504263  0.816768991110023  0.004710186826917  0.448444079831007  0.392292048948375 
67.0    K  0.052156830072213  0.002165626257037  0.069252021741558  0.052775055463986  0.007927051145163  0.253314225039771  0.015050967094065  0.009611651130868  0.029036271070341  0.016288527513143  0.013621222492767  0.051940366349603  0.037655384843587  0.023438109207591  0.051796556530500  0.197236710213116  0.071793647187315  0.015082297263621  0.004795842515293  0.025155191800660  0.980099415341871  0.015050967094065  0.005072807041914  0.363241262392842  0.636838737663250  0.449377563305515  0.550570799048982  0.004713452811409  0.446273485736488  0.369590607818461 
68.0    P  0.040610595701733  0.000000000000000  0.003349125143102  0.004388671496217  0.234717936828863  0.013405789537948  0.026424133980547  0.014288517023436  0.013175486097658  0.014348065035952  0.002781348038276  0.009512234520805  0.119162318161020  0.005172222306232  0.009485897534336  0.012612516789137  0.020775111065339  0.024046987815013  0.006452169257310  0.425137080032098  0.991029563264079  0.003337538050351  0.005384395128811  0.229409970577841  0.770571108358408  0.691595314505482  0.308426792452374  0.004674410012620  0.486327473706143  0.401646998378517 
69.0    A  0.043828101582575  0.000000000000000  0.029646384848139  0.063636574985289  0.030606884299591  0.017948411796829  0.036600318163088  0.056838015737546  0.060412881066561  0.031995215638389  0.017481829703683  0.031489180012828  0.017554685984869  0.055668306287918  0.096722812096399  0.116709993114414  0.176654205485341  0.064973714698455  0.003448058579260  0.047794883683837  0.993781093322555  0.005531935305526  0.001000543772493  0.353798540081664  0.646176415318746  0.645281245225889  0.354535008919865  0.005111633091621  0.466839972457657  0.455966582759885 
70.0    C  0.000000000000000  0.936272247434492  0.013621222492767  0.000000000000000  0.004391714546010  0.004594106446449  0.000000000000000  0.000000000000000  0.000000000000000  0.000000000000000  0.000000000000000  0.008496003053554  0.000000000000000  0.000000000000000  0.004002175089972  0.016874633747389  0.000000000000000  0.011882646509695  0.000000000000000  0.000000000000000  0.986232704493359  0.012586317047637  0.001032244180236  1.000000000000000  0.000000000000000  0.000000000000000  1.000000000000000  0.005101014793316  0.484644908467533  0.479632059662632 
71.0    V  0.041955390711883  0.000000000000000  0.052084575447451  0.074068298183849  0.018762553554456  0.010896434893363  0.031576607702711  0.083388948104861  0.056602123938614  0.059539874877746  0.013849714049920  0.059581159080510  0.034578042284134  0.060790934213268  0.071001829049168  0.118997238562191  0.108517528450130  0.086449414313185  0.002877436886360  0.014568538850576  0.995159721820083  0.002475610394598  0.002522377637309  0.422493192206257  0.577542892276792  0.503128911748891  0.496890546661277  0.005125825213250  0.491069797631696  0.465870214652387 
72.0    C  0.000000000000000  0.934327346883180  0.003927971017182  0.000000000000000  0.000000000000000  0.004815829396343  0.000000000000000  0.000000000000000  0.000000000000000  0.000000000000000  0.000000000000000  0.000000000000000  0.005118724233822  0.000000000000000  0.003881957395791  0.014111351721122  0.025506345192216  0.000000000000000  0.004575039770386  0.003736750617546  0.980099415341871  0.009558500321343  0.010244546986060  0.045847917005229  0.953959550547558  0.110185019738396  0.890075733252496  0.005140056738395  0.478635729097649  0.476649272644080 
73.0    H  0.065154110052570  0.000000000000000  0.042482132559586  0.031950891581560  0.019681718436678  0.013868927144836  0.030039404012149  0.016299821773904  0.049893649147291  0.090747392493993  0.012421644546078  0.034482304376311  0.327144517863753  0.045154074935110  0.042364510212500  0.062543336716411  0.062760471452436  0.031973045929201  0.006834255975827  0.014338123161115  0.988970916380931  0.001401317904889  0.009439983151484  0.033238521027912  0.966606097064973  0.268501117905031  0.731535610352163  0.005154327776457  0.492774668469685  0.450937689191125 
74.0    S  0.099166730398893  0.002195857273005  0.065244495463857  0.098823639575493  0.014140725982545  0.030713143704539  0.025085543397374  0.018607138271328  0.030143693268254  0.025137761591935  0.006061959799022  0.053548872173036  0.238489887636890  0.040921419471361  0.030353359235676  0.088449635020416  0.071893243334413  0.044378354954482  0.003599469477339  0.013111713079790  0.986916545885842  0.007932547663042  0.005255340658288  0.890075733252496  0.109651693591603  0.560583039014254  0.439519780455894  0.005157901722715  0.482299092292069  0.434973676354325 
75.0    G  0.023179608341268  0.007982188146205  0.047267749915124  0.034794425569646  0.005154327776457  0.658383461029622  0.008777342992435  0.002008034817688  0.011751591807724  0.013111713079790  0.003809982271592  0.035599480538191  0.026369243629063  0.014072280935124  0.009909307807233  0.040051497630006  0.036651092163496  0.003914381269842  0.006754197119593  0.010576455305097  0.975355461527642  0.023421868777430  0.000983355029352  0.189990607050190  0.810003473632046  0.220675749072664  0.779164579660500  0.005111633091621  0.398872619904516  0.465224828851508 
76.0    Y  0.005132936043552  0.001745674145228  0.014111351721122  0.003402946063056  0.296889916518353  0.002489376225233  0.018414678247058  0.006245358049629  0.010237448467643  0.013331657783001  0.012081974022739  0.014477938467037  0.013621222492767  0.009232902710425  0.009888723390393  0.005101014793316  0.021627339313304  0.018148573936339  0.111413811987121  0.412652704256329  0.988285651500733  0.011382805577328  0.000614201646404  0.231005643111706  0.768970415635134  0.297920643643512  0.702222437868999  0.005097480264410  0.465870214652387  0.470739232270603 
77.0    V  0.064524908467703  0.003335225446841  0.027950153180706  0.066155274679696  0.025934205799687  0.027527167941468  0.039010329653175  0.049652150006007  0.040302132832996  0.019024469041609  0.030353359235676  0.022639721164920  0.017898717155934  0.027565355162412  0.046327094056339  0.122088566120278  0.279321784518055  0.042659178683911  0.008454880035357  0.039418044025977  0.948684315140454  0.037499105699163  0.013975076590353  0.165970644797805  0.833931043824964  0.086990399489444  0.913198250011992  0.005108091205222  0.428094142273228  0.476318999021969 
78.0    G  0.003183876298448  0.000000000000000  0.024063661694877  0.004274584770550  0.003532731943598  0.867538687152068  0.005505159199774  0.000000000000000  0.005306587049019  0.014854048456716  0.004322255285517  0.002470467856160  0.000000000000000  0.003450449419849  0.009252121967607  0.017824433060444  0.021314809919990  0.008759109984598  0.004431466738031  0.000000000000000  0.986232704493359  0.011210543239115  0.002396259721199  0.124481219136807  0.875391329694264  0.000000000000000  1.000000000000000  0.005165057051338  0.477641468191219  0.437392382452911 
79.0    A  0.039336161672027  0.000000000000000  0.129857387912208  0.095127086302460  0.007535923317064  0.012691443693066  0.022671128247409  0.044842172956459  0.109956134490304  0.042718357873182  0.010103507280371  0.063109456099793  0.080269738061839  0.076680311078363  0.085318357367823  0.057631444869539  0.079054971397121  0.033889919026346  0.000000000000000  0.009137403625406  0.987600861445373  0.009651708102554  0.002925704950047  0.284795844305529  0.715488260011456  0.233581836720795  0.766309980103892  0.005168638437141  0.455334916795989  0.417543959714185 
80.0    R  0.029177498278604  0.000000000000000  0.049206748535575  0.014170161389580  0.044904380517002  0.037008487870426  0.067920928907879  0.012387252134536  0.022765611154656  0.053883971563600  0.004762715211236  0.165167300707283  0.008138620539127  0.043194756454018  0.229409970577841  0.074273944066058  0.072443496994028  0.012473412286823  0.003944341006237  0.054825846795801  0.986916545885842  0.006319385534076  0.006438766288697  0.250173346865645  0.750019494642909  0.434070113800521  0.566049451055337  0.005065779510356  0.473685035299634  0.427797512841301 
81.0    C  0.000000000000000  0.912565488543452  0.004785880202753  0.000000000000000  0.005065779510356  0.000000000000000  0.005782864445313  0.000000000000000  0.021823102069803  0.000000000000000  0.000000000000000  0.015431263460084  0.000000000000000  0.000000000000000  0.008478354467827  0.008110463051118  0.008974205898414  0.003855142757367  0.002744958398841  0.002682883268417  0.965267024871757  0.013630667277668  0.021388809579560  0.185694115082604  0.814507563070215  0.222518933313124  0.777546035882558  0.005262631159632  0.482633512435878  0.450312989923965 
82.0    E  0.020179021098474  0.010272990314102  0.117766409238101  0.406689599066063  0.002229599037357  0.023195680791079  0.027969533466499  0.009232902710425  0.030081076346930  0.008620576094078  0.003936147501604  0.032284824615129  0.003358423774387  0.150830489965095  0.025701564647265  0.061767853218796  0.047267749915124  0.014710601008456  0.000000000000000  0.003947075962839  0.984184022033800  0.004419197120492  0.011422323815625  0.308213081365952  0.691595314505482  0.439824537961218  0.560194607097088  0.005255340658288  0.478967609111348  0.414372452243996 
83.0    H  0.018440224114628  0.004131839701634  0.030143693268254  0.096789878481653  0.037008487870426  0.015625000000000  0.044780051574159  0.127715010339288  0.058964890680960  0.078508898821470  0.014033318326311  0.046681670534761  0.024705909893873  0.070316155293051  0.047894373756493  0.051189793616239  0.131670129494355  0.069348092004240  0.003988328616044  0.027988927190339  0.984866442895551  0.011390698272005  0.003572129255859  0.224377512666815  0.775393206347005  0.416387885440275  0.583579050909234  0.005373210227108  0.452503231441453  0.420739741142690 
84.0    A  0.073556671076173  0.006215128779335  0.191444749636798  0.090058109302370  0.015700997194122  0.053437636118248  0.008584798574819  0.016243428674614  0.073607674349686  0.043525358770907  0.007546377569725  0.088265900274047  0.062847536274904  0.041206050452886  0.065835064747177  0.049790006017849  0.047038960856596  0.046681670534761  0.000000000000000  0.018414678247058  0.976708528962227  0.010237448467643  0.012904338514621  0.271683715631515  0.728499556949005  0.590905773467183  0.409234590795402  0.005016858628865  0.467163673441590  0.428390977384285 
85.0    D  0.039996012932635  0.001898400367151  0.053437636118248  0.019750048413325  0.047431851655439  0.033100572958871  0.008206598000084  0.225156494961982  0.035060733766578  0.099856489556144  0.017873921456309  0.021123606766064  0.063416409161305  0.021792869786725  0.022624033943431  0.049928244778072  0.066109435226152  0.144285677189605  0.004262749519746  0.024791682599723  0.936921446872426  0.052811649025782  0.010068551800664  0.299162240807679  0.700763724540373  0.091568804663209  0.908148417721510  0.005508976408142  0.365514362100008  0.414659772907221 
86.0    L  0.035329080222643  0.020333466491280  0.160428237195363  0.041550222130679  0.021959667190730  0.043797732783773  0.008032139270751  0.033866436463899  0.018401918587422  0.097193254485320  0.024264652343782  0.169223284881557  0.085082132281217  0.051118878659861  0.015733680469636  0.073353011142585  0.042659178683911  0.031642337729703  0.004626060983803  0.021448194238358  0.948684315140454  0.011493802701998  0.039774841727373  0.149063609041329  0.850863729506541  0.060078808024298  0.940174202509126  0.005632534654142  0.482633512435878  0.375790369516391 
87.0    L  0.025630403474898  0.046843737554861  0.150935073935812  0.175069540110901  0.054825846795801  0.029339742103608  0.018249490540830  0.021226348196077  0.072695002596741  0.086449414313185  0.012456132445946  0.034078366645789  0.048127323389754  0.016019800592009  0.032803646363221  0.071545260037418  0.062760471452436  0.034939432842683  0.000000000000000  0.006015915423719  0.757333157938488  0.055054335882936  0.187764990867616  0.028183605574445  0.971980987981352  0.049070507417098  0.950659101229818  0.005855467194358  0.420448207626857  0.315125847895746 
88.0    A  0.061044283060139  0.033516144275561  0.040386025957422  0.018710604759671  0.029197729590099  0.078563335907614  0.007823337935245  0.018998113799736  0.020277168233425  0.041521431690516  0.010040674511479  0.031730190652170  0.203063099089059  0.051617354058483  0.020818356642063  0.122088566120278  0.083388948104861  0.022483337187669  0.041377778449856  0.063328556259943  0.656105627295980  0.212568540016049  0.131487722400484  0.323985241358333  0.675955416514063  0.112111019957752  0.887611337269498  0.005570412958454  0.311866392978511  0.201241534405280 
89.0    V  0.029873291174804  0.006262697885933  0.011438169499575  0.014926295880976  0.047960815500028  0.008384845987449  0.032262454233851  0.135090675254919  0.020263118041422  0.117440343651751  0.015549370653439  0.016561762240583  0.085733330536912  0.062978360025657  0.035599480538191  0.041550222130679  0.046681670534761  0.209061599978516  0.000000000000000  0.062456693311903  0.916368644675351  0.042217940141739  0.041091961256408  0.074894313833714  0.925304428037852  0.068488235402981  0.931740429304773  0.002746861718580  0.457232544749951  0.171585553906864 
90.0    V  0.074068298183849  0.010110512925647  0.014978116226453  0.071743900865938  0.004410017206274  0.057911753868148  0.017385158134138  0.030670595745421  0.061725053840336  0.018073252873520  0.020588749245846  0.014318260073052  0.105769824575036  0.095921631000055  0.121666171769780  0.123535706437592  0.052048485680034  0.093298648956060  0.000000000000000  0.011784219349114  0.891928519420093  0.022765611154656  0.085259239679960  0.097058609375130  0.903126510151822  0.142397922152764  0.857376036634172  0.002941973567644  0.466516495768404  0.163685677885446 
91.0    A  0.089808761034004  0.014548356559847  0.061982295671143  0.073556671076173  0.000000000000000  0.064928693956104  0.088633752229966  0.038875364165577  0.061256213458867  0.004046807670156  0.007921558435860  0.059251685320540  0.176409480426087  0.036549614501623  0.051118878659861  0.069588851139293  0.063724855187387  0.033446521825832  0.004271622880799  0.000000000000000  0.918276162300924  0.061810682273808  0.020067434515460  0.073760896458513  0.925946022527324  0.219303387183206  0.780786492607391  0.003346804510815  0.437695664847132  0.162329825341235 
92.0    A  0.178748123295211  0.000000000000000  0.077535456107212  0.057591511637419  0.025952188252840  0.132127255070173  0.013888166893228  0.021747599872361  0.089560103148319  0.038022573707315  0.031098741306878  0.020847237026215  0.060748811748835  0.035353576963934  0.014690221914205  0.120574773073017  0.045975210807992  0.021914050791288  0.003873893479446  0.009820416988452  0.945402116750744  0.012115518849172  0.042541066140609  0.348444309671867  0.651573574681647  0.453445164466571  0.546388869550476  0.003448058579260  0.490729531926740  0.198470982732913 
93.0    S  0.048060650977196  0.000000000000000  0.111336612575835  0.086210057614191  0.038234001285371  0.086269834587289  0.013907433332070  0.021123606766064  0.031401994388243  0.081221191403465  0.003159692767038  0.065743861200242  0.095921631000055  0.035427169149326  0.055322110286222  0.147113342152346  0.044842172956459  0.023683071351725  0.000000000000000  0.011048543456040  0.917004043204671  0.056016668723088  0.027242444985533  0.051940366349603  0.948026965128645  0.029076551803219  0.970634469769547  0.003144398975083  0.438302860658018  0.269246594048262 
94.0    Q  0.035847094507068  0.000000000000000  0.067639040282857  0.120240931833097  0.026259804757290  0.132218870452303  0.039912929974856  0.010525262319263  0.071992977646835  0.066384949155961  0.000000000000000  0.062891113968611  0.045879707376066  0.059705183523902  0.018427446754082  0.093104841445169  0.049755506173674  0.050171086794747  0.017481829703683  0.031598502526603  0.963929807740643  0.009245711107442  0.027073026762503  0.088879838161705  0.911301280637141  0.081390261848064  0.918912883479050  0.003122679024814  0.488015880388112  0.257206676973394 
95.0    K  0.053883971563600  0.000000000000000  0.027988927190339  0.048394939240826  0.017145811524676  0.108592773143828  0.046649324478030  0.031664278129971  0.093492859897649  0.117603263439223  0.012293163208649  0.059333882559407  0.078345813777543  0.033330805650993  0.065880713955671  0.096187951260054  0.069492447344819  0.034315400430845  0.000000000000000  0.005362048559589  0.957271458195298  0.008121714337307  0.034578042284134  1.000000000000000  0.000000000000000  0.068203992315933  0.931740429304773  0.003166269999552  0.493800430722686  0.253665636645220 
96.0    K  0.007080171392714  0.009143739386520  0.050136322897030  0.067311648512066  0.175312406330300  0.021329589341956  0.009049162548396  0.030670595745421  0.086569341756933  0.062803988776487  0.004815829396343  0.034987902770445  0.026479138592066  0.084085450532614  0.030269318413332  0.117766409238101  0.031576607702711  0.043134917293645  0.009558500321343  0.097937148368668  0.934975197751455  0.036246864203295  0.028835702895431  0.419574818553271  0.580351957191860  0.082755556899712  0.917004043204671  0.003255285965466  0.462011286223412  0.240815473505037 
97.0    Q  0.057791454882106  0.000000000000000  0.071396640428034  0.017849160107009  0.032758202359904  0.081842838942723  0.008704637897026  0.022781396544009  0.047728671811272  0.040218413978165  0.027035521580781  0.045091521464426  0.170991912987811  0.153360622156726  0.032329611922466  0.051331918797004  0.067358321565229  0.041926319527571  0.013433695097547  0.016064278541501  0.909408251800733  0.078400137782562  0.011923900070004  0.666649338545599  0.333324669272800  0.429580377473592  0.570381857934212  0.003146579261909  0.370616752450709  0.233581836720795 
98.0    A  0.082640912821411  0.000000000000000  0.018350968300213  0.047994070928191  0.041377778449856  0.030755750688556  0.042718357873182  0.032084048303750  0.003166269999552  0.101672399766516  0.010089510549237  0.023633874957562  0.029769937438873  0.033054717613076  0.121245238792717  0.077858588473092  0.034172983046395  0.070413701781080  0.143686856004335  0.055322110286222  0.971980987981352  0.025826572442319  0.002195857273005  0.616426162731903  0.383420664918273  0.535515411595727  0.464580337125457  0.002893437105508  0.475000191437443  0.314471242959004 
99.0    I  0.056016668723088  0.000000000000000  0.038553349056547  0.039609766313576  0.041926319527571  0.029564301460175  0.027431931175297  0.138696184008481  0.036271997324491  0.168170901065228  0.012301687133894  0.057711394420587  0.011719054603795  0.023340835267380  0.008206598000084  0.056680645558321  0.059046690062325  0.181620631196421  0.000000000000000  0.013102627881890  0.917639882311365  0.002543445682752  0.079992025865269  1.000000000000000  0.000000000000000  0.447822835045425  0.552099423581546  0.002769804757186  0.500000000000000  0.397217200048052 
100.0    T  0.139757731370733  0.009745824780578  0.006385432253815  0.023003544721378  0.005949565389466  0.017664540111322  0.015603354157829  0.173619391970639  0.016108879981169  0.132035703168982  0.026060345119530  0.013012121420009  0.027489033622576  0.018249490540830  0.013936383115939  0.035012162943568  0.148033951481704  0.139854637629464  0.029997789407466  0.008543245761599  0.979420297586927  0.008303872455926  0.012421644546078  0.321747311825318  0.678302163723836  0.281069730944654  0.718968266423479  0.002907510263997  0.492092011016900  0.318640156829816 
101.0    A  0.208049683677881  0.004700402445311  0.014967737784730  0.013048248741068  0.038902319855693  0.055591187096119  0.000000000000000  0.142892291926755  0.003374758544532  0.067592172717726  0.012023493907507  0.014895289770127  0.008496003053554  0.000000000000000  0.006319385534076  0.046455718263469  0.103808753011362  0.225781627537956  0.006515086279883  0.026607928367155  0.924022572446823  0.003438511771731  0.072242919159675  0.751580739032781  0.248273123859259  0.045154074935110  0.954621014139717  0.002851625020810  0.494485458190466  0.344840230456765 
102.0    L  0.080214118597682  0.039637231228933  0.000000000000000  0.000000000000000  0.031950891581560  0.140048651774272  0.000000000000000  0.168520966467132  0.000000000000000  0.208916739730463  0.028105572254617  0.000000000000000  0.010230354867840  0.000000000000000  0.014700407929903  0.098481735756168  0.009766111738947  0.109423916211783  0.011226095129250  0.048731552663208  0.949342120950519  0.002513650873635  0.048294409352999  0.333324669272800  0.666649338545599  0.201940194402402  0.798298386356650  0.002816267327071  0.498961359499525  0.278355404557172 
103.0    V  0.148547888132117  0.006772949714958  0.000000000000000  0.013907433332070  0.007562086147607  0.021868529149925  0.007651721074898  0.304602565918798  0.006973023214633  0.137356777197110  0.016153605253874  0.000000000000000  0.009854511006494  0.000000000000000  0.000000000000000  0.057035343033966  0.088633752229966  0.166316130135086  0.000000000000000  0.006619784648017  0.993092495437036  0.007243988644027  0.000000000000000  0.787307976569203  0.212568540016049  0.550570799048982  0.449377563305515  0.002785206479227  0.494485458190466  0.284401306968126 
104.0    V  0.114228931278675  0.000000000000000  0.000000000000000  0.008484233252518  0.025400487562010  0.279321784518055  0.000000000000000  0.162893393670412  0.003096813033634  0.077160162930846  0.006886563733650  0.000000000000000  0.013267128850732  0.000000000000000  0.012225184089633  0.037577164028068  0.012612516789137  0.243669907722887  0.000000000000000  0.002966546269169  0.992404374685819  0.004766017618251  0.002960383918966  0.039996012932635  0.959929261038908  0.248273123859259  0.751580739032781  0.002645947221651  0.493800430722686  0.386355274823994 
105.0    V  0.058395459180199  0.010776257201774  0.000000000000000  0.006007581372149  0.011565728890625  0.099098017076286  0.000000000000000  0.293412044570338  0.000000000000000  0.098277161517541  0.030841142058933  0.000000000000000  0.000000000000000  0.000000000000000  0.000000000000000  0.033469713224733  0.030395467106634  0.309283119671793  0.014761672515581  0.003815267691259  0.975355461527642  0.003960779217930  0.020731955321831  1.000000000000000  0.000000000000000  0.061682284117865  0.938221196500671  0.002640450845758  0.490389501994276  0.408951029278891 
106.0    S  0.220370039476793  0.079384436408674  0.013285533751003  0.000000000000000  0.004060857168653  0.270931491711195  0.002929763650949  0.040779842115280  0.000000000000000  0.069156084568267  0.010561803383032  0.005578140545645  0.103306289769276  0.011638105180646  0.004645340292979  0.095988141856381  0.037707622491274  0.029811235954611  0.000000000000000  0.000000000000000  0.988285651500733  0.002201953929972  0.009466192659611  0.199990032083188  0.799960128332753  0.000000000000000  1.000000000000000  0.002673601197445  0.499653546495226  0.388234437500520 
107.0    I  0.075939799494064  0.017027376753333  0.000000000000000  0.000000000000000  0.021123606766064  0.042364510212500  0.000000000000000  0.202080217201392  0.000000000000000  0.197236710213116  0.016944959513173  0.010287241578588  0.011430243911753  0.003105411136519  0.007269137950805  0.031554728049896  0.029016151634585  0.334481888696528  0.000000000000000  0.000000000000000  0.975355461527642  0.009558500321343  0.015134659206666  0.728499556949005  0.271307342970452  0.040864729641774  0.959264119325264  0.002692197564406  0.483638164806966  0.377618146390706 
108.0    V  0.168170901065228  0.012886461697033  0.007780076196050  0.009847682746742  0.021883692513863  0.047431851655439  0.000000000000000  0.080828058242968  0.006138066536465  0.172898828626371  0.016992006107108  0.000000000000000  0.023243965038039  0.003599469477339  0.000000000000000  0.037891025595679  0.051868411599374  0.334713814244611  0.000000000000000  0.003804704173997  0.980779003988551  0.012040173568100  0.007483868892365  0.280485870132621  0.719466790005410  0.036322315859941  0.963929807740643  0.002697801656531  0.488015880388112  0.369078601420708 
109.0    A  0.154427329640866  0.045279442329840  0.000000000000000  0.000000000000000  0.045531222309313  0.082070070339009  0.000000000000000  0.112734422297781  0.000000000000000  0.287373712008669  0.006028438183824  0.000000000000000  0.010452559021767  0.000000000000000  0.006210822273039  0.010896434893363  0.024113752735296  0.214939121560752  0.000000000000000  0.000000000000000  0.984866442895551  0.000000000000000  0.015441963304699  0.099995016041594  0.900001929793512  0.019236631458514  0.980779003988551  0.002684743546039  0.498961359499525  0.363493129330078 
110.0    L  0.099649059567567  0.020151066416498  0.007812500000000  0.000000000000000  0.052519609514580  0.102663837594008  0.000000000000000  0.094732285406900  0.000000000000000  0.290578526879529  0.033492920704259  0.010026764824710  0.014062530153024  0.006754197119593  0.005730989625654  0.061128967090459  0.019984149707460  0.173258735706302  0.000000000000000  0.007478683267151  0.944092419150250  0.006712193398025  0.048900736358532  0.456915725114700  0.543367431263029  0.189333289484622  0.810565119885309  0.002675455038995  0.482633512435878  0.354780839050096 
111.0    A  0.109045338221345  0.011010318399547  0.000000000000000  0.000000000000000  0.042896388476716  0.033866436463899  0.000000000000000  0.149373900607098  0.000000000000000  0.360232437209480  0.023470623858452  0.005006437203751  0.017506081471784  0.000000000000000  0.000000000000000  0.040386025957422  0.023666661185578  0.183646079159789  0.000000000000000  0.000000000000000  0.982820598545251  0.001865786985122  0.015282241772615  0.500000000000000  0.500000000000000  0.147215348699373  0.852634891767957  0.002675455038995  0.500000000000000  0.327144517863753 
112.0    V  0.034267862143372  0.005648173025569  0.000000000000000  0.000000000000000  0.082240907814313  0.011662331119507  0.000000000000000  0.143587294374629  0.000000000000000  0.408384495555011  0.014741222670240  0.000000000000000  0.004792519442398  0.003323686443385  0.000000000000000  0.021477948368313  0.042866665268456  0.227037104430377  0.000000000000000  0.000000000000000  0.988970916380931  0.011117683290895  0.000000000000000  0.666187412546011  0.333787075823977  0.366275218652834  0.633756261017212  0.002669897367074  0.483303048532487  0.337041932934264 
113.0    L  0.045436641166260  0.008240799352094  0.000000000000000  0.000000000000000  0.034220389712299  0.017241152188156  0.005531935305526  0.213602435222433  0.000000000000000  0.451563255075911  0.003577084712571  0.004703661645435  0.000000000000000  0.021792869786725  0.000000000000000  0.031358492140922  0.023308500417054  0.139564120247822  0.000000000000000  0.000000000000000  0.995849753094458  0.000000000000000  0.003871209231500  0.000000000000000  0.000000000000000  0.247071412875183  0.753145233316906  0.002580739073551  1.000000000000000  0.388773017941279 
114.0    I  0.054108535344979  0.009067999331123  0.000000000000000  0.000000000000000  0.078726873746712  0.032599643547808  0.000000000000000  0.295862755438143  0.000000000000000  0.279128240495643  0.020818356642063  0.000000000000000  0.012107123921237  0.000000000000000  0.006003418676906  0.013248749447393  0.026442456143759  0.149684838077366  0.000000000000000  0.022051185053261  0.967947026893737  0.007593601468604  0.024214247842474  0.779164579660500  0.220828762870366  0.000000000000000  1.000000000000000  0.002631315579816  0.494142825750366  0.408951029278891 
115.0    I  0.185565446328631  0.046102858033839  0.007630535382517  0.000000000000000  0.032803646363221  0.078890752007007  0.000000000000000  0.141414307855738  0.000000000000000  0.214344009158543  0.038526635170744  0.000000000000000  0.003559770627489  0.000000000000000  0.000000000000000  0.060037178997092  0.023486898094774  0.167589073947542  0.000000000000000  0.000000000000000  0.950659101229818  0.045879707376066  0.003692977018558  0.292194312140311  0.707597080163328  0.290981633600534  0.709070017839729  0.002653293524510  0.432868282759829  0.373712312158735 
116.0    T  0.139467415290621  0.040274207202657  0.000000000000000  0.004041201490308  0.059746582349609  0.103020260619155  0.000000000000000  0.146604368653985  0.011541703621739  0.161992620679167  0.057831526752366  0.000000000000000  0.004687388212395  0.000000000000000  0.007731692628244  0.064883704408941  0.047828024056958  0.143388378028271  0.007021524426649  0.000000000000000  0.910669833591978  0.000000000000000  0.089312133733818  0.000000000000000  0.000000000000000  0.103306289769276  0.896888159662015  0.002645947221651  1.000000000000000  0.401090583176243 
117.0    C  0.113991645689971  0.107842668067832  0.003831167984330  0.000000000000000  0.068773663085384  0.059663813383732  0.000000000000000  0.265539796623843  0.003384128345313  0.146604368653985  0.006763566918122  0.006569503244170  0.010019817209080  0.000000000000000  0.000000000000000  0.026793001144818  0.065561832973434  0.109423916211783  0.000000000000000  0.005262631159632  0.932386486436833  0.057114465639338  0.010251650426500  0.791685865871272  0.208193942720137  0.629814989973700  0.370359949505080  0.002699672278376  0.433769343576034  0.300617312224544 
118.0    V  0.124913386623807  0.036727385263118  0.000000000000000  0.000000000000000  0.040442051702589  0.042688758023575  0.000000000000000  0.132954084111648  0.007604135735611  0.220064753390788  0.047695600280017  0.000000000000000  0.008116086744513  0.005365766536834  0.017530366883289  0.044966674375338  0.037759932605936  0.191444749636798  0.031077192771038  0.010635266535152  0.769503610080431  0.208627320288852  0.022005378545501  0.758909626487027  0.241316756217939  0.126920762608679  0.872967591133763  0.002722221169311  0.286181040149671  0.396941965465826 
119.0    L  0.105403888781264  0.044041273598188  0.005707204603694  0.011312016971715  0.087292408279212  0.104530799989258  0.000000000000000  0.098823639575493  0.006363340336486  0.225781627537956  0.011406500083238  0.000000000000000  0.004845966006701  0.000000000000000  0.024063661694877  0.024264652343782  0.027318081887824  0.177636505397670  0.022561393680039  0.018607138271328  0.992404374685819  0.007530701622974  0.000000000000000  0.591725510876286  0.408101523075451  0.284993318173365  0.714992493180845  0.002725997586176  0.493800430722686  0.386355274823994 
120.0    I  0.134716643130459  0.035158077646525  0.000000000000000  0.000000000000000  0.079715274479909  0.051796556530500  0.014140725982545  0.125869443757090  0.012378668920703  0.099029351365621  0.046327094056339  0.012499377005199  0.002220345650852  0.000000000000000  0.013239569296033  0.030862526920168  0.033446521825832  0.230046912656219  0.034554082916258  0.044132950137024  0.984866442895551  0.005883947135288  0.009368280576493  0.561360711036804  0.438606774366411  0.000000000000000  1.000000000000000  0.002688467971857  0.495514781632040  0.413798408039103 
121.0    H  0.081786129465938  0.006280085865181  0.007489058113226  0.000000000000000  0.176531800548094  0.006533174999329  0.031576607702711  0.112266546610492  0.007641120886307  0.205755086319677  0.020361674208801  0.009739071830274  0.000000000000000  0.005448217446681  0.003820560443154  0.032712821311705  0.019818615614467  0.173018714506435  0.046359216682535  0.052921582022658  0.954621014139717  0.039912929974856  0.005429368046259  0.307786103336229  0.692074858025740  0.757333157938488  0.242490477585434  0.002703417414163  0.444113397921202  0.404440674180870 
122.0    C  0.022328033433455  0.137833645383614  0.007489058113226  0.009943710431843  0.091441951294020  0.027969533466499  0.013630667277668  0.088756709908964  0.007406460665068  0.107618648542363  0.010776257201774  0.008531410513638  0.000000000000000  0.006465600125611  0.020890632740705  0.034434534871144  0.022702578899553  0.109651693591603  0.032554482156507  0.239483804555674  0.950659101229818  0.046359216682535  0.003039395220920  0.561360711036804  0.438606774366411  0.132127255070173  0.868140227601043  0.002697801656531  0.430474594169452  0.472373520498603 
123.0    C  0.009137403625406  0.231647015472593  0.002802635809779  0.007588339808919  0.048462075396688  0.006488047063210  0.012612516789137  0.087656203165150  0.054598305994793  0.078237278665875  0.062847536274904  0.007888682012474  0.003857815865021  0.011670417633690  0.132677901118724  0.023732370153352  0.005436899968090  0.081616236693057  0.034386831542692  0.096789878481653  0.988970916380931  0.008183875992967  0.002765967652763  0.702709350103360  0.297301778750680  0.319524840800763  0.680657058249737  0.002675455038995  0.482633512435878  0.467487598875728 
124.0    Q  0.050275523183870  0.024450368179266  0.000000000000000  0.005414335490822  0.007699604194839  0.010416395914775  0.028935813203979  0.050171086794747  0.188809073195353  0.015092755139451  0.027016788478371  0.006744840301363  0.007525483547032  0.061086610400675  0.372936006672866  0.025506345192216  0.018478609378815  0.034339194299277  0.009545258606824  0.055591187096119  0.954621014139717  0.010843693117309  0.034746223672410  1.000000000000000  0.000000000000000  0.210953949032504  0.788946840852465  0.002671748640435  0.478635729097649  0.475000191437443 
125.0    V  0.103952762296863  0.026923317491001  0.003438511771731  0.008893703352147  0.042042725266307  0.017713584574663  0.012770864507629  0.062197482613755  0.083446768955994  0.086269834587289  0.014367969471120  0.018568486016515  0.017849160107009  0.016142412307565  0.228933421604532  0.052628934600526  0.112969090843886  0.061256213458867  0.014998894703733  0.014578640492763  0.991716730738293  0.006223750752231  0.001945019049013  0.232612414425754  0.767373048000443  0.777546035882558  0.222364748384474  0.002681024279795  0.483303048532487  0.444113397921202 
126.0    R  0.003692977018558  0.014782150730087  0.000000000000000  0.042718357873182  0.003135692924672  0.021747599872361  0.028144561870248  0.015854102290326  0.179617522068008  0.011915637916065  0.003606962151287  0.045499673406221  0.005193777766335  0.045342256494818  0.483303048532487  0.039719740290802  0.018236845340914  0.017205337470281  0.000000000000000  0.020123150461091  0.988970916380931  0.001850332169139  0.009446528717448  1.000000000000000  0.000000000000000  0.343171107813728  0.657015813574686  0.002686605113554  0.498961359499525  0.483973513446869 
127.0    K  0.019722688001752  0.006241030597259  0.008759109984598  0.041839226780576  0.019209982300853  0.010888884677246  0.026960667016958  0.008437316873694  0.418993567333974  0.043434944370073  0.029056404456661  0.037759932605936  0.006129563264818  0.031906628928350  0.184155960727060  0.062500000000000  0.010187896369208  0.026424133980547  0.000000000000000  0.007406460665068  0.982820598545251  0.013696964395563  0.003307598876416  0.192642777089602  0.807201074504765  0.266646445207941  0.733566672083662  0.002716566350996  0.486664687079119  0.461691155364697 
128.0    H  0.037343475151774  0.003043611639299  0.019236631458514  0.016573245958878  0.039118639332937  0.012490716099257  0.020963159763785  0.007401328676557  0.231968369117821  0.065244495463857  0.004632478513324  0.019640833976904  0.014548356559847  0.115023456328109  0.289773987976114  0.025952188252840  0.011710934388715  0.020123150461091  0.032986053676186  0.012242143546083  0.930449657703015  0.069685388670481  0.000000000000000  0.641268301381124  0.358737383651676  0.736623842908240  0.263340258988709  0.002684743546039  0.433168428200044  0.467811748915700 
129.0    C  0.075415244982548  0.060875266783953  0.024197469620413  0.021182255106250  0.036246864203295  0.027527167941468  0.026867390195094  0.011915637916065  0.159430548959818  0.036021448337465  0.017181502333040  0.021990130864459  0.033842970172685  0.055552667572911  0.301034345307854  0.038714021805747  0.019183370061173  0.025312608551001  0.000000000000000  0.007515058239569  0.994470168673214  0.000000000000000  0.005589752031340  0.000000000000000  0.000000000000000  0.330334601414566  0.669891801213920  0.002624030128362  1.000000000000000  0.488015880388112 
130.0    E  0.027508094173848  0.000000000000000  0.046455718263469  0.061298687749284  0.010911551034902  0.045405157799105  0.003116192343004  0.019130256131253  0.189464570813800  0.073709787016326  0.009453078822026  0.033077637339848  0.085495956493906  0.081616236693057  0.120407736752519  0.089064850884299  0.076203443379769  0.020067434515460  0.000000000000000  0.007572576694805  0.973329374158238  0.008071206153782  0.018684684324627  0.442270217665770  0.557869661162482  0.680657058249737  0.319303439798847  0.002631315579816  0.490389501994276  0.486664687079119 
131.0    W  0.015549370653439  0.003644660123191  0.024586326417299  0.055861572647299  0.014874654820274  0.018401918587422  0.017579038823263  0.005605271619557  0.327598350964591  0.008367428306183  0.000000000000000  0.036423162441705  0.024450368179266  0.122427537198366  0.176287245060549  0.056562903930182  0.034963659407366  0.028815722434770  0.027872766231878  0.000000000000000  0.944747040997206  0.055283777208221  0.000000000000000  0.185051662250006  0.815072332402625  0.111878133865997  0.888226795842405  0.002701544197287  0.450312989923965  0.459456441739525 
132.0    C  0.079329430376238  0.016470178488918  0.059046690062325  0.080102995260012  0.000000000000000  0.170282254330061  0.029646384848139  0.019654452684938  0.092654188112677  0.019887420863687  0.019901210551977  0.050240686921447  0.125433968563688  0.080381092714413  0.061853541025950  0.046455718263469  0.028716027608720  0.012242143546083  0.000000000000000  0.007753159177233  0.987600861445373  0.012233660879008  0.000000000000000  0.118503370641081  0.881480157907170  0.000000000000000  1.000000000000000  0.002671748640435  0.492774668469685  0.463936738235641 
133.0    R  0.026830169888680  0.007228940844046  0.067639040282857  0.078563335907614  0.010888884677246  0.019303416205108  0.016584737639841  0.000000000000000  0.155286035223055  0.035476315692065  0.005118724233822  0.023324662239015  0.070462525759089  0.060622619396358  0.178129701768598  0.095988141856381  0.124481219136807  0.024113752735296  0.000000000000000  0.000000000000000  0.922103117912631  0.077750728331154  0.000000000000000  0.302708270987638  0.697371833175203  0.000000000000000  1.000000000000000  0.002645947221651  0.431370672271328  0.463936738235641 
134.0    A  0.123792858991628  0.006350121890502  0.000000000000000  0.013443009853304  0.062716984281844  0.024705909893873  0.006297522121039  0.010987446874321  0.100133734698703  0.109651693591603  0.016265962463814  0.010019817209080  0.043404847992660  0.009322935492435  0.043919334381460  0.033146491917757  0.064034801439550  0.038902319855693  0.000000000000000  0.283024725527668  0.979420297586927  0.020832791829550  0.000000000000000  0.132861959294819  0.866937563514687  0.000000000000000  1.000000000000000  0.002724108723341  0.461371246326899  0.463936738235641 
135.0    L  0.059663813383732  0.000000000000000  0.071198961076382  0.135841857815757  0.006053561960619  0.004610056028657  0.000000000000000  0.000000000000000  0.065880713955671  0.092269650355177  0.000000000000000  0.091695834010458  0.077589218220382  0.041206050452886  0.026259804757290  0.265723918589638  0.042101049277053  0.019942637012952  0.000000000000000  0.000000000000000  0.980099415341871  0.013093548979187  0.006619784648017  0.055552667572911  0.944747040997206  0.000000000000000  1.000000000000000  0.002964490728465  0.491069797631696  0.463936738235641 
136.0    I  0.042393885232740  0.000000000000000  0.000000000000000  0.023163547028169  0.018555619782397  0.000000000000000  0.019130256131253  0.045975210807992  0.099373156368622  0.043585739573450  0.041636713284126  0.018274807250812  0.336808394216423  0.027988927190339  0.068251284109103  0.064301669243348  0.085852264589351  0.009624984948795  0.010919116967586  0.044071811265137  0.927230546435463  0.000000000000000  0.072846324883410  0.000000000000000  0.000000000000000  0.000000000000000  1.000000000000000  0.003214923223745  1.000000000000000  0.459775023075829 
137.0    C  0.050977343333688  0.112969090843886  0.066707833627497  0.027393928791126  0.016209686508838  0.000000000000000  0.000000000000000  0.025826572442319  0.065289735179014  0.045154074935110  0.030777076340486  0.021990130864459  0.049104532291724  0.022844647631251  0.012534080724258  0.275667290767228  0.077589218220382  0.030332327180298  0.000000000000000  0.068678388598555  1.000000000000000  0.000000000000000  0.000000000000000  0.000000000000000  0.000000000000000  0.331711285149290  0.668500247702567  0.003414760235978  1.000000000000000  0.370103324500012 
138.0    R  0.067968024428430  0.013331657783001  0.083504629899381  0.049411819787746  0.081390261848064  0.123964591342287  0.025347723611783  0.000000000000000  0.018338252785646  0.028125060306047  0.006982696580912  0.036651092163496  0.012700243781005  0.116629123942101  0.197373471675139  0.066292983835514  0.016458766186794  0.030606884299591  0.008850655353873  0.016042024151875  0.988285651500733  0.000000000000000  0.011422323815625  0.000000000000000  0.000000000000000  0.154213396226187  0.845572287377516  0.003703230332534  1.000000000000000  0.408951029278891 
139.0    H  0.049070507417098  0.009631658792686  0.000000000000000  0.031077192771038  0.058883204619051  0.092525831125003  0.037343475151774  0.000000000000000  0.100133734698703  0.019397304555096  0.012107123921237  0.010746420454217  0.013611784252223  0.311434353892368  0.107395094368398  0.088756709908964  0.057831526752366  0.000000000000000  0.000000000000000  0.000000000000000  1.000000000000000  0.000000000000000  0.000000000000000  0.000000000000000  0.000000000000000  0.069975805540890  0.929804942613162  0.003974530047276  1.000000000000000  0.416387885440275 
140.0    E  0.015176679617838  0.000000000000000  0.046552420722584  0.512278411516401  0.000000000000000  0.000000000000000  0.024877753086837  0.000000000000000  0.104096971360069  0.000000000000000  0.000000000000000  0.014130927774392  0.086689435570712  0.101110168545217  0.036574957546081  0.046487930076078  0.000000000000000  0.012048522073500  0.000000000000000  0.000000000000000  1.000000000000000  0.000000000000000  0.000000000000000  0.000000000000000  0.000000000000000  0.127715010339288  0.872362705770759  0.003933420117409  1.000000000000000  0.421907898065009 
141.0    K  0.038983299122314  0.000000000000000  0.060287386536509  0.025772923394065  0.016390458243359  0.013340901787363  0.046359216682535  0.024981432198515  0.242826873885408  0.039172906888772  0.058801631719612  0.212863426937236  0.012806321994336  0.044470733163581  0.037162722343835  0.020432364820887  0.057352492644460  0.047994070928191  0.000000000000000  0.000000000000000  0.987600861445373  0.012327294388320  0.000000000000000  0.199990032083188  0.799960128332753  0.171229122495696  0.828744904487992  0.003690418128895  0.495514781632040  0.431370672271328 
142.0    P  0.099373156368622  0.000000000000000  0.087231922757635  0.088818252698835  0.000000000000000  0.171942727267468  0.013415084944340  0.015155654849090  0.062500000000000  0.033772668813730  0.000000000000000  0.038473262917029  0.266277050848354  0.059581159080510  0.000000000000000  0.015250496262129  0.036651092163496  0.000000000000000  0.011541703621739  0.000000000000000  1.000000000000000  0.000000000000000  0.000000000000000  0.000000000000000  0.000000000000000  0.000000000000000  1.000000000000000  0.003770574315905  1.000000000000000  0.442576882289773 
143.0    S  0.075206439124969  0.000000000000000  0.011613929565867  0.043767385027725  0.021196942616370  0.487677730763821  0.025471010387582  0.026626377971090  0.000000000000000  0.009074286968170  0.000000000000000  0.064614421015498  0.000000000000000  0.017935975216484  0.011597840395539  0.178872065002864  0.000000000000000  0.013936383115939  0.000000000000000  0.012464769372016  1.000000000000000  0.000000000000000  0.000000000000000  0.000000000000000  0.000000000000000  1.000000000000000  0.000000000000000  0.004046807670156  1.000000000000000  0.442576882289773 
144.0    A  0.184539300710354  0.000000000000000  0.063328556259943  0.000000000000000  0.032307210507749  0.026442456143759  0.049790006017849  0.045720975647010  0.000000000000000  0.080047491333111  0.053511767784154  0.014328188175073  0.007238969233519  0.014669871051804  0.000000000000000  0.316658563430804  0.020545980628204  0.015441963304699  0.000000000000000  0.075572229739585  1.000000000000000  0.000000000000000  0.000000000000000  0.000000000000000  0.000000000000000  0.000000000000000  0.000000000000000  0.004215735298845  1.000000000000000  1.000000000000000 
145.0    L  0.016187230680625  0.000000000000000  0.000000000000000  0.000000000000000  0.195874296737335  0.000000000000000  0.000000000000000  0.139467415290621  0.000000000000000  0.338212057762569  0.076309157041821  0.019064070473003  0.015166163590149  0.017469716421342  0.068916822691807  0.000000000000000  0.000000000000000  0.113439894414645  0.000000000000000  0.000000000000000  0.974679630891549  0.025016087833009  0.000000000000000  0.333324669272800  0.666649338545599  0.000000000000000  0.000000000000000  0.004198238956467  0.490729531926740  1.000000000000000 
146.0    L  0.045816148662163  0.000000000000000  0.165167300707283  0.000000000000000  0.019681718436678  0.024535253708549  0.000000000000000  0.055706905993561  0.000000000000000  0.463294030945185  0.000000000000000  0.028676246322230  0.000000000000000  0.061468879626641  0.000000000000000  0.049721030234682  0.000000000000000  0.059087632296921  0.000000000000000  0.026755883892077  1.000000000000000  0.000000000000000  0.000000000000000  0.000000000000000  0.000000000000000  0.000000000000000  0.000000000000000  0.005041259728327  1.000000000000000  1.000000000000000 
147.0    K  0.023880883136956  0.000000000000000  0.017948411796829  0.047267749915124  0.000000000000000  0.000000000000000  0.000000000000000  0.000000000000000  0.215237297084726  0.057312752700292  0.000000000000000  0.469435873657726  0.000000000000000  0.020746330599726  0.000000000000000  0.032396909406866  0.058517015464656  0.000000000000000  0.000000000000000  0.057273040292209  1.000000000000000  0.000000000000000  0.000000000000000  0.000000000000000  0.000000000000000  0.000000000000000  0.000000000000000  0.007494250932229  1.000000000000000  1.000000000000000 
148.0    G  0.122512426917734  0.000000000000000  0.000000000000000  0.000000000000000  0.000000000000000  0.411225034356232  0.000000000000000  0.133693385985656  0.000000000000000  0.000000000000000  0.000000000000000  0.000000000000000  0.000000000000000  0.115183023274838  0.000000000000000  0.173499089876949  0.043797732783773  0.000000000000000  0.000000000000000  0.000000000000000  1.000000000000000  0.000000000000000  0.000000000000000  0.000000000000000  0.000000000000000  0.000000000000000  0.000000000000000  0.014082038478294  1.000000000000000  1.000000000000000 
149.0    R  0.000000000000000  0.000000000000000  0.000000000000000  0.000000000000000  0.000000000000000  0.541862983422390  0.000000000000000  0.000000000000000  0.000000000000000  0.000000000000000  0.066201145917742  0.000000000000000  0.000000000000000  0.000000000000000  0.277584708407160  0.000000000000000  0.114308136187488  0.000000000000000  0.000000000000000  0.000000000000000  1.000000000000000  0.000000000000000  0.000000000000000  0.000000000000000  0.000000000000000  0.000000000000000  0.000000000000000  0.020418207092081  1.000000000000000  1.000000000000000 
150.0    T  0.039692218204337  0.000000000000000  0.052265399994629  0.000000000000000  0.064524908467703  0.000000000000000  0.112812590932804  0.067732872927799  0.000000000000000  0.000000000000000  0.000000000000000  0.000000000000000  0.071446145963377  0.154427329640866  0.000000000000000  0.000000000000000  0.334945900606960  0.102166916061035  0.000000000000000  0.000000000000000  1.000000000000000  0.000000000000000  0.000000000000000  0.000000000000000  0.000000000000000  0.000000000000000  0.000000000000000  0.025559439329931  1.000000000000000  1.000000000000000 
151.0    A  0.044718016250716  0.000000000000000  0.086030975099419  0.000000000000000  0.101320639985664  0.000000000000000  0.000000000000000  0.000000000000000  0.000000000000000  0.000000000000000  0.000000000000000  0.000000000000000  0.000000000000000  0.000000000000000  0.000000000000000  0.534402995605504  0.233419986228828  0.000000000000000  0.000000000000000  0.000000000000000  1.000000000000000  0.000000000000000  0.000000000000000  0.000000000000000  0.000000000000000  0.000000000000000  0.000000000000000  0.038902319855693  1.000000000000000  1.000000000000000 
152.0    C  0.000000000000000  0.662503508522604  0.000000000000000  0.000000000000000  0.000000000000000  0.000000000000000  0.000000000000000  0.142299253634360  0.000000000000000  0.000000000000000  0.000000000000000  0.000000000000000  0.000000000000000  0.000000000000000  0.000000000000000  0.000000000000000  0.000000000000000  0.098073012237094  0.097193254485320  0.000000000000000  1.000000000000000  0.000000000000000  0.000000000000000  0.000000000000000  0.000000000000000  0.000000000000000  0.000000000000000  0.089250248730317  1.000000000000000  1.000000000000000 
153.0    C  0.184411432135355  0.815637493339010  0.000000000000000  0.000000000000000  0.000000000000000  0.000000000000000  0.000000000000000  0.000000000000000  0.000000000000000  0.000000000000000  0.000000000000000  0.000000000000000  0.000000000000000  0.000000000000000  0.000000000000000  0.000000000000000  0.000000000000000  0.000000000000000  0.000000000000000  0.000000000000000  1.000000000000000  0.000000000000000  0.000000000000000  0.000000000000000  0.000000000000000  0.000000000000000  0.000000000000000  0.143786486668826  1.000000000000000  1.000000000000000 
154.0    H  0.000000000000000  0.000000000000000  0.000000000000000  0.000000000000000  0.000000000000000  0.000000000000000  0.200406332349848  0.000000000000000  0.093622558401511  0.000000000000000  0.000000000000000  0.291587342447117  0.000000000000000  0.321970407377456  0.092461719328052  0.000000000000000  0.000000000000000  0.000000000000000  0.000000000000000  0.000000000000000  1.000000000000000  0.000000000000000  0.000000000000000  0.000000000000000  0.000000000000000  0.000000000000000  0.000000000000000  0.143786486668826  1.000000000000000  1.000000000000000 
155.0    S  0.000000000000000  0.000000000000000  0.164595865257405  0.000000000000000  0.000000000000000  0.000000000000000  0.000000000000000  0.000000000000000  0.000000000000000  0.000000000000000  0.000000000000000  0.232290168562728  0.000000000000000  0.000000000000000  0.000000000000000  0.473685035299634  0.129408115480172  0.000000000000000  0.000000000000000  0.000000000000000  1.000000000000000  0.000000000000000  0.000000000000000  0.000000000000000  0.000000000000000  0.000000000000000  0.000000000000000  0.189858961226816  1.000000000000000  1.000000000000000 
156.0    E  0.000000000000000  0.000000000000000  0.000000000000000  0.835666958921854  0.000000000000000  0.000000000000000  0.000000000000000  0.000000000000000  0.000000000000000  0.000000000000000  0.000000000000000  0.000000000000000  0.000000000000000  0.000000000000000  0.000000000000000  0.000000000000000  0.000000000000000  0.164595865257405  0.000000000000000  0.000000000000000  1.000000000000000  0.000000000000000  0.000000000000000  0.000000000000000  0.000000000000000  0.000000000000000  0.000000000000000  0.189858961226816  1.000000000000000  1.000000000000000 
157.0    T  0.000000000000000  0.000000000000000  0.232290168562728  0.000000000000000  0.000000000000000  0.000000000000000  0.000000000000000  0.000000000000000  0.000000000000000  0.000000000000000  0.000000000000000  0.164595865257405  0.000000000000000  0.000000000000000  0.000000000000000  0.129408115480172  0.473685035299634  0.000000000000000  0.000000000000000  0.000000000000000  1.000000000000000  0.000000000000000  0.000000000000000  0.000000000000000  0.000000000000000  0.000000000000000  0.000000000000000  0.189858961226816  1.000000000000000  1.000000000000000 
158.0    G  0.115103212150630  0.000000000000000  0.000000000000000  0.164595865257405  0.000000000000000  0.474013482564323  0.000000000000000  0.000000000000000  0.000000000000000  0.000000000000000  0.000000000000000  0.000000000000000  0.000000000000000  0.000000000000000  0.000000000000000  0.000000000000000  0.000000000000000  0.246387334234843  0.000000000000000  0.000000000000000  0.371130892657262  0.000000000000000  0.628942485918009  0.000000000000000  0.000000000000000  0.000000000000000  0.000000000000000  0.189858961226816  1.000000000000000  1.000000000000000 
159.0    C  0.000000000000000  1.000000000000000  0.000000000000000  0.000000000000000  0.000000000000000  0.000000000000000  0.000000000000000  0.000000000000000  0.000000000000000  0.000000000000000  0.000000000000000  0.000000000000000  0.000000000000000  0.000000000000000  0.000000000000000  0.000000000000000  0.000000000000000  0.000000000000000  0.000000000000000  0.000000000000000  1.000000000000000  0.000000000000000  0.000000000000000  0.000000000000000  0.000000000000000  1.000000000000000  0.000000000000000  0.354043859553636  1.000000000000000  0.409802303818759 
160.0    R  0.000000000000000  0.000000000000000  0.000000000000000  0.197647279150986  0.000000000000000  0.000000000000000  0.000000000000000  0.000000000000000  0.000000000000000  0.270556161131429  0.000000000000000  0.000000000000000  0.000000000000000  0.000000000000000  0.181746564665039  0.000000000000000  0.000000000000000  0.349896466398799  0.000000000000000  0.000000000000000  1.000000000000000  0.000000000000000  0.000000000000000  0.000000000000000  0.000000000000000  0.000000000000000  0.000000000000000  0.210807777562528  1.000000000000000  1.000000000000000 
161.0    L  0.000000000000000  0.000000000000000  0.000000000000000  0.000000000000000  0.000000000000000  0.000000000000000  0.000000000000000  0.000000000000000  0.000000000000000  0.651573574681647  0.000000000000000  0.000000000000000  0.000000000000000  0.000000000000000  0.348685916587601  0.000000000000000  0.000000000000000  0.000000000000000  0.000000000000000  0.000000000000000  1.000000000000000  0.000000000000000  0.000000000000000  0.000000000000000  0.000000000000000  0.000000000000000  0.000000000000000  0.248789930455021  1.000000000000000  1.000000000000000 
162.0    Y  0.000000000000000  0.000000000000000  0.000000000000000  0.000000000000000  0.000000000000000  0.000000000000000  0.000000000000000  0.000000000000000  0.000000000000000  0.000000000000000  0.000000000000000  0.000000000000000  0.000000000000000  0.000000000000000  0.000000000000000  0.000000000000000  0.000000000000000  0.000000000000000  0.000000000000000  1.000000000000000  1.000000000000000  0.000000000000000  0.000000000000000  1.000000000000000  0.000000000000000  0.000000000000000  0.000000000000000  0.248789930455021  1.000000000000000  1.000000000000000 
