No:  residues  hmm_col_1  hmm_col_2  hmm_col_3  hmm_col_4  hmm_col_5  hmm_col_6  hmm_col_7  hmm_col_8  hmm_col_9  hmm_col_10  hmm_col_11  hmm_col_12  hmm_col_13  hmm_col_14  hmm_col_15  hmm_col_16  hmm_col_17  hmm_col_18  hmm_col_19  hmm_col_20  hmm_col_21   hmm_col_22   hmm_col_23   hmm_col_24   hmm_col_25   hmm_col_26   hmm_col_27   hmm_col_28   hmm_col_29   hmm_col_30   
1.0    T  0.000000000000000  0.000000000000000  0.000000000000000  0.000000000000000  0.000000000000000  0.000000000000000  0.000000000000000  0.000000000000000  0.000000000000000  0.000000000000000  0.135371880690741  0.000000000000000  0.000000000000000  0.000000000000000  0.000000000000000  0.000000000000000  0.864537231307865  0.000000000000000  0.000000000000000  0.000000000000000  1.000000000000000  0.000000000000000  0.000000000000000  0.000000000000000  0.000000000000000  0.000000000000000  0.000000000000000  0.253489869947507  1.000000000000000  1.000000000000000 
2.0    D  0.224066674892351  0.000000000000000  0.278355404557172  0.000000000000000  0.000000000000000  0.053400608805608  0.000000000000000  0.000000000000000  0.000000000000000  0.044997853703584  0.000000000000000  0.108592773143828  0.000000000000000  0.052775055463986  0.000000000000000  0.124826833262629  0.112890813768978  0.000000000000000  0.000000000000000  0.000000000000000  1.000000000000000  0.000000000000000  0.000000000000000  0.000000000000000  0.000000000000000  0.000000000000000  0.000000000000000  0.142991371650476  1.000000000000000  1.000000000000000 
3.0    S  0.152090294829258  0.000000000000000  0.000000000000000  0.025330159996416  0.000000000000000  0.036246864203295  0.000000000000000  0.040779842115280  0.000000000000000  0.000000000000000  0.046359216682535  0.099029351365621  0.128336193215000  0.028735938942239  0.000000000000000  0.236842517649817  0.105623298051564  0.100690536381094  0.000000000000000  0.000000000000000  0.812815601984320  0.187374950219443  0.000000000000000  1.000000000000000  0.000000000000000  0.000000000000000  0.000000000000000  0.123964591342287  0.439519780455894  1.000000000000000 
4.0    R  0.096187951260054  0.000000000000000  0.000000000000000  0.042985681816867  0.000000000000000  0.000000000000000  0.053437636118248  0.084553014440642  0.000000000000000  0.086150322060977  0.059416193826864  0.033984012214215  0.235696133979560  0.026867390195094  0.237171078785113  0.000000000000000  0.000000000000000  0.043495199744722  0.000000000000000  0.000000000000000  0.940826107513788  0.000000000000000  0.058964890680960  0.000000000000000  0.000000000000000  1.000000000000000  0.000000000000000  0.160428237195363  1.000000000000000  0.439519780455894 
5.0    A  0.306296332976169  0.000000000000000  0.049138580758771  0.138888591081887  0.000000000000000  0.000000000000000  0.028676246322230  0.000000000000000  0.000000000000000  0.000000000000000  0.000000000000000  0.000000000000000  0.223291463088190  0.000000000000000  0.000000000000000  0.066201145917742  0.105330853687894  0.045405157799105  0.000000000000000  0.036829356494115  1.000000000000000  0.000000000000000  0.000000000000000  0.000000000000000  0.000000000000000  0.434672280045011  0.565265283562296  0.117358968414432  1.000000000000000  0.494142825750366 
6.0    G  0.148444958259176  0.000000000000000  0.058517015464656  0.044904380517002  0.000000000000000  0.314035595285882  0.000000000000000  0.000000000000000  0.060287386536509  0.024030325488598  0.000000000000000  0.000000000000000  0.117521775313641  0.000000000000000  0.000000000000000  0.105257869201052  0.126920762608679  0.000000000000000  0.000000000000000  0.000000000000000  1.000000000000000  0.000000000000000  0.000000000000000  0.000000000000000  0.000000000000000  1.000000000000000  0.000000000000000  0.117196387057139  1.000000000000000  0.500000000000000 
7.0    E  0.126481650128366  0.000000000000000  0.087899574994570  0.189464570813800  0.000000000000000  0.044625124365158  0.059210629412454  0.000000000000000  0.023683071351725  0.000000000000000  0.000000000000000  0.035378090690959  0.019276674528273  0.115663053504732  0.000000000000000  0.031620412532092  0.149996422796652  0.116790918360398  0.000000000000000  0.000000000000000  0.896266699569405  0.000000000000000  0.103808753011362  0.000000000000000  0.000000000000000  0.000000000000000  0.000000000000000  0.116790918360398  1.000000000000000  1.000000000000000 
8.0    E  0.023227859131735  0.000000000000000  0.000000000000000  0.126657112519886  0.000000000000000  0.084202098554106  0.019984149707460  0.085023178275372  0.000000000000000  0.000000000000000  0.000000000000000  0.044102370106522  0.000000000000000  0.085141127165031  0.023666661185578  0.280874975757911  0.094797971585903  0.092589987376270  0.039609766313576  0.000000000000000  0.912565488543452  0.000000000000000  0.087231922757635  0.000000000000000  0.000000000000000  0.196282029668393  0.803850990743151  0.111259466656562  1.000000000000000  0.473685035299634 
9.0    G  0.131305568001344  0.000000000000000  0.000000000000000  0.025471010387582  0.000000000000000  0.434070113800521  0.000000000000000  0.000000000000000  0.000000000000000  0.000000000000000  0.093557686674543  0.000000000000000  0.000000000000000  0.059622471909222  0.000000000000000  0.183518829504263  0.072393300387165  0.000000000000000  0.000000000000000  0.000000000000000  0.678302163723836  0.129497845445002  0.191976283712762  0.714001989842532  0.285982743300952  0.528875481809214  0.471392267959120  0.127361399577090  0.438302860658018  0.444113397921202 
10.0    S  0.164026406823995  0.000000000000000  0.157781504014014  0.057671405790862  0.031163476604752  0.000000000000000  0.000000000000000  0.021747599872361  0.000000000000000  0.000000000000000  0.000000000000000  0.039582320428851  0.119908014915658  0.000000000000000  0.000000000000000  0.226408495754456  0.162104944331376  0.019627224705368  0.000000000000000  0.000000000000000  0.855002177891973  0.000000000000000  0.145289263439765  0.142892291926755  0.857376036634172  0.608361179317034  0.391477148128271  0.118997238562191  0.497579860910041  0.403320879611063 
11.0    I  0.000000000000000  0.000000000000000  0.000000000000000  0.000000000000000  0.028301061969307  0.038207508677877  0.000000000000000  0.159762420400381  0.000000000000000  0.223756267731993  0.000000000000000  0.000000000000000  0.031554728049896  0.050415109951383  0.041550222130679  0.151774360549381  0.023650262390150  0.250867937127376  0.000000000000000  0.000000000000000  0.803293996757034  0.000000000000000  0.196690611338391  0.000000000000000  0.000000000000000  0.245364765963370  0.754712984260280  0.108818820412016  1.000000000000000  0.402204185470958 
12.0    R  0.118832387653727  0.000000000000000  0.084729020425000  0.000000000000000  0.000000000000000  0.132494097924660  0.000000000000000  0.000000000000000  0.000000000000000  0.000000000000000  0.000000000000000  0.000000000000000  0.175555609467250  0.000000000000000  0.227509706020225  0.054296386571914  0.127273149970578  0.033169475279681  0.000000000000000  0.046070913040347  0.841479482285381  0.000000000000000  0.158329281715402  0.000000000000000  0.000000000000000  0.065652784000672  0.934327346883180  0.125260200634954  1.000000000000000  0.357000994921266 
13.0    A  0.121245238792717  0.000000000000000  0.111800612722826  0.023067412588794  0.000000000000000  0.180241108932528  0.000000000000000  0.020531744174209  0.019410754402882  0.000000000000000  0.000000000000000  0.000000000000000  0.079660039207454  0.229887511537915  0.116145084281364  0.048194088293998  0.015506318354466  0.034339194299277  0.000000000000000  0.000000000000000  1.000000000000000  0.000000000000000  0.000000000000000  0.000000000000000  0.000000000000000  0.162104944331376  0.837987134667949  0.090058109302370  1.000000000000000  0.342695701244926 
14.0    V  0.139951611081780  0.000000000000000  0.000000000000000  0.011171757705951  0.043797732783773  0.077535456107212  0.000000000000000  0.034891030061955  0.000000000000000  0.017985773301996  0.039940605100095  0.036701936600427  0.068678388598555  0.000000000000000  0.072443496994028  0.171942727267468  0.141806935616994  0.129587637627465  0.000000000000000  0.013687473672924  1.000000000000000  0.000000000000000  0.000000000000000  0.000000000000000  0.000000000000000  1.000000000000000  0.000000000000000  0.065652784000672  1.000000000000000  0.365514362100008 
15.0    D  0.016653855251062  0.000000000000000  0.579547975952228  0.075362989230673  0.029036271070341  0.000000000000000  0.010138584116712  0.015592542484360  0.000000000000000  0.016642315678022  0.000000000000000  0.083273426568251  0.040893064732969  0.052994997789572  0.010701820155981  0.031840349894273  0.000000000000000  0.030948214747907  0.000000000000000  0.006416489849626  0.960594863953477  0.022860487823505  0.016642315678022  0.500000000000000  0.500000000000000  0.000000000000000  0.000000000000000  0.029380443828410  0.477641468191219  1.000000000000000 
16.0    H  0.092014178885511  0.000000000000000  0.042600081477578  0.006083005398919  0.012673861805891  0.028027754989438  0.057791454882106  0.058314561971050  0.041897268486885  0.046391361582158  0.028047189083352  0.000000000000000  0.019478143660548  0.000000000000000  0.078074757853336  0.327144517863753  0.115342811581725  0.018866884241977  0.000000000000000  0.027280237222930  0.898755126611030  0.050590138534213  0.050871449066902  0.412652704256329  0.587230985606827  1.000000000000000  0.000000000000000  0.023243965038039  0.436181352885379  0.492774668469685 
17.0    A  0.690637224071928  0.046617000834108  0.000000000000000  0.000000000000000  0.015679246070461  0.020404059173264  0.000000000000000  0.065607292726442  0.000000000000000  0.022971677131079  0.031752191968553  0.000000000000000  0.000000000000000  0.000000000000000  0.000000000000000  0.016642315678022  0.042718357873182  0.047136877396456  0.000000000000000  0.000000000000000  1.000000000000000  0.000000000000000  0.000000000000000  0.000000000000000  0.000000000000000  0.000000000000000  1.000000000000000  0.034315400430845  1.000000000000000  0.443498152576075 
18.0    V  0.018262144508769  0.000000000000000  0.000000000000000  0.000000000000000  0.018607138271328  0.000000000000000  0.000000000000000  0.252437824399171  0.000000000000000  0.180366085857704  0.009426905622818  0.000000000000000  0.000000000000000  0.000000000000000  0.000000000000000  0.000000000000000  0.000000000000000  0.487002134271620  0.033960464453939  0.000000000000000  0.991029563264079  0.009232902710425  0.000000000000000  0.500000000000000  0.500000000000000  0.000000000000000  1.000000000000000  0.034315400430845  0.500000000000000  0.443498152576075 
19.0    I  0.016642315678022  0.000000000000000  0.000000000000000  0.000000000000000  0.024097044146999  0.000000000000000  0.000000000000000  0.683967651951245  0.000000000000000  0.109348095613228  0.000000000000000  0.000000000000000  0.000000000000000  0.000000000000000  0.000000000000000  0.016447361792335  0.006011746953753  0.134530015597975  0.008826150113829  0.000000000000000  1.000000000000000  0.000000000000000  0.000000000000000  0.000000000000000  0.000000000000000  0.000000000000000  1.000000000000000  0.028027754989438  1.000000000000000  0.443498152576075 
20.0    G  0.174827010342308  0.000000000000000  0.000000000000000  0.045879707376066  0.016642315678022  0.645281245225889  0.000000000000000  0.015788303851356  0.000000000000000  0.000000000000000  0.000000000000000  0.024097044146999  0.000000000000000  0.000000000000000  0.000000000000000  0.036498981081660  0.021433332634228  0.019709022012988  0.000000000000000  0.000000000000000  0.848507901705896  0.151249261152412  0.000000000000000  0.156583054828016  0.843231110250112  0.000000000000000  1.000000000000000  0.028027754989438  0.277969789379277  0.443498152576075 
21.0    G  0.022343515411901  0.035329080222643  0.000000000000000  0.000000000000000  0.000000000000000  0.752101875694344  0.000000000000000  0.040893064732969  0.000000000000000  0.000000000000000  0.000000000000000  0.000000000000000  0.000000000000000  0.000000000000000  0.000000000000000  0.039554893561571  0.000000000000000  0.109879945113973  0.000000000000000  0.000000000000000  0.980779003988551  0.000000000000000  0.019223302261737  0.000000000000000  0.000000000000000  0.000000000000000  1.000000000000000  0.034220389712299  1.000000000000000  0.314253343630457 
22.0    V  0.000000000000000  0.000000000000000  0.000000000000000  0.000000000000000  0.000000000000000  0.000000000000000  0.000000000000000  0.240315232097190  0.000000000000000  0.058598193528569  0.000000000000000  0.000000000000000  0.000000000000000  0.000000000000000  0.026755883892077  0.000000000000000  0.000000000000000  0.674083865868528  0.000000000000000  0.000000000000000  1.000000000000000  0.000000000000000  0.000000000000000  0.000000000000000  0.000000000000000  0.038366740122346  0.961927454664775  0.034291623049351  1.000000000000000  0.301451956922690 
23.0    V  0.026132699997314  0.000000000000000  0.000000000000000  0.029956232452906  0.012744335833422  0.000000000000000  0.000000000000000  0.589269703905841  0.000000000000000  0.129677492070701  0.000000000000000  0.000000000000000  0.000000000000000  0.000000000000000  0.000000000000000  0.000000000000000  0.013294745773540  0.198884120938730  0.000000000000000  0.000000000000000  1.000000000000000  0.000000000000000  0.000000000000000  0.000000000000000  0.000000000000000  0.000000000000000  1.000000000000000  0.034363004666080  1.000000000000000  0.307572836187786 
24.0    A  0.675955416514063  0.000000000000000  0.000000000000000  0.000000000000000  0.048900736358532  0.000000000000000  0.000000000000000  0.019196671569463  0.000000000000000  0.061682284117865  0.000000000000000  0.000000000000000  0.000000000000000  0.000000000000000  0.000000000000000  0.025418099941629  0.122427537198366  0.046423528770651  0.000000000000000  0.000000000000000  1.000000000000000  0.000000000000000  0.000000000000000  0.000000000000000  0.000000000000000  0.673150034638391  0.326917837134190  0.034363004666080  1.000000000000000  0.307572836187786 
25.0    V  0.184923438656105  0.000000000000000  0.000000000000000  0.000000000000000  0.015876095984277  0.000000000000000  0.000000000000000  0.094143154164613  0.000000000000000  0.137166492197405  0.000000000000000  0.028047189083352  0.000000000000000  0.000000000000000  0.000000000000000  0.009124745270415  0.008367428306183  0.476649272644080  0.000000000000000  0.045784402331604  1.000000000000000  0.000000000000000  0.000000000000000  0.000000000000000  0.000000000000000  1.000000000000000  0.000000000000000  0.027872766231878  1.000000000000000  0.433468781757343 
26.0    V  0.084027187134539  0.000000000000000  0.000000000000000  0.008632535037499  0.000000000000000  0.000000000000000  0.000000000000000  0.116306207212877  0.000000000000000  0.121413436942704  0.015009294749273  0.000000000000000  0.000000000000000  0.000000000000000  0.048968574184334  0.000000000000000  0.010605820155313  0.595015848153338  0.000000000000000  0.000000000000000  0.964598184584138  0.000000000000000  0.035182455816774  0.000000000000000  0.000000000000000  0.000000000000000  0.000000000000000  0.022219959540426  1.000000000000000  1.000000000000000 
27.0    V  0.076150641479699  0.000000000000000  0.000000000000000  0.000000000000000  0.135465745855598  0.050590138534213  0.000000000000000  0.218393223979174  0.000000000000000  0.097665985021540  0.021898866391887  0.000000000000000  0.000000000000000  0.000000000000000  0.000000000000000  0.042159454198116  0.109348095613228  0.248445273330639  0.000000000000000  0.000000000000000  1.000000000000000  0.000000000000000  0.000000000000000  0.000000000000000  0.000000000000000  1.000000000000000  0.000000000000000  0.023067412588794  1.000000000000000  0.455334916795989 
28.0    F  0.000000000000000  0.000000000000000  0.000000000000000  0.000000000000000  0.527411158534031  0.000000000000000  0.000000000000000  0.072594295745358  0.000000000000000  0.248789930455021  0.000000000000000  0.000000000000000  0.000000000000000  0.000000000000000  0.048968574184334  0.041463910643661  0.000000000000000  0.060790934213268  0.000000000000000  0.000000000000000  1.000000000000000  0.000000000000000  0.000000000000000  0.000000000000000  0.000000000000000  0.000000000000000  0.000000000000000  0.022219959540426  1.000000000000000  1.000000000000000 
29.0    A  0.119410367047805  0.016504462896123  0.000000000000000  0.000000000000000  0.011981895778696  0.048968574184334  0.000000000000000  0.230046912656219  0.000000000000000  0.172300644121954  0.000000000000000  0.000000000000000  0.000000000000000  0.000000000000000  0.000000000000000  0.034031156729253  0.195061370043426  0.171585553906864  0.000000000000000  0.000000000000000  1.000000000000000  0.000000000000000  0.000000000000000  0.000000000000000  0.000000000000000  0.000000000000000  0.000000000000000  0.022219959540426  1.000000000000000  1.000000000000000 
30.0    M  0.010166733245640  0.000000000000000  0.000000000000000  0.000000000000000  0.021672358892678  0.000000000000000  0.000000000000000  0.191710332459137  0.000000000000000  0.488015880388112  0.044071811265137  0.026479138592066  0.000000000000000  0.000000000000000  0.048968574184334  0.044687030823803  0.096924150793376  0.027073026762503  0.000000000000000  0.000000000000000  1.000000000000000  0.000000000000000  0.000000000000000  0.000000000000000  0.000000000000000  0.000000000000000  0.000000000000000  0.022219959540426  1.000000000000000  1.000000000000000 
31.0    L  0.000000000000000  0.026078415036107  0.000000000000000  0.000000000000000  0.068821349881123  0.000000000000000  0.000000000000000  0.209787409276635  0.026479138592066  0.475659138165900  0.022051185053261  0.000000000000000  0.000000000000000  0.000000000000000  0.000000000000000  0.000000000000000  0.000000000000000  0.170991912987811  0.000000000000000  0.000000000000000  1.000000000000000  0.000000000000000  0.000000000000000  0.000000000000000  0.000000000000000  0.000000000000000  0.000000000000000  0.022219959540426  1.000000000000000  1.000000000000000 
32.0    C  0.041550222130679  0.453445164466571  0.041463910643661  0.000000000000000  0.005395603313062  0.043949787497285  0.000000000000000  0.070267432736164  0.000000000000000  0.105989995579143  0.000000000000000  0.000000000000000  0.000000000000000  0.000000000000000  0.048968574184334  0.086869888740146  0.058638824781292  0.043585739573450  0.000000000000000  0.000000000000000  1.000000000000000  0.000000000000000  0.000000000000000  0.000000000000000  0.000000000000000  0.000000000000000  0.000000000000000  0.022219959540426  1.000000000000000  1.000000000000000 
33.0    L  0.141414307855738  0.000000000000000  0.026479138592066  0.000000000000000  0.008999122205854  0.059663813383732  0.000000000000000  0.114625505400584  0.000000000000000  0.295248165357383  0.048832992510770  0.000000000000000  0.000000000000000  0.000000000000000  0.000000000000000  0.010605820155313  0.035797434311867  0.216734390878672  0.000000000000000  0.041463910643661  0.992404374685819  0.007667648936355  0.000000000000000  1.000000000000000  0.000000000000000  0.000000000000000  0.000000000000000  0.022219959540426  0.500000000000000  1.000000000000000 
34.0    L  0.113361291116643  0.000000000000000  0.000000000000000  0.000000000000000  0.051296350550656  0.031620412532092  0.000000000000000  0.130398574191232  0.000000000000000  0.383154990051946  0.013946046429265  0.026479138592066  0.000000000000000  0.000000000000000  0.048968574184334  0.018840747307668  0.077750728331154  0.104169150894902  0.000000000000000  0.000000000000000  1.000000000000000  0.000000000000000  0.000000000000000  0.000000000000000  0.000000000000000  0.000000000000000  0.000000000000000  0.022219959540426  1.000000000000000  1.000000000000000 
35.0    I  0.260977981855430  0.014884968719437  0.000000000000000  0.000000000000000  0.078836088051953  0.223136742868244  0.000000000000000  0.147828875030518  0.000000000000000  0.071347169195423  0.000000000000000  0.000000000000000  0.000000000000000  0.000000000000000  0.000000000000000  0.000000000000000  0.007866840234818  0.195196623151848  0.000000000000000  0.000000000000000  1.000000000000000  0.000000000000000  0.000000000000000  0.000000000000000  0.000000000000000  0.000000000000000  0.000000000000000  0.022235366581791  1.000000000000000  1.000000000000000 
36.0    I  0.041063488348418  0.000000000000000  0.000000000000000  0.000000000000000  0.129049816935405  0.043585739573450  0.048027349415250  0.244007940194056  0.000000000000000  0.239483804555674  0.033008925792246  0.000000000000000  0.000000000000000  0.000000000000000  0.000000000000000  0.000000000000000  0.026241609154504  0.195467410782148  0.000000000000000  0.000000000000000  1.000000000000000  0.000000000000000  0.000000000000000  0.000000000000000  0.000000000000000  0.000000000000000  0.000000000000000  0.022235366581791  1.000000000000000  1.000000000000000 
37.0    L  0.148444958259176  0.010216182410443  0.000000000000000  0.000000000000000  0.014052786127309  0.000000000000000  0.089188406607367  0.221441879775590  0.000000000000000  0.231968369117821  0.189990607050190  0.000000000000000  0.000000000000000  0.000000000000000  0.000000000000000  0.000000000000000  0.023243965038039  0.045185384204555  0.000000000000000  0.026241609154504  0.974004268543241  0.000000000000000  0.026241609154504  0.000000000000000  0.000000000000000  0.000000000000000  0.000000000000000  0.022235366581791  1.000000000000000  1.000000000000000 
38.0    G  0.018338252785646  0.000000000000000  0.000000000000000  0.000000000000000  0.051189793616239  0.201241534405280  0.000000000000000  0.172300644121954  0.000000000000000  0.123108305361944  0.000000000000000  0.000000000000000  0.000000000000000  0.042013593567270  0.049343367918785  0.031336763621909  0.095193046231454  0.148650889375340  0.000000000000000  0.067358321565229  1.000000000000000  0.000000000000000  0.000000000000000  0.000000000000000  0.000000000000000  1.000000000000000  0.000000000000000  0.022844647631251  1.000000000000000  0.476979775273779 
39.0    R  0.000000000000000  0.000000000000000  0.000000000000000  0.000000000000000  0.034866853822655  0.021959667190730  0.091823039579894  0.026479138592066  0.000000000000000  0.062326953209504  0.000000000000000  0.000000000000000  0.000000000000000  0.048027349415250  0.554400321801535  0.022266212721075  0.000000000000000  0.070903467808497  0.066846692992828  0.000000000000000  0.829894585589983  0.000000000000000  0.169928530238342  0.000000000000000  0.000000000000000  0.000000000000000  0.000000000000000  0.022235366581791  1.000000000000000  1.000000000000000 
40.0    Y  0.000000000000000  0.058354996557207  0.000000000000000  0.000000000000000  0.179617522068008  0.000000000000000  0.009232902710425  0.047761766273911  0.000000000000000  0.032195436050627  0.000000000000000  0.000000000000000  0.000000000000000  0.000000000000000  0.058072542140682  0.000000000000000  0.000000000000000  0.013754047086924  0.000000000000000  0.601234624449089  0.971980987981352  0.000000000000000  0.028320685570854  0.000000000000000  0.000000000000000  1.000000000000000  0.000000000000000  0.026369243629063  1.000000000000000  0.283417353194606 
41.0    F  0.000000000000000  0.000000000000000  0.000000000000000  0.000000000000000  0.126306430810845  0.000000000000000  0.000000000000000  0.081052472165688  0.000000000000000  0.435879119768531  0.131214585452883  0.013331657783001  0.047828024056958  0.000000000000000  0.006744840301363  0.049583365199446  0.017542522219900  0.042747978246953  0.000000000000000  0.047794883683837  1.000000000000000  0.000000000000000  0.000000000000000  0.000000000000000  0.000000000000000  1.000000000000000  0.000000000000000  0.020645912588410  1.000000000000000  0.485653747770817 
42.0    A  0.111568371434122  0.018866884241977  0.000000000000000  0.000000000000000  0.035378090690959  0.089188406607367  0.040051497630006  0.012656304275501  0.000000000000000  0.009361789229214  0.008048859012657  0.018338252785646  0.000000000000000  0.022892201165802  0.014052786127309  0.043615961378818  0.016401823181610  0.036372704200067  0.000000000000000  0.523042469896265  0.973329374158238  0.000000000000000  0.026904662135591  0.000000000000000  0.000000000000000  0.000000000000000  0.000000000000000  0.022235366581791  1.000000000000000  1.000000000000000 
43.0    R  0.000000000000000  0.000000000000000  0.000000000000000  0.006506060710004  0.010753871887427  0.000000000000000  0.031163476604752  0.022097086912080  0.138024855895387  0.094535499830248  0.000000000000000  0.000000000000000  0.000000000000000  0.195602945434128  0.480297431976738  0.000000000000000  0.008217982650030  0.012949139132625  0.000000000000000  0.000000000000000  0.809442216547408  0.190518103792471  0.000000000000000  0.174342958293801  0.825877664935720  1.000000000000000  0.000000000000000  0.022250784306204  0.277969789379277  0.474342157570227 
44.0    H  0.000000000000000  0.000000000000000  0.006853230849475  0.000000000000000  0.010216182410443  0.000000000000000  0.480963727332387  0.000000000000000  0.055283777208221  0.000000000000000  0.000000000000000  0.061341191490842  0.000000000000000  0.232129213076682  0.054033576956742  0.015030116479137  0.000000000000000  0.000000000000000  0.000000000000000  0.084260483233566  1.000000000000000  0.000000000000000  0.000000000000000  0.000000000000000  0.000000000000000  0.000000000000000  0.000000000000000  0.022235366581791  1.000000000000000  1.000000000000000 
45.0    K  0.000000000000000  0.000000000000000  0.000000000000000  0.048027349415250  0.000000000000000  0.000000000000000  0.000000000000000  0.000000000000000  0.771640087529467  0.000000000000000  0.000000000000000  0.011079219028746  0.000000000000000  0.000000000000000  0.158989125842947  0.000000000000000  0.010216182410443  0.000000000000000  0.000000000000000  0.000000000000000  0.984184022033800  0.000000000000000  0.015549370653439  0.000000000000000  0.000000000000000  0.000000000000000  0.000000000000000  0.022235366581791  1.000000000000000  1.000000000000000 
46.0    G  0.000000000000000  0.000000000000000  0.000000000000000  0.020717590004667  0.000000000000000  0.692074858025740  0.024929538744032  0.000000000000000  0.008110463051118  0.000000000000000  0.000000000000000  0.035624164771671  0.000000000000000  0.067826835742613  0.110032376695394  0.012762015486094  0.000000000000000  0.000000000000000  0.027814866664141  0.000000000000000  0.996540262827868  0.003667467762951  0.000000000000000  0.039996012932635  0.959929261038908  1.000000000000000  0.000000000000000  0.020389921057640  0.500000000000000  0.487339815445774 
47.0    T  0.035574813408590  0.000000000000000  0.071001829049168  0.057751410777926  0.000000000000000  0.000000000000000  0.000000000000000  0.007055675860561  0.000000000000000  0.123193667117421  0.016862941195382  0.000000000000000  0.000000000000000  0.000000000000000  0.000000000000000  0.301451956922690  0.266646445207941  0.120658378108970  0.000000000000000  0.000000000000000  1.000000000000000  0.000000000000000  0.000000000000000  0.000000000000000  0.000000000000000  0.000000000000000  0.000000000000000  0.022235366581791  1.000000000000000  1.000000000000000 
48.0    Y  0.000000000000000  0.007345110957103  0.000000000000000  0.000000000000000  0.018555619782397  0.000000000000000  0.082927821287323  0.041148966314351  0.000000000000000  0.000000000000000  0.000000000000000  0.000000000000000  0.016097718025314  0.028517671516983  0.038075320739850  0.000000000000000  0.000000000000000  0.048027349415250  0.000000000000000  0.719466790005410  1.000000000000000  0.000000000000000  0.000000000000000  0.000000000000000  0.000000000000000  0.000000000000000  0.000000000000000  0.022235366581791  1.000000000000000  1.000000000000000 
49.0    F  0.016097718025314  0.013830527571555  0.005211809256554  0.000000000000000  0.017050998078983  0.000000000000000  0.286776756056541  0.020432364820887  0.105989995579143  0.174948233199399  0.000000000000000  0.014884968719437  0.000000000000000  0.045185384204555  0.136691932185579  0.038553349056547  0.045847917005229  0.053215856734309  0.000000000000000  0.025137761591935  1.000000000000000  0.000000000000000  0.000000000000000  0.000000000000000  0.000000000000000  0.000000000000000  0.000000000000000  0.022235366581791  1.000000000000000  1.000000000000000 
50.0    T  0.008999122205854  0.000000000000000  0.000000000000000  0.019654452684938  0.000000000000000  0.000000000000000  0.000000000000000  0.000000000000000  0.062760471452436  0.055130710324824  0.000000000000000  0.017911127902006  0.036880448229256  0.000000000000000  0.039802421103953  0.011461979251307  0.747424624317469  0.000000000000000  0.000000000000000  0.000000000000000  1.000000000000000  0.000000000000000  0.000000000000000  0.000000000000000  0.000000000000000  0.000000000000000  0.000000000000000  0.022235366581791  1.000000000000000  1.000000000000000 
51.0    H  0.026941985781800  0.007614684616340  0.000000000000000  0.000000000000000  0.000000000000000  0.031489180012828  0.115984184558910  0.000000000000000  0.035378090690959  0.000000000000000  0.000000000000000  0.454074208860755  0.000000000000000  0.118093380124651  0.048027349415250  0.044010757091003  0.007099829034754  0.041148966314351  0.000000000000000  0.070121467533155  1.000000000000000  0.000000000000000  0.000000000000000  0.000000000000000  0.000000000000000  0.000000000000000  0.000000000000000  0.022235366581791  1.000000000000000  1.000000000000000 
52.0    E  0.000000000000000  0.000000000000000  0.000000000000000  0.754190038343289  0.000000000000000  0.031120304784202  0.000000000000000  0.041148966314351  0.000000000000000  0.000000000000000  0.025050791543731  0.000000000000000  0.010131559020711  0.054901904264898  0.000000000000000  0.083620472174132  0.000000000000000  0.000000000000000  0.000000000000000  0.000000000000000  0.984866442895551  0.015030116479137  0.000000000000000  0.500000000000000  0.500000000000000  0.000000000000000  0.000000000000000  0.022235366581791  0.493458272942921  1.000000000000000 
53.0    A  0.358240412593275  0.000000000000000  0.149477474597016  0.008419790195654  0.000000000000000  0.000000000000000  0.000000000000000  0.032712821311705  0.006693609021629  0.019956464987428  0.043888902366812  0.023276210361292  0.142694338390847  0.008734858210671  0.057154068093744  0.093234001668217  0.037917298757772  0.017664540111322  0.000000000000000  0.000000000000000  0.982139595263391  0.000000000000000  0.017960857000542  0.000000000000000  0.000000000000000  0.000000000000000  0.000000000000000  0.022235366581791  1.000000000000000  1.000000000000000 
54.0    K  0.050906722691888  0.000000000000000  0.000000000000000  0.037369368649254  0.000000000000000  0.048260945818237  0.000000000000000  0.000000000000000  0.578745108495061  0.000000000000000  0.000000000000000  0.065471007943737  0.086930123231874  0.043314683926575  0.011541703621739  0.036931610841699  0.040414029121484  0.000000000000000  0.000000000000000  0.000000000000000  1.000000000000000  0.000000000000000  0.000000000000000  0.000000000000000  0.000000000000000  0.000000000000000  1.000000000000000  0.022250784306204  1.000000000000000  0.475329550614909 
55.0    G  0.102806258589058  0.000000000000000  0.008292368819920  0.145591698308557  0.000000000000000  0.464902471306581  0.000000000000000  0.034554082916258  0.064346255214625  0.000000000000000  0.000000000000000  0.010836179446339  0.051154323849425  0.023227859131735  0.041177498491692  0.009645020366356  0.000000000000000  0.043434944370073  0.000000000000000  0.000000000000000  0.937571096457110  0.000000000000000  0.062716984281844  0.000000000000000  0.000000000000000  0.560971740265242  0.438910898804760  0.020474896935287  1.000000000000000  0.475329550614909 
56.0    A  0.230525779478158  0.000000000000000  0.012976094126420  0.016220926102235  0.000000000000000  0.057352492644460  0.000000000000000  0.052156830072213  0.126920762608679  0.121245238792717  0.008026573745148  0.000000000000000  0.049446081324091  0.000000000000000  0.000000000000000  0.146401272652351  0.153042049050026  0.025772923394065  0.000000000000000  0.000000000000000  0.972654947412286  0.020531744174209  0.006583178355493  0.741233504901418  0.258816230960344  0.377879982079057  0.622005826649234  0.022328033433455  0.485990493990676  0.411510172639354 
57.0    D  0.031906628928350  0.000000000000000  0.188547509585822  0.452189688780544  0.000000000000000  0.010145614083827  0.034842694335241  0.000000000000000  0.153360622156726  0.000000000000000  0.015975445790780  0.000000000000000  0.009074286968170  0.047104215923699  0.049343367918785  0.007530701622974  0.000000000000000  0.000000000000000  0.000000000000000  0.000000000000000  0.913831450229400  0.000000000000000  0.085852264589351  0.000000000000000  0.000000000000000  0.292194312140311  0.708087719107272  0.021657341963288  1.000000000000000  0.440129506781575 
58.0    D  0.050066867349351  0.000000000000000  0.217486838177163  0.041665583659100  0.108217070689957  0.018236845340914  0.033679160782615  0.030458738465361  0.079219532627152  0.000000000000000  0.000000000000000  0.096789878481653  0.078020659306351  0.000000000000000  0.000000000000000  0.089064850884299  0.062370169937441  0.009407323290870  0.000000000000000  0.085318357367823  0.984866442895551  0.000000000000000  0.014864348067684  0.000000000000000  0.000000000000000  0.000000000000000  1.000000000000000  0.023980407750014  1.000000000000000  0.362989569975974 
59.0    A  0.371645746107754  0.000000000000000  0.095061172077563  0.070609200910633  0.000000000000000  0.050275523183870  0.035772630018709  0.000000000000000  0.000000000000000  0.000000000000000  0.000000000000000  0.022343515411901  0.093363341069521  0.083736475151740  0.018274807250812  0.068109507013333  0.015282241772615  0.034915223064757  0.000000000000000  0.040554336466849  1.000000000000000  0.000000000000000  0.000000000000000  0.000000000000000  0.000000000000000  0.000000000000000  1.000000000000000  0.025155191800660  1.000000000000000  0.353308410970682 
60.0    A  0.020890632740705  0.000000000000000  0.141905262768258  0.268687293213875  0.000000000000000  0.114546080584419  0.064748922722501  0.000000000000000  0.000000000000000  0.069975805540890  0.000000000000000  0.048495678392179  0.113676031475092  0.019011286853657  0.045975210807992  0.092269650355177  0.000000000000000  0.000000000000000  0.000000000000000  0.000000000000000  1.000000000000000  0.000000000000000  0.000000000000000  0.000000000000000  0.000000000000000  0.000000000000000  1.000000000000000  0.025155191800660  1.000000000000000  0.353308410970682 
61.0    D  0.051403129294529  0.095127086302460  0.216434141379915  0.081052472165688  0.000000000000000  0.011565728890625  0.019090517213648  0.000000000000000  0.000000000000000  0.055398856199679  0.000000000000000  0.154106540682976  0.024929538744032  0.027565355162412  0.000000000000000  0.237335530237630  0.025988190574216  0.000000000000000  0.000000000000000  0.000000000000000  0.984184022033800  0.000000000000000  0.015843116871719  0.199990032083188  0.799960128332753  0.115262889739079  0.884540435331541  0.025155191800660  0.497579860910041  0.353308410970682 
62.0    A  0.445655247948486  0.000000000000000  0.000000000000000  0.012233660879008  0.000000000000000  0.082412100905773  0.000000000000000  0.018186352100033  0.000000000000000  0.081729459283547  0.019303416205108  0.016424576704495  0.185565446328631  0.000000000000000  0.000000000000000  0.088818252698835  0.021448194238358  0.028301061969307  0.000000000000000  0.000000000000000  0.927230546435463  0.000000000000000  0.072594295745358  0.000000000000000  0.000000000000000  0.518709968282806  0.481297221550876  0.027431931175297  1.000000000000000  0.353308410970682 
63.0    D  0.014874654820274  0.000000000000000  0.467487598875728  0.155178436440764  0.000000000000000  0.031840349894273  0.019722688001752  0.000000000000000  0.014669871051804  0.054296386571914  0.000000000000000  0.000000000000000  0.072443496994028  0.015377875344278  0.058072542140682  0.024247839196089  0.000000000000000  0.000000000000000  0.051617354058483  0.020179021098474  1.000000000000000  0.000000000000000  0.000000000000000  0.000000000000000  0.000000000000000  0.098686735837569  0.901250462610830  0.027680234971949  1.000000000000000  0.361733721467631 
64.0    T  0.237664775307455  0.000000000000000  0.067265007798987  0.063109456099793  0.011048543456040  0.017253106986923  0.051796556530500  0.000000000000000  0.048294409352999  0.000000000000000  0.008856792287331  0.014588749139302  0.045531222309313  0.018350968300213  0.000000000000000  0.134623297024131  0.274332984394811  0.007243988644027  0.000000000000000  0.000000000000000  0.775393206347005  0.206040521238310  0.018645870984871  0.115422788841174  0.884540435331541  0.136407984631867  0.863339558574412  0.027872766231878  0.257920794825340  0.374230746698173 
65.0    A  0.570381857934212  0.000000000000000  0.019956464987428  0.015103220266640  0.000000000000000  0.021006796783635  0.000000000000000  0.007976657232087  0.014936645587402  0.068062313458507  0.000000000000000  0.000000000000000  0.106801217611217  0.000000000000000  0.013715965587649  0.078890752007007  0.037188490509584  0.046007089442756  0.000000000000000  0.000000000000000  0.926588061890371  0.043706752585577  0.029749309640548  0.500000000000000  0.500000000000000  0.826450318154212  0.173739777480292  0.027185854772145  0.468136123717246  0.358986127655859 
66.0    I  0.021492840908433  0.000000000000000  0.000000000000000  0.000000000000000  0.153466960489383  0.000000000000000  0.000000000000000  0.139081265073104  0.000000000000000  0.312515575646302  0.000000000000000  0.000000000000000  0.000000000000000  0.013801797679398  0.023963791557392  0.069348092004240  0.030395467106634  0.171347850622463  0.000000000000000  0.064524908467703  1.000000000000000  0.000000000000000  0.000000000000000  0.000000000000000  0.000000000000000  0.600401713742604  0.399702915176236  0.024298313621330  1.000000000000000  0.444729496768949 
67.0    I  0.018984949873516  0.000000000000000  0.000000000000000  0.000000000000000  0.000000000000000  0.007509851003037  0.000000000000000  0.148960321821756  0.126569350918812  0.117929781361920  0.032396909406866  0.020221025851295  0.027469986278493  0.064480198706335  0.279515462741465  0.048664043191354  0.000000000000000  0.091823039579894  0.000000000000000  0.015527829583165  0.901250462610830  0.059128602920350  0.039363436873356  0.443805668634749  0.556325060292417  0.400257405328151  0.599569956895556  0.023914012028479  0.422786143688758  0.485990493990676 
68.0    N  0.053511767784154  0.009827226342469  0.052192994964273  0.009678505451437  0.000000000000000  0.031950891581560  0.056798632278033  0.000000000000000  0.071793647187315  0.023276210361292  0.050695447223565  0.282828615711475  0.000000000000000  0.090120554466264  0.083562530962821  0.083678453561153  0.040836414184162  0.059333882559407  0.000000000000000  0.000000000000000  0.931094819830229  0.000000000000000  0.068964608752622  0.000000000000000  0.000000000000000  0.000000000000000  1.000000000000000  0.024586326417299  1.000000000000000  0.431669779287206 
69.0    A  0.132310549359392  0.000000000000000  0.221135108832885  0.170164264562434  0.000000000000000  0.055168937268166  0.000000000000000  0.000000000000000  0.000000000000000  0.000000000000000  0.081221191403465  0.018363692631559  0.052884912287518  0.073200636326176  0.044163551371335  0.124913386623807  0.026405824512891  0.000000000000000  0.000000000000000  0.000000000000000  1.000000000000000  0.000000000000000  0.000000000000000  0.000000000000000  0.000000000000000  0.116790918360398  0.883315051481465  0.026571067502006  1.000000000000000  0.351842093831349 
70.0    E  0.037008487870426  0.000000000000000  0.042013593567270  0.241316756217939  0.016642315678022  0.000000000000000  0.052410511527558  0.067358321565229  0.025172634095273  0.164253953393671  0.000000000000000  0.000000000000000  0.152195752332873  0.059954007457829  0.009232902710425  0.019103754338939  0.067498534989555  0.017229205672952  0.028636520146105  0.000000000000000  0.940174202509126  0.035353576963934  0.024603374267788  0.439519780455894  0.560583039014254  0.000000000000000  1.000000000000000  0.026350972195316  0.473356815618357  0.367546834097260 
71.0    G  0.104169150894902  0.000000000000000  0.158658860752476  0.000000000000000  0.000000000000000  0.176165094392752  0.066384949155961  0.010096506489355  0.000000000000000  0.000000000000000  0.000000000000000  0.145793671223558  0.049172652834598  0.000000000000000  0.028935813203979  0.140534865472327  0.120074357994185  0.000000000000000  0.000000000000000  0.000000000000000  0.931740429304773  0.010096506489355  0.058233776831548  0.454704125900367  0.545253866332629  0.592957249705474  0.407253781535108  0.026663315566002  0.485990493990676  0.342458244991391 
72.0    G  0.025260027150174  0.000000000000000  0.055475708579344  0.000000000000000  0.023035456520173  0.204475514639445  0.007406460665068  0.020095273178603  0.053734780390188  0.400257405328151  0.039996012932635  0.029360085912938  0.008332701412748  0.000000000000000  0.013801797679398  0.093882495433808  0.000000000000000  0.024877753086837  0.000000000000000  0.000000000000000  0.967276329613932  0.018671737575887  0.013801797679398  0.500000000000000  0.500000000000000  0.855002177891973  0.145188591490715  0.030332327180298  0.492433221447775  0.358488812003957 
73.0    Q  0.000000000000000  0.000000000000000  0.015367219906660  0.024637505439259  0.000000000000000  0.018555619782397  0.193713982739793  0.000000000000000  0.014528202228331  0.032871930600121  0.023519480428298  0.014358013804360  0.103449602009776  0.376311686852767  0.014619117153616  0.043344717785356  0.073760896458513  0.000000000000000  0.000000000000000  0.050871449066902  0.980779003988551  0.009459633468364  0.009705377201441  0.724471077277439  0.275285399524491  0.419284092220466  0.580754365962861  0.024080347136200  0.484309094613314  0.470087101254563 
74.0    N  0.050555084272609  0.009999003233159  0.154748786354681  0.135841857815757  0.000000000000000  0.031950891581560  0.025701564647265  0.000000000000000  0.031336763621909  0.012868609644806  0.000000000000000  0.161880374856803  0.039281667953807  0.119741902277837  0.047927583114784  0.073353011142585  0.053734780390188  0.051048061944376  0.000000000000000  0.000000000000000  0.468136123717246  0.449377563305515  0.082526427563438  0.890075733252496  0.109727724701190  0.547146850630370  0.452816991508911  0.023997035464095  0.165855642574645  0.467487598875728 
75.0    N  0.171823586946504  0.000000000000000  0.015082297263621  0.037317599596081  0.000000000000000  0.067125279476258  0.025577161924713  0.048428495684948  0.069012427947693  0.035329080222643  0.085792776953432  0.099995016041594  0.018620040227719  0.025242524300300  0.000000000000000  0.014248955711246  0.143289023216047  0.126744934973754  0.016356410655853  0.000000000000000  0.910038824080899  0.059087632296921  0.030969673852002  1.000000000000000  0.000000000000000  0.825305408512657  0.174705871481383  0.025630403474898  0.444421340583285  0.400812664699697 
76.0    S  0.084143754329799  0.032262454233851  0.063460381304339  0.137833645383614  0.000000000000000  0.086569341756933  0.086210057614191  0.019545766876770  0.000000000000000  0.000000000000000  0.007109678313132  0.053142135004012  0.031995215638389  0.007355300504228  0.094797971585903  0.129857387912208  0.032262454233851  0.133415667254995  0.000000000000000  0.000000000000000  0.948684315140454  0.019695365493484  0.031862427593693  1.000000000000000  0.000000000000000  0.441351498145327  0.558643569036110  0.024247839196089  0.482299092292069  0.466193243218416 
77.0    E  0.000000000000000  0.000000000000000  0.186597297912119  0.331481440074665  0.000000000000000  0.026793001144818  0.000000000000000  0.000000000000000  0.105769824575036  0.000000000000000  0.018363692631559  0.012542771698687  0.014598864795050  0.113047422195136  0.090308149870220  0.071843428002167  0.028656376350146  0.000000000000000  0.000000000000000  0.000000000000000  0.931740429304773  0.068203992315933  0.000000000000000  0.826450318154212  0.173378871141423  1.000000000000000  0.000000000000000  0.024723040662045  0.369334515895640  0.444113397921202 
78.0    E  0.017948411796829  0.070072879876782  0.036271997324491  0.171585553906864  0.000000000000000  0.023276210361292  0.000000000000000  0.000000000000000  0.133600748901376  0.000000000000000  0.000000000000000  0.096924150793376  0.033054717613076  0.053734780390188  0.095589767367673  0.244177132240557  0.023781771575615  0.000000000000000  0.000000000000000  0.000000000000000  0.976708528962227  0.006915263785778  0.016097718025314  1.000000000000000  0.000000000000000  0.000000000000000  0.000000000000000  0.023930593704600  0.497924876547229  1.000000000000000 
79.0    K  0.000000000000000  0.000000000000000  0.000000000000000  0.000000000000000  0.000000000000000  0.045499673406221  0.000000000000000  0.000000000000000  0.523042469896265  0.050520054300348  0.035378090690959  0.010145614083827  0.039363436873356  0.109423916211783  0.118667765118815  0.000000000000000  0.018945512797840  0.048799155787962  0.000000000000000  0.000000000000000  1.000000000000000  0.000000000000000  0.000000000000000  0.000000000000000  0.000000000000000  1.000000000000000  0.000000000000000  0.024281477149502  1.000000000000000  0.493458272942921 
80.0    K  0.000000000000000  0.000000000000000  0.000000000000000  0.090370768409109  0.048327896090957  0.033423346496414  0.000000000000000  0.000000000000000  0.590087171668101  0.027280237222930  0.000000000000000  0.023568438698228  0.000000000000000  0.033377044001495  0.070267432736164  0.010423618513108  0.022702578899553  0.049997508020797  0.000000000000000  0.000000000000000  0.992404374685819  0.000000000000000  0.007769298192759  0.000000000000000  0.000000000000000  0.000000000000000  0.000000000000000  0.023930593704600  1.000000000000000  1.000000000000000 
81.0    E  0.000000000000000  0.000000000000000  0.048529304687565  0.839731492944140  0.000000000000000  0.000000000000000  0.000000000000000  0.000000000000000  0.000000000000000  0.000000000000000  0.000000000000000  0.000000000000000  0.000000000000000  0.027469986278493  0.000000000000000  0.068298608693810  0.015821168864851  0.000000000000000  0.000000000000000  0.000000000000000  0.970634469769547  0.029687511964840  0.000000000000000  1.000000000000000  0.000000000000000  0.000000000000000  1.000000000000000  0.023880883136956  0.475988954248766  0.500000000000000 
82.0    Y  0.000000000000000  0.000000000000000  0.011808749439971  0.020717590004667  0.089064850884299  0.000000000000000  0.016008700359888  0.027337023903307  0.000000000000000  0.000000000000000  0.000000000000000  0.000000000000000  0.037214276542655  0.000000000000000  0.000000000000000  0.000000000000000  0.000000000000000  0.000000000000000  0.154748786354681  0.643048741715302  0.994470168673214  0.005819052590323  0.000000000000000  1.000000000000000  0.000000000000000  0.000000000000000  1.000000000000000  0.026314467300263  0.500000000000000  0.500000000000000 
83.0    F  0.000000000000000  0.000000000000000  0.000000000000000  0.000000000000000  0.712518807074392  0.000000000000000  0.000000000000000  0.055130710324824  0.000000000000000  0.030734439813320  0.000000000000000  0.000000000000000  0.000000000000000  0.000000000000000  0.063592480756418  0.000000000000000  0.000000000000000  0.000000000000000  0.000000000000000  0.137833645383614  1.000000000000000  0.000000000000000  0.000000000000000  0.333324669272800  0.666649338545599  1.000000000000000  0.000000000000000  0.032173127607312  0.500000000000000  0.491410299272626 
84.0    I  0.000000000000000  0.000000000000000  0.000000000000000  0.000000000000000  0.080269738061839  0.000000000000000  0.054978067245152  0.709070017839729  0.000000000000000  0.015187202937209  0.059333882559407  0.000000000000000  0.039912929974856  0.000000000000000  0.024382671255428  0.000000000000000  0.000000000000000  0.016758072137780  0.000000000000000  0.000000000000000  1.000000000000000  0.000000000000000  0.000000000000000  1.000000000000000  0.000000000000000  0.000000000000000  0.000000000000000  0.032262454233851  1.000000000000000  1.000000000000000 
