No:  residues  hmm_col_1  hmm_col_2  hmm_col_3  hmm_col_4  hmm_col_5  hmm_col_6  hmm_col_7  hmm_col_8  hmm_col_9  hmm_col_10  hmm_col_11  hmm_col_12  hmm_col_13  hmm_col_14  hmm_col_15  hmm_col_16  hmm_col_17  hmm_col_18  hmm_col_19  hmm_col_20  hmm_col_21   hmm_col_22   hmm_col_23   hmm_col_24   hmm_col_25   hmm_col_26   hmm_col_27   hmm_col_28   hmm_col_29   hmm_col_30   
1.0    M  0.000000000000000  0.000000000000000  0.000000000000000  0.000000000000000  0.000000000000000  0.000000000000000  0.000000000000000  0.000000000000000  0.000000000000000  0.000000000000000  1.000000000000000  0.000000000000000  0.000000000000000  0.000000000000000  0.000000000000000  0.000000000000000  0.000000000000000  0.000000000000000  0.000000000000000  0.000000000000000  1.000000000000000  0.000000000000000  0.000000000000000  0.000000000000000  0.000000000000000  0.000000000000000  0.000000000000000  0.293412044570338  1.000000000000000  1.000000000000000 
2.0    G  0.000000000000000  0.000000000000000  0.000000000000000  0.865136690584988  0.000000000000000  0.134810053961806  0.000000000000000  0.000000000000000  0.000000000000000  0.000000000000000  0.000000000000000  0.000000000000000  0.000000000000000  0.000000000000000  0.000000000000000  0.000000000000000  0.000000000000000  0.000000000000000  0.000000000000000  0.000000000000000  1.000000000000000  0.000000000000000  0.000000000000000  0.000000000000000  0.000000000000000  0.000000000000000  0.000000000000000  0.293412044570338  1.000000000000000  1.000000000000000 
3.0    Q  0.000000000000000  0.000000000000000  0.000000000000000  0.000000000000000  0.000000000000000  0.000000000000000  0.000000000000000  0.000000000000000  0.000000000000000  0.015581738302376  0.000000000000000  0.000000000000000  0.009638337264137  0.777007268784049  0.197784325296362  0.000000000000000  0.000000000000000  0.000000000000000  0.000000000000000  0.000000000000000  1.000000000000000  0.000000000000000  0.000000000000000  0.000000000000000  0.000000000000000  0.000000000000000  0.000000000000000  0.293412044570338  1.000000000000000  1.000000000000000 
4.0    E  0.000000000000000  0.000000000000000  0.025155191800660  0.859756486243006  0.000000000000000  0.115342811581725  0.000000000000000  0.000000000000000  0.000000000000000  0.000000000000000  0.000000000000000  0.000000000000000  0.000000000000000  0.000000000000000  0.000000000000000  0.000000000000000  0.000000000000000  0.000000000000000  0.000000000000000  0.000000000000000  1.000000000000000  0.000000000000000  0.000000000000000  0.000000000000000  0.000000000000000  0.000000000000000  0.000000000000000  0.293412044570338  1.000000000000000  1.000000000000000 
5.0    Q  0.000000000000000  0.000000000000000  0.000000000000000  0.000000000000000  0.000000000000000  0.000000000000000  0.040190546357206  0.000000000000000  0.000000000000000  0.015635834179103  0.000000000000000  0.000000000000000  0.027508094173848  0.889458993537898  0.027242444985533  0.000000000000000  0.000000000000000  0.000000000000000  0.000000000000000  0.000000000000000  1.000000000000000  0.000000000000000  0.000000000000000  0.000000000000000  0.000000000000000  0.000000000000000  0.000000000000000  0.293412044570338  1.000000000000000  1.000000000000000 
6.0    D  0.014209503934386  0.000000000000000  0.776468875001040  0.000000000000000  0.000000000000000  0.169340622185671  0.000000000000000  0.000000000000000  0.000000000000000  0.000000000000000  0.000000000000000  0.040190546357206  0.000000000000000  0.000000000000000  0.000000000000000  0.000000000000000  0.000000000000000  0.000000000000000  0.000000000000000  0.000000000000000  1.000000000000000  0.000000000000000  0.000000000000000  0.000000000000000  0.000000000000000  0.000000000000000  0.000000000000000  0.293412044570338  1.000000000000000  1.000000000000000 
7.0    T  0.000000000000000  0.000000000000000  0.000000000000000  0.000000000000000  0.000000000000000  0.000000000000000  0.000000000000000  0.046230859664026  0.000000000000000  0.000000000000000  0.000000000000000  0.000000000000000  0.000000000000000  0.000000000000000  0.000000000000000  0.000000000000000  0.953959550547558  0.000000000000000  0.000000000000000  0.000000000000000  1.000000000000000  0.000000000000000  0.000000000000000  0.000000000000000  0.000000000000000  0.000000000000000  0.000000000000000  0.293412044570338  1.000000000000000  1.000000000000000 
8.0    P  0.000000000000000  0.000000000000000  0.000000000000000  0.000000000000000  0.000000000000000  0.000000000000000  0.000000000000000  0.000000000000000  0.000000000000000  0.036727385263118  0.000000000000000  0.000000000000000  0.857376036634172  0.070903467808497  0.009779659833234  0.025155191800660  0.000000000000000  0.000000000000000  0.000000000000000  0.000000000000000  1.000000000000000  0.000000000000000  0.000000000000000  0.000000000000000  0.000000000000000  0.000000000000000  0.000000000000000  0.293412044570338  1.000000000000000  1.000000000000000 
9.0    W  0.000000000000000  0.000000000000000  0.000000000000000  0.000000000000000  0.000000000000000  0.000000000000000  0.000000000000000  0.000000000000000  0.000000000000000  0.012233660879008  0.000000000000000  0.000000000000000  0.000000000000000  0.000000000000000  0.000000000000000  0.000000000000000  0.000000000000000  0.000000000000000  0.987600861445373  0.000000000000000  1.000000000000000  0.000000000000000  0.000000000000000  0.000000000000000  0.000000000000000  0.000000000000000  0.000000000000000  0.293412044570338  1.000000000000000  1.000000000000000 
10.0    I  0.000000000000000  0.000000000000000  0.000000000000000  0.000000000000000  0.000000000000000  0.000000000000000  0.000000000000000  0.151774360549381  0.000000000000000  0.000000000000000  0.000000000000000  0.000000000000000  0.000000000000000  0.000000000000000  0.000000000000000  0.000000000000000  0.847919964633148  0.000000000000000  0.000000000000000  0.000000000000000  1.000000000000000  0.000000000000000  0.000000000000000  0.000000000000000  0.000000000000000  0.000000000000000  0.000000000000000  0.293412044570338  1.000000000000000  1.000000000000000 
11.0    L  0.000000000000000  0.000000000000000  0.000000000000000  0.000000000000000  0.000000000000000  0.000000000000000  0.000000000000000  0.000000000000000  0.000000000000000  0.146401272652351  0.000000000000000  0.000000000000000  0.015581738302376  0.730016005327261  0.107992273425035  0.000000000000000  0.000000000000000  0.000000000000000  0.000000000000000  0.000000000000000  1.000000000000000  0.000000000000000  0.000000000000000  0.000000000000000  0.000000000000000  0.000000000000000  0.000000000000000  0.293412044570338  1.000000000000000  1.000000000000000 
12.0    S  0.000000000000000  0.000000000000000  0.000000000000000  0.000000000000000  0.000000000000000  0.000000000000000  0.000000000000000  0.000000000000000  0.000000000000000  0.063065727115293  0.000000000000000  0.000000000000000  0.000000000000000  0.000000000000000  0.000000000000000  0.936921446872426  0.000000000000000  0.000000000000000  0.000000000000000  0.000000000000000  1.000000000000000  0.000000000000000  0.000000000000000  0.000000000000000  0.000000000000000  0.000000000000000  0.000000000000000  0.293412044570338  1.000000000000000  1.000000000000000 
13.0    T  0.000000000000000  0.000000000000000  0.000000000000000  0.000000000000000  0.000000000000000  0.000000000000000  0.000000000000000  0.108517528450130  0.000000000000000  0.000000000000000  0.000000000000000  0.000000000000000  0.019545766876770  0.000000000000000  0.000000000000000  0.000000000000000  0.862741344542656  0.009055437124254  0.000000000000000  0.000000000000000  1.000000000000000  0.000000000000000  0.000000000000000  0.000000000000000  0.000000000000000  0.000000000000000  0.000000000000000  0.293412044570338  1.000000000000000  1.000000000000000 
14.0    G  0.000000000000000  0.000000000000000  0.040190546357206  0.667574151647954  0.000000000000000  0.291991848653279  0.000000000000000  0.000000000000000  0.000000000000000  0.000000000000000  0.000000000000000  0.000000000000000  0.000000000000000  0.000000000000000  0.000000000000000  0.000000000000000  0.000000000000000  0.000000000000000  0.000000000000000  0.000000000000000  1.000000000000000  0.000000000000000  0.000000000000000  0.000000000000000  0.000000000000000  0.000000000000000  0.000000000000000  0.293412044570338  1.000000000000000  1.000000000000000 
15.0    H  0.000000000000000  0.000000000000000  0.065335006262823  0.000000000000000  0.000000000000000  0.000000000000000  0.874784764905822  0.000000000000000  0.000000000000000  0.019545766876770  0.000000000000000  0.000000000000000  0.000000000000000  0.000000000000000  0.040498155169792  0.000000000000000  0.000000000000000  0.000000000000000  0.000000000000000  0.000000000000000  1.000000000000000  0.000000000000000  0.000000000000000  0.000000000000000  0.000000000000000  0.000000000000000  0.000000000000000  0.293412044570338  1.000000000000000  1.000000000000000 
16.0    I  0.000000000000000  0.000000000000000  0.000000000000000  0.000000000000000  0.000000000000000  0.000000000000000  0.000000000000000  0.723969086189780  0.000000000000000  0.000000000000000  0.000000000000000  0.000000000000000  0.065335006262823  0.000000000000000  0.000000000000000  0.000000000000000  0.210369870571345  0.000000000000000  0.000000000000000  0.000000000000000  1.000000000000000  0.000000000000000  0.000000000000000  0.000000000000000  0.000000000000000  0.000000000000000  0.000000000000000  0.293412044570338  1.000000000000000  1.000000000000000 
17.0    S  0.000000000000000  0.000000000000000  0.000000000000000  0.000000000000000  0.000000000000000  0.000000000000000  0.000000000000000  0.000000000000000  0.000000000000000  0.000000000000000  0.000000000000000  0.885767519102361  0.000000000000000  0.000000000000000  0.000000000000000  0.114546080584419  0.000000000000000  0.000000000000000  0.000000000000000  0.000000000000000  1.000000000000000  0.000000000000000  0.000000000000000  0.000000000000000  0.000000000000000  0.000000000000000  0.000000000000000  0.293412044570338  1.000000000000000  1.000000000000000 
18.0    T  0.000000000000000  0.000000000000000  0.000000000000000  0.000000000000000  0.000000000000000  0.000000000000000  0.000000000000000  0.562529242344405  0.000000000000000  0.040190546357206  0.000000000000000  0.000000000000000  0.000000000000000  0.000000000000000  0.000000000000000  0.000000000000000  0.397217200048052  0.000000000000000  0.000000000000000  0.000000000000000  1.000000000000000  0.000000000000000  0.000000000000000  0.000000000000000  0.000000000000000  0.000000000000000  0.000000000000000  0.293412044570338  1.000000000000000  1.000000000000000 
19.0    Q  0.000000000000000  0.000000000000000  0.000000000000000  0.040190546357206  0.000000000000000  0.000000000000000  0.000000000000000  0.000000000000000  0.000000000000000  0.017217267435572  0.000000000000000  0.000000000000000  0.000000000000000  0.883927531063671  0.058883204619051  0.000000000000000  0.000000000000000  0.000000000000000  0.000000000000000  0.000000000000000  1.000000000000000  0.000000000000000  0.000000000000000  0.000000000000000  0.000000000000000  0.000000000000000  0.000000000000000  0.293412044570338  1.000000000000000  1.000000000000000 
20.0    K  0.000000000000000  0.000000000000000  0.000000000000000  0.000000000000000  0.000000000000000  0.000000000000000  0.000000000000000  0.000000000000000  0.833353207159218  0.000000000000000  0.000000000000000  0.000000000000000  0.000000000000000  0.000000000000000  0.166431451654546  0.000000000000000  0.000000000000000  0.000000000000000  0.000000000000000  0.000000000000000  1.000000000000000  0.000000000000000  0.000000000000000  0.000000000000000  0.000000000000000  0.000000000000000  0.000000000000000  0.293412044570338  1.000000000000000  1.000000000000000 
21.0    G  0.000000000000000  0.000000000000000  0.000000000000000  0.052337905469277  0.000000000000000  0.100133734698703  0.000000000000000  0.000000000000000  0.294634851952921  0.000000000000000  0.000000000000000  0.000000000000000  0.000000000000000  0.000000000000000  0.552865326660134  0.000000000000000  0.000000000000000  0.000000000000000  0.000000000000000  0.000000000000000  1.000000000000000  0.000000000000000  0.000000000000000  0.000000000000000  0.000000000000000  0.000000000000000  0.000000000000000  0.293412044570338  1.000000000000000  1.000000000000000 
22.0    E  0.000000000000000  0.000000000000000  0.000000000000000  0.394200087028139  0.000000000000000  0.605836330215122  0.000000000000000  0.000000000000000  0.000000000000000  0.000000000000000  0.000000000000000  0.000000000000000  0.000000000000000  0.000000000000000  0.000000000000000  0.000000000000000  0.000000000000000  0.000000000000000  0.000000000000000  0.000000000000000  1.000000000000000  0.000000000000000  0.000000000000000  0.000000000000000  0.000000000000000  0.000000000000000  0.000000000000000  0.293412044570338  1.000000000000000  1.000000000000000 
23.0    G  0.000000000000000  0.000000000000000  0.137071448573487  0.000000000000000  0.000000000000000  0.065018766657624  0.000000000000000  0.008906041192918  0.000000000000000  0.000000000000000  0.000000000000000  0.555554364327547  0.000000000000000  0.000000000000000  0.000000000000000  0.223911417522712  0.009732323559137  0.000000000000000  0.000000000000000  0.000000000000000  1.000000000000000  0.000000000000000  0.000000000000000  0.000000000000000  0.000000000000000  0.000000000000000  0.000000000000000  0.293412044570338  1.000000000000000  1.000000000000000 
24.0    G  0.000000000000000  0.000000000000000  0.000000000000000  0.000000000000000  0.000000000000000  1.000000000000000  0.000000000000000  0.000000000000000  0.000000000000000  0.000000000000000  0.000000000000000  0.000000000000000  0.000000000000000  0.000000000000000  0.000000000000000  0.000000000000000  0.000000000000000  0.000000000000000  0.000000000000000  0.000000000000000  1.000000000000000  0.000000000000000  0.000000000000000  0.000000000000000  0.000000000000000  0.000000000000000  0.000000000000000  0.293412044570338  1.000000000000000  1.000000000000000 
25.0    Q  0.000000000000000  0.000000000000000  0.000000000000000  0.000000000000000  0.000000000000000  0.000000000000000  0.000000000000000  0.000000000000000  0.008930768245422  0.011359160291565  0.000000000000000  0.000000000000000  0.007910584432426  0.847919964633148  0.123621364547616  0.000000000000000  0.000000000000000  0.000000000000000  0.000000000000000  0.000000000000000  1.000000000000000  0.000000000000000  0.000000000000000  0.000000000000000  0.000000000000000  0.000000000000000  0.000000000000000  0.293412044570338  1.000000000000000  1.000000000000000 
26.0    Q  0.000000000000000  0.000000000000000  0.000000000000000  0.000000000000000  0.000000000000000  0.000000000000000  0.000000000000000  0.000000000000000  0.043797732783773  0.000000000000000  0.000000000000000  0.000000000000000  0.000000000000000  0.927873476471283  0.028047189083352  0.000000000000000  0.000000000000000  0.000000000000000  0.000000000000000  0.000000000000000  1.000000000000000  0.000000000000000  0.000000000000000  0.000000000000000  0.000000000000000  0.000000000000000  0.000000000000000  0.293412044570338  1.000000000000000  1.000000000000000 
27.0    T  0.000000000000000  0.000000000000000  0.000000000000000  0.000000000000000  0.000000000000000  0.000000000000000  0.000000000000000  0.186468003336433  0.000000000000000  0.000000000000000  0.000000000000000  0.000000000000000  0.000000000000000  0.000000000000000  0.000000000000000  0.000000000000000  0.813379198132126  0.000000000000000  0.000000000000000  0.000000000000000  1.000000000000000  0.000000000000000  0.000000000000000  0.000000000000000  0.000000000000000  0.000000000000000  0.000000000000000  0.293412044570338  1.000000000000000  1.000000000000000 
28.0    P  0.000000000000000  0.000000000000000  0.000000000000000  0.000000000000000  0.000000000000000  0.000000000000000  0.000000000000000  0.000000000000000  0.000000000000000  0.066893043651664  0.000000000000000  0.000000000000000  0.077320779917948  0.786762445353566  0.069012427947693  0.000000000000000  0.000000000000000  0.000000000000000  0.000000000000000  0.000000000000000  1.000000000000000  0.000000000000000  0.000000000000000  0.000000000000000  0.000000000000000  0.000000000000000  0.000000000000000  0.293412044570338  1.000000000000000  1.000000000000000 
29.0    K  0.000000000000000  0.000000000000000  0.000000000000000  0.000000000000000  0.000000000000000  0.000000000000000  0.000000000000000  0.000000000000000  0.470739232270603  0.000000000000000  0.000000000000000  0.000000000000000  0.000000000000000  0.000000000000000  0.529242197437566  0.000000000000000  0.000000000000000  0.000000000000000  0.000000000000000  0.000000000000000  1.000000000000000  0.000000000000000  0.000000000000000  0.000000000000000  0.000000000000000  0.000000000000000  0.000000000000000  0.293412044570338  1.000000000000000  1.000000000000000 
30.0    L  0.000000000000000  0.000000000000000  0.000000000000000  0.000000000000000  0.000000000000000  0.000000000000000  0.000000000000000  0.000000000000000  0.000000000000000  0.859160754947185  0.000000000000000  0.000000000000000  0.111568371434122  0.011125392153102  0.018312848182414  0.000000000000000  0.000000000000000  0.000000000000000  0.000000000000000  0.000000000000000  1.000000000000000  0.000000000000000  0.000000000000000  0.000000000000000  0.000000000000000  0.000000000000000  0.000000000000000  0.293412044570338  1.000000000000000  1.000000000000000 
31.0    E  0.000000000000000  0.000000000000000  0.000000000000000  0.746906728556171  0.000000000000000  0.204617295397701  0.000000000000000  0.000000000000000  0.032173127607312  0.000000000000000  0.000000000000000  0.000000000000000  0.000000000000000  0.000000000000000  0.000000000000000  0.000000000000000  0.009277809891199  0.006958538285990  0.000000000000000  0.000000000000000  1.000000000000000  0.000000000000000  0.000000000000000  0.000000000000000  0.000000000000000  0.000000000000000  0.000000000000000  0.293412044570338  1.000000000000000  1.000000000000000 
32.0    H  0.000000000000000  0.000000000000000  0.000000000000000  0.000000000000000  0.000000000000000  0.000000000000000  0.950659101229818  0.000000000000000  0.000000000000000  0.000000000000000  0.000000000000000  0.000000000000000  0.000000000000000  0.000000000000000  0.049652150006007  0.000000000000000  0.000000000000000  0.000000000000000  0.000000000000000  0.000000000000000  1.000000000000000  0.000000000000000  0.000000000000000  0.000000000000000  0.000000000000000  0.000000000000000  0.000000000000000  0.293412044570338  1.000000000000000  1.000000000000000 
33.0    H  0.000000000000000  0.000000000000000  0.000000000000000  0.000000000000000  0.000000000000000  0.000000000000000  0.097733705391074  0.000000000000000  0.000000000000000  0.130942015887475  0.000000000000000  0.000000000000000  0.726986258660155  0.000000000000000  0.033077637339848  0.011351289449776  0.000000000000000  0.000000000000000  0.000000000000000  0.000000000000000  1.000000000000000  0.000000000000000  0.000000000000000  0.000000000000000  0.000000000000000  0.000000000000000  0.000000000000000  0.293412044570338  1.000000000000000  1.000000000000000 
34.0    N  0.000000000000000  0.000000000000000  0.000000000000000  0.000000000000000  0.000000000000000  0.000000000000000  0.000000000000000  0.000000000000000  0.000000000000000  0.000000000000000  0.000000000000000  0.702709350103360  0.000000000000000  0.000000000000000  0.000000000000000  0.297301778750680  0.000000000000000  0.000000000000000  0.000000000000000  0.000000000000000  1.000000000000000  0.000000000000000  0.000000000000000  0.000000000000000  0.000000000000000  0.000000000000000  0.000000000000000  0.293412044570338  1.000000000000000  1.000000000000000 
35.0    S  0.000000000000000  0.000000000000000  0.000000000000000  0.000000000000000  0.000000000000000  0.000000000000000  0.000000000000000  0.000000000000000  0.000000000000000  0.333093706273005  0.000000000000000  0.000000000000000  0.000000000000000  0.000000000000000  0.000000000000000  0.667111584838885  0.000000000000000  0.000000000000000  0.000000000000000  0.000000000000000  1.000000000000000  0.000000000000000  0.000000000000000  0.000000000000000  0.000000000000000  0.000000000000000  0.000000000000000  0.293412044570338  1.000000000000000  1.000000000000000 
36.0    T  0.000000000000000  0.000000000000000  0.000000000000000  0.000000000000000  0.000000000000000  0.000000000000000  0.000000000000000  0.410370804405249  0.000000000000000  0.000000000000000  0.000000000000000  0.000000000000000  0.000000000000000  0.000000000000000  0.000000000000000  0.000000000000000  0.589678296130608  0.000000000000000  0.000000000000000  0.000000000000000  1.000000000000000  0.000000000000000  0.000000000000000  0.000000000000000  0.000000000000000  0.000000000000000  0.000000000000000  0.293412044570338  1.000000000000000  1.000000000000000 
37.0    R  0.000000000000000  0.000000000000000  0.000000000000000  0.000000000000000  0.000000000000000  0.000000000000000  0.000000000000000  0.000000000000000  0.000000000000000  0.103736823198748  0.000000000000000  0.000000000000000  0.026168952734638  0.497579860910041  0.372677596699730  0.000000000000000  0.000000000000000  0.000000000000000  0.000000000000000  0.000000000000000  1.000000000000000  0.000000000000000  0.000000000000000  0.000000000000000  0.000000000000000  0.000000000000000  0.000000000000000  0.293412044570338  1.000000000000000  1.000000000000000 
38.0    L  0.000000000000000  0.000000000000000  0.000000000000000  0.000000000000000  0.000000000000000  0.000000000000000  0.000000000000000  0.000000000000000  0.000000000000000  0.938221196500671  0.000000000000000  0.000000000000000  0.000000000000000  0.000000000000000  0.000000000000000  0.061896429495814  0.000000000000000  0.000000000000000  0.000000000000000  0.000000000000000  1.000000000000000  0.000000000000000  0.000000000000000  0.000000000000000  0.000000000000000  0.000000000000000  0.000000000000000  0.293412044570338  1.000000000000000  1.000000000000000 
39.0    M  0.000000000000000  0.000000000000000  0.000000000000000  0.000000000000000  0.000000000000000  0.000000000000000  0.000000000000000  0.000000000000000  0.000000000000000  0.000000000000000  0.873572895916694  0.000000000000000  0.000000000000000  0.000000000000000  0.000000000000000  0.000000000000000  0.126569350918812  0.000000000000000  0.000000000000000  0.000000000000000  1.000000000000000  0.000000000000000  0.000000000000000  0.000000000000000  0.000000000000000  0.000000000000000  0.000000000000000  0.274713554394220  1.000000000000000  1.000000000000000 
40.0    G  0.022359008125358  0.000000000000000  0.769503610080431  0.024518253059273  0.000000000000000  0.173499089876949  0.000000000000000  0.000000000000000  0.000000000000000  0.000000000000000  0.000000000000000  0.000000000000000  0.000000000000000  0.000000000000000  0.000000000000000  0.000000000000000  0.000000000000000  0.010068551800664  0.000000000000000  0.000000000000000  1.000000000000000  0.000000000000000  0.000000000000000  0.000000000000000  0.000000000000000  0.000000000000000  0.000000000000000  0.274713554394220  1.000000000000000  1.000000000000000 
41.0    H  0.000000000000000  0.000000000000000  0.000000000000000  0.000000000000000  0.000000000000000  0.000000000000000  0.781869643128594  0.000000000000000  0.000000000000000  0.000000000000000  0.000000000000000  0.000000000000000  0.037395280100960  0.017397212784823  0.163572258931876  0.000000000000000  0.000000000000000  0.000000000000000  0.000000000000000  0.000000000000000  1.000000000000000  0.000000000000000  0.000000000000000  0.000000000000000  0.000000000000000  0.000000000000000  0.000000000000000  0.274713554394220  1.000000000000000  1.000000000000000 
42.0    C  0.000000000000000  0.325335463860483  0.000000000000000  0.000000000000000  0.019887420863687  0.000000000000000  0.000000000000000  0.000000000000000  0.000000000000000  0.000000000000000  0.000000000000000  0.000000000000000  0.000000000000000  0.000000000000000  0.000000000000000  0.011630041055989  0.000000000000000  0.000000000000000  0.000000000000000  0.643048741715302  1.000000000000000  0.000000000000000  0.000000000000000  0.000000000000000  0.000000000000000  0.000000000000000  0.000000000000000  0.274713554394220  1.000000000000000  1.000000000000000 
43.0    Q  0.000000000000000  0.000000000000000  0.000000000000000  0.000000000000000  0.000000000000000  0.000000000000000  0.000000000000000  0.000000000000000  0.000000000000000  0.739693754624419  0.000000000000000  0.000000000000000  0.148033951481704  0.080604265665993  0.031642337729703  0.000000000000000  0.000000000000000  0.000000000000000  0.000000000000000  0.000000000000000  1.000000000000000  0.000000000000000  0.000000000000000  0.000000000000000  0.000000000000000  0.000000000000000  0.000000000000000  0.274713554394220  1.000000000000000  1.000000000000000 
44.0    K  0.000000000000000  0.000000000000000  0.000000000000000  0.000000000000000  0.000000000000000  0.028996046139728  0.000000000000000  0.034149304346905  0.257206676973394  0.000000000000000  0.008419790195654  0.017898717155934  0.000000000000000  0.024518253059273  0.628942485918009  0.000000000000000  0.000000000000000  0.000000000000000  0.000000000000000  0.000000000000000  1.000000000000000  0.000000000000000  0.000000000000000  0.000000000000000  0.000000000000000  0.000000000000000  0.000000000000000  0.274713554394220  1.000000000000000  1.000000000000000 
45.0    T  0.000000000000000  0.000000000000000  0.000000000000000  0.000000000000000  0.000000000000000  0.000000000000000  0.000000000000000  0.396392068305142  0.000000000000000  0.000000000000000  0.008893703352147  0.000000000000000  0.000000000000000  0.000000000000000  0.000000000000000  0.000000000000000  0.594603557501361  0.000000000000000  0.000000000000000  0.000000000000000  1.000000000000000  0.000000000000000  0.000000000000000  0.000000000000000  0.000000000000000  0.000000000000000  0.000000000000000  0.274713554394220  1.000000000000000  1.000000000000000 
46.0    M  0.000000000000000  0.000000000000000  0.000000000000000  0.000000000000000  0.000000000000000  0.000000000000000  0.000000000000000  0.000000000000000  0.000000000000000  0.000000000000000  0.787307976569203  0.000000000000000  0.000000000000000  0.000000000000000  0.000000000000000  0.000000000000000  0.212421249784663  0.000000000000000  0.000000000000000  0.000000000000000  1.000000000000000  0.000000000000000  0.000000000000000  0.000000000000000  0.000000000000000  0.000000000000000  0.000000000000000  0.274713554394220  1.000000000000000  1.000000000000000 
47.0    N  0.000000000000000  0.000000000000000  0.000000000000000  0.000000000000000  0.000000000000000  0.024450368179266  0.000000000000000  0.018110874248507  0.000000000000000  0.000000000000000  0.000000000000000  0.466839972457657  0.000000000000000  0.000000000000000  0.000000000000000  0.472373520498603  0.018224208902945  0.000000000000000  0.000000000000000  0.000000000000000  1.000000000000000  0.000000000000000  0.000000000000000  0.000000000000000  0.000000000000000  0.000000000000000  0.000000000000000  0.274713554394220  1.000000000000000  1.000000000000000 
48.0    Q  0.000000000000000  0.000000000000000  0.000000000000000  0.000000000000000  0.000000000000000  0.000000000000000  0.000000000000000  0.000000000000000  0.000000000000000  0.016968466505036  0.000000000000000  0.000000000000000  0.011816937478781  0.813379198132126  0.158000387306601  0.000000000000000  0.000000000000000  0.000000000000000  0.000000000000000  0.000000000000000  1.000000000000000  0.000000000000000  0.000000000000000  0.000000000000000  0.000000000000000  0.000000000000000  0.000000000000000  0.274713554394220  1.000000000000000  1.000000000000000 
49.0    V  0.372161313791635  0.000000000000000  0.000000000000000  0.000000000000000  0.000000000000000  0.000000000000000  0.000000000000000  0.000000000000000  0.000000000000000  0.103593113060999  0.000000000000000  0.000000000000000  0.000000000000000  0.000000000000000  0.000000000000000  0.000000000000000  0.000000000000000  0.524131237758464  0.000000000000000  0.000000000000000  1.000000000000000  0.000000000000000  0.000000000000000  0.000000000000000  0.000000000000000  0.000000000000000  0.000000000000000  0.274713554394220  1.000000000000000  1.000000000000000 
50.0    V  0.023276210361292  0.000000000000000  0.575145946675303  0.000000000000000  0.000000000000000  0.254193668322989  0.000000000000000  0.000000000000000  0.000000000000000  0.000000000000000  0.000000000000000  0.000000000000000  0.000000000000000  0.000000000000000  0.000000000000000  0.000000000000000  0.000000000000000  0.147215348699373  0.000000000000000  0.000000000000000  1.000000000000000  0.000000000000000  0.000000000000000  0.000000000000000  0.000000000000000  0.000000000000000  0.000000000000000  0.274713554394220  1.000000000000000  1.000000000000000 
51.0    M  0.000000000000000  0.000000000000000  0.000000000000000  0.000000000000000  0.000000000000000  0.000000000000000  0.000000000000000  0.000000000000000  0.000000000000000  0.000000000000000  0.850274160064196  0.000000000000000  0.000000000000000  0.000000000000000  0.000000000000000  0.000000000000000  0.149788627667427  0.000000000000000  0.000000000000000  0.000000000000000  1.000000000000000  0.000000000000000  0.000000000000000  0.000000000000000  0.000000000000000  0.000000000000000  0.000000000000000  0.274713554394220  1.000000000000000  1.000000000000000 
52.0    P  0.000000000000000  0.000000000000000  0.000000000000000  0.000000000000000  0.017836792298856  0.000000000000000  0.735093668194520  0.000000000000000  0.000000000000000  0.052483218309009  0.000000000000000  0.000000000000000  0.156474557331749  0.000000000000000  0.038022573707315  0.000000000000000  0.000000000000000  0.000000000000000  0.000000000000000  0.000000000000000  1.000000000000000  0.000000000000000  0.000000000000000  0.000000000000000  0.000000000000000  0.000000000000000  0.000000000000000  0.274713554394220  1.000000000000000  1.000000000000000 
53.0    K  0.000000000000000  0.000000000000000  0.000000000000000  0.000000000000000  0.000000000000000  0.000000000000000  0.000000000000000  0.000000000000000  0.910038824080899  0.000000000000000  0.000000000000000  0.000000000000000  0.000000000000000  0.000000000000000  0.089871033302935  0.000000000000000  0.000000000000000  0.000000000000000  0.000000000000000  0.000000000000000  1.000000000000000  0.000000000000000  0.000000000000000  0.000000000000000  0.000000000000000  0.000000000000000  0.000000000000000  0.274713554394220  1.000000000000000  1.000000000000000 
54.0    Q  0.000000000000000  0.000000000000000  0.000000000000000  0.000000000000000  0.017836792298856  0.000000000000000  0.000000000000000  0.000000000000000  0.000000000000000  0.000000000000000  0.000000000000000  0.000000000000000  0.020305297850866  0.849096246446840  0.112734422297781  0.000000000000000  0.000000000000000  0.000000000000000  0.000000000000000  0.000000000000000  1.000000000000000  0.000000000000000  0.000000000000000  0.000000000000000  0.000000000000000  0.000000000000000  0.000000000000000  0.274713554394220  1.000000000000000  1.000000000000000 
55.0    I  0.000000000000000  0.000000000000000  0.000000000000000  0.000000000000000  0.000000000000000  0.000000000000000  0.000000000000000  0.334018519597525  0.000000000000000  0.000000000000000  0.000000000000000  0.013706461698950  0.000000000000000  0.000000000000000  0.000000000000000  0.000000000000000  0.652477473844479  0.000000000000000  0.000000000000000  0.000000000000000  1.000000000000000  0.000000000000000  0.000000000000000  0.000000000000000  0.000000000000000  0.000000000000000  0.000000000000000  0.274713554394220  1.000000000000000  1.000000000000000 
56.0    V  0.239649859623244  0.000000000000000  0.000000000000000  0.000000000000000  0.000000000000000  0.000000000000000  0.000000000000000  0.000000000000000  0.000000000000000  0.000000000000000  0.000000000000000  0.000000000000000  0.000000000000000  0.000000000000000  0.000000000000000  0.000000000000000  0.000000000000000  0.760489376620505  0.000000000000000  0.000000000000000  0.978063473447339  0.022266212721075  0.000000000000000  1.000000000000000  0.000000000000000  0.000000000000000  0.000000000000000  0.274713554394220  0.489031736723670  1.000000000000000 
57.0    Y  0.000000000000000  0.185179974752540  0.000000000000000  0.000000000000000  0.161880374856803  0.000000000000000  0.000000000000000  0.000000000000000  0.000000000000000  0.000000000000000  0.000000000000000  0.000000000000000  0.000000000000000  0.000000000000000  0.000000000000000  0.459456441739525  0.000000000000000  0.000000000000000  0.000000000000000  0.193579756963305  1.000000000000000  0.000000000000000  0.000000000000000  0.000000000000000  0.000000000000000  0.000000000000000  0.000000000000000  0.279128240495643  1.000000000000000  1.000000000000000 
58.0    W  0.000000000000000  0.000000000000000  0.000000000000000  0.000000000000000  0.000000000000000  0.000000000000000  0.000000000000000  0.000000000000000  0.000000000000000  0.090120554466264  0.000000000000000  0.000000000000000  0.000000000000000  0.000000000000000  0.000000000000000  0.028895727441053  0.000000000000000  0.000000000000000  0.880869374126979  0.000000000000000  1.000000000000000  0.000000000000000  0.000000000000000  0.000000000000000  0.000000000000000  0.000000000000000  0.000000000000000  0.280097303548544  1.000000000000000  1.000000000000000 
59.0    K  0.000000000000000  0.000000000000000  0.000000000000000  0.000000000000000  0.000000000000000  0.000000000000000  0.000000000000000  0.000000000000000  0.741747466920561  0.000000000000000  0.000000000000000  0.000000000000000  0.000000000000000  0.000000000000000  0.233419986228828  0.024946824573645  0.000000000000000  0.000000000000000  0.000000000000000  0.000000000000000  1.000000000000000  0.000000000000000  0.000000000000000  0.000000000000000  0.000000000000000  0.000000000000000  0.000000000000000  0.280097303548544  1.000000000000000  1.000000000000000 
60.0    Q  0.000000000000000  0.000000000000000  0.000000000000000  0.000000000000000  0.000000000000000  0.000000000000000  0.000000000000000  0.000000000000000  0.000000000000000  0.018325546081748  0.000000000000000  0.000000000000000  0.085733330536912  0.849684999138650  0.046391361582158  0.000000000000000  0.000000000000000  0.000000000000000  0.000000000000000  0.000000000000000  1.000000000000000  0.000000000000000  0.000000000000000  0.000000000000000  0.000000000000000  0.000000000000000  0.000000000000000  0.280097303548544  1.000000000000000  1.000000000000000 
61.0    W  0.000000000000000  0.000000000000000  0.000000000000000  0.000000000000000  0.000000000000000  0.000000000000000  0.000000000000000  0.000000000000000  0.000000000000000  0.000000000000000  0.000000000000000  0.000000000000000  0.000000000000000  0.000000000000000  0.000000000000000  0.000000000000000  0.000000000000000  0.000000000000000  1.000000000000000  0.000000000000000  1.000000000000000  0.000000000000000  0.000000000000000  0.000000000000000  0.000000000000000  0.000000000000000  0.000000000000000  0.280097303548544  1.000000000000000  1.000000000000000 
62.0    L  0.000000000000000  0.000000000000000  0.000000000000000  0.000000000000000  0.000000000000000  0.000000000000000  0.051653144884638  0.000000000000000  0.000000000000000  0.808320868805567  0.000000000000000  0.000000000000000  0.066893043651664  0.000000000000000  0.073200636326176  0.000000000000000  0.000000000000000  0.000000000000000  0.000000000000000  0.000000000000000  1.000000000000000  0.000000000000000  0.000000000000000  0.000000000000000  0.000000000000000  0.000000000000000  0.000000000000000  0.280097303548544  1.000000000000000  1.000000000000000 
63.0    S  0.000000000000000  0.000000000000000  0.000000000000000  0.000000000000000  0.114070686067931  0.000000000000000  0.000000000000000  0.000000000000000  0.000000000000000  0.000000000000000  0.000000000000000  0.000000000000000  0.000000000000000  0.000000000000000  0.000000000000000  0.871758239537062  0.014209503934386  0.000000000000000  0.000000000000000  0.000000000000000  1.000000000000000  0.000000000000000  0.000000000000000  0.000000000000000  0.000000000000000  0.000000000000000  0.000000000000000  0.280097303548544  1.000000000000000  1.000000000000000 
64.0    L  0.000000000000000  0.000000000000000  0.000000000000000  0.000000000000000  0.000000000000000  0.000000000000000  0.000000000000000  0.000000000000000  0.000000000000000  0.932386486436833  0.000000000000000  0.000000000000000  0.000000000000000  0.000000000000000  0.000000000000000  0.067920928907879  0.000000000000000  0.000000000000000  0.000000000000000  0.000000000000000  1.000000000000000  0.000000000000000  0.000000000000000  0.000000000000000  0.000000000000000  0.000000000000000  0.000000000000000  0.280097303548544  1.000000000000000  1.000000000000000 
65.0    R  0.000000000000000  0.000000000000000  0.000000000000000  0.000000000000000  0.000000000000000  0.000000000000000  0.000000000000000  0.000000000000000  0.704172113456040  0.000000000000000  0.000000000000000  0.000000000000000  0.000000000000000  0.000000000000000  0.295862755438143  0.000000000000000  0.000000000000000  0.000000000000000  0.000000000000000  0.000000000000000  1.000000000000000  0.000000000000000  0.000000000000000  0.000000000000000  0.000000000000000  0.000000000000000  0.000000000000000  0.280097303548544  1.000000000000000  1.000000000000000 
66.0    N  0.000000000000000  0.000000000000000  0.026350972195316  0.000000000000000  0.000000000000000  0.000000000000000  0.000000000000000  0.009194583884522  0.007726335284226  0.000000000000000  0.000000000000000  0.659296807246183  0.000000000000000  0.000000000000000  0.000000000000000  0.284795844305529  0.012638771068152  0.000000000000000  0.000000000000000  0.000000000000000  1.000000000000000  0.000000000000000  0.000000000000000  0.000000000000000  0.000000000000000  0.000000000000000  0.000000000000000  0.280097303548544  1.000000000000000  1.000000000000000 
67.0    P  0.000000000000000  0.000000000000000  0.000000000000000  0.000000000000000  0.000000000000000  0.000000000000000  0.049686578184311  0.000000000000000  0.000000000000000  0.085911793473252  0.000000000000000  0.000000000000000  0.864537231307865  0.000000000000000  0.000000000000000  0.000000000000000  0.000000000000000  0.000000000000000  0.000000000000000  0.000000000000000  1.000000000000000  0.000000000000000  0.000000000000000  0.000000000000000  0.000000000000000  0.000000000000000  0.000000000000000  0.280097303548544  1.000000000000000  1.000000000000000 
68.0    I  0.000000000000000  0.000000000000000  0.000000000000000  0.000000000000000  0.000000000000000  0.000000000000000  0.000000000000000  0.230845577682349  0.000000000000000  0.000000000000000  0.000000000000000  0.000000000000000  0.000000000000000  0.000000000000000  0.000000000000000  0.000000000000000  0.768970415635134  0.000000000000000  0.000000000000000  0.000000000000000  1.000000000000000  0.000000000000000  0.000000000000000  0.000000000000000  0.000000000000000  0.000000000000000  0.000000000000000  0.280097303548544  1.000000000000000  1.000000000000000 
69.0    L  0.000000000000000  0.000000000000000  0.000000000000000  0.000000000000000  0.000000000000000  0.000000000000000  0.000000000000000  0.000000000000000  0.000000000000000  0.085082132281217  0.000000000000000  0.000000000000000  0.109879945113973  0.780786492607391  0.024197469620413  0.000000000000000  0.000000000000000  0.000000000000000  0.000000000000000  0.000000000000000  1.000000000000000  0.000000000000000  0.000000000000000  0.000000000000000  0.000000000000000  0.000000000000000  0.000000000000000  0.280097303548544  1.000000000000000  1.000000000000000 
70.0    V  0.070218743939478  0.000000000000000  0.011957006014240  0.333787075823977  0.000000000000000  0.504176227447298  0.000000000000000  0.000000000000000  0.000000000000000  0.000000000000000  0.000000000000000  0.000000000000000  0.000000000000000  0.000000000000000  0.000000000000000  0.000000000000000  0.000000000000000  0.079936598829839  0.000000000000000  0.000000000000000  1.000000000000000  0.000000000000000  0.000000000000000  0.000000000000000  0.000000000000000  0.000000000000000  0.000000000000000  0.279903222163560  1.000000000000000  1.000000000000000 
71.0    F  0.000000000000000  0.000000000000000  0.000000000000000  0.000000000000000  0.142793280856068  0.000000000000000  0.000000000000000  0.000000000000000  0.000000000000000  0.000000000000000  0.000000000000000  0.000000000000000  0.000000000000000  0.000000000000000  0.000000000000000  0.668500247702567  0.000000000000000  0.000000000000000  0.000000000000000  0.188809073195353  1.000000000000000  0.000000000000000  0.000000000000000  0.000000000000000  0.000000000000000  0.000000000000000  0.000000000000000  0.280097303548544  1.000000000000000  1.000000000000000 
72.0    L  0.000000000000000  0.000000000000000  0.000000000000000  0.000000000000000  0.000000000000000  0.000000000000000  0.000000000000000  0.000000000000000  0.000000000000000  0.951977908497532  0.000000000000000  0.000000000000000  0.000000000000000  0.000000000000000  0.000000000000000  0.047894373756493  0.000000000000000  0.000000000000000  0.000000000000000  0.000000000000000  1.000000000000000  0.000000000000000  0.000000000000000  0.000000000000000  0.000000000000000  0.000000000000000  0.000000000000000  0.280097303548544  1.000000000000000  1.000000000000000 
73.0    K  0.011957006014240  0.000000000000000  0.000000000000000  0.000000000000000  0.000000000000000  0.000000000000000  0.000000000000000  0.016493026838093  0.862143545017596  0.000000000000000  0.000000000000000  0.000000000000000  0.000000000000000  0.000000000000000  0.109575715164504  0.000000000000000  0.000000000000000  0.000000000000000  0.000000000000000  0.000000000000000  1.000000000000000  0.000000000000000  0.000000000000000  0.000000000000000  0.000000000000000  0.000000000000000  0.000000000000000  0.280097303548544  1.000000000000000  1.000000000000000 
74.0    T  0.028320685570854  0.000000000000000  0.000000000000000  0.000000000000000  0.000000000000000  0.000000000000000  0.000000000000000  0.149166967878965  0.000000000000000  0.000000000000000  0.000000000000000  0.000000000000000  0.009718841041394  0.000000000000000  0.000000000000000  0.000000000000000  0.812815601984320  0.000000000000000  0.000000000000000  0.000000000000000  1.000000000000000  0.000000000000000  0.000000000000000  0.000000000000000  0.000000000000000  0.000000000000000  0.000000000000000  0.280097303548544  1.000000000000000  1.000000000000000 
75.0    R  0.000000000000000  0.000000000000000  0.000000000000000  0.000000000000000  0.000000000000000  0.000000000000000  0.427204870444866  0.000000000000000  0.000000000000000  0.050765774772265  0.000000000000000  0.000000000000000  0.000000000000000  0.000000000000000  0.521955963710860  0.000000000000000  0.000000000000000  0.000000000000000  0.000000000000000  0.000000000000000  1.000000000000000  0.000000000000000  0.000000000000000  0.000000000000000  0.000000000000000  0.000000000000000  0.000000000000000  0.280097303548544  1.000000000000000  1.000000000000000 
76.0    V  0.194656172765415  0.000000000000000  0.000000000000000  0.000000000000000  0.000000000000000  0.000000000000000  0.000000000000000  0.000000000000000  0.000000000000000  0.000000000000000  0.000000000000000  0.000000000000000  0.000000000000000  0.000000000000000  0.000000000000000  0.000000000000000  0.000000000000000  0.805524291048750  0.000000000000000  0.000000000000000  1.000000000000000  0.000000000000000  0.000000000000000  0.000000000000000  0.000000000000000  0.000000000000000  0.000000000000000  0.280097303548544  1.000000000000000  1.000000000000000 
77.0    L  0.000000000000000  0.000000000000000  0.000000000000000  0.000000000000000  0.000000000000000  0.000000000000000  0.000000000000000  0.000000000000000  0.000000000000000  0.929160674250913  0.000000000000000  0.000000000000000  0.000000000000000  0.000000000000000  0.000000000000000  0.070560275300383  0.000000000000000  0.000000000000000  0.000000000000000  0.000000000000000  1.000000000000000  0.000000000000000  0.000000000000000  0.000000000000000  0.000000000000000  0.000000000000000  0.000000000000000  0.280097303548544  1.000000000000000  1.000000000000000 
78.0    R  0.000000000000000  0.000000000000000  0.000000000000000  0.000000000000000  0.000000000000000  0.000000000000000  0.000000000000000  0.000000000000000  0.758909626487027  0.000000000000000  0.000000000000000  0.000000000000000  0.000000000000000  0.000000000000000  0.240815473505037  0.000000000000000  0.000000000000000  0.000000000000000  0.000000000000000  0.000000000000000  1.000000000000000  0.000000000000000  0.000000000000000  0.000000000000000  0.000000000000000  0.000000000000000  0.000000000000000  0.280097303548544  1.000000000000000  1.000000000000000 
79.0    R  0.000000000000000  0.000000000000000  0.000000000000000  0.000000000000000  0.000000000000000  0.000000000000000  0.000000000000000  0.000000000000000  0.000000000000000  0.015679246070461  0.000000000000000  0.000000000000000  0.000000000000000  0.248101093671455  0.736113431084089  0.000000000000000  0.000000000000000  0.000000000000000  0.000000000000000  0.000000000000000  1.000000000000000  0.000000000000000  0.000000000000000  0.000000000000000  0.000000000000000  0.000000000000000  0.000000000000000  0.281459646534191  1.000000000000000  1.000000000000000 
80.0    W  0.000000000000000  0.000000000000000  0.000000000000000  0.000000000000000  0.000000000000000  0.000000000000000  0.000000000000000  0.000000000000000  0.000000000000000  0.016839580391307  0.000000000000000  0.000000000000000  0.000000000000000  0.000000000000000  0.000000000000000  0.000000000000000  0.000000000000000  0.000000000000000  0.983502074026248  0.000000000000000  1.000000000000000  0.000000000000000  0.000000000000000  0.000000000000000  0.000000000000000  0.000000000000000  0.000000000000000  0.281264621172202  1.000000000000000  1.000000000000000 
81.0    R  0.000000000000000  0.000000000000000  0.000000000000000  0.000000000000000  0.000000000000000  0.000000000000000  0.000000000000000  0.000000000000000  0.779164579660500  0.000000000000000  0.000000000000000  0.013811367672870  0.000000000000000  0.000000000000000  0.207329886453610  0.000000000000000  0.000000000000000  0.000000000000000  0.000000000000000  0.000000000000000  1.000000000000000  0.000000000000000  0.000000000000000  0.000000000000000  0.000000000000000  0.000000000000000  0.000000000000000  0.281264621172202  1.000000000000000  1.000000000000000 
82.0    L  0.000000000000000  0.000000000000000  0.000000000000000  0.000000000000000  0.000000000000000  0.000000000000000  0.000000000000000  0.000000000000000  0.000000000000000  0.903752726751086  0.000000000000000  0.000000000000000  0.000000000000000  0.000000000000000  0.000000000000000  0.071793647187315  0.000000000000000  0.000000000000000  0.024197469620413  0.000000000000000  1.000000000000000  0.000000000000000  0.000000000000000  0.000000000000000  0.000000000000000  0.000000000000000  0.000000000000000  0.281264621172202  1.000000000000000  1.000000000000000 
83.0    F  0.000000000000000  0.044625124365158  0.000000000000000  0.000000000000000  0.655651007107824  0.000000000000000  0.000000000000000  0.000000000000000  0.000000000000000  0.000000000000000  0.000000000000000  0.000000000000000  0.000000000000000  0.000000000000000  0.000000000000000  0.278548412704833  0.000000000000000  0.000000000000000  0.000000000000000  0.021152910610195  1.000000000000000  0.000000000000000  0.000000000000000  0.000000000000000  0.000000000000000  0.000000000000000  0.000000000000000  0.281264621172202  1.000000000000000  1.000000000000000 
84.0    S  0.000000000000000  0.000000000000000  0.000000000000000  0.000000000000000  0.000000000000000  0.000000000000000  0.000000000000000  0.000000000000000  0.000000000000000  0.000000000000000  0.000000000000000  0.499653546495226  0.000000000000000  0.000000000000000  0.000000000000000  0.500346693731290  0.000000000000000  0.000000000000000  0.000000000000000  0.000000000000000  1.000000000000000  0.000000000000000  0.000000000000000  0.000000000000000  0.000000000000000  0.000000000000000  0.000000000000000  0.281264621172202  1.000000000000000  1.000000000000000 
85.0    K  0.000000000000000  0.000000000000000  0.000000000000000  0.000000000000000  0.000000000000000  0.000000000000000  0.000000000000000  0.000000000000000  0.876605721316035  0.000000000000000  0.000000000000000  0.000000000000000  0.000000000000000  0.000000000000000  0.123193667117421  0.000000000000000  0.000000000000000  0.000000000000000  0.000000000000000  0.000000000000000  1.000000000000000  0.000000000000000  0.000000000000000  0.000000000000000  0.000000000000000  0.000000000000000  0.000000000000000  0.281264621172202  1.000000000000000  1.000000000000000 
86.0    H  0.000000000000000  0.000000000000000  0.000000000000000  0.000000000000000  0.000000000000000  0.000000000000000  0.122342706299679  0.000000000000000  0.000000000000000  0.000000000000000  0.000000000000000  0.000000000000000  0.020347565462016  0.831045861593648  0.026024242840017  0.000000000000000  0.000000000000000  0.000000000000000  0.000000000000000  0.000000000000000  1.000000000000000  0.000000000000000  0.000000000000000  0.000000000000000  0.000000000000000  0.000000000000000  0.000000000000000  0.281264621172202  1.000000000000000  1.000000000000000 
87.0    E  0.000000000000000  0.000000000000000  0.011923900070004  0.701249625321201  0.000000000000000  0.286975603463751  0.000000000000000  0.000000000000000  0.000000000000000  0.000000000000000  0.000000000000000  0.000000000000000  0.000000000000000  0.000000000000000  0.000000000000000  0.000000000000000  0.000000000000000  0.000000000000000  0.000000000000000  0.000000000000000  1.000000000000000  0.000000000000000  0.000000000000000  0.000000000000000  0.000000000000000  0.000000000000000  0.000000000000000  0.281264621172202  1.000000000000000  1.000000000000000 
88.0    W  0.000000000000000  0.000000000000000  0.000000000000000  0.000000000000000  0.000000000000000  0.000000000000000  0.000000000000000  0.000000000000000  0.000000000000000  0.030649343874642  0.000000000000000  0.000000000000000  0.000000000000000  0.000000000000000  0.000000000000000  0.000000000000000  0.000000000000000  0.000000000000000  0.969289816935065  0.000000000000000  1.000000000000000  0.000000000000000  0.000000000000000  0.000000000000000  0.000000000000000  0.000000000000000  0.000000000000000  0.281069730944654  1.000000000000000  1.000000000000000 
89.0    T  0.000000000000000  0.000000000000000  0.000000000000000  0.000000000000000  0.000000000000000  0.000000000000000  0.000000000000000  0.327598350964591  0.000000000000000  0.000000000000000  0.000000000000000  0.000000000000000  0.000000000000000  0.000000000000000  0.000000000000000  0.000000000000000  0.672217497076313  0.000000000000000  0.000000000000000  0.000000000000000  1.000000000000000  0.000000000000000  0.000000000000000  0.000000000000000  0.000000000000000  0.000000000000000  0.000000000000000  0.281069730944654  1.000000000000000  1.000000000000000 
90.0    N  0.000000000000000  0.000000000000000  0.011454037165541  0.000000000000000  0.000000000000000  0.000000000000000  0.000000000000000  0.000000000000000  0.000000000000000  0.000000000000000  0.000000000000000  0.817902058557781  0.000000000000000  0.000000000000000  0.000000000000000  0.170873431492726  0.000000000000000  0.000000000000000  0.000000000000000  0.000000000000000  1.000000000000000  0.000000000000000  0.000000000000000  1.000000000000000  0.000000000000000  0.000000000000000  0.000000000000000  0.284795844305529  1.000000000000000  1.000000000000000 
