No:  residues  hmm_col_1  hmm_col_2  hmm_col_3  hmm_col_4  hmm_col_5  hmm_col_6  hmm_col_7  hmm_col_8  hmm_col_9  hmm_col_10  hmm_col_11  hmm_col_12  hmm_col_13  hmm_col_14  hmm_col_15  hmm_col_16  hmm_col_17  hmm_col_18  hmm_col_19  hmm_col_20  hmm_col_21   hmm_col_22   hmm_col_23   hmm_col_24   hmm_col_25   hmm_col_26   hmm_col_27   hmm_col_28   hmm_col_29   hmm_col_30   
1.0    M  0.049549008538143  0.007801677078914  0.004289425053856  0.000000000000000  0.054863862350595  0.012182888165802  0.000000000000000  0.159099366909493  0.008789519411631  0.063284675459406  0.407253781535108  0.000000000000000  0.003363082766949  0.000000000000000  0.000000000000000  0.002309826172352  0.036676505571292  0.181369025979272  0.000000000000000  0.009220112057314  0.996540262827868  0.003662387095536  0.000000000000000  1.000000000000000  0.000000000000000  0.000000000000000  0.000000000000000  0.002141741383961  0.474013482564323  1.000000000000000 
2.0    V  0.079109787123142  0.003353771236085  0.057511728164055  0.063548417080747  0.001831193547768  0.189990607050190  0.040949793870574  0.010627897284422  0.052048485680034  0.004729816734182  0.063946091858402  0.060245612983790  0.089871033302935  0.036803837174843  0.068298608693810  0.103521332666818  0.027167017502813  0.042013593567270  0.000000000000000  0.004468480364077  0.986916545885842  0.012994095287108  0.000000000000000  0.193982713568714  0.806082831492968  0.000000000000000  0.000000000000000  0.001298444441584  0.347720492927497  1.000000000000000 
3.0    L  0.007129417879246  0.000000000000000  0.000000000000000  0.001779885313744  0.140925051518178  0.002194335748109  0.000000000000000  0.083331167318200  0.000000000000000  0.587230985606827  0.073454770526236  0.000000000000000  0.009143739386520  0.000000000000000  0.001897084952230  0.000000000000000  0.001802231430964  0.046584699587466  0.034866853822655  0.009551877169469  1.000000000000000  0.000000000000000  0.000000000000000  0.090936292727172  0.908778116448520  0.000000000000000  0.000000000000000  0.001250742052080  0.500000000000000  1.000000000000000 
4.0    S  0.013148116910709  0.001332175619999  0.104966436618018  0.011469926844016  0.001168602503155  0.025594896808120  0.003760134543366  0.001582038034438  0.014437852694482  0.002251340521092  0.002363269705506  0.042423280621250  0.004645340292979  0.007861389246076  0.015517070241204  0.322864337575584  0.415235012045447  0.009499056899868  0.000000000000000  0.000000000000000  0.997922718999051  0.001963985508591  0.000000000000000  0.083100444261357  0.917004043204671  0.000000000000000  0.000000000000000  0.001240381818886  0.490729531926740  1.000000000000000 
5.0    A  0.173258735706302  0.009766111738947  0.126218912199586  0.181243354109856  0.004111840448084  0.036096430767300  0.013564691056266  0.016781319869064  0.059005776196891  0.021944451183406  0.006438766288697  0.013193763865997  0.107917444821801  0.069204036530268  0.020545980628204  0.077535456107212  0.035402621415494  0.015040538173465  0.001812252883733  0.010926688146394  0.994470168673214  0.003540085696357  0.002001087544986  0.121750533567905  0.878430468238362  0.000000000000000  0.000000000000000  0.001225851553987  0.470413053756894  1.000000000000000 
6.0    A  0.137452018664319  0.003003790686075  0.102450575954690  0.237500095718722  0.003321383437751  0.032061817041786  0.027508094173848  0.015854102290326  0.102663837594008  0.012832979699251  0.009545258606824  0.031358492140922  0.017145811524676  0.078183067507079  0.056484545421943  0.075729541276890  0.032262454233851  0.010110512925647  0.002810417148459  0.011662331119507  1.000000000000000  0.000000000000000  0.000000000000000  0.000000000000000  0.000000000000000  0.000000000000000  1.000000000000000  0.001234378025833  1.000000000000000  0.486327473706143 
7.0    D  0.037707622491274  0.000000000000000  0.284204243309004  0.234392774114277  0.000000000000000  0.009310020113860  0.024586326417299  0.008200911590805  0.011686607487206  0.007504647374637  0.005730989625654  0.028716027608720  0.000000000000000  0.243332343539560  0.002029021686128  0.024877753086837  0.062240609568404  0.012482061194518  0.000000000000000  0.002891432222656  0.995849753094458  0.001757816269128  0.002539922161228  0.176165094392752  0.823591017267573  0.410086455598363  0.589678296130608  0.001157317159123  0.475988954248766  0.486327473706143 
8.0    K  0.056445406884489  0.013849714049920  0.000000000000000  0.043254678626609  0.014278616409834  0.011573748422034  0.005512796263315  0.183900843231967  0.223911417522712  0.104096971360069  0.014130927774392  0.001135859415574  0.006275734349664  0.033008925792246  0.162217345867398  0.011792390379067  0.016470178488918  0.081221191403465  0.005839254877480  0.010934264574962  0.998614666101029  0.000000000000000  0.001590835084122  0.000000000000000  0.000000000000000  0.574747424017338  0.425431864753270  0.001169412797479  1.000000000000000  0.478635729097649 
9.0    N  0.197100043514070  0.006280085865181  0.083620472174132  0.138696184008481  0.022498926851792  0.019064070473003  0.026571067502006  0.018073252873520  0.110414381435183  0.032622247731929  0.000000000000000  0.031012636708932  0.008656502717695  0.097869287032068  0.073048578035078  0.058435949859466  0.034291623049351  0.023814762974059  0.002270144741246  0.015646675870490  0.997231251352069  0.000583491799246  0.002499750808290  0.297507924076669  0.702709350103360  0.000000000000000  1.000000000000000  0.001107099035916  0.494142825750366  0.485990493990676 
10.0    N  0.142694338390847  0.002609519684356  0.021226348196077  0.026571067502006  0.012023493907507  0.008869078923016  0.020603025226443  0.153893051668115  0.029319412390646  0.292802545304702  0.018427446754082  0.046778843337272  0.000000000000000  0.011907381487029  0.042570563582515  0.031120304784202  0.051617354058483  0.066247048962330  0.001052473774457  0.019654452684938  1.000000000000000  0.000000000000000  0.000000000000000  0.000000000000000  0.000000000000000  1.000000000000000  0.000000000000000  0.001098689926454  1.000000000000000  0.469761374607006 
11.0    V  0.017886315009354  0.000000000000000  0.000000000000000  0.000000000000000  0.034149304346905  0.000000000000000  0.000000000000000  0.300200856871302  0.002378058630201  0.321970407377456  0.017812082385835  0.000000000000000  0.000000000000000  0.000000000000000  0.000000000000000  0.001852899053009  0.004883055869473  0.294839148065304  0.000000000000000  0.003849802097419  0.988285651500733  0.011430243911753  0.000000000000000  1.000000000000000  0.000000000000000  0.000000000000000  0.000000000000000  0.001086572383384  0.436786447958347  1.000000000000000 
12.0    K  0.049824529783784  0.002063057862015  0.008740914851841  0.037369368649254  0.009271381231692  0.013012121420009  0.022266212721075  0.025330159996416  0.222982129855023  0.048127323389754  0.010791206626124  0.040921419471361  0.008771261109950  0.131761427911342  0.264437740904607  0.024080347136200  0.035822255804012  0.038929294236546  0.000000000000000  0.005376935943714  0.993781093322555  0.000000000000000  0.006483551449922  0.000000000000000  0.000000000000000  0.000000000000000  0.000000000000000  0.001086572383384  1.000000000000000  1.000000000000000 
13.0    G  0.157453747493425  0.004802495575213  0.092525831125003  0.127626515713399  0.008844522672740  0.042955896736626  0.014884968719437  0.002503218601875  0.078454499455165  0.009678505451437  0.002703417414163  0.064659223844932  0.004058043372257  0.089436032501432  0.052192994964273  0.179244406001978  0.050450067156548  0.004268663043363  0.000976562500000  0.012199788946990  0.997922718999051  0.000000000000000  0.002281186317604  0.000000000000000  0.000000000000000  0.130579470358029  0.869344560090022  0.001025824750011  1.000000000000000  0.462652214018926 
14.0    I  0.072042896674929  0.029339742103608  0.008071206153782  0.005288227652549  0.026205255763779  0.003365414686375  0.027834153143959  0.070903467808497  0.000000000000000  0.151774360549381  0.023930593704600  0.028458432299749  0.000000000000000  0.027950153180706  0.001709748690809  0.296478624852737  0.180866860733816  0.035797434311867  0.002933827982307  0.006924857024960  0.999307092990453  0.000000000000000  0.000554317432689  1.000000000000000  0.000000000000000  0.289372554247531  0.710546021590680  0.001028672886675  0.491069797631696  0.453130969133667 
15.0    F  0.054674047806614  0.006772949714958  0.004546588025008  0.017861536490844  0.096856991369896  0.017493951385222  0.006777645993376  0.024046987815013  0.040246300922182  0.043465061615937  0.006032618227280  0.004055231525559  0.000000000000000  0.041955390711883  0.036829356494115  0.015625000000000  0.005851409900094  0.042159454198116  0.483638164806966  0.050977343333688  0.993781093322555  0.004571869693260  0.001873562733057  1.000000000000000  0.000000000000000  0.339151081861918  0.661127302571287  0.001004017408844  0.474671060475260  0.463615273217731 
16.0    T  0.130217928626028  0.003210469481621  0.066017851584491  0.129497845445002  0.004419197120492  0.072343138561883  0.014926295880976  0.007094909513449  0.084143754329799  0.005339794734148  0.001334023688237  0.056367211148891  0.235532818476202  0.034987902770445  0.046134825177589  0.074428553085311  0.024348893114391  0.008361630456458  0.001402289561156  0.000000000000000  1.000000000000000  0.000000000000000  0.000000000000000  0.000000000000000  0.000000000000000  0.421031476804208  0.578745108495061  0.001003321718144  1.000000000000000  0.433769343576034 
17.0    K  0.087474116599700  0.001205627545794  0.019357010902874  0.027374947345848  0.033146491917757  0.022813000166477  0.030649343874642  0.084905392784309  0.161992620679167  0.136313466583157  0.021226348196077  0.020545980628204  0.016042024151875  0.050660319992832  0.085023178275372  0.034386831542692  0.043314683926575  0.110032376695394  0.003659849401845  0.009909307807233  0.984866442895551  0.000000000000000  0.015103220266640  0.000000000000000  0.000000000000000  0.452189688780544  0.547905883223845  0.001004017408844  1.000000000000000  0.462973011263662 
18.0    I  0.082698214994258  0.020432364820887  0.004245058056742  0.003728988336483  0.030060232958274  0.006015915423719  0.002124000763388  0.209061599978516  0.000000000000000  0.265908168223296  0.068345966092790  0.002270144741246  0.003823209571865  0.002824086512785  0.002134331521682  0.004069310269563  0.007672965587995  0.280680355518402  0.001821067356322  0.002070220280073  0.927873476471283  0.010416395914775  0.061982295671143  0.516199267741621  0.483638164806966  0.303759197976254  0.696405740334518  0.001014510843064  0.428688018317086  0.395294558301972 
19.0    A  0.120993378361717  0.008999122205854  0.027129382112533  0.147419574032652  0.030585676574920  0.071893243334413  0.011304178795863  0.015061403245948  0.134530015597975  0.044041273598188  0.022173802440631  0.020948634243443  0.007742418463001  0.057154068093744  0.083215725827273  0.078890752007007  0.026350972195316  0.025365299405540  0.018236845340914  0.047994070928191  0.925946022527324  0.030206440533280  0.043646204139606  0.481630947010074  0.518350550509860  0.036778335538086  0.963261894020148  0.001011701917539  0.338916081700000  0.176165094392752 
20.0    G  0.137738139484576  0.005470923128466  0.044656066866909  0.106801217611217  0.003349125143102  0.109499789383391  0.009252121967607  0.005558841645448  0.107320679554719  0.015229369232680  0.006829520471956  0.022639721164920  0.147521792917025  0.071545260037418  0.056016668723088  0.087777804733625  0.049377581991461  0.011973593439123  0.000000000000000  0.001483273134585  0.905633983017823  0.087838668762920  0.006310631075075  0.426022047537433  0.573951206927501  0.735603372927869  0.264621098718783  0.001028672886675  0.188939991039528  0.109499789383391 
21.0    H  0.073302184326992  0.007817917089551  0.154748786354681  0.041006601705999  0.017015578364627  0.040274207202657  0.125086673432823  0.043374772469237  0.069204036530268  0.038022573707315  0.003927971017182  0.145591698308557  0.005888026990462  0.043676467870346  0.064704057740086  0.044132950137024  0.017253106986923  0.026332713421973  0.005851409900094  0.032803646363221  0.963929807740643  0.023914012028479  0.012073602338250  0.447512535463986  0.552482242399956  0.173980798978888  0.825877664935720  0.001000543772493  0.360732171715407  0.297920643643512 
22.0    A  0.129139298460517  0.012726680672972  0.021477948368313  0.036397924577139  0.016746460352130  0.105769824575036  0.016367751985934  0.108142086323124  0.086030975099419  0.118011552393781  0.026424133980547  0.021868529149925  0.047333322371155  0.017265070074999  0.056406295466402  0.053031743856619  0.016862941195382  0.083504629899381  0.011981895778696  0.014528202228331  0.961927454664775  0.038154578520910  0.000000000000000  0.235369616135302  0.764718138941384  0.453445164466571  0.546767728742316  0.001004017408844  0.276432663330067  0.271119352210766 
23.0    E  0.051331918797004  0.001661843221692  0.175433965754884  0.180741536818218  0.002520629864164  0.059539874877746  0.017253106986923  0.028497911422493  0.046584699587466  0.027699428099840  0.008924580053504  0.039857637239955  0.103234708116965  0.051474438579223  0.036096430767300  0.040470093714201  0.053289680735497  0.062586703481958  0.001787303062750  0.011117683290895  0.995159721820083  0.002058772311115  0.002731672036599  0.110032376695394  0.890075733252496  0.842646829503152  0.157235621479502  0.000993632511819  0.493116352246680  0.343171107813728 
24.0    E  0.153254357506645  0.001562422125650  0.105257869201052  0.205185402202625  0.006323767316777  0.049790006017849  0.025225033578274  0.010949433195943  0.076521024525013  0.020404059173264  0.003486511607316  0.040638754579640  0.026241609154504  0.075415244982548  0.060371020557803  0.035158077646525  0.065743861200242  0.030143693268254  0.006108356586942  0.002074529661124  0.984866442895551  0.015040538173465  0.000000000000000  0.431969093700139  0.568014632393343  0.256316809472148  0.743806881217253  0.001002626509492  0.400812664699697  0.457866843209063 
25.0    Y  0.111259466656562  0.012922240131926  0.009611651130868  0.003101109105202  0.157344646688107  0.007284269425288  0.037111239564794  0.210661707375788  0.002249780551464  0.145087989297965  0.034363004666080  0.049240867878084  0.011743449047387  0.002287519885193  0.001266444877589  0.011792390379067  0.026663315566002  0.116871899718932  0.005916665296394  0.043344717785356  1.000000000000000  0.000000000000000  0.000000000000000  0.000000000000000  0.000000000000000  0.176043028364010  0.824162084953241  0.001002626509492  1.000000000000000  0.470087101254563 
26.0    G  0.137929217505245  0.008472479756586  0.002378058630201  0.015292838287460  0.028855697210294  0.365767805176082  0.010503398391817  0.031796240378209  0.004391714546010  0.104096971360069  0.009847682746742  0.000984719194233  0.005065779510356  0.002907510263997  0.005883947135288  0.038101721689884  0.103808753011362  0.116790918360398  0.000000000000000  0.007080171392714  0.988285651500733  0.009011606289531  0.002869469986872  0.302288918958340  0.697855382061083  0.376311686852767  0.623732785957023  0.000999157685288  0.453445164466571  0.476318999021969 
27.0    A  0.096521891636473  0.005547294369310  0.138888591081887  0.105403888781264  0.006675076100701  0.034554082916258  0.012815201737449  0.028835702895431  0.058476468614463  0.055552667572911  0.017664540111322  0.040442051702589  0.045436641166260  0.049446081324091  0.061554152680972  0.062630100317477  0.089436032501432  0.084729020425000  0.000000000000000  0.005418089723169  0.996540262827868  0.002851625020810  0.000581070164212  0.140925051518178  0.859160754947185  0.000000000000000  1.000000000000000  0.001001931782556  0.488354264481114  0.466193243218416 
28.0    E  0.125782227937223  0.006288797950165  0.110185019738396  0.143090520074836  0.015399208389678  0.036931610841699  0.043344717785356  0.036727385263118  0.089126607335259  0.064390872101255  0.004180815228229  0.046487930076078  0.002392940101376  0.047038960856596  0.083620472174132  0.045248067886861  0.048630323534714  0.033889919026346  0.000000000000000  0.017122058850745  0.996540262827868  0.000000000000000  0.003217152411201  0.000000000000000  0.000000000000000  0.000000000000000  1.000000000000000  0.001001931782556  1.000000000000000  0.461691155364697 
29.0    T  0.091568804663209  0.010761328487368  0.000000000000000  0.003035184643688  0.433468781757343  0.000000000000000  0.000000000000000  0.138504043483116  0.000000000000000  0.122088566120278  0.045310838527464  0.003305307017970  0.000000000000000  0.000000000000000  0.001644654206266  0.012225184089633  0.024097044146999  0.107618648542363  0.003081823597080  0.003372420150681  0.993092495437036  0.006997231797585  0.000000000000000  0.431370672271328  0.568408486618007  0.000000000000000  1.000000000000000  0.001006804998823  0.464258426153364  0.433769343576034 
30.0    L  0.000000000000000  0.002871459641385  0.000000000000000  0.003765350811487  0.250346813927834  0.000000000000000  0.013111713079790  0.004013286872574  0.000000000000000  0.173258735706302  0.025790794016021  0.000000000000000  0.001445716111328  0.001671084034536  0.001746884573794  0.005762857254230  0.002268571742042  0.017409275794052  0.015345931175990  0.481297221550876  0.995159721820083  0.004954653903617  0.000000000000000  0.379454813243513  0.620713745763056  0.289172045976322  0.711038705293637  0.001006804998823  0.454704125900367  0.433769343576034 
31.0    E  0.106210624892331  0.003949812815825  0.107992273425035  0.108818820412016  0.015061403245948  0.049138580758771  0.021914050791288  0.045122787360078  0.093557686674543  0.066384949155961  0.017640068825096  0.030948214747907  0.016187230680625  0.053142135004012  0.078617810739751  0.056328153913177  0.063372467486877  0.031774208540374  0.001910280221577  0.031862427593693  0.993781093322555  0.004471578752339  0.001631031092634  0.165625877130651  0.834509281155409  0.000000000000000  1.000000000000000  0.001002626509492  0.475988954248766  0.453759577658580 
32.0    R  0.046941247716904  0.006510571930931  0.022876338999150  0.032441852204471  0.016781319869064  0.012395841299862  0.071743900865938  0.019037660369925  0.129049816935405  0.039118639332937  0.012949139132625  0.079384436408674  0.000000000000000  0.026718818059124  0.332171453524128  0.021672358892678  0.060203868376259  0.010365977660915  0.018998113799736  0.040582456335309  0.995159721820083  0.000000000000000  0.004716721060494  0.071446145963377  0.928516852306729  0.246729136471460  0.753145233316906  0.001003321718144  0.487677730763821  0.433168428200044 
33.0    M  0.019316800951890  0.007899625631651  0.000000000000000  0.002397921257647  0.122937759253281  0.000000000000000  0.003525393466650  0.106505511884358  0.000000000000000  0.445964259710046  0.127803566326240  0.001895770448769  0.002234240182039  0.002386314651706  0.000000000000000  0.010828670981644  0.007546377569725  0.097937148368668  0.010380357922629  0.030628106729433  0.999307092990453  0.000940033635842  0.000000000000000  0.023260082111977  0.976708528962227  0.000000000000000  1.000000000000000  0.001009600328367  0.500000000000000  0.421323414751576 
34.0    F  0.026096497482137  0.008943157504677  0.010244546986060  0.026424133980547  0.519429551648832  0.022624033943431  0.004655010056930  0.034818551588104  0.021929245719361  0.196826994142301  0.018893057434896  0.004913613171234  0.003515632538256  0.019050860844942  0.019859870145401  0.014417851447716  0.010620533139896  0.018749552849581  0.006944083446614  0.011086901220315  0.997231251352069  0.002467045433293  0.000000000000000  0.233096621609208  0.766841329836546  0.000000000000000  1.000000000000000  0.001007503104786  0.489370825198718  0.421323414751576 
35.0    I  0.133878852898932  0.003767961658532  0.040246300922182  0.173619391970639  0.010054603494541  0.033585911651734  0.019370432811547  0.027073026762503  0.112890813768978  0.027699428099840  0.004565536127192  0.046714039019842  0.003559770627489  0.052483218309009  0.067639040282857  0.088388347648318  0.107842668067832  0.037996227599472  0.001671084034536  0.006924857024960  0.761544369851631  0.000000000000000  0.238324636322040  0.000000000000000  0.000000000000000  0.063724855187387  0.936272247434492  0.001007503104786  1.000000000000000  0.416099367355762 
36.0    T  0.140632310586101  0.009466192659611  0.061853541025950  0.097193254485320  0.001097167874054  0.011125392153102  0.041839226780576  0.042659178683911  0.100551046367739  0.078781461973937  0.031576607702711  0.065244495463857  0.000000000000000  0.042688758023575  0.071743900865938  0.071992977646835  0.048731552663208  0.074635199192162  0.000000000000000  0.008189550589976  0.986916545885842  0.002595089480657  0.010280113476789  0.125000000000000  0.874784764905822  0.950659101229818  0.049343367918785  0.001715684508278  0.494828328207603  0.027129382112533 
37.0    Y  0.068678388598555  0.022655419263732  0.105989995579143  0.040949793870574  0.076999879590360  0.001635559545915  0.164709993966768  0.014548356559847  0.026644840367749  0.014308338850283  0.007530701622974  0.116629123942101  0.000000000000000  0.022592692102277  0.028281451965091  0.039472726932681  0.040526236082844  0.047234997759882  0.008590751166520  0.152090294829258  1.000000000000000  0.000000000000000  0.000000000000000  0.000000000000000  0.000000000000000  0.427797512841301  0.571965486601904  0.001001237537001  1.000000000000000  0.374490233606046 
38.0    P  0.023260082111977  0.000000000000000  0.033123524481165  0.047761766273911  0.007396200244037  0.013230395505664  0.003947075962839  0.001998315370575  0.010287241578588  0.006656594492772  0.003197145240589  0.005226279510883  0.762600826628142  0.010903990344704  0.008206598000084  0.029646384848139  0.018023212579063  0.004027219995292  0.001267323014589  0.009426905622818  0.993092495437036  0.000928378028545  0.005970220784239  1.000000000000000  0.000000000000000  0.000000000000000  1.000000000000000  0.001008900769223  0.500000000000000  0.425726853874473 
39.0    P  0.065063849855257  0.002313030491902  0.146807746401707  0.294839148065304  0.004934090866585  0.032352028870043  0.043344717785356  0.010496120513448  0.037812315288103  0.018440224114628  0.005790886757042  0.038767728053606  0.010605820155313  0.079604842207906  0.029873291174804  0.080214118597682  0.033031813767543  0.020992241026895  0.036423162441705  0.008195229121679  0.999307092990453  0.000000000000000  0.000888093995899  1.000000000000000  0.000000000000000  0.196146024474188  0.803850990743151  0.001015214292163  0.500000000000000  0.386355274823994 
40.0    T  0.120240931833097  0.014854048456716  0.003342168069073  0.010365977660915  0.037891025595679  0.004416135027830  0.004192422993724  0.099166730398893  0.004706923105448  0.216584214100022  0.044378354954482  0.007905103133023  0.004590923157890  0.001756598265914  0.004961527275542  0.047894373756493  0.195602945434128  0.104458369865232  0.005605271619557  0.067125279476258  0.980099415341871  0.010202029586632  0.009739071830274  0.446273485736488  0.553632292242143  0.257028456664017  0.743291492215508  0.001014510843064  0.431669779287206  0.402483068810561 
41.0    K  0.084729020425000  0.000000000000000  0.011678509754960  0.028517671516983  0.001447721689261  0.014308338850283  0.007672965587995  0.034746223672410  0.268687293213875  0.055168937268166  0.017074652173452  0.019818615614467  0.009485897534336  0.124826833262629  0.233905874457850  0.030862526920168  0.020361674208801  0.022702578899553  0.004872912390289  0.009143739386520  0.983502074026248  0.003168465451473  0.013003105229868  0.351354675051680  0.648869383469592  0.495858365369147  0.504176227447298  0.001009600328367  0.419865746472070  0.369846877312209 
42.0    T  0.111878133865997  0.002468756051666  0.097937148368668  0.098345305669196  0.003993861447695  0.047861187409199  0.026187097958373  0.008384845987449  0.096254646779509  0.022718320583130  0.003549914517377  0.069492447344819  0.064659223844932  0.076574083244042  0.093428078039684  0.083331167318200  0.066292983835514  0.019505164826588  0.000000000000000  0.007109678313132  0.989656656415207  0.006801176275751  0.003221615424258  0.169693122485001  0.830470024090894  0.316878130508606  0.683020128377198  0.001006804998823  0.440434687063490  0.357496246590423 
43.0    Y  0.038606832410217  0.004739662344721  0.002441527934737  0.006180760165511  0.128692510429250  0.000000000000000  0.028438713252528  0.106875272236497  0.057791454882106  0.254017535748425  0.086869888740146  0.009303569135664  0.004835899573584  0.019791160214425  0.020067434515460  0.009585038884795  0.012482061194518  0.055130710324824  0.000000000000000  0.153999759180720  0.993781093322555  0.001240381818886  0.004859420520697  0.090936292727172  0.908778116448520  0.216434141379915  0.783497186949341  0.001006804998823  0.499653546495226  0.371903440608626 
44.0    F  0.008862933476062  0.001837550991238  0.000000000000000  0.000000000000000  0.802181166352486  0.000000000000000  0.002144712526928  0.067639040282857  0.002188260183973  0.051189793616239  0.007499447351866  0.000000000000000  0.000000000000000  0.003035184643688  0.000000000000000  0.003767961658532  0.002273294012504  0.013294745773540  0.012967102899843  0.021329589341956  0.969961910341735  0.010657404959995  0.019478143660548  1.000000000000000  0.000000000000000  0.459138081150462  0.540737381741809  0.001018032969571  0.429580377473592  0.372936006672866 
45.0    P  0.068298608693810  0.001898400367151  0.054901904264898  0.046617000834108  0.004391714546010  0.074480160910878  0.021974893748642  0.001533453356784  0.110644220572443  0.005125825213250  0.010061575230546  0.111259466656562  0.168287508659598  0.036600318163088  0.050730598811080  0.143289023216047  0.055283777208221  0.019478143660548  0.002756398131658  0.012310216969521  0.942784535918240  0.009604991150426  0.047894373756493  0.359235044136016  0.640823962080096  0.439824537961218  0.560194607097088  0.001008900769223  0.434973676354325  0.326917837134190 
46.0    H  0.031598502526603  0.000000000000000  0.079164640857701  0.046908721797324  0.047300524780299  0.077643017611527  0.081503170953660  0.012267626854275  0.113361291116643  0.027911432886024  0.022908074331081  0.084377374070172  0.030670595745421  0.073454770526236  0.099098017076286  0.090245574720156  0.053958722410901  0.014967737784730  0.001881370886758  0.010919116967586  0.759435844907265  0.033146491917757  0.207329886453610  0.489370825198718  0.510506062853597  0.331711285149290  0.668037039195050  0.000924525030505  0.301660979930191  0.204475514639445 
47.0    F  0.052374195916747  0.002472180847598  0.047794883683837  0.026442456143759  0.280680355518402  0.026515871928309  0.050765774772265  0.032128557083002  0.021167577773209  0.097328086382708  0.027699428099840  0.035946621667206  0.011890885787807  0.023035456520173  0.029319412390646  0.042393885232740  0.069156084568267  0.088572337281764  0.016458766186794  0.017836792298856  0.222827623974243  0.521232880420561  0.255784367433608  0.770037174236072  0.229887511537915  0.039609766313576  0.960594863953477  0.000938731375380  0.009030364894959  0.027622735345740 
48.0    D  0.030883926609398  0.000000000000000  0.354535008919865  0.050275523183870  0.004394759705816  0.180616299740441  0.035673584597712  0.000000000000000  0.044194173824159  0.003582047043768  0.000000000000000  0.157126671815229  0.004060857168653  0.023292349793733  0.014033318326311  0.055092509869198  0.030734439813320  0.009361789229214  0.000000000000000  0.002251340521092  0.895025070927972  0.027584468634083  0.077428043611494  0.509798841499095  0.490389501994276  0.021448194238358  0.978741650397436  0.001381067932005  0.403320879611063  0.007520269086732 
49.0    L  0.036880448229256  0.007845058931554  0.035896823593657  0.027185854772145  0.052374195916747  0.006651982091789  0.012586317047637  0.103377921055408  0.044194173824159  0.321970407377456  0.064614421015498  0.010223266183242  0.007954571873161  0.022765611154656  0.011094588738621  0.030479858172739  0.015082297263621  0.154106540682976  0.003105411136519  0.031664278129971  0.905633983017823  0.022374511581268  0.072142838594802  0.571965486601904  0.428094142273228  0.010783729323411  0.988970916380931  0.001618642391578  0.414659772907221  0.006315006787543 
50.0    S  0.055861572647299  0.003144398975083  0.148857106170621  0.120909541201742  0.018427446754082  0.021792869786725  0.025471010387582  0.006601456128223  0.047596523115727  0.002845701394332  0.000000000000000  0.054146053525005  0.089064850884299  0.034291623049351  0.028815722434770  0.227194529112130  0.096321388544801  0.008060024838292  0.000000000000000  0.010635266535152  0.799960128332753  0.125695072549809  0.074068298183849  0.311650298568774  0.688247800795349  0.037240080455439  0.962594443101751  0.001833733881475  0.207617506022724  0.005350910077990 
51.0    H  0.074016975740852  0.003140042932590  0.080269738061839  0.078617810739751  0.023179608341268  0.026078415036107  0.023503183615448  0.065972107352373  0.055861572647299  0.040134869030920  0.018658799798040  0.043919334381460  0.165396429988515  0.031774208540374  0.026700304402804  0.109956134490304  0.084377374070172  0.038154578520910  0.000000000000000  0.010315803445430  0.316658563430804  0.652477473844479  0.031120304784202  0.246558176123340  0.753145233316906  0.163345656736647  0.836826242683391  0.002033245307977  0.013687473672924  0.005009908604540 
52.0    G  0.092718433365070  0.003103259375375  0.088204740213043  0.056719947207323  0.004729816734182  0.177021929776818  0.030164594527242  0.006805892126111  0.067732872927799  0.009245711107442  0.005030787615273  0.125260200634954  0.006497047643554  0.059870951138919  0.033819520141429  0.112344390826379  0.085082132281217  0.014377932041014  0.001828656733270  0.019478143660548  0.991029563264079  0.003223849252003  0.005750886180344  0.409518348929914  0.590496330714765  0.233581836720795  0.766309980103892  0.002024806837929  0.492774668469685  0.007228940844046 
53.0    S  0.028815722434770  0.009200959293711  0.110185019738396  0.033169475279681  0.018671737575887  0.020418207092081  0.059128602920350  0.009645020366356  0.015124172295215  0.019156794688331  0.012499377005199  0.266092545613340  0.015690117863109  0.017861536490844  0.019090517213648  0.270931491711195  0.054978067245152  0.014298424501999  0.000000000000000  0.004992575637512  0.980779003988551  0.001472006747616  0.017861536490844  0.142892291926755  0.857376036634172  0.516915368123982  0.483303048532487  0.001276137943255  0.499653546495226  0.013668511951653 
54.0    A  0.126569350918812  0.004587742075053  0.042482132559586  0.086329653008991  0.009093176050017  0.041206050452886  0.037943590137345  0.015388538170243  0.044286168640882  0.009466192659611  0.008875228631146  0.024843289092155  0.213454428597811  0.125433968563688  0.031708204580653  0.108743419088581  0.038101721689884  0.023003544721378  0.001626515177501  0.006924857024960  0.978741650397436  0.001331252546174  0.019818615614467  1.000000000000000  0.000000000000000  0.408384495555011  0.591725510876286  0.001049559739117  0.494485458190466  0.056133273305246 
55.0    Q  0.087231922757635  0.005343497280869  0.096521891636473  0.121581868426536  0.015019702006074  0.039445376003504  0.021359178936591  0.027527167941468  0.124222636665319  0.019491649561157  0.023864335905636  0.033960464453939  0.017301009132567  0.091062444618626  0.093752436830364  0.089684345912919  0.046552420722584  0.030458738465361  0.001651508373784  0.013955716443012  0.941478464541206  0.026078415036107  0.032173127607312  0.800514810656303  0.199574596589162  0.464258426153364  0.535515411595727  0.001045928538273  0.327825503553912  0.102025380768863 
56.0    I  0.030143693268254  0.000000000000000  0.023683071351725  0.015975445790780  0.182251172352072  0.009143739386520  0.003223849252003  0.099649059567567  0.011998517732048  0.205897754316893  0.118750047859361  0.020446532366485  0.005143620789294  0.008189550589976  0.038660389958974  0.028183605574445  0.024046987815013  0.158658860752476  0.004004950148002  0.011965296852300  0.996540262827868  0.002037477721738  0.001418911181222  0.268687293213875  0.731028724200017  0.331711285149290  0.668037039195050  0.000977239636194  0.455019412040450  0.146299830184324 
57.0    K  0.083331167318200  0.002226510298229  0.056055509978876  0.102521613899591  0.007938047992138  0.081842838942723  0.067125279476258  0.016424576704495  0.175069540110901  0.054258764225065  0.008037708655419  0.024826075003003  0.012516716837338  0.068109507013333  0.147521792917025  0.037707622491274  0.028895727441053  0.016653855251062  0.000000000000000  0.008826150113829  0.987600861445373  0.000000000000000  0.012473412286823  0.000000000000000  0.000000000000000  0.193311584363829  0.806641759222126  0.000961117209017  1.000000000000000  0.211686328090632 
58.0    G  0.245705149636313  0.001654946162004  0.041984482053791  0.079274462457867  0.019956464987428  0.061001985048514  0.042042725266307  0.006638164055771  0.094208431847399  0.033632503899494  0.008759109984598  0.033469713224733  0.010337276874282  0.025970183174801  0.137642699762245  0.058842404033825  0.044935516651467  0.031423768137452  0.003164076068875  0.019437682082789  0.983502074026248  0.000000000000000  0.016176014435022  0.000000000000000  0.000000000000000  0.287971910587339  0.712025097798536  0.000963117875482  1.000000000000000  0.212421249784663 
59.0    H  0.010373165299863  0.002295461578945  0.004852688600720  0.011727180449331  0.005786874211017  0.004934090866585  0.431969093700139  0.006372167916711  0.023535788541153  0.104169150894902  0.011662331119507  0.008217982650030  0.002152158429447  0.282436803642531  0.043314683926575  0.013820944302055  0.006159376359815  0.011094588738621  0.000000000000000  0.014998894703733  0.996540262827868  0.000000000000000  0.003682752093431  0.000000000000000  0.000000000000000  0.416099367355762  0.583983697306559  0.000972509524506  1.000000000000000  0.219303387183206 
60.0    G  0.233419986228828  0.027167017502813  0.015250496262129  0.025330159996416  0.006501552614934  0.193043783272946  0.013350152201402  0.030479858172739  0.074635199192162  0.019330194979487  0.018555619782397  0.008789519411631  0.036021448337465  0.060706718471352  0.067125279476258  0.070805242830987  0.038794609110191  0.053958722410901  0.000000000000000  0.006735496445450  0.993092495437036  0.001899716694165  0.005325010184697  1.000000000000000  0.000000000000000  0.452816991508911  0.547146850630370  0.000961783635640  0.489370825198718  0.293412044570338 
61.0    K  0.095988141856381  0.007355300504228  0.043737058299850  0.071545260037418  0.005912565597537  0.043254678626609  0.016053147490296  0.042688758023575  0.167937928215162  0.082927821287323  0.019437682082789  0.027431931175297  0.007060568177743  0.081729459283547  0.115023456328109  0.048127323389754  0.050240686921447  0.061554152680972  0.000000000000000  0.012015162744299  0.988970916380931  0.000000000000000  0.011102281587354  0.000000000000000  0.000000000000000  0.121581868426536  0.878430468238362  0.000957791996083  1.000000000000000  0.346757742282846 
62.0    K  0.113439894414645  0.001927571378683  0.012700243781005  0.016839580391307  0.007960087473568  0.009827226342469  0.034602018265134  0.026332713421973  0.169928530238342  0.048462075396688  0.030290306779221  0.028261855548784  0.000000000000000  0.081333865965121  0.183900843231967  0.057511728164055  0.122852574818156  0.042071877164899  0.000000000000000  0.011727180449331  0.958599438492977  0.039308905369876  0.001765142044436  0.399425958224574  0.600401713742604  0.625898229326997  0.374230746698173  0.000967131710872  0.285982743300952  0.312949114663499 
63.0    V  0.008367428306183  0.010138584116712  0.000000000000000  0.007790869151188  0.126569350918812  0.001624261910888  0.008543245761599  0.133786087303328  0.008361630456458  0.306084098100051  0.044439919080852  0.000000000000000  0.000000000000000  0.032871930600121  0.012700243781005  0.008088007217511  0.010598471308185  0.262611136002688  0.000000000000000  0.017542522219900  0.997231251352069  0.001042309900430  0.001492555196060  0.030311309698179  0.969961910341735  0.252963300256732  0.746906728556171  0.000949200183576  0.500000000000000  0.406126198178118 
64.0    V  0.163912751776956  0.008893703352147  0.008704637897026  0.023195680791079  0.071198961076382  0.037240080455439  0.003460029371494  0.064928693956104  0.054071043161562  0.127892183716804  0.144987456813179  0.007016659163156  0.001977646108106  0.027261334555336  0.044594203303684  0.028359973603661  0.052483218309009  0.107693269964002  0.009420373653834  0.012656304275501  0.990342871933025  0.008555097428075  0.001052473774457  0.674083865868528  0.326012683814640  0.115342811581725  0.884540435331541  0.000948542476115  0.442576882289773  0.417833479460927 
65.0    A  0.087413505171154  0.005132936043552  0.082126976696836  0.075887180274690  0.006341324851385  0.110108671765872  0.101954686667376  0.007365504186861  0.077213664820433  0.035109371969739  0.016584737639841  0.098823639575493  0.005410583859808  0.064257114166004  0.063636574985289  0.058112808913323  0.051724801004888  0.027603595358796  0.000000000000000  0.025277542136304  0.985549336939371  0.002629492322806  0.011743449047387  0.843815796130018  0.156366135014158  0.488015880388112  0.511923450214221  0.000947885224384  0.481630947010074  0.420739741142690 
66.0    A  0.243501067135810  0.008746975692611  0.004710186826917  0.004419197120492  0.088082547196376  0.086269834587289  0.031554728049896  0.021196942616370  0.009036626436760  0.054258764225065  0.035723072981689  0.000000000000000  0.000000000000000  0.005632534654142  0.011071542160220  0.098141014834197  0.060287386536509  0.066430979647410  0.136313466583157  0.034626010870779  0.986232704493359  0.012490716099257  0.001521805819649  0.369846877312209  0.630251695791493  0.198333460797786  0.801625329399394  0.000953156016383  0.418413121341696  0.384751805040216 
67.0    L  0.011646174896867  0.007662335968661  0.008881382603406  0.015229369232680  0.102592701101312  0.008918396149428  0.000000000000000  0.204192247777506  0.006592310907266  0.388773017941279  0.041435180009333  0.003377098559796  0.001460825935901  0.002450004305705  0.008021012075937  0.013102627881890  0.015931213796847  0.136502568218206  0.007233953300995  0.015909143746322  0.996540262827868  0.002155144023519  0.001074588485709  0.058842404033825  0.941478464541206  0.741233504901418  0.258636895379727  0.000956465134362  0.494485458190466  0.373971439590597 
68.0    I  0.074894313833714  0.025665959398502  0.158548924915733  0.063901783163120  0.010738974184156  0.100900134313096  0.020418207092081  0.032894723584670  0.029177498278604  0.076946525834057  0.011940441568478  0.072293011494080  0.001392603239613  0.030905341136904  0.053511767784154  0.086150322060977  0.069444295540943  0.055591187096119  0.002313030491902  0.022467758325734  1.000000000000000  0.000000000000000  0.000000000000000  0.000000000000000  0.000000000000000  0.150308656112272  0.849684999138650  0.000939382279946  1.000000000000000  0.461691155364697 
69.0    E  0.108894274017782  0.007213924302573  0.070560275300383  0.111413811987121  0.039308905369876  0.020617311105826  0.023568438698228  0.050240686921447  0.059292769696278  0.097665985021540  0.040386025957422  0.051331918797004  0.002470467856160  0.049036506118547  0.044255482444204  0.080548414405313  0.061341191490842  0.042013593567270  0.015964376292411  0.023897441841918  0.981459063853479  0.018465805420849  0.000000000000000  0.339386244970002  0.660669202829133  0.286975603463751  0.713012858682070  0.000940033635842  0.383420664918273  0.468136123717246 
70.0    A  0.237171078785113  0.026774436086518  0.001540911798540  0.001217383978784  0.084027187134539  0.028086097706595  0.000000000000000  0.098618355106558  0.000000000000000  0.200128702664076  0.049514675682811  0.004856053394156  0.000000000000000  0.000000000000000  0.002571810394647  0.032128557083002  0.039830019603727  0.125260200634954  0.006146581604325  0.062111318332660  0.918912883479050  0.076097876166437  0.004762715211236  0.948026965128645  0.051832471613403  0.000000000000000  1.000000000000000  0.000945260768451  0.154748786354681  0.450312989923965 
71.0    A  0.141218401821265  0.014150530984653  0.022359008125358  0.019196671569463  0.036146505747040  0.004230371271586  0.000000000000000  0.228616272374975  0.001671084034536  0.095325103328518  0.027016788478371  0.014619117153616  0.006838994763236  0.011654250208527  0.006394290481178  0.064301669243348  0.031228346655952  0.267386771971311  0.000000000000000  0.007499447351866  0.996540262827868  0.002552275886510  0.000759848805230  0.106727214298906  0.893165852352760  0.000000000000000  1.000000000000000  0.000946572086851  0.487677730763821  0.416965521912482 
72.0    N  0.100133734698703  0.007845058931554  0.101531549544529  0.093363341069521  0.001826123433108  0.183646079159789  0.014417851447716  0.013175486097658  0.094601049560599  0.027318081887824  0.009820416988452  0.074842419038683  0.010110512925647  0.057871626407958  0.044811101500495  0.085733330536912  0.055706905993561  0.018440224114628  0.003381783459061  0.001521805819649  0.993092495437036  0.004352318948513  0.002319452472800  0.476979775273779  0.523042469896265  0.283417353194606  0.716480825186550  0.000946572086851  0.454389058224260  0.405563577788521 
73.0    H  0.058720171825876  0.008626553493462  0.026700304402804  0.040808118346529  0.017469716421342  0.107767943127199  0.106875272236497  0.011776053980925  0.062500000000000  0.073149915092162  0.020775111065339  0.174705871481383  0.010237448467643  0.036473690681827  0.057074890625749  0.101813445383777  0.028320685570854  0.027853452996780  0.000000000000000  0.028359973603661  0.967947026893737  0.029584800976147  0.002598689533361  0.813379198132126  0.186597297912119  0.064390872101255  0.935623497831400  0.000948542476115  0.326691313473293  0.416965521912482 
74.0    I  0.040134869030920  0.005750886180344  0.010591127553125  0.002499750808290  0.083042863381032  0.004443770421377  0.003728988336483  0.180116218604740  0.013093548979187  0.386087566545892  0.054371709544291  0.005961950035002  0.037917298757772  0.009220112057314  0.013801797679398  0.014854048456716  0.024197469620413  0.068678388598555  0.000000000000000  0.041492661199451  0.955945317593742  0.036829356494115  0.007535923317064  0.418123199957031  0.581963267201068  0.358737383651676  0.641268301381124  0.000951176043499  0.284007316196672  0.395294558301972 
75.0    D  0.028399316139016  0.004578212045604  0.497579860910041  0.097058609375130  0.005406834828326  0.095722374818399  0.030564483545229  0.001454763147581  0.021868529149925  0.006202218210404  0.001916912234089  0.072293011494080  0.007294374569651  0.023601134149419  0.025137761591935  0.026718818059124  0.030101934188130  0.015766431778823  0.004706923105448  0.003680200288691  0.958599438492977  0.038714021805747  0.002538162231358  0.291991848653279  0.708087719107272  0.338681244371342  0.661585719954060  0.000945916200417  0.272438028053332  0.382889499273596 
76.0    D  0.045752677998301  0.001312015064181  0.304602565918798  0.121329308721193  0.006336930902946  0.030060232958274  0.025242524300300  0.001783590332055  0.054447137008891  0.017664540111322  0.003223849252003  0.201102092735479  0.020361674208801  0.037917298757772  0.037629293163482  0.045562793088018  0.029299096764285  0.005418089723169  0.002224967533637  0.008759109984598  0.197784325296362  0.798851916449148  0.003616976650497  0.378141999320990  0.621574834451970  0.622868707784737  0.377095019171645  0.000946572086851  0.001697938593926  0.406689599066063 
77.0    I  0.027393928791126  0.004080608448688  0.005835208816845  0.001629900939757  0.104893704638318  0.002810417148459  0.015592542484360  0.094535499830248  0.000000000000000  0.349169633116849  0.047894373756493  0.006461120065963  0.019640833976904  0.006744840301363  0.003606962151287  0.012115518849172  0.023389421668636  0.084729020425000  0.004431466738031  0.185051662250006  0.989656656415207  0.009861344000876  0.000697751044795  0.322417062663971  0.677832163400000  0.501040802539816  0.498961359499525  0.000938080921830  0.441351498145327  0.427204870444866 
78.0    A  0.086629367853151  0.001288581944114  0.073251392729657  0.085911793473252  0.035723072981689  0.018958649378886  0.020361674208801  0.063022028430912  0.081333865965121  0.081672828368323  0.023470623858452  0.041063488348418  0.026607928367155  0.055745532463756  0.044935516651467  0.055016188347697  0.045185384204555  0.137642699762245  0.008881382603406  0.013331657783001  0.993781093322555  0.002762135864010  0.003695537682522  0.413511684221633  0.586417474615939  0.227983291379942  0.772175133091785  0.000931601123582  0.487002134271620  0.449066186441967 
79.0    G  0.149063609041329  0.011973593439123  0.071100326742032  0.168988854128516  0.008292368819920  0.111800612722826  0.009264957026648  0.007355300504228  0.052665426843947  0.023633874957562  0.009786440926751  0.043828101582575  0.098892162648181  0.042130241616783  0.034963659407366  0.080772051914843  0.049206748535575  0.017640068825096  0.001814766941896  0.006796463693036  0.959264119325264  0.010957025395644  0.029625842660270  0.164595865257405  0.835666958921854  0.744838731561351  0.255076164812114  0.000934187654387  0.427501088945986  0.436786447958347 
80.0    T  0.127715010339288  0.006061959799022  0.019505164826588  0.032849153408991  0.065425642623411  0.026607928367155  0.024998754010399  0.042570563582515  0.060496689180859  0.096521891636473  0.043767385027725  0.044224817510208  0.005384395128811  0.046876218415182  0.060162152693859  0.066569262712089  0.066707833627497  0.071347169195423  0.007683609953330  0.084553014440642  0.993092495437036  0.006385432253815  0.000772059684184  0.333324669272800  0.666649338545599  0.065063849855257  0.934975197751455  0.001022984499121  0.465224828851508  0.326012683814640 
81.0    L  0.057471877884479  0.021807980689409  0.003930694623038  0.001339583289639  0.052701944390632  0.005774853247163  0.001640100572157  0.100690536381094  0.003996630741150  0.433168428200044  0.025719385789960  0.001773727378362  0.003235041645838  0.004961527275542  0.078345813777543  0.023683071351725  0.006963363249195  0.151774360549381  0.006992383366625  0.014239082509955  0.994470168673214  0.004283482767921  0.001548406516817  0.557483109363849  0.442576882289773  0.957935218222696  0.042364510212500  0.001024403640210  0.478967609111348  0.331251754261302 
82.0    S  0.102663837594008  0.005782864445313  0.048361406048200  0.099373156368622  0.014508075817293  0.014905617977306  0.028835702895431  0.028125060306047  0.126657112519886  0.050906722691888  0.020489093972119  0.053215856734309  0.010768790257622  0.070952631384129  0.124050546835727  0.073607674349686  0.059705183523902  0.036778335538086  0.004268663043363  0.026024242840017  0.997922718999051  0.000000000000000  0.002234240182039  0.000000000000000  0.000000000000000  0.461691155364697  0.538120062391899  0.000936781366529  1.000000000000000  0.487339815445774 
83.0    K  0.075102253095428  0.003963525572582  0.079715274479909  0.095457343622544  0.009800017222820  0.018814646581741  0.059416193826864  0.005609158244623  0.157453747493425  0.024552266145862  0.009011606289531  0.052958277184132  0.023292349793733  0.086030975099419  0.169928530238342  0.051688960527704  0.040921419471361  0.022127741222102  0.003609463173620  0.010525262319263  0.991716730738293  0.008531410513638  0.000000000000000  0.296478624852737  0.703684187662699  0.468136123717246  0.531816336446592  0.000941990414633  0.451250363731215  0.484309094613314 
84.0    L  0.022173802440631  0.000000000000000  0.000000000000000  0.008826150113829  0.039172906888772  0.001827389644202  0.004527718562127  0.260435857252055  0.001344233985928  0.443190849597434  0.067498534989555  0.016851256745226  0.000000000000000  0.008099227351717  0.000000000000000  0.002948097594767  0.016665402825496  0.086090627898946  0.000000000000000  0.020460709735681  1.000000000000000  0.000000000000000  0.000000000000000  0.000000000000000  0.000000000000000  0.000000000000000  1.000000000000000  0.000940685443379  1.000000000000000  0.494828328207603 
85.0    S  0.216734390878672  0.008875228631146  0.001193984646184  0.004845966006701  0.004041201490308  0.487339815445774  0.005671712030875  0.014518135535171  0.024586326417299  0.020948634243443  0.006057759424586  0.012387252134536  0.000000000000000  0.006810611246383  0.026096497482137  0.106137030805855  0.014926295880976  0.036574957546081  0.000000000000000  0.002257591223740  0.989656656415207  0.008286622979439  0.001718064601411  1.000000000000000  0.000000000000000  1.000000000000000  0.000000000000000  0.000940685443379  0.452189688780544  0.494828328207603 
86.0    D  0.098892162648181  0.005132936043552  0.059046690062325  0.118093380124651  0.004540289482493  0.018710604759671  0.073353011142585  0.019613624863791  0.120407736752519  0.041781265481410  0.011573748422034  0.038580081465423  0.009499056899868  0.091378590525002  0.149166967878965  0.049446081324091  0.038075320739850  0.038419964601706  0.000000000000000  0.014298424501999  0.997922718999051  0.002257591223740  0.000000000000000  0.333324669272800  0.666649338545599  0.000000000000000  1.000000000000000  0.000936132264153  0.492774668469685  0.495514781632040 
87.0    L  0.090621677054928  0.004146184409960  0.058883204619051  0.024013674707625  0.011759740214149  0.012647534633553  0.007360400577381  0.046908721797324  0.150517172653927  0.078890752007007  0.030777076340486  0.046230859664026  0.002804579122311  0.056759276107594  0.130037533315248  0.054674047806614  0.085555238318240  0.097869287032068  0.001538777121190  0.008032139270751  0.988970916380931  0.003071161297423  0.007932547663042  0.500000000000000  0.500000000000000  1.000000000000000  0.000000000000000  0.000935483611546  0.478304079045937  0.495514781632040 
88.0    H  0.009131072254385  0.003881957395791  0.000000000000000  0.005288227652549  0.006249688502600  0.000000000000000  0.920187650624875  0.000000000000000  0.003775805066660  0.010110512925647  0.000000000000000  0.011312016971715  0.003579565018263  0.007437327410137  0.006551313940945  0.004364402883095  0.000000000000000  0.000000000000000  0.000000000000000  0.008127345832203  0.996540262827868  0.002600491432102  0.000574263305806  0.550952557938305  0.448755025333631  0.170873431492726  0.829319545814442  0.000942643578976  0.487677730763821  0.455650640318571 
89.0    A  0.216734390878672  0.031315050158739  0.017506081471784  0.030798416779355  0.024826075003003  0.024929538744032  0.024654588776640  0.041035035169505  0.072543994648983  0.045531222309313  0.009387781636929  0.022204563174709  0.001042309900430  0.037812315288103  0.090621677054928  0.055130710324824  0.039664715188119  0.183391668020915  0.003199362101015  0.027699428099840  0.455650640318571  0.002456806585617  0.541862983422390  0.564482202403066  0.435577096071128  0.094143154164613  0.905633983017823  0.000941337702872  0.491410299272626  0.459775023075829 
90.0    H  0.096455010941183  0.010738974184156  0.037008487870426  0.055706905993561  0.046746429948825  0.102237757319723  0.058801631719612  0.005313948642211  0.052446852319159  0.021552514403548  0.008869078923016  0.090370768409109  0.027641888604111  0.037136972033029  0.088143622530274  0.153042049050026  0.050625217102003  0.027242444985533  0.000000000000000  0.029977003728915  0.392020227037869  0.181746564665039  0.426022047537433  0.534032704023926  0.466193243218416  0.982139595263391  0.017787406704295  0.002113720008839  0.172061950198837  0.004035603076891 
91.0    K  0.054863862350595  0.002289106022802  0.043374772469237  0.044594203303684  0.004958089398515  0.044935516651467  0.023227859131735  0.036676505571292  0.255253031426798  0.008110463051118  0.006702894768974  0.049070507417098  0.029177498278604  0.038633601903780  0.240315232097190  0.036498981081660  0.043015487549709  0.026369243629063  0.000000000000000  0.011923900070004  0.989656656415207  0.004169239601719  0.006070369287375  0.736623842908240  0.263157788677360  0.945402116750744  0.054447137008891  0.000886863689181  0.466193243218416  0.041177498491692 
92.0    L  0.028676246322230  0.007520269086732  0.006420938963241  0.010620533139896  0.053178983094159  0.002298645971130  0.039118639332937  0.140729823267095  0.025085543397374  0.250173346865645  0.041492661199451  0.018671737575887  0.015865095326085  0.007546377569725  0.143289023216047  0.021687386234619  0.008217982650030  0.044873265956982  0.009485897534336  0.124913386623807  0.982820598545251  0.014710601008456  0.002705291929904  0.293005570918628  0.707106781186547  0.446273485736488  0.553632292242143  0.000945916200417  0.409234590795402  0.408951029278891 
93.0    R  0.012877532577394  0.009024107691825  0.034578042284134  0.015082297263621  0.004964967536350  0.544876056106664  0.040023745666555  0.003250776307467  0.063197005053207  0.010068551800664  0.007562086147607  0.100411749594629  0.012726680672972  0.043284670878466  0.054787857582252  0.027280237222930  0.004487102949207  0.001429771187447  0.001728815946444  0.008309630256978  0.988285651500733  0.011517728260087  0.000000000000000  0.288971676638700  0.711038705293637  0.875998315067126  0.123964591342287  0.000942643578976  0.408667664244142  0.421615555125056 
94.0    V  0.039200068891281  0.003365414686375  0.002346945409232  0.003337538050351  0.063197005053207  0.001554859567927  0.000000000000000  0.224222039915504  0.002152158429447  0.214047071136614  0.019600034445641  0.003833824468178  0.001573289630955  0.004879672365834  0.000000000000000  0.003275656970472  0.014690221914205  0.391748593474670  0.000000000000000  0.006977858221506  0.972654947412286  0.019424213576624  0.008235089244459  0.355026839635857  0.644834125327943  1.000000000000000  0.000000000000000  0.000909272284990  0.383952567425525  0.495514781632040 
95.0    D  0.029441602309525  0.010510681316577  0.151774360549381  0.096388176587996  0.001397438007835  0.045310838527464  0.012267626854275  0.010746420454217  0.113361291116643  0.030395467106634  0.004126115724031  0.046423528770651  0.092782723164316  0.057631444869539  0.052592467642836  0.080436827956329  0.143786486668826  0.015614173327976  0.000000000000000  0.005013382412355  0.993781093322555  0.001113255149115  0.004849326138774  0.250000000000000  0.750019494642909  0.604997044609646  0.395020655931689  0.000915596773884  0.496890546661277  0.447822835045425 
96.0    P  0.096856991369896  0.000000000000000  0.051225287977345  0.039500096826650  0.007104751967193  0.030248344590429  0.012806321994336  0.023179608341268  0.053734780390188  0.044594203303684  0.005924873224119  0.016968466505036  0.426317445883978  0.028557232819669  0.035624164771671  0.040695130924032  0.040582456335309  0.042423280621250  0.001597464958121  0.001883980829266  0.991716730738293  0.007515058239569  0.001039424006302  0.312949114663499  0.687294347786015  0.384485207817567  0.615572206672458  0.000911796821206  0.461691155364697  0.446273485736488 
97.0    V  0.104169150894902  0.006438766288697  0.116871899718932  0.249480679749763  0.005663854815933  0.036021448337465  0.057392260143808  0.013621222492767  0.066707833627497  0.011573748422034  0.001632162029144  0.023831275832129  0.032531924927628  0.058557590429527  0.072846324883410  0.070170088879601  0.031163476604752  0.033054717613076  0.000000000000000  0.008246513419047  0.986916545885842  0.013276328111541  0.000000000000000  0.490389501994276  0.509798841499095  0.000000000000000  1.000000000000000  0.000908642243851  0.416387885440275  0.454074208860755 
98.0    N  0.018594245254792  0.000000000000000  0.050942020775164  0.033562639738129  0.050275523183870  0.007099829034754  0.230845577682349  0.014659706195323  0.002995473944674  0.048968574184334  0.032986053676186  0.101813445383777  0.000000000000000  0.091252000665908  0.009426905622818  0.023617498879941  0.008183875992967  0.014700407929903  0.115663053504732  0.144285677189605  0.992404374685819  0.007577827424545  0.000000000000000  0.306296332976169  0.693515484565693  0.544498507668053  0.455334916795989  0.000913061716554  0.443805668634749  0.426908857195622 
99.0    F  0.008303872455926  0.002164125679424  0.000000000000000  0.000000000000000  0.389852421305662  0.002402912782717  0.006872258405644  0.040554336466849  0.000000000000000  0.050800975124020  0.031752191968553  0.001894456856136  0.007535923317064  0.005516618767128  0.000000000000000  0.005215423059750  0.002470467856160  0.043465061615937  0.064973714698455  0.336341802130457  0.999307092990453  0.000000000000000  0.000622344056308  0.250000000000000  0.750019494642909  0.183391668020915  0.816768991110023  0.000906754738581  0.500000000000000  0.468785548228555 
100.0    K  0.064524908467703  0.002406246237199  0.126832818322610  0.098550021757035  0.014998894703733  0.043676467870346  0.008088007217511  0.072896835611779  0.095457343622544  0.064212589961185  0.029790579540255  0.064079202368037  0.093492859897649  0.052265399994629  0.043615961378818  0.033842970172685  0.036473690681827  0.039500096826650  0.010679589468295  0.004581386520437  0.844400887423782  0.154320325861692  0.000969144897154  0.262247331893736  0.737645728541420  0.246387334234843  0.753667454779191  0.000909272284990  0.063946091858402  0.469435873657726 
101.0    L  0.132035703168982  0.008048859012657  0.038207508677877  0.040836414184162  0.030543305200338  0.030969673852002  0.020876157474845  0.113991645689971  0.050450067156548  0.173619391970639  0.029217974929733  0.030081076346930  0.043224707156593  0.022066475068512  0.017337023001060  0.027661055143111  0.050240686921447  0.113676031475092  0.009645020366356  0.017313005435389  0.984866442895551  0.013574096642978  0.001359224992023  0.206755842110816  0.793333843191143  0.000000000000000  1.000000000000000  0.000919412563029  0.417833479460927  0.465547409915115 
102.0    L  0.049583365199446  0.000000000000000  0.000000000000000  0.000000000000000  0.181998693624886  0.020545980628204  0.003589503451090  0.081390261848064  0.000000000000000  0.249826773247613  0.095855166229568  0.001762696733325  0.000000000000000  0.000000000000000  0.000000000000000  0.006258358418669  0.010237448467643  0.265539796623843  0.020760715845258  0.012551468699329  0.997231251352069  0.000000000000000  0.002861525145725  0.000000000000000  0.000000000000000  0.175433965754884  0.824733548610081  0.000918775495619  1.000000000000000  0.457232544749951 
103.0    G  0.122427537198366  0.016734856612366  0.007715631730042  0.043949787497285  0.032509383328812  0.294839148065304  0.012534080724258  0.023389421668636  0.064883704408941  0.092654188112677  0.009691932013401  0.011304178795863  0.002701544197287  0.034866853822655  0.073965688859536  0.054447137008891  0.018325546081748  0.032374461361251  0.019832357594059  0.030991147835572  0.992404374685819  0.005478512697822  0.002281186317604  0.607518395952508  0.392564059336786  0.568014632393343  0.431969093700139  0.000917502684779  0.441045682598588  0.442883759551180 
104.0    Q  0.064704057740086  0.004805825565434  0.114228931278675  0.248101093671455  0.004746237468379  0.049480366616954  0.043828101582575  0.008980428500271  0.058354996557207  0.019681718436678  0.004425327676937  0.066615421004246  0.032622247731929  0.074119656213184  0.047267749915124  0.064257114166004  0.054033576956742  0.030143693268254  0.001384902378593  0.008195229121679  1.000000000000000  0.000000000000000  0.000000000000000  0.000000000000000  0.000000000000000  0.277008086966231  0.722966147272874  0.000923244254639  1.000000000000000  0.457866843209063 
105.0    C  0.274332984394811  0.089436032501432  0.015821168864851  0.022498926851792  0.033516144275561  0.017591227908387  0.068583246098703  0.067451764781527  0.002033245307977  0.034842694335241  0.005632534654142  0.044194173824159  0.023963791557392  0.024450368179266  0.008223680896167  0.094666644742311  0.031271668358206  0.101601950248040  0.012378668920703  0.027469986278493  0.984866442895551  0.000000000000000  0.015208271471222  0.000000000000000  0.000000000000000  0.000000000000000  1.000000000000000  0.000923884420630  1.000000000000000  0.470739232270603 
106.0    F  0.018363692631559  0.003486511607316  0.000000000000000  0.000000000000000  0.137642699762245  0.000000000000000  0.000000000000000  0.173138683513866  0.000000000000000  0.502083771619487  0.056602123938614  0.001652653508985  0.002281186317604  0.000000000000000  0.000000000000000  0.014199658069508  0.009446528717448  0.062456693311903  0.015250496262129  0.003395877187852  1.000000000000000  0.000000000000000  0.000000000000000  1.000000000000000  0.000000000000000  0.723969086189780  0.276049711790773  0.000938080921830  0.492433221447775  0.377879982079057 
107.0    L  0.041839226780576  0.003572129255859  0.007468322793701  0.017640068825096  0.023035456520173  0.015282241772615  0.024063661694877  0.185565446328631  0.015271652600169  0.333555792419442  0.073302184326992  0.008379036068890  0.004422261336370  0.019654452684938  0.029096713119695  0.011533706294397  0.055398856199679  0.118175264593843  0.000000000000000  0.012788580962356  0.993092495437036  0.004958089398515  0.001749307949396  0.250694108975269  0.749499800877774  0.381036207584942  0.618995145418723  0.000920050072173  0.462973011263662  0.467163673441590 
108.0    V  0.120909541201742  0.012859692894980  0.098345305669196  0.151354135493819  0.024013674707625  0.050032175666019  0.023179608341268  0.026960667016958  0.075519865211871  0.026848773592100  0.015700997194122  0.028320685570854  0.022173802440631  0.054071043161562  0.048361406048200  0.064524908467703  0.047169561516268  0.065926394816754  0.024399577893981  0.019343598294335  0.997231251352069  0.000000000000000  0.002983041988204  0.000000000000000  0.000000000000000  0.271872097713721  0.727994774499543  0.000920688023358  1.000000000000000  0.473028823362798 
109.0    V  0.209642046110233  0.020760715845258  0.004160578919506  0.032780916486717  0.039037378926668  0.034125642054552  0.019424213576624  0.028340322779161  0.025277542136304  0.037214276542655  0.031055659166330  0.004856053394156  0.001837550991238  0.012267626854275  0.019956464987428  0.065471007943737  0.202922395244320  0.144485838319350  0.000000000000000  0.066430979647410  0.995159721820083  0.003197145240589  0.001931583821057  0.339857060476685  0.660211420507500  0.541487522762962  0.458502021602336  0.000923884420630  0.467811748915700  0.462011286223412 
110.0    V  0.031840349894273  0.015711884068726  0.000000000000000  0.000000000000000  0.084494427064258  0.004872912390289  0.000000000000000  0.224066674892351  0.000000000000000  0.409234590795402  0.072293011494080  0.000000000000000  0.000000000000000  0.001709748690809  0.002356726405705  0.005463344073197  0.009188212892898  0.137261601723381  0.000000000000000  0.001528148011204  0.985549336939371  0.007223931860263  0.007504647374637  0.317097849831467  0.683020128377198  0.438302860658018  0.561749951515823  0.000923884420630  0.450937689191125  0.469761374607006 
111.0    A  0.158989125842947  0.014915953345933  0.029278795214763  0.120074357994185  0.023715925827720  0.051940366349603  0.008838394240984  0.023847800140009  0.123364568235730  0.067732872927799  0.011398596439376  0.017973310833603  0.025880333166705  0.078454499455165  0.113282742283417  0.059995578814932  0.020919613390288  0.047234997759882  0.000000000000000  0.002129897915362  0.987600861445373  0.007872295003207  0.004736378199460  0.366021423986406  0.633756261017212  0.504176227447298  0.495858365369147  0.001045928538273  0.453445164466571  0.431969093700139 
112.0    I  0.102096123888753  0.007294374569651  0.104313660144426  0.238159499510984  0.007468322793701  0.021642335439233  0.040134869030920  0.020053529649420  0.099718154976129  0.020861692238999  0.014268722656437  0.022421086478230  0.012516716837338  0.100970097201201  0.057154068093744  0.056055509978876  0.051688960527704  0.017349044275447  0.000000000000000  0.005974360460480  0.956608158091874  0.002226510298229  0.041435180009333  0.632439771176968  0.367546834097260  0.634195699662934  0.366021423986406  0.001045928538273  0.471392267959120  0.408101523075451 
113.0    H  0.084846561242500  0.025612643988672  0.008771261109950  0.052012420919470  0.033400187225344  0.039968299414920  0.118750047859361  0.038101721689884  0.062934721878545  0.093363341069521  0.021990130864459  0.035946621667206  0.004759415092481  0.034078366645789  0.053623158151793  0.026626377971090  0.066017851584491  0.141022767182064  0.017566858184041  0.040582456335309  0.909408251800733  0.016688522000748  0.074068298183849  0.649319301364942  0.350624812660600  0.632439771176968  0.367546834097260  0.001104033756958  0.407536166201313  0.274523203446762 
114.0    H  0.043495199744722  0.032419373017675  0.018645870984871  0.022297101651842  0.121666171769780  0.013630667277668  0.009847682746742  0.066201145917742  0.007154169425142  0.437999157533563  0.044997853703584  0.013792234317041  0.006619784648017  0.006891338790603  0.007314626933082  0.018827692421794  0.022892201165802  0.061383724703962  0.009036626436760  0.034746223672410  0.911301280637141  0.014548356559847  0.074016975740852  0.245364765963370  0.754712984260280  0.798298386356650  0.201940194402402  0.001298444441584  0.412081042476620  0.153893051668115 
115.0    P  0.045816148662163  0.002480763637771  0.054146053525005  0.044439919080852  0.005585878852975  0.450625231305415  0.024964122389036  0.013221228071880  0.035060733766578  0.022173802440631  0.001793508129494  0.016573245958878  0.116467553663097  0.044071811265137  0.025453361345944  0.049514675682811  0.021463066147338  0.016607744911852  0.000000000000000  0.009691932013401  0.910669833591978  0.023864335905636  0.065199287095616  0.639492790638714  0.360232437209480  0.125260200634954  0.874784764905822  0.001251609300938  0.376311686852767  0.172779025816073 
116.0    A  0.075467536967906  0.003474449193507  0.230525779478158  0.116306207212877  0.004533999665561  0.050625217102003  0.016299821773904  0.013888166893228  0.073048578035078  0.018542762463383  0.002243551474604  0.039609766313576  0.107246316303586  0.032240099353167  0.040695130924032  0.078617810739751  0.039692218204337  0.047431851655439  0.002412927025639  0.007060568177743  0.973329374158238  0.019117000642685  0.007556846325109  0.240648610775438  0.759435844907265  0.642157904494713  0.357992185300286  0.001307475836893  0.401646998378517  0.103091693576260 
117.0    A  0.160762185428825  0.029339742103608  0.145490816800267  0.100411749594629  0.015549370653439  0.064524908467703  0.043706752585577  0.013415084944340  0.089622203000989  0.021065120808392  0.008472479756586  0.035847094507068  0.014239082509955  0.051510130309578  0.076097876166437  0.064390872101255  0.030841142058933  0.020517517584752  0.005339794734148  0.008980428500271  0.868140227601043  0.120742041115606  0.010949433195943  0.687770909069872  0.312299031413344  0.571965486601904  0.427797512841301  0.001224153340274  0.129497845445002  0.245194750997138 
118.0    L  0.082526427563438  0.020717590004667  0.027988927190339  0.030670595745421  0.263157788677360  0.006271385849343  0.007530701622974  0.026644840367749  0.027911432886024  0.100481373842894  0.022987605403996  0.008974205898414  0.015931213796847  0.015155654849090  0.023067412588794  0.029482445340480  0.016435965300061  0.036880448229256  0.165052855126875  0.072142838594802  0.984184022033800  0.004782564032813  0.011280696840020  0.045342256494818  0.954621014139717  0.243501067135810  0.756283998641981  0.001190678802809  0.476649272644080  0.314471242959004 
119.0    T  0.025418099941629  0.012395841299862  0.130037533315248  0.022281651833815  0.005321320447814  0.019330194979487  0.017457611532378  0.007284269425288  0.036752851571593  0.021944451183406  0.003153129197284  0.101742898133804  0.031163476604752  0.026497498894786  0.028105572254617  0.132954084111648  0.361483073636437  0.007119541254978  0.002737358298986  0.006647372886770  0.927873476471283  0.057551606075315  0.014348065035952  0.608783009331493  0.391205890868256  0.528509020280690  0.471392267959120  0.001197299668021  0.244855074396732  0.305448275418375 
120.0    P  0.111336612575835  0.004896613361096  0.114308136187488  0.107992273425035  0.027508094173848  0.025594896808120  0.022436632978491  0.023535788541153  0.051976381148432  0.025347723611783  0.007520269086732  0.023601134149419  0.236842517649817  0.042013593567270  0.048462075396688  0.063548417080747  0.030543305200338  0.023389421668636  0.001579846383519  0.007567329603333  0.938221196500671  0.016862941195382  0.044966674375338  0.407818746669505  0.592135805926816  0.445346450303340  0.554400321801535  0.001211491501675  0.394473420426233  0.336341802130457 
121.0    E  0.106727214298906  0.000000000000000  0.116629123942101  0.373453364278086  0.003966273831521  0.024620433939042  0.010746420454217  0.010394758133443  0.057471877884479  0.018325546081748  0.002164125679424  0.034054753506667  0.017960857000542  0.067968024428430  0.030841142058933  0.063109456099793  0.031120304784202  0.022734073181793  0.000000000000000  0.007747786958893  0.995849753094458  0.000000000000000  0.004298353942836  1.000000000000000  0.000000000000000  0.104313660144426  0.895645670090849  0.001207300059493  0.499653546495226  0.233096621609208 
122.0    V  0.121581868426536  0.018529914053296  0.017265070074999  0.037395280100960  0.024501264189867  0.006429846447490  0.010322956294205  0.107246316303586  0.008110463051118  0.158109942794242  0.047596523115727  0.018736561152986  0.003925249298530  0.021914050791288  0.007667648936355  0.022561393680039  0.112812590932804  0.237335530237630  0.001197299668021  0.016898043179432  0.987600861445373  0.007635826300084  0.004543437662296  0.490389501994276  0.509445598308361  0.108442335894008  0.891310495896971  0.001203957349086  0.463936738235641  0.241819082403483 
123.0    H  0.107246316303586  0.006074578405332  0.024603374267788  0.164938488846612  0.008478354467827  0.023405639600378  0.060664654360597  0.072947381363654  0.098413497071150  0.088510964888409  0.022081775685668  0.010054603494541  0.009137403625406  0.092461719328052  0.074790560201920  0.028359973603661  0.027204705103004  0.073760896458513  0.001754164790789  0.005165057051338  0.996540262827868  0.002371474383584  0.000913694822101  0.296889916518353  0.703196599956560  0.961260928388761  0.038446604523473  0.001214855130174  0.493458272942921  0.240481863666194 
124.0    A  0.168871760566955  0.013820944302055  0.110951417158687  0.147828875030518  0.009923054551084  0.036957218757629  0.025506345192216  0.015239929086369  0.073607674349686  0.057711394420587  0.015166163590149  0.047071577082307  0.004496443325499  0.072997962163320  0.053623158151793  0.065289735179014  0.052084575447451  0.024843289092155  0.000000000000000  0.004007727130223  1.000000000000000  0.000000000000000  0.000000000000000  0.500000000000000  0.500000000000000  0.709070017839729  0.290981633600534  0.001187382112483  0.492092011016900  0.485990493990676 
125.0    S  0.694477567882555  0.001436725337750  0.004394759705816  0.005041259728327  0.009793226722193  0.028517671516983  0.001519697610460  0.030905341136904  0.001710934209115  0.025102937398657  0.002664351239999  0.001783590332055  0.002820174210005  0.004328251358847  0.002356726405705  0.119410367047805  0.029646384848139  0.030926770512975  0.001521805819649  0.001477117184848  0.993781093322555  0.003101109105202  0.003203800434362  0.166546853136503  0.833353207159218  1.000000000000000  0.000000000000000  0.001180816089681  0.477641468191219  0.500000000000000 
126.0    L  0.031973045929201  0.005474716597972  0.001559176535853  0.000000000000000  0.071001829049168  0.002824086512785  0.000000000000000  0.028537445312875  0.000000000000000  0.078726873746712  0.029997789407466  0.000000000000000  0.000000000000000  0.000000000000000  0.000000000000000  0.000000000000000  0.005380664243684  0.058354996557207  0.662962880149329  0.023227859131735  0.998614666101029  0.000000000000000  0.001445716111328  0.000000000000000  0.000000000000000  0.000000000000000  1.000000000000000  0.001181634852753  1.000000000000000  0.484644908467533 
127.0    D  0.086689435570712  0.003098960324965  0.116548310804604  0.094404536597677  0.004802495575213  0.060538636826664  0.020291228167654  0.031271668358206  0.070218743939478  0.027527167941468  0.015755507107728  0.047431851655439  0.004002175089972  0.062326953209504  0.088082547196376  0.095589767367673  0.129677492070701  0.033562639738129  0.003836482793998  0.004388671496217  0.996540262827868  0.000945916200417  0.002677310165976  1.000000000000000  0.000000000000000  0.000000000000000  1.000000000000000  0.001184094549865  0.497924876547229  0.467811748915700 
128.0    K  0.082183922512817  0.009131072254385  0.049686578184311  0.104385989928546  0.003168465451473  0.019209982300853  0.016424576704495  0.032150834621674  0.390663940086159  0.032084048303750  0.010230354867840  0.016944959513173  0.002209598560246  0.046617000834108  0.077696854306496  0.031686233743438  0.042659178683911  0.025453361345944  0.004524581274198  0.002877436886360  0.997922718999051  0.000000000000000  0.002368189099730  0.000000000000000  0.000000000000000  0.000000000000000  1.000000000000000  0.001183274082451  1.000000000000000  0.441963765531836 
129.0    F  0.221902834317374  0.046973796189549  0.000000000000000  0.002019200656734  0.125607977552973  0.017469716421342  0.000000000000000  0.096924150793376  0.000000000000000  0.251738887514180  0.033192474577980  0.002248221662750  0.000000000000000  0.005436899968090  0.007657026682358  0.009420373653834  0.042985681816867  0.123621364547616  0.000000000000000  0.012700243781005  1.000000000000000  0.000000000000000  0.000000000000000  0.632878296985140  0.367292158319577  0.617709318563465  0.382359069470692  0.001185737191792  0.474013482564323  0.429878243121503 
130.0    L  0.015282241772615  0.009698652277548  0.000000000000000  0.002251340521092  0.146604368653985  0.013621222492767  0.000000000000000  0.106653262264008  0.001529207609876  0.281654807124320  0.047398985792951  0.004103299000042  0.000000000000000  0.000000000000000  0.001385862652539  0.009505643426829  0.027280237222930  0.072293011494080  0.018135998662246  0.242490477585434  0.997231251352069  0.002070220280073  0.000936132264153  0.287572973337651  0.712518807074392  0.287174588749259  0.713012858682070  0.001195641008203  0.462652214018926  0.475988954248766 
131.0    C  0.123450107680672  0.012922240131926  0.162893393670412  0.048900736358532  0.007159130036526  0.107469560780376  0.012225184089633  0.009739071830274  0.062283766426742  0.017799740269096  0.018568486016515  0.093298648956060  0.002303430844260  0.044439919080852  0.043075161030488  0.100690536381094  0.076203443379769  0.014487977288054  0.038446604523473  0.003708367659963  0.989656656415207  0.006288797950165  0.003876579588616  0.109575715164504  0.890692900606681  0.220064753390788  0.779704842611323  0.001198960628823  0.468136123717246  0.478635729097649 
132.0    A  0.096254646779509  0.011040887842834  0.010503398391817  0.039719740290802  0.117521775313641  0.028027754989438  0.034054753506667  0.086389512908036  0.019873640730368  0.145188591490715  0.025844480263852  0.038181034427297  0.017074652173452  0.039091533753540  0.027431931175297  0.029543816148461  0.038075320739850  0.121161227116883  0.004610056028657  0.070364911633548  0.998614666101029  0.001219918091458  0.000000000000000  0.250000000000000  0.750019494642909  0.000000000000000  1.000000000000000  0.001215697495490  0.499653546495226  0.459775023075829 
133.0    V  0.028478165019911  0.005104551773020  0.044966674375338  0.050485048600601  0.062197482613755  0.027337023903307  0.001662995522947  0.231486505631831  0.000000000000000  0.206469416233930  0.062154385542076  0.031271668358206  0.000000000000000  0.008525499039492  0.000000000000000  0.007114608074937  0.016584737639841  0.213158722941989  0.001368679149493  0.001645794588873  0.994470168673214  0.000000000000000  0.005675644724888  0.333324669272800  0.666649338545599  0.137833645383614  0.862143545017596  0.001232668000109  0.500000000000000  0.459775023075829 
134.0    G  0.294226684304692  0.035673584597712  0.003287029227677  0.017824433060444  0.043980261728919  0.031012636708932  0.003335225446841  0.083100444261357  0.012551468699329  0.082583650353642  0.030332327180298  0.026060345119530  0.000000000000000  0.056094378166704  0.010258758792376  0.095988141856381  0.054978067245152  0.092461719328052  0.000000000000000  0.026332713421973  0.998614666101029  0.001509200292281  0.000000000000000  0.165396429988515  0.834509281155409  0.000000000000000  1.000000000000000  0.001236947513402  0.467811748915700  0.431370672271328 
135.0    T  0.128247268167143  0.006891338790603  0.175069540110901  0.094666644742311  0.009999003233159  0.063724855187387  0.028105572254617  0.005995101937503  0.049755506173674  0.021241066279793  0.002094759017223  0.097193254485320  0.008771261109950  0.108217070689957  0.028478165019911  0.079000193653300  0.070121467533155  0.008893703352147  0.004100455795403  0.009453078822026  0.996540262827868  0.001681541383474  0.002070220280073  0.776468875001040  0.223601225445651  0.279128240495643  0.720964435730112  0.001250742052080  0.475988954248766  0.431370672271328 
136.0    V  0.151249261152412  0.006583178355493  0.011025592526630  0.027110583973502  0.022592692102277  0.059870951138919  0.024774504269071  0.138312169136534  0.027930786323650  0.132585967671027  0.027911432886024  0.008992886650998  0.002424663069387  0.028222703442244  0.026755883892077  0.041897268486885  0.071743900865938  0.166200888522714  0.000000000000000  0.023781771575615  1.000000000000000  0.000000000000000  0.000000000000000  0.000000000000000  0.000000000000000  0.191047065095646  0.808881348361739  0.001261188818655  1.000000000000000  0.438302860658018 
137.0    L  0.017849160107009  0.009303569135664  0.000000000000000  0.000000000000000  0.062500000000000  0.000000000000000  0.005157901722715  0.205755086319677  0.001676885618042  0.309712174445977  0.258457684061991  0.000000000000000  0.001757816269128  0.003217152411201  0.000000000000000  0.004603669561764  0.002444914958309  0.114943755768957  0.000000000000000  0.002642281701270  0.996540262827868  0.003335225446841  0.000000000000000  0.279903222163560  0.719965659257343  0.845572287377516  0.154320325861692  0.001262063311169  0.459138081150462  0.450625231305415 
138.0    T  0.091125586176036  0.010315803445430  0.013888166893228  0.029482445340480  0.023131457781251  0.038821508805764  0.002847674568001  0.174827010342308  0.136502568218206  0.112890813768978  0.019183370061173  0.021138253610161  0.002017801538446  0.025312608551001  0.079384436408674  0.087595465567547  0.083620472174132  0.042217940141739  0.000000000000000  0.005719084749788  0.997922718999051  0.001907633845629  0.000000000000000  0.451250363731215  0.548665968789621  0.000000000000000  1.000000000000000  0.001294849375292  0.484309094613314  0.497924876547229 
139.0    A  0.120658378108970  0.005892109674557  0.103234708116965  0.193177637411997  0.004370457425921  0.065380308737033  0.043888902366812  0.011710934388715  0.057791454882106  0.010987446874321  0.004876291206647  0.039200068891281  0.004250947037777  0.049583365199446  0.072795849154279  0.152090294829258  0.033307710502123  0.016401823181610  0.000000000000000  0.010380357922629  1.000000000000000  0.000000000000000  0.000000000000000  0.166662334636400  0.833353207159218  1.000000000000000  0.000000000000000  0.001292159609285  0.497924876547229  0.497924876547229 
140.0    K  0.231326107009463  0.008513688376667  0.007577827424545  0.058112808913323  0.003144398975083  0.293819082104943  0.014598864795050  0.013066349998657  0.118750047859361  0.014874654820274  0.013303964183577  0.010627897284422  0.003146579261909  0.043374772469237  0.028203147733201  0.084435880283477  0.029523345031163  0.011327709631866  0.000000000000000  0.012352954946937  1.000000000000000  0.000000000000000  0.000000000000000  0.000000000000000  0.000000000000000  0.000000000000000  0.000000000000000  0.001203123118599  1.000000000000000  1.000000000000000 
141.0    Y  0.004157696025208  0.025190088484155  0.003339852257391  0.000000000000000  0.102877543159839  0.000000000000000  0.013193763865997  0.000000000000000  0.000000000000000  0.007899625631651  0.026405824512891  0.008037708655419  0.000000000000000  0.007737053686977  0.000000000000000  0.005937206470318  0.007421877991210  0.004340268471309  0.019763742849280  0.763658748980350  0.993092495437036  0.006968191557969  0.000000000000000  1.000000000000000  0.000000000000000  0.000000000000000  0.000000000000000  0.001550554552601  0.496890546661277  1.000000000000000 
142.0    R  0.007223931860263  0.000000000000000  0.000000000000000  0.013443009853304  0.015603354157829  0.000000000000000  0.222673225151670  0.008986655416802  0.139467415290621  0.000000000000000  0.000000000000000  0.023568438698228  0.000000000000000  0.014598864795050  0.376572616658453  0.014387901518829  0.020746330599726  0.026718818059124  0.000000000000000  0.115984184558910  1.000000000000000  0.000000000000000  0.000000000000000  1.000000000000000  0.000000000000000  0.000000000000000  0.000000000000000  0.006735496445450  1.000000000000000  1.000000000000000 
