No:  residues  hmm_col_1  hmm_col_2  hmm_col_3  hmm_col_4  hmm_col_5  hmm_col_6  hmm_col_7  hmm_col_8  hmm_col_9  hmm_col_10  hmm_col_11  hmm_col_12  hmm_col_13  hmm_col_14  hmm_col_15  hmm_col_16  hmm_col_17  hmm_col_18  hmm_col_19  hmm_col_20  hmm_col_21   hmm_col_22   hmm_col_23   hmm_col_24   hmm_col_25   hmm_col_26   hmm_col_27   hmm_col_28   hmm_col_29   hmm_col_30   
1.0    M  0.000000000000000  0.000000000000000  0.000000000000000  0.000000000000000  0.000000000000000  0.000000000000000  0.000000000000000  0.000000000000000  0.000000000000000  0.000000000000000  1.000000000000000  0.000000000000000  0.000000000000000  0.000000000000000  0.000000000000000  0.000000000000000  0.000000000000000  0.000000000000000  0.000000000000000  0.000000000000000  1.000000000000000  0.000000000000000  0.000000000000000  0.000000000000000  0.000000000000000  0.000000000000000  0.000000000000000  0.336575017319196  1.000000000000000  1.000000000000000 
2.0    A  1.000000000000000  0.000000000000000  0.000000000000000  0.000000000000000  0.000000000000000  0.000000000000000  0.000000000000000  0.000000000000000  0.000000000000000  0.000000000000000  0.000000000000000  0.000000000000000  0.000000000000000  0.000000000000000  0.000000000000000  0.000000000000000  0.000000000000000  0.000000000000000  0.000000000000000  0.000000000000000  1.000000000000000  0.000000000000000  0.000000000000000  0.000000000000000  0.000000000000000  0.000000000000000  0.000000000000000  0.336575017319196  1.000000000000000  1.000000000000000 
3.0    S  0.000000000000000  0.000000000000000  0.000000000000000  0.000000000000000  0.000000000000000  0.000000000000000  0.000000000000000  0.000000000000000  0.000000000000000  0.000000000000000  0.000000000000000  0.000000000000000  0.000000000000000  0.000000000000000  0.000000000000000  1.000000000000000  0.000000000000000  0.000000000000000  0.000000000000000  0.000000000000000  1.000000000000000  0.000000000000000  0.000000000000000  0.000000000000000  0.000000000000000  0.000000000000000  0.000000000000000  0.336575017319196  1.000000000000000  1.000000000000000 
4.0    Q  0.000000000000000  0.000000000000000  0.000000000000000  0.000000000000000  0.000000000000000  0.000000000000000  0.000000000000000  0.000000000000000  0.000000000000000  0.000000000000000  0.000000000000000  0.000000000000000  0.000000000000000  1.000000000000000  0.000000000000000  0.000000000000000  0.000000000000000  0.000000000000000  0.000000000000000  0.000000000000000  1.000000000000000  0.000000000000000  0.000000000000000  0.000000000000000  0.000000000000000  0.000000000000000  0.000000000000000  0.336575017319196  1.000000000000000  1.000000000000000 
5.0    K  0.000000000000000  0.000000000000000  0.000000000000000  0.000000000000000  0.000000000000000  0.000000000000000  0.000000000000000  0.000000000000000  1.000000000000000  0.000000000000000  0.000000000000000  0.000000000000000  0.000000000000000  0.000000000000000  0.000000000000000  0.000000000000000  0.000000000000000  0.000000000000000  0.000000000000000  0.000000000000000  1.000000000000000  0.000000000000000  0.000000000000000  0.000000000000000  0.000000000000000  0.000000000000000  0.000000000000000  0.336575017319196  1.000000000000000  1.000000000000000 
6.0    R  0.000000000000000  0.000000000000000  0.000000000000000  0.000000000000000  0.000000000000000  0.000000000000000  0.248789930455021  0.000000000000000  0.000000000000000  0.000000000000000  0.000000000000000  0.000000000000000  0.000000000000000  0.000000000000000  0.751059963470465  0.000000000000000  0.000000000000000  0.000000000000000  0.000000000000000  0.000000000000000  0.885767519102361  0.000000000000000  0.114308136187488  0.000000000000000  0.000000000000000  0.000000000000000  0.000000000000000  0.336575017319196  1.000000000000000  1.000000000000000 
7.0    P  0.000000000000000  0.000000000000000  0.000000000000000  0.000000000000000  0.000000000000000  0.000000000000000  0.000000000000000  0.000000000000000  0.000000000000000  0.000000000000000  0.000000000000000  0.000000000000000  0.235532818476202  0.000000000000000  0.000000000000000  0.764718138941384  0.000000000000000  0.000000000000000  0.000000000000000  0.000000000000000  1.000000000000000  0.000000000000000  0.000000000000000  0.000000000000000  0.000000000000000  1.000000000000000  0.000000000000000  0.342458244991391  1.000000000000000  0.499307333050514 
8.0    S  0.000000000000000  0.000000000000000  0.000000000000000  0.000000000000000  0.000000000000000  0.000000000000000  0.000000000000000  0.000000000000000  0.000000000000000  0.000000000000000  0.000000000000000  0.000000000000000  0.000000000000000  0.000000000000000  0.134436798807172  0.865736565519658  0.000000000000000  0.000000000000000  0.000000000000000  0.000000000000000  1.000000000000000  0.000000000000000  0.000000000000000  0.000000000000000  0.000000000000000  0.000000000000000  0.000000000000000  0.336575017319196  1.000000000000000  1.000000000000000 
9.0    Q  0.000000000000000  0.000000000000000  0.000000000000000  0.000000000000000  0.318861097919636  0.134436798807172  0.000000000000000  0.000000000000000  0.000000000000000  0.000000000000000  0.000000000000000  0.000000000000000  0.000000000000000  0.432568345292494  0.114308136187488  0.000000000000000  0.000000000000000  0.000000000000000  0.000000000000000  0.000000000000000  1.000000000000000  0.000000000000000  0.000000000000000  0.000000000000000  0.000000000000000  0.000000000000000  0.000000000000000  0.336575017319196  1.000000000000000  1.000000000000000 
10.0    R  0.000000000000000  0.000000000000000  0.000000000000000  0.000000000000000  0.000000000000000  0.114308136187488  0.134436798807172  0.000000000000000  0.000000000000000  0.000000000000000  0.000000000000000  0.000000000000000  0.000000000000000  0.000000000000000  0.751059963470465  0.000000000000000  0.000000000000000  0.000000000000000  0.000000000000000  0.000000000000000  1.000000000000000  0.000000000000000  0.000000000000000  0.000000000000000  0.000000000000000  0.000000000000000  0.000000000000000  0.336575017319196  1.000000000000000  1.000000000000000 
11.0    H  0.000000000000000  0.000000000000000  0.000000000000000  0.000000000000000  0.000000000000000  0.134436798807172  0.865736565519658  0.000000000000000  0.000000000000000  0.000000000000000  0.000000000000000  0.000000000000000  0.000000000000000  0.000000000000000  0.000000000000000  0.000000000000000  0.000000000000000  0.000000000000000  0.000000000000000  0.000000000000000  1.000000000000000  0.000000000000000  0.000000000000000  0.000000000000000  0.000000000000000  0.000000000000000  0.000000000000000  0.336575017319196  1.000000000000000  1.000000000000000 
12.0    G  0.000000000000000  0.000000000000000  0.000000000000000  0.000000000000000  0.000000000000000  0.865736565519658  0.000000000000000  0.000000000000000  0.000000000000000  0.000000000000000  0.000000000000000  0.000000000000000  0.000000000000000  0.000000000000000  0.000000000000000  0.134436798807172  0.000000000000000  0.000000000000000  0.000000000000000  0.000000000000000  1.000000000000000  0.000000000000000  0.000000000000000  0.000000000000000  0.000000000000000  0.000000000000000  0.000000000000000  0.336575017319196  1.000000000000000  1.000000000000000 
13.0    S  0.000000000000000  0.000000000000000  0.000000000000000  0.000000000000000  0.000000000000000  0.000000000000000  0.000000000000000  0.000000000000000  0.134436798807172  0.000000000000000  0.000000000000000  0.000000000000000  0.000000000000000  0.000000000000000  0.000000000000000  0.865736565519658  0.000000000000000  0.000000000000000  0.000000000000000  0.000000000000000  1.000000000000000  0.000000000000000  0.000000000000000  0.000000000000000  0.000000000000000  0.000000000000000  0.000000000000000  0.336575017319196  1.000000000000000  1.000000000000000 
14.0    K  0.000000000000000  0.000000000000000  0.000000000000000  0.000000000000000  0.000000000000000  0.000000000000000  0.000000000000000  0.000000000000000  0.865736565519658  0.000000000000000  0.000000000000000  0.000000000000000  0.000000000000000  0.134436798807172  0.000000000000000  0.000000000000000  0.000000000000000  0.000000000000000  0.000000000000000  0.000000000000000  0.546767728742316  0.000000000000000  0.453130969133667  0.000000000000000  0.000000000000000  0.000000000000000  0.000000000000000  0.336575017319196  1.000000000000000  1.000000000000000 
15.0    Y  0.000000000000000  0.000000000000000  0.000000000000000  0.000000000000000  0.000000000000000  0.000000000000000  0.000000000000000  0.000000000000000  0.000000000000000  0.000000000000000  0.000000000000000  0.000000000000000  0.000000000000000  0.237171078785113  0.000000000000000  0.000000000000000  0.000000000000000  0.000000000000000  0.000000000000000  0.762600826628142  1.000000000000000  0.000000000000000  0.000000000000000  0.000000000000000  0.000000000000000  1.000000000000000  0.000000000000000  0.382889499273596  1.000000000000000  0.440434687063490 
16.0    L  0.000000000000000  0.000000000000000  0.000000000000000  0.000000000000000  0.000000000000000  0.000000000000000  0.000000000000000  0.000000000000000  0.000000000000000  0.479964630519454  0.520150133260993  0.000000000000000  0.000000000000000  0.000000000000000  0.000000000000000  0.000000000000000  0.000000000000000  0.000000000000000  0.000000000000000  0.000000000000000  1.000000000000000  0.000000000000000  0.000000000000000  0.000000000000000  0.000000000000000  0.000000000000000  0.000000000000000  0.237006741282161  1.000000000000000  1.000000000000000 
17.0    A  1.000000000000000  0.000000000000000  0.000000000000000  0.000000000000000  0.000000000000000  0.000000000000000  0.000000000000000  0.000000000000000  0.000000000000000  0.000000000000000  0.000000000000000  0.000000000000000  0.000000000000000  0.000000000000000  0.000000000000000  0.000000000000000  0.000000000000000  0.000000000000000  0.000000000000000  0.000000000000000  1.000000000000000  0.000000000000000  0.000000000000000  0.000000000000000  0.000000000000000  0.000000000000000  0.000000000000000  0.237006741282161  1.000000000000000  1.000000000000000 
18.0    T  0.000000000000000  0.000000000000000  0.000000000000000  0.000000000000000  0.000000000000000  0.000000000000000  0.000000000000000  0.000000000000000  0.000000000000000  0.000000000000000  0.000000000000000  0.000000000000000  0.000000000000000  0.000000000000000  0.000000000000000  0.426317445883978  0.573553512113083  0.000000000000000  0.000000000000000  0.000000000000000  1.000000000000000  0.000000000000000  0.000000000000000  0.000000000000000  0.000000000000000  0.000000000000000  0.000000000000000  0.237006741282161  1.000000000000000  1.000000000000000 
19.0    A  1.000000000000000  0.000000000000000  0.000000000000000  0.000000000000000  0.000000000000000  0.000000000000000  0.000000000000000  0.000000000000000  0.000000000000000  0.000000000000000  0.000000000000000  0.000000000000000  0.000000000000000  0.000000000000000  0.000000000000000  0.000000000000000  0.000000000000000  0.000000000000000  0.000000000000000  0.000000000000000  1.000000000000000  0.000000000000000  0.000000000000000  0.000000000000000  0.000000000000000  0.000000000000000  0.000000000000000  0.237006741282161  1.000000000000000  1.000000000000000 
20.0    S  0.000000000000000  0.000000000000000  0.000000000000000  0.000000000000000  0.000000000000000  0.032419373017675  0.000000000000000  0.000000000000000  0.000000000000000  0.000000000000000  0.000000000000000  0.000000000000000  0.000000000000000  0.000000000000000  0.000000000000000  0.864537231307865  0.103234708116965  0.000000000000000  0.000000000000000  0.000000000000000  0.906890328933143  0.000000000000000  0.093169399174933  0.000000000000000  0.000000000000000  0.000000000000000  0.000000000000000  0.237006741282161  1.000000000000000  1.000000000000000 
21.0    T  0.000000000000000  0.000000000000000  0.000000000000000  0.000000000000000  0.000000000000000  0.206755842110816  0.000000000000000  0.073607674349686  0.000000000000000  0.000000000000000  0.000000000000000  0.000000000000000  0.000000000000000  0.000000000000000  0.000000000000000  0.040302132832996  0.679243142274472  0.000000000000000  0.000000000000000  0.000000000000000  1.000000000000000  0.000000000000000  0.000000000000000  1.000000000000000  0.000000000000000  1.000000000000000  0.000000000000000  0.247585717983256  0.494485458190466  0.494485458190466 
22.0    M  0.000000000000000  0.000000000000000  0.000000000000000  0.000000000000000  0.000000000000000  0.000000000000000  0.000000000000000  0.193579756963305  0.000000000000000  0.084260483233566  0.202220337090435  0.000000000000000  0.000000000000000  0.000000000000000  0.000000000000000  0.462331639056850  0.000000000000000  0.000000000000000  0.000000000000000  0.057791454882106  0.874178620410373  0.000000000000000  0.125607977552973  0.000000000000000  0.000000000000000  0.000000000000000  0.000000000000000  0.237006741282161  1.000000000000000  1.000000000000000 
23.0    D  0.000000000000000  0.000000000000000  0.768437590644006  0.000000000000000  0.000000000000000  0.231326107009463  0.000000000000000  0.000000000000000  0.000000000000000  0.000000000000000  0.000000000000000  0.000000000000000  0.000000000000000  0.000000000000000  0.000000000000000  0.000000000000000  0.000000000000000  0.000000000000000  0.000000000000000  0.000000000000000  1.000000000000000  0.000000000000000  0.000000000000000  0.000000000000000  0.000000000000000  0.667111584838885  0.332862903309093  0.247242729095233  1.000000000000000  0.480963727332387 
24.0    H  0.000000000000000  0.000000000000000  0.000000000000000  0.000000000000000  0.000000000000000  0.000000000000000  0.709561678100191  0.000000000000000  0.000000000000000  0.000000000000000  0.000000000000000  0.000000000000000  0.000000000000000  0.290377182981431  0.000000000000000  0.000000000000000  0.000000000000000  0.000000000000000  0.000000000000000  0.000000000000000  1.000000000000000  0.000000000000000  0.000000000000000  0.000000000000000  0.000000000000000  0.000000000000000  1.000000000000000  0.236350529187686  1.000000000000000  0.500000000000000 
25.0    A  0.618995145418723  0.000000000000000  0.000000000000000  0.000000000000000  0.000000000000000  0.079660039207454  0.000000000000000  0.000000000000000  0.000000000000000  0.000000000000000  0.000000000000000  0.089995707407168  0.000000000000000  0.000000000000000  0.000000000000000  0.211246596103128  0.000000000000000  0.000000000000000  0.000000000000000  0.000000000000000  1.000000000000000  0.000000000000000  0.000000000000000  0.000000000000000  0.000000000000000  0.000000000000000  1.000000000000000  0.236350529187686  1.000000000000000  0.500000000000000 
26.0    R  0.102166916061035  0.000000000000000  0.000000000000000  0.000000000000000  0.000000000000000  0.000000000000000  0.000000000000000  0.000000000000000  0.116871899718932  0.000000000000000  0.000000000000000  0.000000000000000  0.089995707407168  0.000000000000000  0.592546385470791  0.000000000000000  0.098209064583448  0.000000000000000  0.000000000000000  0.000000000000000  1.000000000000000  0.000000000000000  0.000000000000000  0.000000000000000  0.000000000000000  0.000000000000000  1.000000000000000  0.236350529187686  1.000000000000000  0.500000000000000 
27.0    H  0.000000000000000  0.000000000000000  0.000000000000000  0.000000000000000  0.290377182981431  0.000000000000000  0.592546385470791  0.000000000000000  0.000000000000000  0.000000000000000  0.000000000000000  0.000000000000000  0.000000000000000  0.116871899718932  0.000000000000000  0.000000000000000  0.000000000000000  0.000000000000000  0.000000000000000  0.000000000000000  0.883315051481465  0.116871899718932  0.000000000000000  0.500000000000000  0.500000000000000  1.000000000000000  0.000000000000000  0.236350529187686  0.494485458190466  0.500000000000000 
28.0    G  0.000000000000000  0.000000000000000  0.000000000000000  0.000000000000000  0.000000000000000  0.906890328933143  0.000000000000000  0.000000000000000  0.000000000000000  0.000000000000000  0.000000000000000  0.000000000000000  0.000000000000000  0.000000000000000  0.093169399174933  0.000000000000000  0.000000000000000  0.000000000000000  0.000000000000000  0.000000000000000  0.669427628489221  0.000000000000000  0.330563651285644  0.000000000000000  0.000000000000000  0.000000000000000  0.000000000000000  0.237006741282161  1.000000000000000  1.000000000000000 
29.0    F  0.135184345435452  0.000000000000000  0.000000000000000  0.000000000000000  0.284007316196672  0.000000000000000  0.000000000000000  0.000000000000000  0.000000000000000  0.170636714735646  0.000000000000000  0.000000000000000  0.000000000000000  0.000000000000000  0.000000000000000  0.120240931833097  0.000000000000000  0.000000000000000  0.000000000000000  0.289773987976114  0.824733548610081  0.175312406330300  0.000000000000000  0.404160434402784  0.595841287287023  1.000000000000000  0.000000000000000  0.261340025051291  0.474013482564323  0.415811049187453 
30.0    L  0.000000000000000  0.000000000000000  0.000000000000000  0.000000000000000  0.000000000000000  0.100411749594629  0.176043028364010  0.000000000000000  0.000000000000000  0.358240412593275  0.000000000000000  0.069685388670481  0.072644631719882  0.000000000000000  0.090370768409109  0.132677901118724  0.000000000000000  0.000000000000000  0.000000000000000  0.000000000000000  1.000000000000000  0.000000000000000  0.000000000000000  0.000000000000000  0.000000000000000  1.000000000000000  0.000000000000000  0.237171078785113  1.000000000000000  0.499307333050514 
31.0    P  0.000000000000000  0.000000000000000  0.000000000000000  0.000000000000000  0.000000000000000  0.319082192207238  0.000000000000000  0.000000000000000  0.000000000000000  0.000000000000000  0.000000000000000  0.000000000000000  0.410940093647425  0.000000000000000  0.166893537911988  0.103234708116965  0.000000000000000  0.000000000000000  0.000000000000000  0.000000000000000  1.000000000000000  0.000000000000000  0.000000000000000  0.000000000000000  0.000000000000000  0.000000000000000  0.000000000000000  0.237006741282161  1.000000000000000  1.000000000000000 
32.0    R  0.000000000000000  0.000000000000000  0.000000000000000  0.000000000000000  0.000000000000000  0.000000000000000  0.000000000000000  0.000000000000000  0.000000000000000  0.000000000000000  0.000000000000000  0.000000000000000  0.000000000000000  0.000000000000000  1.000000000000000  0.000000000000000  0.000000000000000  0.000000000000000  0.000000000000000  0.000000000000000  0.732550437305669  0.267386771971311  0.000000000000000  1.000000000000000  0.000000000000000  0.000000000000000  0.000000000000000  0.237006741282161  0.430773079856009  1.000000000000000 
33.0    H  0.000000000000000  0.000000000000000  0.000000000000000  0.000000000000000  0.000000000000000  0.000000000000000  0.462652214018926  0.000000000000000  0.303759197976254  0.000000000000000  0.000000000000000  0.000000000000000  0.000000000000000  0.103234708116965  0.000000000000000  0.000000000000000  0.000000000000000  0.000000000000000  0.000000000000000  0.130398574191232  1.000000000000000  0.000000000000000  0.000000000000000  0.000000000000000  0.000000000000000  0.000000000000000  0.000000000000000  0.237006741282161  1.000000000000000  1.000000000000000 
34.0    R  0.000000000000000  0.000000000000000  0.000000000000000  0.000000000000000  0.000000000000000  0.000000000000000  0.000000000000000  0.000000000000000  0.303759197976254  0.000000000000000  0.000000000000000  0.000000000000000  0.000000000000000  0.000000000000000  0.696405740334518  0.000000000000000  0.000000000000000  0.000000000000000  0.000000000000000  0.000000000000000  1.000000000000000  0.000000000000000  0.000000000000000  0.000000000000000  0.000000000000000  0.000000000000000  0.000000000000000  0.237006741282161  1.000000000000000  1.000000000000000 
35.0    D  0.080436827956329  0.000000000000000  0.565657231422950  0.130398574191232  0.000000000000000  0.000000000000000  0.000000000000000  0.000000000000000  0.000000000000000  0.000000000000000  0.000000000000000  0.125607977552973  0.000000000000000  0.000000000000000  0.000000000000000  0.097733705391074  0.000000000000000  0.000000000000000  0.000000000000000  0.000000000000000  1.000000000000000  0.000000000000000  0.000000000000000  0.000000000000000  0.000000000000000  0.000000000000000  0.000000000000000  0.237006741282161  1.000000000000000  1.000000000000000 
36.0    T  0.000000000000000  0.000000000000000  0.000000000000000  0.000000000000000  0.000000000000000  0.000000000000000  0.000000000000000  0.000000000000000  0.000000000000000  0.000000000000000  0.000000000000000  0.000000000000000  0.434371092575312  0.000000000000000  0.000000000000000  0.279321784518055  0.286379474494939  0.000000000000000  0.000000000000000  0.000000000000000  1.000000000000000  0.000000000000000  0.000000000000000  0.000000000000000  0.000000000000000  0.000000000000000  0.000000000000000  0.237006741282161  1.000000000000000  1.000000000000000 
37.0    G  0.000000000000000  0.000000000000000  0.000000000000000  0.000000000000000  0.000000000000000  0.845572287377516  0.000000000000000  0.000000000000000  0.000000000000000  0.000000000000000  0.000000000000000  0.000000000000000  0.000000000000000  0.000000000000000  0.000000000000000  0.061298687749284  0.093169399174933  0.000000000000000  0.000000000000000  0.000000000000000  1.000000000000000  0.000000000000000  0.000000000000000  0.000000000000000  0.000000000000000  0.000000000000000  0.000000000000000  0.237006741282161  1.000000000000000  1.000000000000000 
38.0    I  0.000000000000000  0.000000000000000  0.000000000000000  0.000000000000000  0.084260483233566  0.000000000000000  0.000000000000000  0.202220337090435  0.000000000000000  0.539988279916441  0.000000000000000  0.000000000000000  0.000000000000000  0.000000000000000  0.000000000000000  0.000000000000000  0.000000000000000  0.173619391970639  0.000000000000000  0.000000000000000  1.000000000000000  0.000000000000000  0.000000000000000  0.000000000000000  0.000000000000000  0.000000000000000  0.000000000000000  0.237006741282161  1.000000000000000  1.000000000000000 
39.0    L  0.000000000000000  0.000000000000000  0.000000000000000  0.000000000000000  0.000000000000000  0.000000000000000  0.000000000000000  0.000000000000000  0.000000000000000  0.874178620410373  0.125607977552973  0.000000000000000  0.000000000000000  0.000000000000000  0.000000000000000  0.000000000000000  0.000000000000000  0.000000000000000  0.000000000000000  0.000000000000000  1.000000000000000  0.000000000000000  0.000000000000000  0.000000000000000  0.000000000000000  0.000000000000000  0.000000000000000  0.237006741282161  1.000000000000000  1.000000000000000 
40.0    D  0.000000000000000  0.000000000000000  1.000000000000000  0.000000000000000  0.000000000000000  0.000000000000000  0.000000000000000  0.000000000000000  0.000000000000000  0.000000000000000  0.000000000000000  0.000000000000000  0.000000000000000  0.000000000000000  0.000000000000000  0.000000000000000  0.000000000000000  0.000000000000000  0.000000000000000  0.000000000000000  1.000000000000000  0.000000000000000  0.000000000000000  0.000000000000000  0.000000000000000  0.000000000000000  0.000000000000000  0.237006741282161  1.000000000000000  1.000000000000000 
41.0    S  0.000000000000000  0.000000000000000  0.000000000000000  0.000000000000000  0.000000000000000  0.000000000000000  0.000000000000000  0.000000000000000  0.000000000000000  0.000000000000000  0.000000000000000  0.000000000000000  0.000000000000000  0.406971592535217  0.000000000000000  0.592957249705474  0.000000000000000  0.000000000000000  0.000000000000000  0.000000000000000  1.000000000000000  0.000000000000000  0.000000000000000  0.000000000000000  0.000000000000000  0.000000000000000  0.000000000000000  0.237006741282161  1.000000000000000  1.000000000000000 
42.0    I  0.000000000000000  0.000000000000000  0.000000000000000  0.000000000000000  0.000000000000000  0.000000000000000  0.000000000000000  0.440129506781575  0.000000000000000  0.560194607097088  0.000000000000000  0.000000000000000  0.000000000000000  0.000000000000000  0.000000000000000  0.000000000000000  0.000000000000000  0.000000000000000  0.000000000000000  0.000000000000000  1.000000000000000  0.000000000000000  0.000000000000000  0.000000000000000  0.000000000000000  0.000000000000000  0.000000000000000  0.237006741282161  1.000000000000000  1.000000000000000 
43.0    G  0.000000000000000  0.000000000000000  0.000000000000000  0.000000000000000  0.000000000000000  0.919550046151658  0.000000000000000  0.000000000000000  0.000000000000000  0.000000000000000  0.000000000000000  0.000000000000000  0.000000000000000  0.000000000000000  0.000000000000000  0.080436827956329  0.000000000000000  0.000000000000000  0.000000000000000  0.000000000000000  1.000000000000000  0.000000000000000  0.000000000000000  0.000000000000000  0.000000000000000  0.000000000000000  0.000000000000000  0.237006741282161  1.000000000000000  1.000000000000000 
44.0    R  0.000000000000000  0.000000000000000  0.000000000000000  0.000000000000000  0.000000000000000  0.000000000000000  0.072293011494080  0.000000000000000  0.178500497460633  0.000000000000000  0.000000000000000  0.000000000000000  0.000000000000000  0.112734422297781  0.636397467637971  0.000000000000000  0.000000000000000  0.000000000000000  0.000000000000000  0.000000000000000  1.000000000000000  0.000000000000000  0.000000000000000  0.000000000000000  0.000000000000000  0.000000000000000  0.000000000000000  0.226722582233286  1.000000000000000  1.000000000000000 
45.0    F  0.000000000000000  0.000000000000000  0.000000000000000  0.000000000000000  0.918912883479050  0.000000000000000  0.000000000000000  0.000000000000000  0.000000000000000  0.081164912670618  0.000000000000000  0.000000000000000  0.000000000000000  0.000000000000000  0.000000000000000  0.000000000000000  0.000000000000000  0.000000000000000  0.000000000000000  0.000000000000000  1.000000000000000  0.000000000000000  0.000000000000000  0.000000000000000  0.000000000000000  0.000000000000000  0.000000000000000  0.226722582233286  1.000000000000000  1.000000000000000 
46.0    F  0.000000000000000  0.000000000000000  0.000000000000000  0.000000000000000  1.000000000000000  0.000000000000000  0.000000000000000  0.000000000000000  0.000000000000000  0.000000000000000  0.000000000000000  0.000000000000000  0.000000000000000  0.000000000000000  0.000000000000000  0.000000000000000  0.000000000000000  0.000000000000000  0.000000000000000  0.000000000000000  1.000000000000000  0.000000000000000  0.000000000000000  0.000000000000000  0.000000000000000  0.000000000000000  0.000000000000000  0.209642046110233  1.000000000000000  1.000000000000000 
47.0    G  0.000000000000000  0.000000000000000  0.000000000000000  0.000000000000000  0.000000000000000  0.931094819830229  0.000000000000000  0.000000000000000  0.000000000000000  0.000000000000000  0.000000000000000  0.000000000000000  0.000000000000000  0.000000000000000  0.000000000000000  0.069060280299994  0.000000000000000  0.000000000000000  0.000000000000000  0.000000000000000  0.821310700752066  0.178624267467637  0.000000000000000  0.500000000000000  0.500000000000000  0.000000000000000  0.000000000000000  0.209642046110233  0.464580337125457  1.000000000000000 
48.0    G  0.000000000000000  0.000000000000000  0.000000000000000  0.000000000000000  0.000000000000000  0.931740429304773  0.000000000000000  0.000000000000000  0.000000000000000  0.000000000000000  0.000000000000000  0.000000000000000  0.000000000000000  0.000000000000000  0.000000000000000  0.068109507013333  0.000000000000000  0.000000000000000  0.000000000000000  0.000000000000000  1.000000000000000  0.000000000000000  0.000000000000000  0.000000000000000  0.000000000000000  0.000000000000000  0.000000000000000  0.209642046110233  1.000000000000000  1.000000000000000 
49.0    D  0.000000000000000  0.000000000000000  0.593779833036705  0.227825320159285  0.000000000000000  0.000000000000000  0.000000000000000  0.000000000000000  0.000000000000000  0.000000000000000  0.000000000000000  0.000000000000000  0.000000000000000  0.000000000000000  0.000000000000000  0.178624267467637  0.000000000000000  0.000000000000000  0.000000000000000  0.000000000000000  1.000000000000000  0.000000000000000  0.000000000000000  0.000000000000000  0.000000000000000  0.000000000000000  0.000000000000000  0.209642046110233  1.000000000000000  1.000000000000000 
50.0    R  0.000000000000000  0.000000000000000  0.000000000000000  0.000000000000000  0.000000000000000  0.000000000000000  0.000000000000000  0.000000000000000  0.319524840800763  0.000000000000000  0.000000000000000  0.000000000000000  0.000000000000000  0.000000000000000  0.680657058249737  0.000000000000000  0.000000000000000  0.000000000000000  0.000000000000000  0.000000000000000  1.000000000000000  0.000000000000000  0.000000000000000  0.000000000000000  0.000000000000000  0.000000000000000  0.000000000000000  0.209642046110233  1.000000000000000  1.000000000000000 
51.0    G  0.049859077488065  0.000000000000000  0.064435519924674  0.000000000000000  0.000000000000000  0.193445624192799  0.167472950303480  0.000000000000000  0.389582289830250  0.000000000000000  0.000000000000000  0.000000000000000  0.000000000000000  0.000000000000000  0.000000000000000  0.135184345435452  0.000000000000000  0.000000000000000  0.000000000000000  0.000000000000000  0.796640096285583  0.000000000000000  0.203626890767554  0.000000000000000  0.000000000000000  0.000000000000000  0.000000000000000  0.209642046110233  1.000000000000000  1.000000000000000 
52.0    A  0.222518933313124  0.000000000000000  0.000000000000000  0.000000000000000  0.000000000000000  0.000000000000000  0.000000000000000  0.000000000000000  0.000000000000000  0.000000000000000  0.000000000000000  0.000000000000000  0.000000000000000  0.000000000000000  0.000000000000000  0.000000000000000  0.000000000000000  0.777546035882558  0.000000000000000  0.000000000000000  1.000000000000000  0.000000000000000  0.000000000000000  0.000000000000000  0.000000000000000  0.000000000000000  1.000000000000000  0.256139205758200  1.000000000000000  0.439824537961218 
53.0    P  0.000000000000000  0.000000000000000  0.000000000000000  0.000000000000000  0.000000000000000  0.000000000000000  0.000000000000000  0.000000000000000  0.000000000000000  0.000000000000000  0.000000000000000  0.000000000000000  1.000000000000000  0.000000000000000  0.000000000000000  0.000000000000000  0.000000000000000  0.000000000000000  0.000000000000000  0.000000000000000  1.000000000000000  0.000000000000000  0.000000000000000  0.000000000000000  0.000000000000000  1.000000000000000  0.000000000000000  0.256139205758200  1.000000000000000  0.439824537961218 
54.0    K  0.000000000000000  0.000000000000000  0.000000000000000  0.178500497460633  0.000000000000000  0.000000000000000  0.000000000000000  0.000000000000000  0.261521234948132  0.000000000000000  0.000000000000000  0.000000000000000  0.000000000000000  0.000000000000000  0.559806444327120  0.000000000000000  0.000000000000000  0.000000000000000  0.000000000000000  0.000000000000000  1.000000000000000  0.000000000000000  0.000000000000000  0.000000000000000  0.000000000000000  0.000000000000000  0.000000000000000  0.219759890227947  1.000000000000000  1.000000000000000 
55.0    R  0.000000000000000  0.000000000000000  0.000000000000000  0.000000000000000  0.000000000000000  0.000000000000000  0.000000000000000  0.000000000000000  0.505225723243382  0.000000000000000  0.000000000000000  0.000000000000000  0.000000000000000  0.000000000000000  0.494828328207603  0.000000000000000  0.000000000000000  0.000000000000000  0.000000000000000  0.000000000000000  1.000000000000000  0.000000000000000  0.000000000000000  0.000000000000000  0.000000000000000  0.000000000000000  0.000000000000000  0.219759890227947  1.000000000000000  1.000000000000000 
56.0    G  0.062891113968611  0.000000000000000  0.000000000000000  0.000000000000000  0.000000000000000  0.936921446872426  0.000000000000000  0.000000000000000  0.000000000000000  0.000000000000000  0.000000000000000  0.000000000000000  0.000000000000000  0.000000000000000  0.000000000000000  0.000000000000000  0.000000000000000  0.000000000000000  0.000000000000000  0.000000000000000  1.000000000000000  0.000000000000000  0.000000000000000  0.000000000000000  0.000000000000000  0.000000000000000  0.000000000000000  0.219759890227947  1.000000000000000  1.000000000000000 
57.0    S  0.079219532627152  0.000000000000000  0.000000000000000  0.000000000000000  0.000000000000000  0.000000000000000  0.000000000000000  0.000000000000000  0.511923450214221  0.000000000000000  0.000000000000000  0.000000000000000  0.000000000000000  0.000000000000000  0.000000000000000  0.408667664244142  0.000000000000000  0.000000000000000  0.000000000000000  0.000000000000000  1.000000000000000  0.000000000000000  0.000000000000000  0.000000000000000  0.000000000000000  0.000000000000000  0.000000000000000  0.219759890227947  1.000000000000000  1.000000000000000 
58.0    G  0.000000000000000  0.000000000000000  0.110567554416443  0.178500497460633  0.000000000000000  0.711038705293637  0.000000000000000  0.000000000000000  0.000000000000000  0.000000000000000  0.000000000000000  0.000000000000000  0.000000000000000  0.000000000000000  0.000000000000000  0.000000000000000  0.000000000000000  0.000000000000000  0.000000000000000  0.000000000000000  0.946713631236714  0.000000000000000  0.053105312446166  0.000000000000000  0.000000000000000  0.000000000000000  0.000000000000000  0.219759890227947  1.000000000000000  1.000000000000000 
59.0    K  0.000000000000000  0.000000000000000  0.000000000000000  0.000000000000000  0.000000000000000  0.000000000000000  0.000000000000000  0.000000000000000  0.466193243218416  0.000000000000000  0.000000000000000  0.000000000000000  0.185694115082604  0.000000000000000  0.000000000000000  0.232129213076682  0.000000000000000  0.000000000000000  0.000000000000000  0.116064606538341  0.319968103461077  0.131032809439616  0.549046406893525  0.657927262514504  0.341983825975623  0.000000000000000  1.000000000000000  0.220522841299294  0.485653747770817  0.499307333050514 
60.0    D  0.255607132652481  0.000000000000000  0.280097303548544  0.156583054828016  0.000000000000000  0.000000000000000  0.000000000000000  0.000000000000000  0.000000000000000  0.000000000000000  0.000000000000000  0.000000000000000  0.163799175482295  0.000000000000000  0.000000000000000  0.000000000000000  0.000000000000000  0.000000000000000  0.143886186415970  0.000000000000000  0.856188284546457  0.143886186415970  0.000000000000000  0.058842404033825  0.941478464541206  0.000000000000000  1.000000000000000  0.293819082104943  0.500000000000000  0.338681244371342 
61.0    S  0.000000000000000  0.000000000000000  0.000000000000000  0.000000000000000  0.000000000000000  0.000000000000000  0.000000000000000  0.000000000000000  0.000000000000000  0.285190928967106  0.156583054828016  0.000000000000000  0.000000000000000  0.000000000000000  0.000000000000000  0.138792354203580  0.419284092220466  0.000000000000000  0.000000000000000  0.000000000000000  0.423959982316574  0.419284092220466  0.156583054828016  0.500000000000000  0.500000000000000  0.258457684061991  0.741747466920561  0.293819082104943  0.474013482564323  0.338681244371342 
62.0    H  0.000000000000000  0.116225617826645  0.116064606538341  0.000000000000000  0.000000000000000  0.000000000000000  0.544876056106664  0.000000000000000  0.000000000000000  0.000000000000000  0.000000000000000  0.000000000000000  0.000000000000000  0.000000000000000  0.000000000000000  0.000000000000000  0.000000000000000  0.222982129855023  0.000000000000000  0.000000000000000  0.884540435331541  0.115183023274838  0.000000000000000  0.255076164812114  0.744838731561351  0.530343870684108  0.469761374607006  0.267201497802752  0.453130969133667  0.363241262392842 
63.0    H  0.000000000000000  0.000000000000000  0.000000000000000  0.000000000000000  0.000000000000000  0.000000000000000  0.690637224071928  0.000000000000000  0.075939799494064  0.233419986228828  0.000000000000000  0.000000000000000  0.000000000000000  0.000000000000000  0.000000000000000  0.000000000000000  0.000000000000000  0.000000000000000  0.000000000000000  0.000000000000000  0.924022572446823  0.075939799494064  0.000000000000000  0.333324669272800  0.666649338545599  0.000000000000000  1.000000000000000  0.256139205758200  0.499307333050514  0.439824537961218 
64.0    A  0.443805668634749  0.000000000000000  0.000000000000000  0.000000000000000  0.000000000000000  0.091823039579894  0.000000000000000  0.000000000000000  0.000000000000000  0.000000000000000  0.464258426153364  0.000000000000000  0.000000000000000  0.000000000000000  0.000000000000000  0.000000000000000  0.000000000000000  0.000000000000000  0.000000000000000  0.000000000000000  0.920187650624875  0.079992025865269  0.000000000000000  0.199990032083188  0.799960128332753  0.000000000000000  1.000000000000000  0.256139205758200  0.500000000000000  0.439824537961218 
65.0    A  0.601234624449089  0.000000000000000  0.000000000000000  0.000000000000000  0.000000000000000  0.000000000000000  0.000000000000000  0.000000000000000  0.000000000000000  0.000000000000000  0.000000000000000  0.000000000000000  0.000000000000000  0.000000000000000  0.000000000000000  0.242826873885408  0.156149515706672  0.000000000000000  0.000000000000000  0.000000000000000  1.000000000000000  0.000000000000000  0.000000000000000  0.000000000000000  0.000000000000000  1.000000000000000  0.000000000000000  0.256139205758200  1.000000000000000  0.439824537961218 
66.0    R  0.000000000000000  0.000000000000000  0.000000000000000  0.000000000000000  0.222982129855023  0.000000000000000  0.000000000000000  0.000000000000000  0.000000000000000  0.000000000000000  0.000000000000000  0.000000000000000  0.178500497460633  0.000000000000000  0.598739352309464  0.000000000000000  0.000000000000000  0.000000000000000  0.000000000000000  0.000000000000000  1.000000000000000  0.000000000000000  0.000000000000000  0.000000000000000  0.000000000000000  0.000000000000000  0.000000000000000  0.219759890227947  1.000000000000000  1.000000000000000 
67.0    T  0.121245238792717  0.000000000000000  0.000000000000000  0.000000000000000  0.000000000000000  0.000000000000000  0.000000000000000  0.000000000000000  0.000000000000000  0.000000000000000  0.000000000000000  0.000000000000000  0.000000000000000  0.000000000000000  0.222982129855023  0.103664943226805  0.441963765531836  0.110261420649647  0.000000000000000  0.000000000000000  1.000000000000000  0.000000000000000  0.000000000000000  0.000000000000000  0.000000000000000  0.000000000000000  0.000000000000000  0.219759890227947  1.000000000000000  1.000000000000000 
68.0    A  0.055552667572911  0.000000000000000  0.000000000000000  0.000000000000000  0.000000000000000  0.468785548228555  0.000000000000000  0.000000000000000  0.000000000000000  0.107917444821801  0.000000000000000  0.000000000000000  0.000000000000000  0.000000000000000  0.000000000000000  0.168520966467132  0.199160024071396  0.000000000000000  0.000000000000000  0.000000000000000  0.942131273904809  0.057992092279455  0.000000000000000  1.000000000000000  0.000000000000000  0.000000000000000  0.000000000000000  0.219759890227947  0.500000000000000  1.000000000000000 
69.0    H  0.083562530962821  0.000000000000000  0.000000000000000  0.000000000000000  0.000000000000000  0.077374393177340  0.735603372927869  0.000000000000000  0.000000000000000  0.000000000000000  0.000000000000000  0.000000000000000  0.000000000000000  0.000000000000000  0.000000000000000  0.000000000000000  0.000000000000000  0.000000000000000  0.000000000000000  0.103664943226805  0.929160674250913  0.000000000000000  0.070511383591032  0.000000000000000  0.000000000000000  0.000000000000000  0.000000000000000  0.219759890227947  1.000000000000000  1.000000000000000 
70.0    Y  0.000000000000000  0.000000000000000  0.000000000000000  0.000000000000000  0.000000000000000  0.000000000000000  0.000000000000000  0.000000000000000  0.142991371650476  0.341510064188599  0.000000000000000  0.000000000000000  0.000000000000000  0.000000000000000  0.000000000000000  0.000000000000000  0.000000000000000  0.176409480426087  0.000000000000000  0.338916081700000  1.000000000000000  0.000000000000000  0.000000000000000  0.000000000000000  0.000000000000000  0.000000000000000  1.000000000000000  0.222518933313124  1.000000000000000  0.494485458190466 
71.0    G  0.142991371650476  0.000000000000000  0.000000000000000  0.000000000000000  0.000000000000000  0.399425958224574  0.000000000000000  0.000000000000000  0.000000000000000  0.000000000000000  0.000000000000000  0.000000000000000  0.000000000000000  0.000000000000000  0.000000000000000  0.457549584063964  0.000000000000000  0.000000000000000  0.000000000000000  0.000000000000000  1.000000000000000  0.000000000000000  0.000000000000000  0.000000000000000  0.000000000000000  0.000000000000000  1.000000000000000  0.222518933313124  1.000000000000000  0.494485458190466 
72.0    S  0.000000000000000  0.000000000000000  0.000000000000000  0.000000000000000  0.000000000000000  0.000000000000000  0.142991371650476  0.000000000000000  0.000000000000000  0.000000000000000  0.000000000000000  0.000000000000000  0.086869888740146  0.000000000000000  0.000000000000000  0.770037174236072  0.000000000000000  0.000000000000000  0.000000000000000  0.000000000000000  0.856781954768570  0.000000000000000  0.142991371650476  0.000000000000000  0.000000000000000  0.000000000000000  1.000000000000000  0.222518933313124  1.000000000000000  0.494485458190466 
73.0    L  0.000000000000000  0.000000000000000  0.000000000000000  0.000000000000000  0.000000000000000  0.109423916211783  0.000000000000000  0.068109507013333  0.000000000000000  0.491751037013124  0.000000000000000  0.000000000000000  0.000000000000000  0.000000000000000  0.000000000000000  0.330792859977030  0.000000000000000  0.000000000000000  0.000000000000000  0.000000000000000  1.000000000000000  0.000000000000000  0.000000000000000  0.000000000000000  0.000000000000000  0.000000000000000  1.000000000000000  0.252088113723649  1.000000000000000  0.464580337125457 
74.0    P  0.000000000000000  0.000000000000000  0.000000000000000  0.000000000000000  0.000000000000000  0.000000000000000  0.000000000000000  0.000000000000000  0.000000000000000  0.000000000000000  0.000000000000000  0.000000000000000  1.000000000000000  0.000000000000000  0.000000000000000  0.000000000000000  0.000000000000000  0.000000000000000  0.000000000000000  0.000000000000000  0.853817714391245  0.146198458006493  0.000000000000000  1.000000000000000  0.000000000000000  0.000000000000000  1.000000000000000  0.252088113723649  0.480630464194381  0.464580337125457 
75.0    Q  0.000000000000000  0.000000000000000  0.000000000000000  0.000000000000000  0.000000000000000  0.000000000000000  0.089126607335259  0.000000000000000  0.000000000000000  0.000000000000000  0.000000000000000  0.000000000000000  0.136219014026666  0.774855930959171  0.000000000000000  0.000000000000000  0.000000000000000  0.000000000000000  0.000000000000000  0.000000000000000  1.000000000000000  0.000000000000000  0.000000000000000  0.166662334636400  0.833353207159218  0.525950889601936  0.474013482564323  0.252088113723649  0.494485458190466  0.464580337125457 
76.0    K  0.000000000000000  0.000000000000000  0.000000000000000  0.000000000000000  0.000000000000000  0.000000000000000  0.000000000000000  0.000000000000000  0.425726853874473  0.000000000000000  0.000000000000000  0.000000000000000  0.000000000000000  0.142991371650476  0.431071772508798  0.000000000000000  0.000000000000000  0.000000000000000  0.000000000000000  0.000000000000000  0.944092419150250  0.055977854380678  0.000000000000000  0.199990032083188  0.799960128332753  0.000000000000000  1.000000000000000  0.222518933313124  0.499307333050514  0.494485458190466 
77.0    S  0.238489887636890  0.000000000000000  0.000000000000000  0.000000000000000  0.000000000000000  0.000000000000000  0.000000000000000  0.000000000000000  0.000000000000000  0.000000000000000  0.000000000000000  0.000000000000000  0.068583246098703  0.000000000000000  0.000000000000000  0.693034942825207  0.000000000000000  0.000000000000000  0.000000000000000  0.000000000000000  0.910669833591978  0.089498046325071  0.000000000000000  0.250000000000000  0.750019494642909  0.453759577658580  0.546010272872826  0.223291463088190  0.498615625676035  0.471719125447680 
78.0    H  0.142991371650476  0.000000000000000  0.000000000000000  0.000000000000000  0.000000000000000  0.063460381304339  0.232129213076682  0.000000000000000  0.000000000000000  0.000000000000000  0.000000000000000  0.000000000000000  0.086869888740146  0.393926943024673  0.000000000000000  0.080660155653236  0.000000000000000  0.000000000000000  0.000000000000000  0.000000000000000  0.407253781535108  0.522317881432116  0.070316155293051  0.444113397921202  0.555939578758553  1.000000000000000  0.000000000000000  0.222518933313124  0.359733395002705  0.494485458190466 
79.0    G  0.000000000000000  0.000000000000000  0.000000000000000  0.000000000000000  0.000000000000000  0.625464540056633  0.070903467808497  0.000000000000000  0.000000000000000  0.000000000000000  0.000000000000000  0.000000000000000  0.000000000000000  0.000000000000000  0.303338390062173  0.000000000000000  0.000000000000000  0.000000000000000  0.000000000000000  0.000000000000000  1.000000000000000  0.000000000000000  0.000000000000000  0.000000000000000  0.000000000000000  1.000000000000000  0.000000000000000  0.222673225151670  1.000000000000000  0.500000000000000 
80.0    R  0.000000000000000  0.000000000000000  0.000000000000000  0.000000000000000  0.000000000000000  0.000000000000000  0.058314561971050  0.000000000000000  0.083562530962821  0.000000000000000  0.000000000000000  0.000000000000000  0.000000000000000  0.000000000000000  0.857970530428691  0.000000000000000  0.000000000000000  0.000000000000000  0.000000000000000  0.000000000000000  1.000000000000000  0.000000000000000  0.000000000000000  0.000000000000000  0.000000000000000  0.000000000000000  0.000000000000000  0.219759890227947  1.000000000000000  1.000000000000000 
81.0    T  0.000000000000000  0.000000000000000  0.000000000000000  0.000000000000000  0.000000000000000  0.000000000000000  0.103664943226805  0.000000000000000  0.000000000000000  0.000000000000000  0.000000000000000  0.000000000000000  0.198884120938730  0.178500497460633  0.222982129855023  0.000000000000000  0.185436866730140  0.000000000000000  0.000000000000000  0.110567554416443  0.948026965128645  0.052301640167712  0.000000000000000  0.333324669272800  0.666649338545599  0.000000000000000  0.000000000000000  0.219759890227947  0.500000000000000  1.000000000000000 
82.0    Q  0.000000000000000  0.079219532627152  0.000000000000000  0.000000000000000  0.000000000000000  0.145591698308557  0.000000000000000  0.000000000000000  0.000000000000000  0.000000000000000  0.000000000000000  0.000000000000000  0.077374393177340  0.184155960727060  0.000000000000000  0.000000000000000  0.178500497460633  0.272249253834027  0.000000000000000  0.062891113968611  1.000000000000000  0.000000000000000  0.000000000000000  0.000000000000000  0.000000000000000  0.000000000000000  0.000000000000000  0.219759890227947  1.000000000000000  1.000000000000000 
83.0    D  0.083562530962821  0.000000000000000  0.916368644675351  0.000000000000000  0.000000000000000  0.000000000000000  0.000000000000000  0.000000000000000  0.000000000000000  0.000000000000000  0.000000000000000  0.000000000000000  0.000000000000000  0.000000000000000  0.000000000000000  0.000000000000000  0.000000000000000  0.000000000000000  0.000000000000000  0.000000000000000  1.000000000000000  0.000000000000000  0.000000000000000  0.000000000000000  0.000000000000000  0.000000000000000  0.000000000000000  0.219759890227947  1.000000000000000  1.000000000000000 
84.0    E  0.000000000000000  0.000000000000000  0.542238704421532  0.395842932935636  0.000000000000000  0.000000000000000  0.000000000000000  0.000000000000000  0.000000000000000  0.000000000000000  0.000000000000000  0.000000000000000  0.000000000000000  0.000000000000000  0.000000000000000  0.000000000000000  0.000000000000000  0.061982295671143  0.000000000000000  0.000000000000000  1.000000000000000  0.000000000000000  0.000000000000000  0.000000000000000  0.000000000000000  0.000000000000000  0.000000000000000  0.219759890227947  1.000000000000000  1.000000000000000 
85.0    N  0.000000000000000  0.000000000000000  0.000000000000000  0.000000000000000  0.000000000000000  0.000000000000000  0.000000000000000  0.000000000000000  0.000000000000000  0.000000000000000  0.000000000000000  0.821310700752066  0.000000000000000  0.000000000000000  0.000000000000000  0.178500497460633  0.000000000000000  0.000000000000000  0.000000000000000  0.000000000000000  1.000000000000000  0.000000000000000  0.000000000000000  0.000000000000000  0.000000000000000  0.000000000000000  0.000000000000000  0.219759890227947  1.000000000000000  1.000000000000000 
86.0    P  0.268873597614345  0.000000000000000  0.000000000000000  0.000000000000000  0.000000000000000  0.000000000000000  0.000000000000000  0.000000000000000  0.000000000000000  0.000000000000000  0.000000000000000  0.000000000000000  0.731028724200017  0.000000000000000  0.000000000000000  0.000000000000000  0.000000000000000  0.000000000000000  0.000000000000000  0.000000000000000  1.000000000000000  0.000000000000000  0.000000000000000  0.000000000000000  0.000000000000000  0.000000000000000  0.000000000000000  0.219759890227947  1.000000000000000  1.000000000000000 
87.0    V  0.000000000000000  0.000000000000000  0.000000000000000  0.000000000000000  0.000000000000000  0.000000000000000  0.000000000000000  0.000000000000000  0.000000000000000  0.000000000000000  0.079219532627152  0.000000000000000  0.000000000000000  0.000000000000000  0.000000000000000  0.000000000000000  0.000000000000000  0.920825697205040  0.000000000000000  0.000000000000000  1.000000000000000  0.000000000000000  0.000000000000000  0.000000000000000  0.000000000000000  0.000000000000000  0.000000000000000  0.219759890227947  1.000000000000000  1.000000000000000 
88.0    V  0.000000000000000  0.000000000000000  0.000000000000000  0.000000000000000  0.000000000000000  0.000000000000000  0.000000000000000  0.000000000000000  0.000000000000000  0.000000000000000  0.077374393177340  0.000000000000000  0.000000000000000  0.000000000000000  0.000000000000000  0.000000000000000  0.000000000000000  0.922742492653798  0.000000000000000  0.000000000000000  1.000000000000000  0.000000000000000  0.000000000000000  0.000000000000000  0.000000000000000  0.000000000000000  0.000000000000000  0.219759890227947  1.000000000000000  1.000000000000000 
89.0    H  0.000000000000000  0.000000000000000  0.000000000000000  0.000000000000000  0.000000000000000  0.000000000000000  1.000000000000000  0.000000000000000  0.000000000000000  0.000000000000000  0.000000000000000  0.000000000000000  0.000000000000000  0.000000000000000  0.000000000000000  0.000000000000000  0.000000000000000  0.000000000000000  0.000000000000000  0.000000000000000  1.000000000000000  0.000000000000000  0.000000000000000  0.000000000000000  0.000000000000000  0.000000000000000  0.000000000000000  0.219759890227947  1.000000000000000  1.000000000000000 
90.0    F  0.000000000000000  0.000000000000000  0.000000000000000  0.000000000000000  1.000000000000000  0.000000000000000  0.000000000000000  0.000000000000000  0.000000000000000  0.000000000000000  0.000000000000000  0.000000000000000  0.000000000000000  0.000000000000000  0.000000000000000  0.000000000000000  0.000000000000000  0.000000000000000  0.000000000000000  0.000000000000000  1.000000000000000  0.000000000000000  0.000000000000000  0.000000000000000  0.000000000000000  0.000000000000000  0.000000000000000  0.226251615720726  1.000000000000000  1.000000000000000 
91.0    F  0.000000000000000  0.000000000000000  0.000000000000000  0.000000000000000  0.905633983017823  0.000000000000000  0.000000000000000  0.000000000000000  0.000000000000000  0.094208431847399  0.000000000000000  0.000000000000000  0.000000000000000  0.000000000000000  0.000000000000000  0.000000000000000  0.000000000000000  0.000000000000000  0.000000000000000  0.000000000000000  1.000000000000000  0.000000000000000  0.000000000000000  0.000000000000000  0.000000000000000  0.000000000000000  0.000000000000000  0.226251615720726  1.000000000000000  1.000000000000000 
92.0    K  0.000000000000000  0.000000000000000  0.000000000000000  0.000000000000000  0.000000000000000  0.000000000000000  0.000000000000000  0.000000000000000  0.616853584904748  0.000000000000000  0.000000000000000  0.000000000000000  0.000000000000000  0.000000000000000  0.383154990051946  0.000000000000000  0.000000000000000  0.000000000000000  0.000000000000000  0.000000000000000  1.000000000000000  0.000000000000000  0.000000000000000  0.000000000000000  0.000000000000000  0.000000000000000  0.000000000000000  0.226251615720726  1.000000000000000  1.000000000000000 
93.0    N  0.000000000000000  0.000000000000000  0.000000000000000  0.000000000000000  0.000000000000000  0.000000000000000  0.000000000000000  0.000000000000000  0.000000000000000  0.000000000000000  0.000000000000000  0.653382626946587  0.000000000000000  0.000000000000000  0.000000000000000  0.158439065254303  0.188155843426383  0.000000000000000  0.000000000000000  0.000000000000000  1.000000000000000  0.000000000000000  0.000000000000000  0.000000000000000  0.000000000000000  0.000000000000000  0.000000000000000  0.226251615720726  1.000000000000000  1.000000000000000 
94.0    I  0.000000000000000  0.000000000000000  0.000000000000000  0.000000000000000  0.087352935740692  0.000000000000000  0.000000000000000  0.746906728556171  0.000000000000000  0.000000000000000  0.165740720037332  0.000000000000000  0.000000000000000  0.000000000000000  0.000000000000000  0.000000000000000  0.000000000000000  0.000000000000000  0.000000000000000  0.000000000000000  1.000000000000000  0.000000000000000  0.000000000000000  0.000000000000000  0.000000000000000  0.000000000000000  0.000000000000000  0.226251615720726  1.000000000000000  1.000000000000000 
95.0    V  0.000000000000000  0.000000000000000  0.000000000000000  0.000000000000000  0.000000000000000  0.000000000000000  0.000000000000000  0.000000000000000  0.000000000000000  0.000000000000000  0.177513419817928  0.000000000000000  0.000000000000000  0.000000000000000  0.000000000000000  0.000000000000000  0.000000000000000  0.822450068712464  0.000000000000000  0.000000000000000  1.000000000000000  0.000000000000000  0.000000000000000  0.000000000000000  0.000000000000000  0.000000000000000  0.000000000000000  0.224533093220984  1.000000000000000  1.000000000000000 
96.0    T  0.000000000000000  0.000000000000000  0.000000000000000  0.000000000000000  0.000000000000000  0.000000000000000  0.000000000000000  0.000000000000000  0.000000000000000  0.000000000000000  0.000000000000000  0.000000000000000  0.000000000000000  0.000000000000000  0.000000000000000  0.769503610080431  0.230525779478158  0.000000000000000  0.000000000000000  0.000000000000000  1.000000000000000  0.000000000000000  0.000000000000000  0.000000000000000  0.000000000000000  0.000000000000000  0.000000000000000  0.224533093220984  1.000000000000000  1.000000000000000 
97.0    P  0.000000000000000  0.000000000000000  0.000000000000000  0.000000000000000  0.000000000000000  0.000000000000000  0.000000000000000  0.000000000000000  0.000000000000000  0.000000000000000  0.000000000000000  0.000000000000000  0.898132372883934  0.000000000000000  0.000000000000000  0.101813445383777  0.000000000000000  0.000000000000000  0.000000000000000  0.000000000000000  1.000000000000000  0.000000000000000  0.000000000000000  0.000000000000000  0.000000000000000  0.000000000000000  0.000000000000000  0.224533093220984  1.000000000000000  1.000000000000000 
98.0    R  0.085200162955157  0.000000000000000  0.000000000000000  0.000000000000000  0.000000000000000  0.000000000000000  0.000000000000000  0.000000000000000  0.177513419817928  0.000000000000000  0.000000000000000  0.000000000000000  0.101813445383777  0.000000000000000  0.546767728742316  0.088633752229966  0.000000000000000  0.000000000000000  0.000000000000000  0.000000000000000  1.000000000000000  0.000000000000000  0.000000000000000  0.000000000000000  0.000000000000000  0.000000000000000  0.000000000000000  0.224533093220984  1.000000000000000  1.000000000000000 
99.0    T  0.080492601844364  0.000000000000000  0.000000000000000  0.000000000000000  0.000000000000000  0.000000000000000  0.000000000000000  0.000000000000000  0.097058609375130  0.000000000000000  0.000000000000000  0.000000000000000  0.085200162955157  0.000000000000000  0.101813445383777  0.073812041339346  0.561749951515823  0.000000000000000  0.000000000000000  0.000000000000000  0.919550046151658  0.000000000000000  0.080492601844364  0.000000000000000  0.000000000000000  0.000000000000000  0.000000000000000  0.224533093220984  1.000000000000000  1.000000000000000 
100.0    P  0.129228842030996  0.000000000000000  0.000000000000000  0.000000000000000  0.000000000000000  0.000000000000000  0.000000000000000  0.000000000000000  0.000000000000000  0.000000000000000  0.000000000000000  0.000000000000000  0.793333843191143  0.000000000000000  0.000000000000000  0.000000000000000  0.077428043611494  0.000000000000000  0.000000000000000  0.000000000000000  1.000000000000000  0.000000000000000  0.000000000000000  0.000000000000000  0.000000000000000  1.000000000000000  0.000000000000000  0.233905874457850  1.000000000000000  0.491410299272626 
101.0    P  0.000000000000000  0.000000000000000  0.000000000000000  0.000000000000000  0.000000000000000  0.000000000000000  0.000000000000000  0.000000000000000  0.218999578766781  0.000000000000000  0.000000000000000  0.000000000000000  0.780786492607391  0.000000000000000  0.000000000000000  0.000000000000000  0.000000000000000  0.000000000000000  0.000000000000000  0.000000000000000  1.000000000000000  0.000000000000000  0.000000000000000  0.000000000000000  0.000000000000000  0.000000000000000  0.000000000000000  0.231807636608866  1.000000000000000  1.000000000000000 
102.0    P  0.077481731246187  0.000000000000000  0.000000000000000  0.000000000000000  0.000000000000000  0.000000000000000  0.000000000000000  0.000000000000000  0.000000000000000  0.000000000000000  0.000000000000000  0.000000000000000  0.512278411516401  0.000000000000000  0.000000000000000  0.218999578766781  0.000000000000000  0.191179534735346  0.000000000000000  0.000000000000000  1.000000000000000  0.000000000000000  0.000000000000000  0.000000000000000  0.000000000000000  0.000000000000000  0.000000000000000  0.231807636608866  1.000000000000000  1.000000000000000 
103.0    S  0.000000000000000  0.000000000000000  0.000000000000000  0.000000000000000  0.000000000000000  0.077481731246187  0.000000000000000  0.000000000000000  0.000000000000000  0.000000000000000  0.224533093220984  0.000000000000000  0.000000000000000  0.191179534735346  0.218999578766781  0.287772372831941  0.000000000000000  0.000000000000000  0.000000000000000  0.000000000000000  0.903752726751086  0.000000000000000  0.096455010941183  0.000000000000000  0.000000000000000  0.000000000000000  0.000000000000000  0.231807636608866  1.000000000000000  1.000000000000000 
104.0    Q  0.149166967878965  0.000000000000000  0.000000000000000  0.000000000000000  0.000000000000000  0.000000000000000  0.000000000000000  0.000000000000000  0.000000000000000  0.000000000000000  0.000000000000000  0.000000000000000  0.000000000000000  0.850863729506541  0.000000000000000  0.000000000000000  0.000000000000000  0.000000000000000  0.000000000000000  0.000000000000000  1.000000000000000  0.000000000000000  0.000000000000000  0.000000000000000  0.000000000000000  0.000000000000000  1.000000000000000  0.243501067135810  1.000000000000000  0.494485458190466 
105.0    G  0.245194750997138  0.000000000000000  0.000000000000000  0.000000000000000  0.000000000000000  0.230046912656219  0.000000000000000  0.000000000000000  0.206040521238310  0.000000000000000  0.000000000000000  0.000000000000000  0.169575540930959  0.000000000000000  0.000000000000000  0.149166967878965  0.000000000000000  0.000000000000000  0.000000000000000  0.000000000000000  1.000000000000000  0.000000000000000  0.000000000000000  0.000000000000000  0.000000000000000  0.000000000000000  1.000000000000000  0.243501067135810  1.000000000000000  0.494485458190466 
106.0    K  0.206040521238310  0.000000000000000  0.000000000000000  0.000000000000000  0.000000000000000  0.000000000000000  0.000000000000000  0.000000000000000  0.644834125327943  0.000000000000000  0.000000000000000  0.000000000000000  0.149166967878965  0.000000000000000  0.000000000000000  0.000000000000000  0.000000000000000  0.000000000000000  0.000000000000000  0.000000000000000  0.231647015472593  0.768437590644006  0.000000000000000  0.089995707407168  0.910038824080899  0.000000000000000  1.000000000000000  0.243501067135810  0.347238783941278  0.494485458190466 
107.0    G  0.000000000000000  0.000000000000000  0.000000000000000  0.000000000000000  0.000000000000000  0.850863729506541  0.000000000000000  0.000000000000000  0.000000000000000  0.000000000000000  0.000000000000000  0.000000000000000  0.000000000000000  0.000000000000000  0.000000000000000  0.149166967878965  0.000000000000000  0.000000000000000  0.000000000000000  0.000000000000000  1.000000000000000  0.000000000000000  0.000000000000000  0.000000000000000  0.000000000000000  0.000000000000000  1.000000000000000  0.243501067135810  1.000000000000000  0.494485458190466 
108.0    A  0.484644908467533  0.000000000000000  0.000000000000000  0.000000000000000  0.000000000000000  0.309497572709361  0.000000000000000  0.000000000000000  0.000000000000000  0.000000000000000  0.000000000000000  0.000000000000000  0.000000000000000  0.000000000000000  0.000000000000000  0.000000000000000  0.206040521238310  0.000000000000000  0.000000000000000  0.000000000000000  1.000000000000000  0.000000000000000  0.000000000000000  0.000000000000000  0.000000000000000  0.000000000000000  1.000000000000000  0.243501067135810  1.000000000000000  0.494485458190466 
109.0    E  0.000000000000000  0.000000000000000  0.288371401265006  0.498270131413934  0.000000000000000  0.000000000000000  0.000000000000000  0.000000000000000  0.000000000000000  0.000000000000000  0.000000000000000  0.000000000000000  0.000000000000000  0.000000000000000  0.213454428597811  0.000000000000000  0.000000000000000  0.000000000000000  0.000000000000000  0.000000000000000  1.000000000000000  0.000000000000000  0.000000000000000  0.000000000000000  0.000000000000000  0.000000000000000  1.000000000000000  0.243501067135810  1.000000000000000  0.494485458190466 
110.0    G  0.000000000000000  0.000000000000000  0.064257114166004  0.000000000000000  0.000000000000000  0.603321959860381  0.000000000000000  0.000000000000000  0.000000000000000  0.000000000000000  0.000000000000000  0.087231922757635  0.000000000000000  0.000000000000000  0.000000000000000  0.000000000000000  0.245194750997138  0.000000000000000  0.000000000000000  0.000000000000000  0.850863729506541  0.000000000000000  0.149166967878965  0.000000000000000  0.000000000000000  0.000000000000000  1.000000000000000  0.243501067135810  1.000000000000000  0.494485458190466 
111.0    Q  0.000000000000000  0.000000000000000  0.000000000000000  0.000000000000000  0.000000000000000  0.000000000000000  0.395294558301972  0.000000000000000  0.000000000000000  0.000000000000000  0.000000000000000  0.000000000000000  0.097058609375130  0.433769343576034  0.000000000000000  0.073863221683398  0.000000000000000  0.000000000000000  0.000000000000000  0.000000000000000  1.000000000000000  0.000000000000000  0.000000000000000  0.000000000000000  0.000000000000000  0.000000000000000  1.000000000000000  0.279128240495643  1.000000000000000  0.461371246326899 
112.0    R  0.000000000000000  0.000000000000000  0.000000000000000  0.000000000000000  0.000000000000000  0.000000000000000  0.000000000000000  0.000000000000000  0.490049707670935  0.000000000000000  0.000000000000000  0.000000000000000  0.000000000000000  0.000000000000000  0.510152329624229  0.000000000000000  0.000000000000000  0.000000000000000  0.000000000000000  0.000000000000000  1.000000000000000  0.000000000000000  0.000000000000000  0.000000000000000  0.000000000000000  0.000000000000000  1.000000000000000  0.279128240495643  1.000000000000000  0.461371246326899 
113.0    P  0.127008767874213  0.000000000000000  0.000000000000000  0.000000000000000  0.000000000000000  0.000000000000000  0.097058609375130  0.000000000000000  0.000000000000000  0.000000000000000  0.000000000000000  0.000000000000000  0.702222437868999  0.000000000000000  0.000000000000000  0.073863221683398  0.000000000000000  0.000000000000000  0.000000000000000  0.000000000000000  0.900625979847929  0.099373156368622  0.000000000000000  0.333324669272800  0.666649338545599  0.000000000000000  1.000000000000000  0.279128240495643  0.496890546661277  0.461371246326899 
114.0    G  0.000000000000000  0.000000000000000  0.000000000000000  0.000000000000000  0.000000000000000  0.655651007107824  0.240148715988369  0.000000000000000  0.000000000000000  0.000000000000000  0.000000000000000  0.000000000000000  0.000000000000000  0.000000000000000  0.000000000000000  0.000000000000000  0.000000000000000  0.000000000000000  0.000000000000000  0.103952762296863  0.925946022527324  0.073863221683398  0.000000000000000  0.166662334636400  0.833353207159218  0.000000000000000  1.000000000000000  0.279128240495643  0.500000000000000  0.461371246326899 
115.0    F  0.000000000000000  0.108442335894008  0.000000000000000  0.000000000000000  0.113361291116643  0.000000000000000  0.000000000000000  0.000000000000000  0.000000000000000  0.000000000000000  0.000000000000000  0.000000000000000  0.000000000000000  0.000000000000000  0.000000000000000  0.000000000000000  0.000000000000000  0.000000000000000  0.000000000000000  0.778085176555419  1.000000000000000  0.000000000000000  0.000000000000000  0.000000000000000  0.000000000000000  0.000000000000000  1.000000000000000  0.270743761381481  1.000000000000000  0.461371246326899 
116.0    G  0.000000000000000  0.000000000000000  0.000000000000000  0.000000000000000  0.000000000000000  1.000000000000000  0.000000000000000  0.000000000000000  0.000000000000000  0.000000000000000  0.000000000000000  0.000000000000000  0.000000000000000  0.000000000000000  0.000000000000000  0.000000000000000  0.000000000000000  0.000000000000000  0.000000000000000  0.000000000000000  0.488692883205403  0.109651693591603  0.401925495371576  1.000000000000000  0.000000000000000  0.000000000000000  1.000000000000000  0.270743761381481  0.499307333050514  0.461371246326899 
117.0    Y  0.370103324500012  0.000000000000000  0.000000000000000  0.000000000000000  0.000000000000000  0.000000000000000  0.000000000000000  0.000000000000000  0.000000000000000  0.000000000000000  0.000000000000000  0.000000000000000  0.000000000000000  0.000000000000000  0.000000000000000  0.000000000000000  0.000000000000000  0.000000000000000  0.000000000000000  0.629814989973700  1.000000000000000  0.000000000000000  0.000000000000000  0.000000000000000  0.000000000000000  0.578745108495061  0.421323414751576  0.299162240807679  1.000000000000000  0.389582289830250 
118.0    G  0.119493164699218  0.000000000000000  0.000000000000000  0.000000000000000  0.000000000000000  0.331481440074665  0.000000000000000  0.000000000000000  0.000000000000000  0.000000000000000  0.000000000000000  0.000000000000000  0.000000000000000  0.000000000000000  0.000000000000000  0.549046406893525  0.000000000000000  0.000000000000000  0.000000000000000  0.000000000000000  1.000000000000000  0.000000000000000  0.000000000000000  0.000000000000000  0.000000000000000  0.000000000000000  1.000000000000000  0.270743761381481  1.000000000000000  0.461371246326899 
119.0    G  0.000000000000000  0.000000000000000  0.000000000000000  0.000000000000000  0.000000000000000  0.785128118673572  0.000000000000000  0.000000000000000  0.000000000000000  0.000000000000000  0.000000000000000  0.000000000000000  0.000000000000000  0.000000000000000  0.105184935285673  0.109651693591603  0.000000000000000  0.000000000000000  0.000000000000000  0.000000000000000  1.000000000000000  0.000000000000000  0.000000000000000  0.000000000000000  0.000000000000000  0.000000000000000  1.000000000000000  0.270743761381481  1.000000000000000  0.461371246326899 
120.0    R  0.000000000000000  0.000000000000000  0.000000000000000  0.000000000000000  0.000000000000000  0.000000000000000  0.000000000000000  0.000000000000000  0.296684199414133  0.000000000000000  0.000000000000000  0.000000000000000  0.000000000000000  0.000000000000000  0.331481440074665  0.371903440608626  0.000000000000000  0.000000000000000  0.000000000000000  0.000000000000000  1.000000000000000  0.000000000000000  0.000000000000000  0.000000000000000  0.000000000000000  0.000000000000000  1.000000000000000  0.270743761381481  1.000000000000000  0.461371246326899 
121.0    A  0.221749076288037  0.000000000000000  0.000000000000000  0.000000000000000  0.296684199414133  0.000000000000000  0.000000000000000  0.000000000000000  0.000000000000000  0.105184935285673  0.000000000000000  0.000000000000000  0.000000000000000  0.000000000000000  0.000000000000000  0.376311686852767  0.000000000000000  0.000000000000000  0.000000000000000  0.000000000000000  0.733058378594605  0.000000000000000  0.266646445207941  0.000000000000000  0.000000000000000  0.551334581534456  0.448755025333631  0.270743761381481  1.000000000000000  0.461371246326899 
122.0    S  0.000000000000000  0.000000000000000  0.000000000000000  0.113518552215189  0.118585539392557  0.000000000000000  0.000000000000000  0.000000000000000  0.000000000000000  0.118503370641081  0.000000000000000  0.000000000000000  0.000000000000000  0.000000000000000  0.000000000000000  0.433769343576034  0.000000000000000  0.000000000000000  0.000000000000000  0.215535886254399  1.000000000000000  0.000000000000000  0.000000000000000  0.000000000000000  0.000000000000000  0.000000000000000  1.000000000000000  0.292194312140311  1.000000000000000  0.439215234119181 
123.0    D  0.000000000000000  0.000000000000000  0.243669907722887  0.642603168734686  0.000000000000000  0.000000000000000  0.113518552215189  0.000000000000000  0.000000000000000  0.000000000000000  0.000000000000000  0.000000000000000  0.000000000000000  0.000000000000000  0.000000000000000  0.000000000000000  0.000000000000000  0.000000000000000  0.000000000000000  0.000000000000000  0.881480157907170  0.118503370641081  0.000000000000000  1.000000000000000  0.000000000000000  0.000000000000000  1.000000000000000  0.292194312140311  0.499307333050514  0.439215234119181 
124.0    Y  0.000000000000000  0.000000000000000  0.000000000000000  0.000000000000000  0.000000000000000  0.000000000000000  0.447512535463986  0.000000000000000  0.000000000000000  0.000000000000000  0.000000000000000  0.000000000000000  0.000000000000000  0.000000000000000  0.118585539392557  0.190122344155126  0.000000000000000  0.000000000000000  0.000000000000000  0.243669907722887  0.881480157907170  0.000000000000000  0.118585539392557  0.000000000000000  0.000000000000000  0.000000000000000  1.000000000000000  0.292194312140311  1.000000000000000  0.439215234119181 
125.0    K  0.000000000000000  0.000000000000000  0.000000000000000  0.000000000000000  0.000000000000000  0.000000000000000  0.000000000000000  0.204759174464957  0.794985250948974  0.000000000000000  0.000000000000000  0.000000000000000  0.000000000000000  0.000000000000000  0.000000000000000  0.000000000000000  0.000000000000000  0.000000000000000  0.000000000000000  0.000000000000000  1.000000000000000  0.000000000000000  0.000000000000000  0.000000000000000  0.000000000000000  0.285982743300952  0.714001989842532  0.298747801214196  1.000000000000000  0.420739741142690 
126.0    S  0.000000000000000  0.000000000000000  0.000000000000000  0.000000000000000  0.000000000000000  0.000000000000000  0.000000000000000  0.000000000000000  0.186468003336433  0.000000000000000  0.000000000000000  0.000000000000000  0.000000000000000  0.000000000000000  0.159541096103619  0.541112322262857  0.000000000000000  0.000000000000000  0.000000000000000  0.113047422195136  1.000000000000000  0.000000000000000  0.000000000000000  1.000000000000000  0.000000000000000  0.360982298880624  0.639049681601526  0.250000000000000  0.494485458190466  0.447512535463986 
127.0    A  0.409802303818759  0.000000000000000  0.000000000000000  0.000000000000000  0.000000000000000  0.000000000000000  0.000000000000000  0.000000000000000  0.000000000000000  0.000000000000000  0.000000000000000  0.000000000000000  0.000000000000000  0.000000000000000  0.000000000000000  0.590087171668101  0.000000000000000  0.000000000000000  0.000000000000000  0.000000000000000  1.000000000000000  0.000000000000000  0.000000000000000  0.000000000000000  0.000000000000000  0.435577096071128  0.564482202403066  0.242658617442387  1.000000000000000  0.473356815618357 
128.0    H  0.000000000000000  0.000000000000000  0.000000000000000  0.000000000000000  0.000000000000000  0.000000000000000  0.360232437209480  0.000000000000000  0.110337874536332  0.000000000000000  0.000000000000000  0.000000000000000  0.152512563784028  0.093492859897649  0.104169150894902  0.000000000000000  0.000000000000000  0.000000000000000  0.000000000000000  0.179244406001978  1.000000000000000  0.000000000000000  0.000000000000000  0.083331167318200  0.916368644675351  1.000000000000000  0.000000000000000  0.248962438273615  0.494485458190466  0.494485458190466 
129.0    K  0.000000000000000  0.000000000000000  0.101884041550328  0.097125908598006  0.000000000000000  0.000000000000000  0.000000000000000  0.000000000000000  0.674551267169849  0.000000000000000  0.000000000000000  0.000000000000000  0.000000000000000  0.126218912199586  0.000000000000000  0.000000000000000  0.000000000000000  0.000000000000000  0.000000000000000  0.000000000000000  0.873572895916694  0.000000000000000  0.126218912199586  0.000000000000000  0.000000000000000  0.000000000000000  0.000000000000000  0.235369616135302  1.000000000000000  1.000000000000000 
130.0    G  0.107767943127199  0.000000000000000  0.000000000000000  0.000000000000000  0.000000000000000  0.891928519420093  0.000000000000000  0.000000000000000  0.000000000000000  0.000000000000000  0.000000000000000  0.000000000000000  0.000000000000000  0.000000000000000  0.000000000000000  0.000000000000000  0.000000000000000  0.000000000000000  0.000000000000000  0.000000000000000  0.874178620410373  0.000000000000000  0.125695072549809  0.000000000000000  0.000000000000000  0.000000000000000  1.000000000000000  0.257920794825340  1.000000000000000  0.488354264481114 
131.0    F  0.000000000000000  0.000000000000000  0.000000000000000  0.000000000000000  0.232935107326193  0.000000000000000  0.192910021882367  0.000000000000000  0.000000000000000  0.000000000000000  0.000000000000000  0.000000000000000  0.000000000000000  0.103808753011362  0.000000000000000  0.000000000000000  0.000000000000000  0.000000000000000  0.000000000000000  0.470413053756894  1.000000000000000  0.000000000000000  0.000000000000000  0.000000000000000  0.000000000000000  0.551334581534456  0.448755025333631  0.270743761381481  1.000000000000000  0.461371246326899 
132.0    K  0.000000000000000  0.000000000000000  0.000000000000000  0.000000000000000  0.000000000000000  0.000000000000000  0.000000000000000  0.000000000000000  0.632878296985140  0.000000000000000  0.000000000000000  0.000000000000000  0.000000000000000  0.000000000000000  0.367037659008526  0.000000000000000  0.000000000000000  0.000000000000000  0.000000000000000  0.000000000000000  1.000000000000000  0.000000000000000  0.000000000000000  0.000000000000000  0.000000000000000  1.000000000000000  0.000000000000000  0.248962438273615  1.000000000000000  0.494485458190466 
133.0    G  0.000000000000000  0.000000000000000  0.160539476123678  0.000000000000000  0.000000000000000  0.614293490222825  0.000000000000000  0.000000000000000  0.000000000000000  0.000000000000000  0.000000000000000  0.000000000000000  0.000000000000000  0.000000000000000  0.225156494961982  0.000000000000000  0.000000000000000  0.000000000000000  0.000000000000000  0.000000000000000  0.917004043204671  0.082812938565325  0.000000000000000  0.500000000000000  0.500000000000000  0.000000000000000  0.000000000000000  0.235369616135302  0.499307333050514  1.000000000000000 
134.0    V  0.087231922757635  0.000000000000000  0.000000000000000  0.000000000000000  0.000000000000000  0.099029351365621  0.000000000000000  0.000000000000000  0.000000000000000  0.000000000000000  0.000000000000000  0.000000000000000  0.000000000000000  0.000000000000000  0.408101523075451  0.150204506190856  0.000000000000000  0.089126607335259  0.000000000000000  0.166316130135086  0.482968164462423  0.517273790759455  0.000000000000000  0.629814989973700  0.370359949505080  0.000000000000000  0.000000000000000  0.235369616135302  0.393108646070166  1.000000000000000 
135.0    D  0.000000000000000  0.000000000000000  0.541862983422390  0.331941289595609  0.000000000000000  0.000000000000000  0.000000000000000  0.000000000000000  0.000000000000000  0.000000000000000  0.000000000000000  0.000000000000000  0.000000000000000  0.000000000000000  0.126218912199586  0.000000000000000  0.000000000000000  0.000000000000000  0.000000000000000  0.000000000000000  1.000000000000000  0.000000000000000  0.000000000000000  0.000000000000000  0.000000000000000  0.000000000000000  0.000000000000000  0.235369616135302  1.000000000000000  1.000000000000000 
136.0    A  0.174827010342308  0.000000000000000  0.000000000000000  0.126218912199586  0.000000000000000  0.599985691186608  0.000000000000000  0.000000000000000  0.000000000000000  0.000000000000000  0.000000000000000  0.000000000000000  0.000000000000000  0.000000000000000  0.000000000000000  0.099029351365621  0.000000000000000  0.000000000000000  0.000000000000000  0.000000000000000  1.000000000000000  0.000000000000000  0.000000000000000  0.000000000000000  0.000000000000000  0.000000000000000  0.000000000000000  0.235369616135302  1.000000000000000  1.000000000000000 
137.0    Q  0.000000000000000  0.000000000000000  0.000000000000000  0.000000000000000  0.000000000000000  0.000000000000000  0.082812938565325  0.000000000000000  0.000000000000000  0.000000000000000  0.000000000000000  0.000000000000000  0.000000000000000  0.717972255311718  0.000000000000000  0.199022024694695  0.000000000000000  0.000000000000000  0.000000000000000  0.000000000000000  1.000000000000000  0.000000000000000  0.000000000000000  0.000000000000000  0.000000000000000  0.000000000000000  0.000000000000000  0.235369616135302  1.000000000000000  1.000000000000000 
138.0    G  0.000000000000000  0.000000000000000  0.000000000000000  0.000000000000000  0.000000000000000  0.873572895916694  0.000000000000000  0.000000000000000  0.000000000000000  0.000000000000000  0.000000000000000  0.126218912199586  0.000000000000000  0.000000000000000  0.000000000000000  0.000000000000000  0.000000000000000  0.000000000000000  0.000000000000000  0.000000000000000  1.000000000000000  0.000000000000000  0.000000000000000  0.000000000000000  0.000000000000000  0.000000000000000  0.000000000000000  0.235369616135302  1.000000000000000  1.000000000000000 
139.0    T  0.077750728331154  0.000000000000000  0.000000000000000  0.000000000000000  0.000000000000000  0.000000000000000  0.000000000000000  0.000000000000000  0.000000000000000  0.000000000000000  0.000000000000000  0.000000000000000  0.000000000000000  0.000000000000000  0.000000000000000  0.082812938565325  0.839731492944140  0.000000000000000  0.000000000000000  0.000000000000000  1.000000000000000  0.000000000000000  0.000000000000000  0.000000000000000  0.000000000000000  0.000000000000000  0.000000000000000  0.235369616135302  1.000000000000000  1.000000000000000 
140.0    L  0.000000000000000  0.000000000000000  0.000000000000000  0.000000000000000  0.000000000000000  0.000000000000000  0.000000000000000  0.000000000000000  0.000000000000000  1.000000000000000  0.000000000000000  0.000000000000000  0.000000000000000  0.000000000000000  0.000000000000000  0.000000000000000  0.000000000000000  0.000000000000000  0.000000000000000  0.000000000000000  1.000000000000000  0.000000000000000  0.000000000000000  0.000000000000000  0.000000000000000  0.000000000000000  0.000000000000000  0.235369616135302  1.000000000000000  1.000000000000000 
141.0    S  0.000000000000000  0.000000000000000  0.000000000000000  0.000000000000000  0.000000000000000  0.000000000000000  0.000000000000000  0.000000000000000  0.000000000000000  0.000000000000000  0.000000000000000  0.000000000000000  0.000000000000000  0.000000000000000  0.000000000000000  0.901250462610830  0.099029351365621  0.000000000000000  0.000000000000000  0.000000000000000  1.000000000000000  0.000000000000000  0.000000000000000  0.000000000000000  0.000000000000000  0.000000000000000  0.000000000000000  0.235369616135302  1.000000000000000  1.000000000000000 
142.0    K  0.000000000000000  0.000000000000000  0.000000000000000  0.000000000000000  0.000000000000000  0.000000000000000  0.000000000000000  0.000000000000000  0.420448207626857  0.000000000000000  0.000000000000000  0.000000000000000  0.000000000000000  0.000000000000000  0.380508345209840  0.199022024694695  0.000000000000000  0.000000000000000  0.000000000000000  0.000000000000000  1.000000000000000  0.000000000000000  0.000000000000000  0.000000000000000  0.000000000000000  0.000000000000000  0.000000000000000  0.235369616135302  1.000000000000000  1.000000000000000 
143.0    I  0.000000000000000  0.000000000000000  0.000000000000000  0.000000000000000  0.199022024694695  0.000000000000000  0.000000000000000  0.720464874418961  0.000000000000000  0.080660155653236  0.000000000000000  0.000000000000000  0.000000000000000  0.000000000000000  0.000000000000000  0.000000000000000  0.000000000000000  0.000000000000000  0.000000000000000  0.000000000000000  1.000000000000000  0.000000000000000  0.000000000000000  0.000000000000000  0.000000000000000  0.000000000000000  0.000000000000000  0.235369616135302  1.000000000000000  1.000000000000000 
144.0    F  0.000000000000000  0.000000000000000  0.000000000000000  0.000000000000000  1.000000000000000  0.000000000000000  0.000000000000000  0.000000000000000  0.000000000000000  0.000000000000000  0.000000000000000  0.000000000000000  0.000000000000000  0.000000000000000  0.000000000000000  0.000000000000000  0.000000000000000  0.000000000000000  0.000000000000000  0.000000000000000  1.000000000000000  0.000000000000000  0.000000000000000  0.000000000000000  0.000000000000000  0.000000000000000  0.000000000000000  0.235369616135302  1.000000000000000  1.000000000000000 
145.0    K  0.000000000000000  0.000000000000000  0.000000000000000  0.000000000000000  0.000000000000000  0.000000000000000  0.000000000000000  0.000000000000000  0.873572895916694  0.000000000000000  0.000000000000000  0.126218912199586  0.000000000000000  0.000000000000000  0.000000000000000  0.000000000000000  0.000000000000000  0.000000000000000  0.000000000000000  0.000000000000000  1.000000000000000  0.000000000000000  0.000000000000000  0.000000000000000  0.000000000000000  0.000000000000000  0.000000000000000  0.235369616135302  1.000000000000000  1.000000000000000 
146.0    L  0.000000000000000  0.000000000000000  0.000000000000000  0.000000000000000  0.000000000000000  0.000000000000000  0.000000000000000  0.000000000000000  0.000000000000000  0.701735863019538  0.298127218082658  0.000000000000000  0.000000000000000  0.000000000000000  0.000000000000000  0.000000000000000  0.000000000000000  0.000000000000000  0.000000000000000  0.000000000000000  1.000000000000000  0.000000000000000  0.000000000000000  0.000000000000000  0.000000000000000  0.000000000000000  0.000000000000000  0.235369616135302  1.000000000000000  1.000000000000000 
147.0    G  0.000000000000000  0.000000000000000  0.000000000000000  0.000000000000000  0.000000000000000  1.000000000000000  0.000000000000000  0.000000000000000  0.000000000000000  0.000000000000000  0.000000000000000  0.000000000000000  0.000000000000000  0.000000000000000  0.000000000000000  0.000000000000000  0.000000000000000  0.000000000000000  0.000000000000000  0.000000000000000  1.000000000000000  0.000000000000000  0.000000000000000  0.000000000000000  0.000000000000000  0.000000000000000  0.000000000000000  0.235369616135302  1.000000000000000  1.000000000000000 
148.0    G  0.000000000000000  0.000000000000000  0.000000000000000  0.126218912199586  0.000000000000000  0.589269703905841  0.000000000000000  0.000000000000000  0.199022024694695  0.000000000000000  0.000000000000000  0.000000000000000  0.000000000000000  0.000000000000000  0.000000000000000  0.085673925311231  0.000000000000000  0.000000000000000  0.000000000000000  0.000000000000000  1.000000000000000  0.000000000000000  0.000000000000000  0.000000000000000  0.000000000000000  0.000000000000000  0.000000000000000  0.235369616135302  1.000000000000000  1.000000000000000 
149.0    R  0.000000000000000  0.000000000000000  0.000000000000000  0.000000000000000  0.000000000000000  0.000000000000000  0.000000000000000  0.000000000000000  0.199022024694695  0.000000000000000  0.000000000000000  0.000000000000000  0.000000000000000  0.160539476123678  0.176409480426087  0.463936738235641  0.000000000000000  0.000000000000000  0.000000000000000  0.000000000000000  1.000000000000000  0.000000000000000  0.000000000000000  0.000000000000000  0.000000000000000  0.000000000000000  0.000000000000000  0.235369616135302  1.000000000000000  1.000000000000000 
150.0    D  0.000000000000000  0.000000000000000  0.176409480426087  0.000000000000000  0.000000000000000  0.437999157533563  0.000000000000000  0.000000000000000  0.000000000000000  0.000000000000000  0.000000000000000  0.000000000000000  0.000000000000000  0.099029351365621  0.286776756056541  0.000000000000000  0.000000000000000  0.000000000000000  0.000000000000000  0.000000000000000  0.898132372883934  0.000000000000000  0.101884041550328  0.000000000000000  0.000000000000000  0.000000000000000  0.000000000000000  0.235369616135302  1.000000000000000  1.000000000000000 
151.0    S  0.000000000000000  0.000000000000000  0.000000000000000  0.133138525424177  0.000000000000000  0.000000000000000  0.000000000000000  0.000000000000000  0.000000000000000  0.000000000000000  0.000000000000000  0.000000000000000  0.000000000000000  0.000000000000000  0.000000000000000  0.866937563514687  0.000000000000000  0.000000000000000  0.000000000000000  0.000000000000000  0.606676780124346  0.260255399421028  0.133138525424177  0.250000000000000  0.750019494642909  0.000000000000000  1.000000000000000  0.245194750997138  0.463615273217731  0.494485458190466 
152.0    R  0.121077273653328  0.000000000000000  0.000000000000000  0.000000000000000  0.000000000000000  0.000000000000000  0.000000000000000  0.000000000000000  0.000000000000000  0.000000000000000  0.000000000000000  0.000000000000000  0.000000000000000  0.000000000000000  0.879039560911787  0.000000000000000  0.000000000000000  0.000000000000000  0.000000000000000  0.000000000000000  1.000000000000000  0.000000000000000  0.000000000000000  1.000000000000000  0.000000000000000  0.000000000000000  1.000000000000000  0.276432663330067  0.494485458190466  0.464580337125457 
153.0    S  0.000000000000000  0.000000000000000  0.000000000000000  0.000000000000000  0.000000000000000  0.000000000000000  0.100760353936621  0.000000000000000  0.000000000000000  0.000000000000000  0.000000000000000  0.000000000000000  0.000000000000000  0.000000000000000  0.000000000000000  0.899378312147752  0.000000000000000  0.000000000000000  0.000000000000000  0.000000000000000  1.000000000000000  0.000000000000000  0.000000000000000  0.000000000000000  0.000000000000000  1.000000000000000  0.000000000000000  0.276432663330067  1.000000000000000  0.464580337125457 
154.0    G  0.000000000000000  0.000000000000000  0.000000000000000  0.000000000000000  0.000000000000000  0.614293490222825  0.000000000000000  0.000000000000000  0.000000000000000  0.000000000000000  0.000000000000000  0.000000000000000  0.126218912199586  0.000000000000000  0.000000000000000  0.259534817635764  0.000000000000000  0.000000000000000  0.000000000000000  0.000000000000000  1.000000000000000  0.000000000000000  0.000000000000000  0.000000000000000  0.000000000000000  0.000000000000000  0.000000000000000  0.235369616135302  1.000000000000000  1.000000000000000 
155.0    S  0.000000000000000  0.000000000000000  0.000000000000000  0.000000000000000  0.000000000000000  0.000000000000000  0.000000000000000  0.000000000000000  0.000000000000000  0.000000000000000  0.000000000000000  0.000000000000000  0.126218912199586  0.000000000000000  0.000000000000000  0.873572895916694  0.000000000000000  0.000000000000000  0.000000000000000  0.000000000000000  1.000000000000000  0.000000000000000  0.000000000000000  0.000000000000000  0.000000000000000  0.000000000000000  0.000000000000000  0.235369616135302  1.000000000000000  1.000000000000000 
156.0    P  0.000000000000000  0.000000000000000  0.000000000000000  0.000000000000000  0.000000000000000  0.000000000000000  0.000000000000000  0.000000000000000  0.000000000000000  0.000000000000000  0.000000000000000  0.000000000000000  1.000000000000000  0.000000000000000  0.000000000000000  0.000000000000000  0.000000000000000  0.000000000000000  0.000000000000000  0.000000000000000  1.000000000000000  0.000000000000000  0.000000000000000  0.000000000000000  0.000000000000000  0.000000000000000  0.000000000000000  0.270743761381481  1.000000000000000  1.000000000000000 
157.0    M  0.206469416233930  0.000000000000000  0.000000000000000  0.000000000000000  0.000000000000000  0.000000000000000  0.000000000000000  0.209351621877107  0.000000000000000  0.000000000000000  0.469435873657726  0.000000000000000  0.000000000000000  0.000000000000000  0.000000000000000  0.000000000000000  0.000000000000000  0.114546080584419  0.000000000000000  0.000000000000000  1.000000000000000  0.000000000000000  0.000000000000000  0.000000000000000  0.000000000000000  0.000000000000000  0.000000000000000  0.278162530146209  1.000000000000000  1.000000000000000 
158.0    A  0.841479482285381  0.000000000000000  0.000000000000000  0.000000000000000  0.000000000000000  0.000000000000000  0.000000000000000  0.000000000000000  0.000000000000000  0.000000000000000  0.000000000000000  0.000000000000000  0.000000000000000  0.000000000000000  0.000000000000000  0.000000000000000  0.158439065254303  0.000000000000000  0.000000000000000  0.000000000000000  1.000000000000000  0.000000000000000  0.000000000000000  0.000000000000000  0.000000000000000  0.000000000000000  0.000000000000000  0.343647173893007  1.000000000000000  1.000000000000000 
159.0    R  0.000000000000000  0.000000000000000  0.000000000000000  0.000000000000000  0.000000000000000  0.000000000000000  0.000000000000000  0.000000000000000  0.000000000000000  0.000000000000000  0.000000000000000  0.000000000000000  0.000000000000000  0.000000000000000  1.000000000000000  0.000000000000000  0.000000000000000  0.000000000000000  0.000000000000000  0.000000000000000  1.000000000000000  0.000000000000000  0.000000000000000  0.000000000000000  0.000000000000000  0.000000000000000  0.000000000000000  0.343647173893007  1.000000000000000  1.000000000000000 
160.0    R  0.000000000000000  0.000000000000000  0.000000000000000  0.000000000000000  0.000000000000000  0.000000000000000  0.000000000000000  0.000000000000000  0.000000000000000  0.000000000000000  0.000000000000000  0.000000000000000  0.000000000000000  0.000000000000000  1.000000000000000  0.000000000000000  0.000000000000000  0.000000000000000  0.000000000000000  0.000000000000000  1.000000000000000  0.000000000000000  0.000000000000000  1.000000000000000  0.000000000000000  0.000000000000000  0.000000000000000  0.343647173893007  1.000000000000000  1.000000000000000 
