No:  residues  hmm_col_1  hmm_col_2  hmm_col_3  hmm_col_4  hmm_col_5  hmm_col_6  hmm_col_7  hmm_col_8  hmm_col_9  hmm_col_10  hmm_col_11  hmm_col_12  hmm_col_13  hmm_col_14  hmm_col_15  hmm_col_16  hmm_col_17  hmm_col_18  hmm_col_19  hmm_col_20  hmm_col_21   hmm_col_22   hmm_col_23   hmm_col_24   hmm_col_25   hmm_col_26   hmm_col_27   hmm_col_28   hmm_col_29   hmm_col_30   
1.0    M  0.000000000000000  0.000000000000000  0.000000000000000  0.000000000000000  0.000000000000000  0.000000000000000  0.000000000000000  0.000000000000000  0.000000000000000  0.000000000000000  1.000000000000000  0.000000000000000  0.000000000000000  0.000000000000000  0.000000000000000  0.000000000000000  0.000000000000000  0.000000000000000  0.000000000000000  0.000000000000000  1.000000000000000  0.000000000000000  0.000000000000000  0.000000000000000  0.000000000000000  0.000000000000000  0.000000000000000  0.133600748901376  1.000000000000000  1.000000000000000 
2.0    K  0.000000000000000  0.000000000000000  0.000000000000000  0.000000000000000  0.056680645558321  0.000000000000000  0.000000000000000  0.000000000000000  0.788400174056278  0.000000000000000  0.031511014215456  0.000000000000000  0.000000000000000  0.000000000000000  0.036246864203295  0.000000000000000  0.052811649025782  0.034125642054552  0.000000000000000  0.000000000000000  1.000000000000000  0.000000000000000  0.000000000000000  0.000000000000000  0.000000000000000  0.000000000000000  0.000000000000000  0.133600748901376  1.000000000000000  1.000000000000000 
3.0    I  0.000000000000000  0.000000000000000  0.000000000000000  0.000000000000000  0.000000000000000  0.188678246065070  0.000000000000000  0.071001829049168  0.000000000000000  0.045248067886861  0.054258764225065  0.000000000000000  0.000000000000000  0.069444295540943  0.069588851139293  0.477972658796871  0.023781771575615  0.000000000000000  0.000000000000000  0.000000000000000  0.964598184584138  0.000000000000000  0.035085044439800  0.000000000000000  0.000000000000000  0.000000000000000  0.000000000000000  0.128871039849349  1.000000000000000  1.000000000000000 
4.0    I  0.064435519924674  0.000000000000000  0.000000000000000  0.000000000000000  0.000000000000000  0.000000000000000  0.000000000000000  0.577542892276792  0.000000000000000  0.057352492644460  0.022127741222102  0.000000000000000  0.000000000000000  0.000000000000000  0.000000000000000  0.070511383591032  0.108969779942133  0.098960733233909  0.000000000000000  0.000000000000000  0.909408251800733  0.000000000000000  0.090747392493993  0.000000000000000  0.000000000000000  0.000000000000000  1.000000000000000  0.129947429396910  1.000000000000000  0.493800430722686 
5.0    L  0.000000000000000  0.046811279200756  0.000000000000000  0.000000000000000  0.000000000000000  0.000000000000000  0.158109942794242  0.000000000000000  0.000000000000000  0.189727406621757  0.000000000000000  0.000000000000000  0.000000000000000  0.155286035223055  0.108592773143828  0.000000000000000  0.000000000000000  0.000000000000000  0.000000000000000  0.341510064188599  0.373971439590597  0.000000000000000  0.626332219312064  0.000000000000000  0.000000000000000  0.000000000000000  1.000000000000000  0.136502568218206  1.000000000000000  0.463615273217731 
6.0    W  0.000000000000000  0.000000000000000  0.000000000000000  0.000000000000000  0.160762185428825  0.000000000000000  0.000000000000000  0.000000000000000  0.000000000000000  0.000000000000000  0.198333460797786  0.000000000000000  0.000000000000000  0.000000000000000  0.000000000000000  0.000000000000000  0.000000000000000  0.000000000000000  0.640823962080096  0.000000000000000  1.000000000000000  0.000000000000000  0.000000000000000  0.000000000000000  0.000000000000000  0.125869443757090  0.874178620410373  0.189333289484622  1.000000000000000  0.312515575646302 
7.0    L  0.000000000000000  0.000000000000000  0.000000000000000  0.000000000000000  0.000000000000000  0.000000000000000  0.261340025051291  0.133600748901376  0.000000000000000  0.483638164806966  0.121245238792717  0.000000000000000  0.000000000000000  0.000000000000000  0.000000000000000  0.000000000000000  0.000000000000000  0.000000000000000  0.000000000000000  0.000000000000000  1.000000000000000  0.000000000000000  0.000000000000000  0.000000000000000  0.000000000000000  1.000000000000000  0.000000000000000  0.142991371650476  1.000000000000000  0.331481440074665 
8.0    C  0.031620412532092  0.161768206810357  0.000000000000000  0.000000000000000  0.249307812838017  0.000000000000000  0.000000000000000  0.000000000000000  0.000000000000000  0.000000000000000  0.062716984281844  0.000000000000000  0.000000000000000  0.000000000000000  0.000000000000000  0.206183387152520  0.000000000000000  0.000000000000000  0.000000000000000  0.288171586699716  1.000000000000000  0.000000000000000  0.000000000000000  0.000000000000000  0.000000000000000  0.000000000000000  0.000000000000000  0.119576019761484  1.000000000000000  1.000000000000000 
9.0    V  0.000000000000000  0.000000000000000  0.000000000000000  0.000000000000000  0.059210629412454  0.000000000000000  0.000000000000000  0.019695365493484  0.000000000000000  0.445655247948486  0.033400187225344  0.000000000000000  0.000000000000000  0.000000000000000  0.113518552215189  0.050415109951383  0.000000000000000  0.278355404557172  0.000000000000000  0.000000000000000  1.000000000000000  0.000000000000000  0.000000000000000  0.000000000000000  0.000000000000000  0.000000000000000  0.000000000000000  0.097801472717064  1.000000000000000  1.000000000000000 
10.0    F  0.669891801213920  0.000000000000000  0.000000000000000  0.000000000000000  0.129857387912208  0.000000000000000  0.000000000000000  0.060412881066561  0.000000000000000  0.059912464905811  0.000000000000000  0.000000000000000  0.000000000000000  0.000000000000000  0.000000000000000  0.079936598829839  0.000000000000000  0.000000000000000  0.000000000000000  0.000000000000000  1.000000000000000  0.000000000000000  0.000000000000000  0.000000000000000  0.000000000000000  0.000000000000000  0.000000000000000  0.097801472717064  1.000000000000000  1.000000000000000 
11.0    G  0.000000000000000  0.000000000000000  0.000000000000000  0.000000000000000  0.000000000000000  0.826450318154212  0.000000000000000  0.000000000000000  0.000000000000000  0.113518552215189  0.000000000000000  0.000000000000000  0.000000000000000  0.000000000000000  0.000000000000000  0.060120465916548  0.000000000000000  0.000000000000000  0.000000000000000  0.000000000000000  1.000000000000000  0.000000000000000  0.000000000000000  0.000000000000000  0.000000000000000  0.000000000000000  0.000000000000000  0.097801472717064  1.000000000000000  1.000000000000000 
12.0    L  0.058193426239389  0.000000000000000  0.000000000000000  0.000000000000000  0.000000000000000  0.000000000000000  0.000000000000000  0.172779025816073  0.000000000000000  0.643048741715302  0.000000000000000  0.000000000000000  0.000000000000000  0.000000000000000  0.000000000000000  0.000000000000000  0.000000000000000  0.126044056861824  0.000000000000000  0.000000000000000  1.000000000000000  0.000000000000000  0.000000000000000  0.000000000000000  0.000000000000000  0.000000000000000  0.000000000000000  0.097801472717064  1.000000000000000  1.000000000000000 
13.0    F  0.000000000000000  0.000000000000000  0.000000000000000  0.000000000000000  0.139274206352417  0.000000000000000  0.000000000000000  0.113518552215189  0.000000000000000  0.498615625676035  0.000000000000000  0.000000000000000  0.000000000000000  0.000000000000000  0.000000000000000  0.000000000000000  0.059912464905811  0.188547509585822  0.000000000000000  0.000000000000000  1.000000000000000  0.000000000000000  0.000000000000000  0.000000000000000  0.000000000000000  0.000000000000000  0.000000000000000  0.097801472717064  1.000000000000000  1.000000000000000 
14.0    L  0.000000000000000  0.000000000000000  0.000000000000000  0.000000000000000  0.058193426239389  0.000000000000000  0.000000000000000  0.115984184558910  0.000000000000000  0.762072415169885  0.000000000000000  0.000000000000000  0.000000000000000  0.000000000000000  0.000000000000000  0.000000000000000  0.000000000000000  0.063990431276778  0.000000000000000  0.000000000000000  0.826450318154212  0.000000000000000  0.173258735706302  0.000000000000000  0.000000000000000  0.000000000000000  0.000000000000000  0.097801472717064  1.000000000000000  1.000000000000000 
15.0    A  0.373712312158735  0.000000000000000  0.000000000000000  0.000000000000000  0.034434534871144  0.000000000000000  0.000000000000000  0.000000000000000  0.000000000000000  0.475000191437443  0.049583365199446  0.000000000000000  0.000000000000000  0.000000000000000  0.000000000000000  0.000000000000000  0.000000000000000  0.067171823303469  0.000000000000000  0.000000000000000  0.950659101229818  0.000000000000000  0.049583365199446  0.000000000000000  0.000000000000000  1.000000000000000  0.000000000000000  0.103020260619155  1.000000000000000  0.433168428200044 
16.0    T  0.000000000000000  0.000000000000000  0.000000000000000  0.000000000000000  0.000000000000000  0.000000000000000  0.000000000000000  0.217336140022505  0.000000000000000  0.200128702664076  0.211393071844379  0.000000000000000  0.000000000000000  0.000000000000000  0.000000000000000  0.052156830072213  0.130942015887475  0.188155843426383  0.000000000000000  0.000000000000000  0.859756486243006  0.140145759753564  0.000000000000000  1.000000000000000  0.000000000000000  1.000000000000000  0.000000000000000  0.099580012035698  0.449066186441967  0.495171435966512 
17.0    L  0.025934205799687  0.000000000000000  0.000000000000000  0.000000000000000  0.165970644797805  0.000000000000000  0.000000000000000  0.188286308329227  0.000000000000000  0.538866572521835  0.081108672933699  0.000000000000000  0.000000000000000  0.000000000000000  0.000000000000000  0.000000000000000  0.000000000000000  0.000000000000000  0.000000000000000  0.000000000000000  1.000000000000000  0.000000000000000  0.000000000000000  0.000000000000000  0.000000000000000  0.000000000000000  0.000000000000000  0.097801472717064  1.000000000000000  1.000000000000000 
18.0    F  0.079054971397121  0.000000000000000  0.000000000000000  0.000000000000000  0.129857387912208  0.000000000000000  0.000000000000000  0.293412044570338  0.000000000000000  0.090245574720156  0.000000000000000  0.000000000000000  0.000000000000000  0.000000000000000  0.000000000000000  0.000000000000000  0.000000000000000  0.407536166201313  0.000000000000000  0.000000000000000  1.000000000000000  0.000000000000000  0.000000000000000  0.000000000000000  0.000000000000000  0.000000000000000  0.000000000000000  0.097801472717064  1.000000000000000  1.000000000000000 
19.0    P  0.000000000000000  0.000000000000000  0.000000000000000  0.056680645558321  0.000000000000000  0.000000000000000  0.032173127607312  0.000000000000000  0.000000000000000  0.000000000000000  0.000000000000000  0.000000000000000  0.327825503553912  0.583174684894234  0.000000000000000  0.000000000000000  0.000000000000000  0.000000000000000  0.000000000000000  0.000000000000000  1.000000000000000  0.000000000000000  0.000000000000000  0.000000000000000  0.000000000000000  0.000000000000000  0.000000000000000  0.097801472717064  1.000000000000000  1.000000000000000 
20.0    V  0.079936598829839  0.000000000000000  0.000000000000000  0.000000000000000  0.000000000000000  0.168170901065228  0.059912464905811  0.000000000000000  0.032173127607312  0.113518552215189  0.000000000000000  0.057871626407958  0.058193426239389  0.000000000000000  0.000000000000000  0.300409012381713  0.000000000000000  0.129857387912208  0.000000000000000  0.000000000000000  1.000000000000000  0.000000000000000  0.000000000000000  0.000000000000000  0.000000000000000  0.000000000000000  0.000000000000000  0.097801472717064  1.000000000000000  1.000000000000000 
21.0    S  0.083504629899381  0.032262454233851  0.000000000000000  0.050485048600601  0.000000000000000  0.040162698045918  0.000000000000000  0.000000000000000  0.000000000000000  0.000000000000000  0.000000000000000  0.000000000000000  0.000000000000000  0.044904380517002  0.000000000000000  0.714992493180845  0.033446521825832  0.000000000000000  0.000000000000000  0.000000000000000  1.000000000000000  0.000000000000000  0.000000000000000  0.000000000000000  0.000000000000000  0.000000000000000  0.000000000000000  0.091568804663209  1.000000000000000  1.000000000000000 
22.0    W  0.000000000000000  0.124740339874881  0.000000000000000  0.000000000000000  0.056250120612095  0.000000000000000  0.000000000000000  0.056602123938614  0.000000000000000  0.165281825642822  0.000000000000000  0.000000000000000  0.000000000000000  0.000000000000000  0.000000000000000  0.000000000000000  0.050485048600601  0.000000000000000  0.513344772859999  0.033446521825832  0.949342120950519  0.000000000000000  0.050485048600601  0.000000000000000  0.000000000000000  0.000000000000000  0.000000000000000  0.091568804663209  1.000000000000000  1.000000000000000 
23.0    Q  0.046811279200756  0.119576019761484  0.000000000000000  0.050730598811080  0.000000000000000  0.000000000000000  0.000000000000000  0.000000000000000  0.000000000000000  0.055514174740150  0.000000000000000  0.000000000000000  0.000000000000000  0.639049681601526  0.029299096764285  0.059210629412454  0.000000000000000  0.000000000000000  0.000000000000000  0.000000000000000  1.000000000000000  0.000000000000000  0.000000000000000  0.000000000000000  0.000000000000000  0.000000000000000  1.000000000000000  0.096924150793376  1.000000000000000  0.482299092292069 
24.0    M  0.028855697210294  0.000000000000000  0.000000000000000  0.000000000000000  0.027110583973502  0.000000000000000  0.066292983835514  0.049755506173674  0.000000000000000  0.084787770465479  0.173258735706302  0.070511383591032  0.000000000000000  0.000000000000000  0.019478143660548  0.216434141379915  0.000000000000000  0.263522855822684  0.000000000000000  0.000000000000000  0.881480157907170  0.000000000000000  0.118339203904589  0.000000000000000  0.000000000000000  0.000000000000000  1.000000000000000  0.096924150793376  1.000000000000000  0.482299092292069 
25.0    P  0.211833108736530  0.000000000000000  0.000000000000000  0.000000000000000  0.000000000000000  0.000000000000000  0.000000000000000  0.000000000000000  0.000000000000000  0.097260647069427  0.000000000000000  0.057352492644460  0.566834706389211  0.000000000000000  0.000000000000000  0.066893043651664  0.000000000000000  0.000000000000000  0.000000000000000  0.000000000000000  1.000000000000000  0.000000000000000  0.000000000000000  0.000000000000000  0.000000000000000  0.000000000000000  1.000000000000000  0.115422788841174  1.000000000000000  0.448133349784702 
26.0    V  0.000000000000000  0.000000000000000  0.077106698113094  0.000000000000000  0.000000000000000  0.061341191490842  0.000000000000000  0.182757181050004  0.000000000000000  0.459138081150462  0.031120304784202  0.000000000000000  0.084905392784309  0.000000000000000  0.000000000000000  0.000000000000000  0.000000000000000  0.103664943226805  0.000000000000000  0.000000000000000  1.000000000000000  0.000000000000000  0.000000000000000  0.000000000000000  0.000000000000000  0.000000000000000  1.000000000000000  0.118503370641081  1.000000000000000  0.448133349784702 
27.0    E  0.000000000000000  0.000000000000000  0.027431931175297  0.112188756333408  0.000000000000000  0.000000000000000  0.000000000000000  0.000000000000000  0.100970097201201  0.031818287492644  0.000000000000000  0.000000000000000  0.039554893561571  0.589678296130608  0.098141014834197  0.000000000000000  0.000000000000000  0.000000000000000  0.000000000000000  0.000000000000000  0.309068815230238  0.691116103264291  0.000000000000000  0.195061370043426  0.804966137621122  0.000000000000000  1.000000000000000  0.118503370641081  0.288771446138396  0.448133349784702 
28.0    S  0.000000000000000  0.000000000000000  0.086930123231874  0.000000000000000  0.000000000000000  0.091188771515011  0.000000000000000  0.000000000000000  0.000000000000000  0.000000000000000  0.000000000000000  0.000000000000000  0.098823639575493  0.000000000000000  0.000000000000000  0.625031151292605  0.098073012237094  0.000000000000000  0.000000000000000  0.000000000000000  0.971307495541633  0.028656376350146  0.000000000000000  0.333324669272800  0.666649338545599  0.000000000000000  1.000000000000000  0.119741902277837  0.495514781632040  0.434672280045011 
29.0    G  0.000000000000000  0.000000000000000  0.000000000000000  0.095523532547823  0.000000000000000  0.065199287095616  0.000000000000000  0.000000000000000  0.000000000000000  0.000000000000000  0.078726873746712  0.000000000000000  0.000000000000000  0.000000000000000  0.452816991508911  0.307786103336229  0.000000000000000  0.000000000000000  0.000000000000000  0.000000000000000  0.549808074657276  0.354535008919865  0.095523532547823  0.381036207584942  0.618995145418723  0.000000000000000  1.000000000000000  0.119741902277837  0.385018587118036  0.434672280045011 
30.0    L  0.161768206810357  0.000000000000000  0.094929480613408  0.062803988776487  0.048934643516034  0.000000000000000  0.000000000000000  0.000000000000000  0.000000000000000  0.427797512841301  0.000000000000000  0.000000000000000  0.000000000000000  0.000000000000000  0.000000000000000  0.078781461973937  0.029646384848139  0.031511014215456  0.063813257856700  0.000000000000000  0.897510050667261  0.000000000000000  0.102663837594008  0.000000000000000  0.000000000000000  0.000000000000000  1.000000000000000  0.123878695408010  1.000000000000000  0.402204185470958 
31.0    S  0.113597264556065  0.000000000000000  0.056798632278033  0.041148966314351  0.091315273659105  0.000000000000000  0.038207508677877  0.000000000000000  0.062630100317477  0.092911436526938  0.069108165832517  0.000000000000000  0.025988190574216  0.000000000000000  0.000000000000000  0.351842093831349  0.056406295466402  0.000000000000000  0.000000000000000  0.000000000000000  1.000000000000000  0.000000000000000  0.000000000000000  0.500000000000000  0.500000000000000  0.475988954248766  0.524131237758464  0.127273149970578  0.476979775273779  0.378404198242395 
32.0    S  0.145087989297965  0.000000000000000  0.028340322779161  0.000000000000000  0.000000000000000  0.000000000000000  0.000000000000000  0.000000000000000  0.000000000000000  0.080828058242968  0.000000000000000  0.047234997759882  0.000000000000000  0.141806935616994  0.078672323344054  0.370873733460280  0.080492601844364  0.026718818059124  0.000000000000000  0.000000000000000  0.920187650624875  0.079660039207454  0.000000000000000  1.000000000000000  0.000000000000000  0.331711285149290  0.668500247702567  0.103952762296863  0.476979775273779  0.434672280045011 
33.0    E  0.057154068093744  0.000000000000000  0.232612414425754  0.338681244371342  0.000000000000000  0.000000000000000  0.000000000000000  0.000000000000000  0.000000000000000  0.000000000000000  0.000000000000000  0.028419007868773  0.023963791557392  0.000000000000000  0.027110583973502  0.136976470805961  0.083678453561153  0.027035521580781  0.044470733163581  0.000000000000000  1.000000000000000  0.000000000000000  0.000000000000000  0.000000000000000  0.000000000000000  0.375529981735232  0.624598062826688  0.098481735756168  1.000000000000000  0.429878243121503 
34.0    D  0.021418481327808  0.000000000000000  0.399149193178325  0.102948877158447  0.000000000000000  0.125869443757090  0.000000000000000  0.000000000000000  0.023535788541153  0.000000000000000  0.000000000000000  0.069975805540890  0.025772923394065  0.033725882390763  0.024603374267788  0.173018714506435  0.000000000000000  0.000000000000000  0.000000000000000  0.000000000000000  1.000000000000000  0.000000000000000  0.000000000000000  0.000000000000000  0.000000000000000  0.000000000000000  1.000000000000000  0.108668070011253  1.000000000000000  0.457549584063964 
35.0    S  0.094929480613408  0.000000000000000  0.024671683959392  0.033725882390763  0.000000000000000  0.127538082406057  0.000000000000000  0.025772923394065  0.000000000000000  0.133693385985656  0.000000000000000  0.000000000000000  0.117034030929312  0.000000000000000  0.000000000000000  0.281850103036355  0.141120550600766  0.019709022012988  0.000000000000000  0.000000000000000  1.000000000000000  0.000000000000000  0.000000000000000  0.000000000000000  0.000000000000000  0.000000000000000  1.000000000000000  0.108668070011253  1.000000000000000  0.457549584063964 
36.0    A  0.081956375888478  0.000000000000000  0.071893243334413  0.118421258824908  0.017542522219900  0.000000000000000  0.074635199192162  0.000000000000000  0.000000000000000  0.367037659008526  0.115342811581725  0.000000000000000  0.000000000000000  0.040695130924032  0.000000000000000  0.018186352100033  0.000000000000000  0.060580613558442  0.000000000000000  0.033725882390763  1.000000000000000  0.000000000000000  0.000000000000000  0.000000000000000  0.000000000000000  0.000000000000000  1.000000000000000  0.108668070011253  1.000000000000000  0.457549584063964 
37.0    S  0.018620040227719  0.000000000000000  0.132861959294819  0.224688781652757  0.019709022012988  0.074842419038683  0.000000000000000  0.000000000000000  0.019249969897590  0.176654205485341  0.000000000000000  0.040695130924032  0.000000000000000  0.033725882390763  0.018906157644051  0.095193046231454  0.126657112519886  0.018186352100033  0.000000000000000  0.000000000000000  0.936921446872426  0.015679246070461  0.047234997759882  1.000000000000000  0.000000000000000  0.298540796768647  0.701735863019538  0.108668070011253  0.479964630519454  0.457549584063964 
38.0    S  0.085318357367823  0.000000000000000  0.477641468191219  0.122173220801351  0.000000000000000  0.078726873746712  0.028399316139016  0.000000000000000  0.000000000000000  0.000000000000000  0.000000000000000  0.041148966314351  0.024981432198515  0.000000000000000  0.000000000000000  0.124394965227510  0.017145811524676  0.000000000000000  0.000000000000000  0.000000000000000  0.964598184584138  0.000000000000000  0.035500914524584  0.000000000000000  0.000000000000000  0.414372452243996  0.585605090609405  0.111723145294598  1.000000000000000  0.448133349784702 
39.0    E  0.000000000000000  0.000000000000000  0.060875266783953  0.258278596921033  0.000000000000000  0.000000000000000  0.000000000000000  0.000000000000000  0.000000000000000  0.040610595701733  0.000000000000000  0.067498534989555  0.280097303548544  0.155501456662309  0.080772051914843  0.056211144509235  0.000000000000000  0.000000000000000  0.000000000000000  0.000000000000000  1.000000000000000  0.000000000000000  0.000000000000000  0.000000000000000  0.000000000000000  0.803850990743151  0.196146024474188  0.089003137224817  1.000000000000000  0.453445164466571 
40.0    S  0.160650792183672  0.000000000000000  0.087534770055450  0.013897796774030  0.000000000000000  0.053772039413215  0.000000000000000  0.000000000000000  0.014023594541676  0.000000000000000  0.000000000000000  0.011670417633690  0.076893209046947  0.012709049970814  0.226879788829290  0.341983825975623  0.000000000000000  0.000000000000000  0.000000000000000  0.000000000000000  0.871758239537062  0.103020260619155  0.025347723611783  1.000000000000000  0.000000000000000  1.000000000000000  0.000000000000000  0.068773663085384  0.408384495555011  0.496890546661277 
41.0    F  0.000000000000000  0.000000000000000  0.031973045929201  0.179991414814336  0.055207190717592  0.089622203000989  0.000000000000000  0.000000000000000  0.000000000000000  0.150935073935812  0.000000000000000  0.081786129465938  0.178500497460633  0.136976470805961  0.027757087370075  0.039609766313576  0.027699428099840  0.000000000000000  0.000000000000000  0.000000000000000  0.985549336939371  0.000000000000000  0.014160342785427  0.000000000000000  0.000000000000000  0.526680517977418  0.473028823362798  0.058842404033825  1.000000000000000  0.483973513446869 
42.0    A  0.113047422195136  0.000000000000000  0.018645870984871  0.012691443693066  0.027853452996780  0.021050524638526  0.083678453561153  0.054484889971066  0.000000000000000  0.126306430810845  0.056680645558321  0.000000000000000  0.254546299941155  0.037240080455439  0.035329080222643  0.010941846256931  0.077160162930846  0.070364911633548  0.000000000000000  0.000000000000000  0.964598184584138  0.000000000000000  0.035500914524584  0.000000000000000  0.000000000000000  0.676893139526230  0.323312232971872  0.059333882559407  1.000000000000000  0.491069797631696 
43.0    S  0.088143622530274  0.000000000000000  0.086629367853151  0.040751585476830  0.053474689105163  0.016413196000168  0.000000000000000  0.000000000000000  0.031445556984306  0.136219014026666  0.026479138592066  0.147828875030518  0.135936048856860  0.000000000000000  0.015124172295215  0.195196623151848  0.026405824512891  0.000000000000000  0.000000000000000  0.000000000000000  0.957935218222696  0.023083407243478  0.018971795068673  0.250000000000000  0.750019494642909  0.238489887636890  0.761544369851631  0.058598193528569  0.498270131413934  0.477972658796871 
44.0    K  0.000000000000000  0.000000000000000  0.011056204377552  0.122173220801351  0.023115429832013  0.000000000000000  0.010964622859680  0.000000000000000  0.080884103405178  0.135747732040287  0.031973045929201  0.072092850316251  0.057352492644460  0.013859317268002  0.337509496280686  0.053548872173036  0.040526236082844  0.000000000000000  0.000000000000000  0.009118422670457  0.914465089499901  0.000000000000000  0.085318357367823  1.000000000000000  0.000000000000000  0.453130969133667  0.546767728742316  0.060664654360597  0.498270131413934  0.463294030945185 
45.0    I  0.103163176064082  0.000000000000000  0.045405157799105  0.070854338298651  0.057671405790862  0.000000000000000  0.028935813203979  0.087413505171154  0.000000000000000  0.013574096642978  0.173739777480292  0.083562530962821  0.007164094087536  0.031840349894273  0.000000000000000  0.059581159080510  0.105330853687894  0.118421258824908  0.000000000000000  0.013294745773540  1.000000000000000  0.000000000000000  0.000000000000000  0.000000000000000  0.000000000000000  1.000000000000000  0.000000000000000  0.065789447169340  1.000000000000000  0.423079298300145 
46.0    K  0.057992092279455  0.000000000000000  0.000000000000000  0.075624630576206  0.000000000000000  0.021021362633154  0.000000000000000  0.000000000000000  0.456599125005996  0.000000000000000  0.000000000000000  0.015832139064986  0.062978360025657  0.045531222309313  0.181998693624886  0.025085543397374  0.048900736358532  0.008332701412748  0.000000000000000  0.000000000000000  1.000000000000000  0.000000000000000  0.000000000000000  0.000000000000000  0.000000000000000  0.000000000000000  0.000000000000000  0.060790934213268  1.000000000000000  1.000000000000000 
47.0    R  0.000000000000000  0.000000000000000  0.000000000000000  0.000000000000000  0.000000000000000  0.000000000000000  0.000000000000000  0.000000000000000  0.023699492896476  0.000000000000000  0.000000000000000  0.000000000000000  0.000000000000000  0.000000000000000  0.976031760776225  0.000000000000000  0.000000000000000  0.000000000000000  0.000000000000000  0.000000000000000  0.976031760776225  0.023699492896476  0.000000000000000  0.274904037328638  0.724973416439426  0.000000000000000  0.000000000000000  0.060538636826664  0.487677730763821  1.000000000000000 
48.0    H  0.000000000000000  0.000000000000000  0.000000000000000  0.000000000000000  0.000000000000000  0.000000000000000  0.830470024090894  0.000000000000000  0.000000000000000  0.000000000000000  0.000000000000000  0.000000000000000  0.000000000000000  0.022097086912080  0.000000000000000  0.000000000000000  0.000000000000000  0.000000000000000  0.000000000000000  0.147624082678691  1.000000000000000  0.000000000000000  0.000000000000000  0.000000000000000  0.000000000000000  0.000000000000000  0.000000000000000  0.057911753868148  1.000000000000000  1.000000000000000 
49.0    S  0.453759577658580  0.000000000000000  0.000000000000000  0.000000000000000  0.000000000000000  0.000000000000000  0.000000000000000  0.011296346051139  0.000000000000000  0.000000000000000  0.000000000000000  0.000000000000000  0.000000000000000  0.000000000000000  0.000000000000000  0.428985265214345  0.034410674940561  0.071594868623735  0.000000000000000  0.000000000000000  1.000000000000000  0.000000000000000  0.000000000000000  0.000000000000000  0.000000000000000  0.000000000000000  0.000000000000000  0.057992092279455  1.000000000000000  1.000000000000000 
50.0    D  0.000000000000000  0.000000000000000  0.618995145418723  0.288971676638700  0.000000000000000  0.000000000000000  0.000000000000000  0.000000000000000  0.000000000000000  0.000000000000000  0.000000000000000  0.000000000000000  0.000000000000000  0.092141826080694  0.000000000000000  0.000000000000000  0.000000000000000  0.000000000000000  0.000000000000000  0.000000000000000  1.000000000000000  0.000000000000000  0.000000000000000  0.000000000000000  0.000000000000000  0.000000000000000  0.000000000000000  0.057911753868148  1.000000000000000  1.000000000000000 
51.0    G  0.251390145099617  0.000000000000000  0.000000000000000  0.000000000000000  0.000000000000000  0.693515484565693  0.000000000000000  0.000000000000000  0.000000000000000  0.000000000000000  0.000000000000000  0.000000000000000  0.000000000000000  0.000000000000000  0.000000000000000  0.055092509869198  0.000000000000000  0.000000000000000  0.000000000000000  0.000000000000000  1.000000000000000  0.000000000000000  0.000000000000000  0.000000000000000  0.000000000000000  0.000000000000000  0.000000000000000  0.057992092279455  1.000000000000000  1.000000000000000 
52.0    T  0.000000000000000  0.000000000000000  0.014023594541676  0.000000000000000  0.000000000000000  0.000000000000000  0.000000000000000  0.265723918589638  0.000000000000000  0.038366740122346  0.042600081477578  0.000000000000000  0.017265070074999  0.000000000000000  0.015733680469636  0.059746582349609  0.475000191437443  0.071694189014135  0.000000000000000  0.000000000000000  1.000000000000000  0.000000000000000  0.000000000000000  0.000000000000000  0.000000000000000  0.000000000000000  0.000000000000000  0.057992092279455  1.000000000000000  1.000000000000000 
53.0    F  0.000000000000000  0.000000000000000  0.000000000000000  0.000000000000000  0.735603372927869  0.000000000000000  0.000000000000000  0.041063488348418  0.000000000000000  0.050240686921447  0.000000000000000  0.000000000000000  0.000000000000000  0.000000000000000  0.000000000000000  0.000000000000000  0.000000000000000  0.000000000000000  0.000000000000000  0.173018714506435  1.000000000000000  0.000000000000000  0.000000000000000  0.000000000000000  0.000000000000000  0.000000000000000  0.000000000000000  0.057992092279455  1.000000000000000  1.000000000000000 
54.0    T  0.074583483939483  0.000000000000000  0.000000000000000  0.000000000000000  0.000000000000000  0.000000000000000  0.000000000000000  0.039200068891281  0.000000000000000  0.000000000000000  0.000000000000000  0.020291228167654  0.000000000000000  0.000000000000000  0.014101573866600  0.093363341069521  0.758383772687221  0.000000000000000  0.000000000000000  0.000000000000000  0.986232704493359  0.000000000000000  0.014101573866600  0.000000000000000  0.000000000000000  0.000000000000000  0.000000000000000  0.057992092279455  1.000000000000000  1.000000000000000 
55.0    S  0.009348820025240  0.000000000000000  0.173258735706302  0.009400804890621  0.000000000000000  0.000000000000000  0.000000000000000  0.000000000000000  0.021492840908433  0.000000000000000  0.000000000000000  0.210078438058320  0.000000000000000  0.011646174896867  0.000000000000000  0.529609167341938  0.034963659407366  0.000000000000000  0.000000000000000  0.000000000000000  1.000000000000000  0.000000000000000  0.000000000000000  0.000000000000000  0.000000000000000  1.000000000000000  0.000000000000000  0.058476468614463  1.000000000000000  0.497235084336607 
56.0    D  0.020291228167654  0.000000000000000  0.584793832025974  0.098755163982922  0.000000000000000  0.017133931071686  0.000000000000000  0.007355300504228  0.000000000000000  0.000000000000000  0.000000000000000  0.103880732699206  0.000000000000000  0.000000000000000  0.000000000000000  0.105696535922190  0.022592692102277  0.018389167769043  0.000000000000000  0.021123606766064  1.000000000000000  0.000000000000000  0.000000000000000  0.000000000000000  0.000000000000000  0.000000000000000  0.000000000000000  0.057992092279455  1.000000000000000  1.000000000000000 
57.0    L  0.021138253610161  0.000000000000000  0.000000000000000  0.000000000000000  0.056798632278033  0.000000000000000  0.000000000000000  0.079054971397121  0.000000000000000  0.044904380517002  0.054711958105891  0.000000000000000  0.000000000000000  0.000000000000000  0.000000000000000  0.000000000000000  0.000000000000000  0.178376813214735  0.000000000000000  0.564873607285062  1.000000000000000  0.000000000000000  0.000000000000000  0.000000000000000  0.000000000000000  0.000000000000000  0.000000000000000  0.057992092279455  1.000000000000000  1.000000000000000 
58.0    S  0.052374195916747  0.000000000000000  0.018945512797840  0.000000000000000  0.000000000000000  0.000000000000000  0.000000000000000  0.000000000000000  0.000000000000000  0.000000000000000  0.000000000000000  0.044409126349417  0.000000000000000  0.000000000000000  0.131852789633508  0.637280313659631  0.097665985021540  0.000000000000000  0.000000000000000  0.017265070074999  1.000000000000000  0.000000000000000  0.000000000000000  0.000000000000000  0.000000000000000  0.000000000000000  0.000000000000000  0.057992092279455  1.000000000000000  1.000000000000000 
59.0    K  0.000000000000000  0.000000000000000  0.000000000000000  0.008668511500530  0.000000000000000  0.000000000000000  0.018389167769043  0.017664540111322  0.405001736816023  0.000000000000000  0.000000000000000  0.008200911590805  0.000000000000000  0.014498023069864  0.281069730944654  0.216434141379915  0.017349044275447  0.012824087637664  0.000000000000000  0.000000000000000  0.967947026893737  0.032173127607312  0.000000000000000  0.333324669272800  0.666649338545599  0.000000000000000  0.000000000000000  0.057992092279455  0.492774668469685  1.000000000000000 
60.0    Q  0.071051060827251  0.000000000000000  0.021138253610161  0.000000000000000  0.086869888740146  0.000000000000000  0.014874654820274  0.065335006262823  0.000000000000000  0.212863426937236  0.020818356642063  0.000000000000000  0.000000000000000  0.022561393680039  0.000000000000000  0.017554685984869  0.015931213796847  0.079549683454746  0.000000000000000  0.371388230165207  1.000000000000000  0.000000000000000  0.000000000000000  0.000000000000000  0.000000000000000  0.000000000000000  0.000000000000000  0.057992092279455  1.000000000000000  1.000000000000000 
61.0    M  0.000000000000000  0.000000000000000  0.000000000000000  0.000000000000000  0.021138253610161  0.000000000000000  0.000000000000000  0.000000000000000  0.000000000000000  0.637722195839272  0.069108165832517  0.000000000000000  0.000000000000000  0.046843737554861  0.147521792917025  0.018945512797840  0.020221025851295  0.038660389958974  0.000000000000000  0.000000000000000  1.000000000000000  0.000000000000000  0.000000000000000  0.000000000000000  0.000000000000000  0.000000000000000  0.000000000000000  0.057992092279455  1.000000000000000  1.000000000000000 
62.0    E  0.059954007457829  0.000000000000000  0.301451956922690  0.185436866730140  0.000000000000000  0.182630547318209  0.000000000000000  0.000000000000000  0.137738139484576  0.000000000000000  0.000000000000000  0.008875228631146  0.000000000000000  0.048799155787962  0.020803931456818  0.033261568201667  0.000000000000000  0.000000000000000  0.000000000000000  0.021138253610161  1.000000000000000  0.000000000000000  0.000000000000000  0.000000000000000  0.000000000000000  0.000000000000000  0.000000000000000  0.057992092279455  1.000000000000000  1.000000000000000 
63.0    E  0.019956464987428  0.000000000000000  0.120825762133122  0.082985322398902  0.000000000000000  0.021823102069803  0.013012121420009  0.000000000000000  0.090621677054928  0.000000000000000  0.007416735319926  0.054749894691695  0.000000000000000  0.259714775824416  0.039281667953807  0.182883902588041  0.058476468614463  0.009042892320235  0.000000000000000  0.039172906888772  1.000000000000000  0.000000000000000  0.000000000000000  0.000000000000000  0.000000000000000  0.000000000000000  0.000000000000000  0.057992092279455  1.000000000000000  1.000000000000000 
64.0    E  0.062025273417864  0.000000000000000  0.000000000000000  0.015071846634127  0.018945512797840  0.000000000000000  0.000000000000000  0.078563335907614  0.134157535799182  0.203626890767554  0.217788548035564  0.000000000000000  0.000000000000000  0.126394010106413  0.132218870452303  0.000000000000000  0.011202775375124  0.000000000000000  0.000000000000000  0.000000000000000  1.000000000000000  0.000000000000000  0.000000000000000  0.000000000000000  0.000000000000000  0.000000000000000  0.000000000000000  0.057992092279455  1.000000000000000  1.000000000000000 
65.0    A  0.407818746669505  0.000000000000000  0.000000000000000  0.000000000000000  0.000000000000000  0.000000000000000  0.000000000000000  0.000000000000000  0.068773663085384  0.033492920704259  0.038473262917029  0.000000000000000  0.000000000000000  0.055437269072009  0.148239312426368  0.158989125842947  0.000000000000000  0.058354996557207  0.000000000000000  0.030543305200338  1.000000000000000  0.000000000000000  0.000000000000000  0.000000000000000  0.000000000000000  0.000000000000000  0.000000000000000  0.057992092279455  1.000000000000000  1.000000000000000 
66.0    V  0.520150133260993  0.000000000000000  0.000000000000000  0.011477879947487  0.032173127607312  0.000000000000000  0.000000000000000  0.070024325887136  0.033492920704259  0.063548417080747  0.014062530153024  0.000000000000000  0.000000000000000  0.051545846788130  0.000000000000000  0.020221025851295  0.041607862913637  0.141806935616994  0.000000000000000  0.000000000000000  1.000000000000000  0.000000000000000  0.000000000000000  0.000000000000000  0.000000000000000  0.000000000000000  0.000000000000000  0.057992092279455  1.000000000000000  1.000000000000000 
67.0    R  0.000000000000000  0.000000000000000  0.000000000000000  0.000000000000000  0.000000000000000  0.000000000000000  0.013012121420009  0.000000000000000  0.505926600513464  0.000000000000000  0.000000000000000  0.010525262319263  0.000000000000000  0.204475514639445  0.211539649150072  0.009551877169469  0.000000000000000  0.032173127607312  0.000000000000000  0.012560171730362  1.000000000000000  0.000000000000000  0.000000000000000  0.000000000000000  0.000000000000000  0.000000000000000  0.000000000000000  0.057992092279455  1.000000000000000  1.000000000000000 
68.0    L  0.000000000000000  0.000000000000000  0.258816230960344  0.139951611081780  0.000000000000000  0.000000000000000  0.000000000000000  0.000000000000000  0.343885454534936  0.015071846634127  0.000000000000000  0.113754853010112  0.000000000000000  0.000000000000000  0.108818820412016  0.019532223477894  0.000000000000000  0.000000000000000  0.000000000000000  0.000000000000000  0.982820598545251  0.000000000000000  0.017265070074999  0.000000000000000  0.000000000000000  0.000000000000000  0.000000000000000  0.057992092279455  1.000000000000000  1.000000000000000 
69.0    F  0.000000000000000  0.000000000000000  0.000000000000000  0.000000000000000  0.585199320737295  0.000000000000000  0.000000000000000  0.029502888098445  0.000000000000000  0.094143154164613  0.000000000000000  0.000000000000000  0.000000000000000  0.000000000000000  0.000000000000000  0.032690154368517  0.000000000000000  0.016596237288990  0.000000000000000  0.241819082403483  1.000000000000000  0.000000000000000  0.000000000000000  0.000000000000000  0.000000000000000  0.000000000000000  1.000000000000000  0.058801631719612  1.000000000000000  0.498961359499525 
70.0    I  0.000000000000000  0.000000000000000  0.000000000000000  0.000000000000000  0.000000000000000  0.000000000000000  0.000000000000000  0.193177637411997  0.000000000000000  0.435879119768531  0.000000000000000  0.000000000000000  0.000000000000000  0.000000000000000  0.000000000000000  0.000000000000000  0.000000000000000  0.370873733460280  0.000000000000000  0.000000000000000  1.000000000000000  0.000000000000000  0.000000000000000  0.000000000000000  0.000000000000000  0.000000000000000  1.000000000000000  0.058801631719612  1.000000000000000  0.498961359499525 
71.0    E  0.132402291835485  0.000000000000000  0.127008767874213  0.126044056861824  0.000000000000000  0.000000000000000  0.078128893911576  0.007421877991210  0.008149910886952  0.000000000000000  0.000000000000000  0.173258735706302  0.000000000000000  0.239317864548824  0.034866853822655  0.051581588032041  0.021823102069803  0.000000000000000  0.000000000000000  0.000000000000000  1.000000000000000  0.000000000000000  0.000000000000000  0.000000000000000  0.000000000000000  1.000000000000000  0.000000000000000  0.058801631719612  1.000000000000000  0.498961359499525 
72.0    W  0.038983299122314  0.000000000000000  0.061810682273808  0.016653855251062  0.041063488348418  0.042896388476716  0.000000000000000  0.000000000000000  0.030018589498546  0.000000000000000  0.000000000000000  0.054825846795801  0.000000000000000  0.000000000000000  0.011218316489246  0.221441879775590  0.045279442329840  0.000000000000000  0.435879119768531  0.000000000000000  1.000000000000000  0.000000000000000  0.000000000000000  0.000000000000000  0.000000000000000  0.000000000000000  0.000000000000000  0.057992092279455  1.000000000000000  1.000000000000000 
73.0    L  0.048428495684948  0.000000000000000  0.000000000000000  0.000000000000000  0.000000000000000  0.000000000000000  0.000000000000000  0.133600748901376  0.000000000000000  0.668963777393056  0.014649548382142  0.000000000000000  0.000000000000000  0.000000000000000  0.000000000000000  0.000000000000000  0.000000000000000  0.102096123888753  0.000000000000000  0.032173127607312  0.993781093322555  0.000000000000000  0.005908468739390  0.000000000000000  0.000000000000000  0.000000000000000  0.000000000000000  0.057992092279455  1.000000000000000  1.000000000000000 
74.0    K  0.000000000000000  0.000000000000000  0.000000000000000  0.000000000000000  0.000000000000000  0.000000000000000  0.000000000000000  0.130037533315248  0.159873197659679  0.321301584367343  0.280291519507127  0.031752191968553  0.000000000000000  0.000000000000000  0.000000000000000  0.023454360898662  0.009525430422471  0.043767385027725  0.000000000000000  0.000000000000000  0.980779003988551  0.000000000000000  0.018919266936727  0.000000000000000  0.000000000000000  0.000000000000000  1.000000000000000  0.055939066932998  1.000000000000000  0.500000000000000 
75.0    N  0.120407736752519  0.000000000000000  0.000000000000000  0.000000000000000  0.000000000000000  0.132769898311922  0.000000000000000  0.000000000000000  0.141120550600766  0.000000000000000  0.000000000000000  0.332862903309093  0.000000000000000  0.031664278129971  0.020053529649420  0.181117769319360  0.040051497630006  0.000000000000000  0.000000000000000  0.000000000000000  1.000000000000000  0.000000000000000  0.000000000000000  0.000000000000000  0.000000000000000  0.076415017355754  0.923382310729395  0.056094378166704  1.000000000000000  0.463294030945185 
76.0    G  0.017241152188156  0.000000000000000  0.000000000000000  0.000000000000000  0.000000000000000  0.293615492803413  0.000000000000000  0.000000000000000  0.219151430329009  0.000000000000000  0.000000000000000  0.029217974929733  0.000000000000000  0.089933348750676  0.141512362763834  0.076999879590360  0.105623298051564  0.000000000000000  0.000000000000000  0.026718818059124  0.992404374685819  0.007375722024611  0.000000000000000  0.166662334636400  0.833353207159218  1.000000000000000  0.000000000000000  0.057074890625749  0.492433221447775  0.466516495768404 
77.0    G  0.000000000000000  0.000000000000000  0.000000000000000  0.000000000000000  0.000000000000000  0.098277161517541  0.000000000000000  0.016198454703433  0.346277367027731  0.000000000000000  0.000000000000000  0.000000000000000  0.000000000000000  0.185051662250006  0.341036958719839  0.013212066990274  0.000000000000000  0.000000000000000  0.000000000000000  0.000000000000000  1.000000000000000  0.000000000000000  0.000000000000000  0.000000000000000  0.000000000000000  0.000000000000000  0.000000000000000  0.071446145963377  1.000000000000000  1.000000000000000 
78.0    P  0.042511589137686  0.000000000000000  0.051581588032041  0.129947429396910  0.022112408755104  0.073200636326176  0.000000000000000  0.010934264574962  0.000000000000000  0.018262144508769  0.000000000000000  0.000000000000000  0.129318447689864  0.027299152997397  0.246729136471460  0.058842404033825  0.027930786323650  0.131305568001344  0.000000000000000  0.030039404012149  1.000000000000000  0.000000000000000  0.000000000000000  0.000000000000000  0.000000000000000  0.000000000000000  0.000000000000000  0.066523136403335  1.000000000000000  1.000000000000000 
79.0    S  0.000000000000000  0.000000000000000  0.056367211148891  0.000000000000000  0.000000000000000  0.092718433365070  0.000000000000000  0.000000000000000  0.250520401269908  0.000000000000000  0.000000000000000  0.020977695355942  0.000000000000000  0.000000000000000  0.185436866730140  0.347961597957775  0.045943354262158  0.000000000000000  0.000000000000000  0.000000000000000  1.000000000000000  0.000000000000000  0.000000000000000  0.000000000000000  0.000000000000000  0.000000000000000  0.000000000000000  0.072242919159675  1.000000000000000  1.000000000000000 
80.0    S  0.000000000000000  0.000000000000000  0.000000000000000  0.019804883156788  0.000000000000000  0.098141014834197  0.000000000000000  0.037917298757772  0.263340258988709  0.054409410206008  0.000000000000000  0.098550021757035  0.000000000000000  0.107320679554719  0.106137030805855  0.158439065254303  0.056055509978876  0.000000000000000  0.000000000000000  0.000000000000000  1.000000000000000  0.000000000000000  0.000000000000000  0.000000000000000  0.000000000000000  0.000000000000000  0.000000000000000  0.075467536967906  1.000000000000000  1.000000000000000 
81.0    G  0.069878865685366  0.000000000000000  0.000000000000000  0.384218795322003  0.000000000000000  0.089498046325071  0.000000000000000  0.000000000000000  0.000000000000000  0.000000000000000  0.000000000000000  0.043314683926575  0.000000000000000  0.060078808024298  0.000000000000000  0.353063601096189  0.000000000000000  0.000000000000000  0.000000000000000  0.000000000000000  1.000000000000000  0.000000000000000  0.000000000000000  0.000000000000000  0.000000000000000  0.000000000000000  0.000000000000000  0.081616236693057  1.000000000000000  1.000000000000000 
82.0    A  0.072644631719882  0.000000000000000  0.168988854128516  0.259714775824416  0.092589987376270  0.037369368649254  0.000000000000000  0.050660319992832  0.000000000000000  0.057671405790862  0.084377374070172  0.000000000000000  0.175921046915675  0.000000000000000  0.000000000000000  0.000000000000000  0.000000000000000  0.000000000000000  0.000000000000000  0.000000000000000  1.000000000000000  0.000000000000000  0.000000000000000  0.000000000000000  0.000000000000000  0.000000000000000  0.000000000000000  0.095391200560035  1.000000000000000  1.000000000000000 
83.0    P  0.000000000000000  0.000000000000000  0.000000000000000  0.140437487878956  0.000000000000000  0.000000000000000  0.000000000000000  0.000000000000000  0.000000000000000  0.087960523457837  0.000000000000000  0.000000000000000  0.496890546661277  0.000000000000000  0.054296386571914  0.220217343531745  0.000000000000000  0.000000000000000  0.000000000000000  0.000000000000000  1.000000000000000  0.000000000000000  0.000000000000000  0.000000000000000  0.000000000000000  0.000000000000000  0.000000000000000  0.103306289769276  1.000000000000000  1.000000000000000 
84.0    P  0.215834889643603  0.000000000000000  0.000000000000000  0.219912268980609  0.000000000000000  0.046843737554861  0.000000000000000  0.000000000000000  0.000000000000000  0.055745532463756  0.000000000000000  0.102308647698850  0.359235044136016  0.000000000000000  0.000000000000000  0.000000000000000  0.000000000000000  0.000000000000000  0.000000000000000  0.000000000000000  1.000000000000000  0.000000000000000  0.000000000000000  0.000000000000000  0.000000000000000  0.000000000000000  0.000000000000000  0.115984184558910  1.000000000000000  1.000000000000000 
85.0    P  0.000000000000000  0.000000000000000  0.000000000000000  0.000000000000000  0.000000000000000  0.000000000000000  0.000000000000000  0.000000000000000  0.000000000000000  0.000000000000000  0.000000000000000  0.000000000000000  1.000000000000000  0.000000000000000  0.000000000000000  0.000000000000000  0.000000000000000  0.000000000000000  0.000000000000000  0.000000000000000  1.000000000000000  0.000000000000000  0.000000000000000  0.000000000000000  0.000000000000000  0.000000000000000  0.000000000000000  0.237006741282161  1.000000000000000  1.000000000000000 
86.0    S  0.303338390062173  0.000000000000000  0.000000000000000  0.000000000000000  0.000000000000000  0.000000000000000  0.000000000000000  0.000000000000000  0.000000000000000  0.000000000000000  0.000000000000000  0.000000000000000  0.000000000000000  0.000000000000000  0.000000000000000  0.696405740334518  0.000000000000000  0.000000000000000  0.000000000000000  0.000000000000000  1.000000000000000  0.000000000000000  0.000000000000000  0.000000000000000  0.000000000000000  0.000000000000000  0.000000000000000  0.257206676973394  1.000000000000000  1.000000000000000 
87.0    G  0.000000000000000  0.000000000000000  0.000000000000000  0.000000000000000  0.000000000000000  0.441657525740733  0.000000000000000  0.000000000000000  0.000000000000000  0.000000000000000  0.000000000000000  0.000000000000000  0.000000000000000  0.000000000000000  0.285388676781693  0.273005136436413  0.000000000000000  0.000000000000000  0.000000000000000  0.000000000000000  1.000000000000000  0.000000000000000  0.000000000000000  1.000000000000000  0.000000000000000  0.000000000000000  0.000000000000000  0.334945900606960  1.000000000000000  1.000000000000000 
