No:  residues  hmm_col_1  hmm_col_2  hmm_col_3  hmm_col_4  hmm_col_5  hmm_col_6  hmm_col_7  hmm_col_8  hmm_col_9  hmm_col_10  hmm_col_11  hmm_col_12  hmm_col_13  hmm_col_14  hmm_col_15  hmm_col_16  hmm_col_17  hmm_col_18  hmm_col_19  hmm_col_20  hmm_col_21   hmm_col_22   hmm_col_23   hmm_col_24   hmm_col_25   hmm_col_26   hmm_col_27   hmm_col_28   hmm_col_29   hmm_col_30   
1.0    M  0.000000000000000  0.000000000000000  0.000000000000000  0.000000000000000  0.000000000000000  0.000000000000000  0.000000000000000  0.000000000000000  0.000000000000000  0.000000000000000  1.000000000000000  0.000000000000000  0.000000000000000  0.000000000000000  0.000000000000000  0.000000000000000  0.000000000000000  0.000000000000000  0.000000000000000  0.000000000000000  1.000000000000000  0.000000000000000  0.000000000000000  0.000000000000000  0.000000000000000  0.000000000000000  0.000000000000000  0.212568540016049  1.000000000000000  1.000000000000000 
2.0    Y  0.000000000000000  0.000000000000000  0.000000000000000  0.000000000000000  0.000000000000000  0.000000000000000  0.102735023411856  0.000000000000000  0.000000000000000  0.000000000000000  0.000000000000000  0.080828058242968  0.000000000000000  0.000000000000000  0.000000000000000  0.071248329543341  0.000000000000000  0.000000000000000  0.000000000000000  0.745355193399460  1.000000000000000  0.000000000000000  0.000000000000000  0.000000000000000  0.000000000000000  0.000000000000000  0.000000000000000  0.212568540016049  1.000000000000000  1.000000000000000 
3.0    R  0.000000000000000  0.000000000000000  0.000000000000000  0.000000000000000  0.000000000000000  0.000000000000000  0.000000000000000  0.000000000000000  0.574747424017338  0.000000000000000  0.000000000000000  0.035698320214017  0.000000000000000  0.000000000000000  0.094863703310878  0.166662334636400  0.128158404736074  0.000000000000000  0.000000000000000  0.000000000000000  1.000000000000000  0.000000000000000  0.000000000000000  0.000000000000000  0.000000000000000  0.000000000000000  0.000000000000000  0.212568540016049  1.000000000000000  1.000000000000000 
4.0    M  0.000000000000000  0.000000000000000  0.000000000000000  0.000000000000000  0.000000000000000  0.000000000000000  0.000000000000000  0.053697547184199  0.000000000000000  0.034482304376311  0.617709318563465  0.000000000000000  0.000000000000000  0.000000000000000  0.041781265481410  0.000000000000000  0.061639544030835  0.190518103792471  0.000000000000000  0.000000000000000  1.000000000000000  0.000000000000000  0.000000000000000  0.000000000000000  0.000000000000000  0.000000000000000  0.000000000000000  0.212568540016049  1.000000000000000  1.000000000000000 
5.0    Q  0.000000000000000  0.000000000000000  0.000000000000000  0.000000000000000  0.000000000000000  0.000000000000000  0.000000000000000  0.000000000000000  0.000000000000000  0.061639544030835  0.000000000000000  0.000000000000000  0.199436309952258  0.683493725970905  0.000000000000000  0.000000000000000  0.000000000000000  0.000000000000000  0.000000000000000  0.055437269072009  1.000000000000000  0.000000000000000  0.000000000000000  0.000000000000000  0.000000000000000  0.000000000000000  0.000000000000000  0.212568540016049  1.000000000000000  1.000000000000000 
6.0    L  0.000000000000000  0.000000000000000  0.000000000000000  0.000000000000000  0.089933348750676  0.000000000000000  0.000000000000000  0.000000000000000  0.000000000000000  0.910038824080899  0.000000000000000  0.000000000000000  0.000000000000000  0.000000000000000  0.000000000000000  0.000000000000000  0.000000000000000  0.000000000000000  0.000000000000000  0.000000000000000  1.000000000000000  0.000000000000000  0.000000000000000  0.000000000000000  0.000000000000000  0.000000000000000  0.000000000000000  0.212568540016049  1.000000000000000  1.000000000000000 
7.0    L  0.202360554136852  0.000000000000000  0.000000000000000  0.000000000000000  0.000000000000000  0.000000000000000  0.000000000000000  0.000000000000000  0.000000000000000  0.753667454779191  0.000000000000000  0.000000000000000  0.000000000000000  0.000000000000000  0.000000000000000  0.000000000000000  0.000000000000000  0.043737058299850  0.000000000000000  0.000000000000000  1.000000000000000  0.000000000000000  0.000000000000000  0.000000000000000  0.000000000000000  0.000000000000000  0.000000000000000  0.212568540016049  1.000000000000000  1.000000000000000 
8.0    S  0.043737058299850  0.034866853822655  0.000000000000000  0.000000000000000  0.000000000000000  0.000000000000000  0.000000000000000  0.000000000000000  0.000000000000000  0.071248329543341  0.000000000000000  0.000000000000000  0.000000000000000  0.000000000000000  0.000000000000000  0.850274160064196  0.000000000000000  0.000000000000000  0.000000000000000  0.000000000000000  1.000000000000000  0.000000000000000  0.000000000000000  0.000000000000000  0.000000000000000  0.000000000000000  0.000000000000000  0.212568540016049  1.000000000000000  1.000000000000000 
9.0    C  0.000000000000000  1.000000000000000  0.000000000000000  0.000000000000000  0.000000000000000  0.000000000000000  0.000000000000000  0.000000000000000  0.000000000000000  0.000000000000000  0.000000000000000  0.000000000000000  0.000000000000000  0.000000000000000  0.000000000000000  0.000000000000000  0.000000000000000  0.000000000000000  0.000000000000000  0.000000000000000  1.000000000000000  0.000000000000000  0.000000000000000  0.000000000000000  0.000000000000000  0.000000000000000  0.000000000000000  0.212568540016049  1.000000000000000  1.000000000000000 
10.0    I  0.000000000000000  0.000000000000000  0.000000000000000  0.000000000000000  0.000000000000000  0.000000000000000  0.000000000000000  0.617709318563465  0.000000000000000  0.139467415290621  0.000000000000000  0.000000000000000  0.000000000000000  0.000000000000000  0.000000000000000  0.000000000000000  0.000000000000000  0.242995246995338  0.000000000000000  0.000000000000000  1.000000000000000  0.000000000000000  0.000000000000000  0.000000000000000  0.000000000000000  0.000000000000000  0.000000000000000  0.212568540016049  1.000000000000000  1.000000000000000 
11.0    A  0.869344560090022  0.000000000000000  0.000000000000000  0.000000000000000  0.000000000000000  0.000000000000000  0.000000000000000  0.000000000000000  0.000000000000000  0.000000000000000  0.000000000000000  0.000000000000000  0.073812041339346  0.000000000000000  0.000000000000000  0.000000000000000  0.057035343033966  0.000000000000000  0.000000000000000  0.000000000000000  1.000000000000000  0.000000000000000  0.000000000000000  0.000000000000000  0.000000000000000  0.000000000000000  0.000000000000000  0.212568540016049  1.000000000000000  1.000000000000000 
12.0    L  0.000000000000000  0.000000000000000  0.000000000000000  0.000000000000000  0.000000000000000  0.000000000000000  0.000000000000000  0.000000000000000  0.000000000000000  1.000000000000000  0.000000000000000  0.000000000000000  0.000000000000000  0.000000000000000  0.000000000000000  0.000000000000000  0.000000000000000  0.000000000000000  0.000000000000000  0.000000000000000  1.000000000000000  0.000000000000000  0.000000000000000  0.000000000000000  0.000000000000000  0.000000000000000  0.000000000000000  0.212568540016049  1.000000000000000  1.000000000000000 
13.0    I  0.041781265481410  0.000000000000000  0.000000000000000  0.000000000000000  0.000000000000000  0.000000000000000  0.000000000000000  0.049652150006007  0.000000000000000  0.000000000000000  0.071843428002167  0.000000000000000  0.000000000000000  0.000000000000000  0.000000000000000  0.043737058299850  0.792784136610284  0.000000000000000  0.000000000000000  0.000000000000000  1.000000000000000  0.000000000000000  0.000000000000000  0.000000000000000  0.000000000000000  0.000000000000000  0.000000000000000  0.212568540016049  1.000000000000000  1.000000000000000 
14.0    L  0.000000000000000  0.000000000000000  0.000000000000000  0.000000000000000  0.000000000000000  0.000000000000000  0.000000000000000  0.000000000000000  0.000000000000000  0.961260928388761  0.000000000000000  0.000000000000000  0.038446604523473  0.000000000000000  0.000000000000000  0.000000000000000  0.000000000000000  0.000000000000000  0.000000000000000  0.000000000000000  1.000000000000000  0.000000000000000  0.000000000000000  0.000000000000000  0.000000000000000  0.000000000000000  0.000000000000000  0.212568540016049  1.000000000000000  1.000000000000000 
15.0    A  0.597495602428391  0.000000000000000  0.000000000000000  0.000000000000000  0.000000000000000  0.000000000000000  0.000000000000000  0.000000000000000  0.000000000000000  0.000000000000000  0.000000000000000  0.000000000000000  0.000000000000000  0.000000000000000  0.000000000000000  0.000000000000000  0.000000000000000  0.402483068810561  0.000000000000000  0.000000000000000  1.000000000000000  0.000000000000000  0.000000000000000  0.000000000000000  0.000000000000000  0.000000000000000  0.000000000000000  0.212568540016049  1.000000000000000  1.000000000000000 
16.0    L  0.000000000000000  0.000000000000000  0.000000000000000  0.000000000000000  0.000000000000000  0.000000000000000  0.000000000000000  0.000000000000000  0.000000000000000  0.883315051481465  0.000000000000000  0.000000000000000  0.000000000000000  0.000000000000000  0.000000000000000  0.000000000000000  0.000000000000000  0.116467553663097  0.000000000000000  0.000000000000000  1.000000000000000  0.000000000000000  0.000000000000000  0.000000000000000  0.000000000000000  0.000000000000000  0.000000000000000  0.212568540016049  1.000000000000000  1.000000000000000 
17.0    V  0.080828058242968  0.000000000000000  0.000000000000000  0.000000000000000  0.000000000000000  0.000000000000000  0.000000000000000  0.043737058299850  0.000000000000000  0.418993567333974  0.034866853822655  0.000000000000000  0.000000000000000  0.000000000000000  0.000000000000000  0.000000000000000  0.000000000000000  0.421615555125056  0.000000000000000  0.000000000000000  0.847919964633148  0.000000000000000  0.152090294829258  0.000000000000000  0.000000000000000  0.000000000000000  0.000000000000000  0.212568540016049  1.000000000000000  1.000000000000000 
18.0    T  0.577142708758419  0.000000000000000  0.000000000000000  0.000000000000000  0.000000000000000  0.000000000000000  0.000000000000000  0.000000000000000  0.000000000000000  0.000000000000000  0.000000000000000  0.000000000000000  0.000000000000000  0.000000000000000  0.000000000000000  0.000000000000000  0.233743799437864  0.189333289484622  0.000000000000000  0.000000000000000  1.000000000000000  0.000000000000000  0.000000000000000  0.000000000000000  0.000000000000000  0.000000000000000  1.000000000000000  0.251390145099617  1.000000000000000  0.450312989923965 
19.0    N  0.000000000000000  0.000000000000000  0.063284675459406  0.000000000000000  0.000000000000000  0.000000000000000  0.060287386536509  0.000000000000000  0.000000000000000  0.000000000000000  0.000000000000000  0.715488260011456  0.000000000000000  0.000000000000000  0.000000000000000  0.160873655912659  0.000000000000000  0.000000000000000  0.000000000000000  0.000000000000000  1.000000000000000  0.000000000000000  0.000000000000000  0.500000000000000  0.500000000000000  1.000000000000000  0.000000000000000  0.251390145099617  0.450312989923965  0.450312989923965 
20.0    S  0.000000000000000  0.000000000000000  0.000000000000000  0.000000000000000  0.000000000000000  0.382889499273596  0.000000000000000  0.000000000000000  0.000000000000000  0.000000000000000  0.000000000000000  0.000000000000000  0.000000000000000  0.000000000000000  0.000000000000000  0.617281303446769  0.000000000000000  0.000000000000000  0.000000000000000  0.000000000000000  1.000000000000000  0.000000000000000  0.000000000000000  0.000000000000000  0.000000000000000  0.000000000000000  0.000000000000000  0.212568540016049  1.000000000000000  1.000000000000000 
21.0    A  1.000000000000000  0.000000000000000  0.000000000000000  0.000000000000000  0.000000000000000  0.000000000000000  0.000000000000000  0.000000000000000  0.000000000000000  0.000000000000000  0.000000000000000  0.000000000000000  0.000000000000000  0.000000000000000  0.000000000000000  0.000000000000000  0.000000000000000  0.000000000000000  0.000000000000000  0.000000000000000  1.000000000000000  0.000000000000000  0.000000000000000  0.000000000000000  0.000000000000000  0.000000000000000  0.000000000000000  0.212568540016049  1.000000000000000  1.000000000000000 
22.0    P  0.000000000000000  0.000000000000000  0.000000000000000  0.000000000000000  0.000000000000000  0.000000000000000  0.000000000000000  0.000000000000000  0.000000000000000  0.000000000000000  0.000000000000000  0.000000000000000  1.000000000000000  0.000000000000000  0.000000000000000  0.000000000000000  0.000000000000000  0.000000000000000  0.000000000000000  0.000000000000000  0.847919964633148  0.000000000000000  0.152090294829258  0.000000000000000  0.000000000000000  0.000000000000000  0.000000000000000  0.212568540016049  1.000000000000000  1.000000000000000 
23.0    T  0.000000000000000  0.000000000000000  0.000000000000000  0.000000000000000  0.000000000000000  0.000000000000000  0.000000000000000  0.126044056861824  0.000000000000000  0.000000000000000  0.000000000000000  0.000000000000000  0.000000000000000  0.000000000000000  0.000000000000000  0.000000000000000  0.874178620410373  0.000000000000000  0.000000000000000  0.000000000000000  1.000000000000000  0.000000000000000  0.000000000000000  1.000000000000000  0.000000000000000  1.000000000000000  0.000000000000000  0.251390145099617  0.450312989923965  0.450312989923965 
24.0    S  0.000000000000000  0.000000000000000  0.000000000000000  0.000000000000000  0.000000000000000  0.000000000000000  0.000000000000000  0.000000000000000  0.000000000000000  0.034482304376311  0.000000000000000  0.000000000000000  0.038446604523473  0.000000000000000  0.000000000000000  0.785128118673572  0.141708676597303  0.000000000000000  0.000000000000000  0.000000000000000  1.000000000000000  0.000000000000000  0.000000000000000  0.000000000000000  0.000000000000000  0.000000000000000  0.000000000000000  0.212568540016049  1.000000000000000  1.000000000000000 
25.0    S  0.000000000000000  0.000000000000000  0.000000000000000  0.000000000000000  0.000000000000000  0.047267749915124  0.000000000000000  0.000000000000000  0.000000000000000  0.000000000000000  0.000000000000000  0.000000000000000  0.071248329543341  0.000000000000000  0.080828058242968  0.800514810656303  0.000000000000000  0.000000000000000  0.000000000000000  0.000000000000000  0.780245480173703  0.067873866020143  0.152090294829258  1.000000000000000  0.000000000000000  0.000000000000000  0.000000000000000  0.212568540016049  0.493116352246680  1.000000000000000 
26.0    S  0.000000000000000  0.000000000000000  0.000000000000000  0.000000000000000  0.000000000000000  0.000000000000000  0.000000000000000  0.000000000000000  0.000000000000000  0.000000000000000  0.000000000000000  0.000000000000000  0.102166916061035  0.000000000000000  0.000000000000000  0.897510050667261  0.000000000000000  0.000000000000000  0.000000000000000  0.000000000000000  1.000000000000000  0.000000000000000  0.000000000000000  0.000000000000000  0.000000000000000  0.000000000000000  1.000000000000000  0.251390145099617  1.000000000000000  0.450312989923965 
27.0    T  0.150621539374348  0.000000000000000  0.000000000000000  0.000000000000000  0.000000000000000  0.000000000000000  0.000000000000000  0.000000000000000  0.089374061647606  0.000000000000000  0.000000000000000  0.000000000000000  0.077643017611527  0.000000000000000  0.063284675459406  0.085436715746363  0.533662669019980  0.000000000000000  0.000000000000000  0.000000000000000  0.944092419150250  0.055745532463756  0.000000000000000  0.071446145963377  0.928516852306729  0.000000000000000  1.000000000000000  0.251390145099617  0.500000000000000  0.450312989923965 
28.0    K  0.000000000000000  0.000000000000000  0.000000000000000  0.107097744346071  0.000000000000000  0.062760471452436  0.000000000000000  0.000000000000000  0.624598062826688  0.000000000000000  0.000000000000000  0.000000000000000  0.000000000000000  0.055745532463756  0.052410511527558  0.011833330592789  0.085436715746363  0.000000000000000  0.000000000000000  0.000000000000000  1.000000000000000  0.000000000000000  0.000000000000000  0.000000000000000  0.000000000000000  0.000000000000000  1.000000000000000  0.251390145099617  1.000000000000000  0.450312989923965 
29.0    K  0.000000000000000  0.000000000000000  0.038875364165577  0.525586454543853  0.000000000000000  0.000000000000000  0.000000000000000  0.000000000000000  0.139951611081780  0.000000000000000  0.000000000000000  0.150308656112272  0.000000000000000  0.133415667254995  0.000000000000000  0.011833330592789  0.000000000000000  0.000000000000000  0.000000000000000  0.000000000000000  0.151774360549381  0.000000000000000  0.848507901705896  0.000000000000000  0.000000000000000  1.000000000000000  0.000000000000000  0.251390145099617  1.000000000000000  0.450312989923965 
30.0    T  0.000000000000000  0.000000000000000  0.000000000000000  0.230525779478158  0.000000000000000  0.000000000000000  0.000000000000000  0.000000000000000  0.000000000000000  0.000000000000000  0.000000000000000  0.000000000000000  0.556325060292417  0.000000000000000  0.000000000000000  0.000000000000000  0.213306524528017  0.000000000000000  0.000000000000000  0.000000000000000  0.277008086966231  0.000000000000000  0.722966147272874  0.000000000000000  0.000000000000000  0.000000000000000  1.000000000000000  0.299992845593304  1.000000000000000  0.307146745111412 
31.0    K  0.000000000000000  0.000000000000000  0.000000000000000  0.000000000000000  0.000000000000000  0.000000000000000  0.000000000000000  0.000000000000000  1.000000000000000  0.000000000000000  0.000000000000000  0.000000000000000  0.000000000000000  0.000000000000000  0.000000000000000  0.000000000000000  0.000000000000000  0.000000000000000  0.000000000000000  0.000000000000000  1.000000000000000  0.000000000000000  0.000000000000000  0.000000000000000  0.000000000000000  0.000000000000000  1.000000000000000  0.500000000000000  1.000000000000000  0.255961725107111 
32.0    K  0.000000000000000  0.000000000000000  0.000000000000000  0.000000000000000  0.000000000000000  0.000000000000000  0.000000000000000  0.000000000000000  1.000000000000000  0.000000000000000  0.000000000000000  0.000000000000000  0.000000000000000  0.000000000000000  0.000000000000000  0.000000000000000  0.000000000000000  0.000000000000000  0.000000000000000  0.000000000000000  1.000000000000000  0.000000000000000  0.000000000000000  0.000000000000000  0.000000000000000  1.000000000000000  0.000000000000000  0.500000000000000  1.000000000000000  0.255961725107111 
33.0    T  0.043706752585577  0.000000000000000  0.000000000000000  0.000000000000000  0.000000000000000  0.000000000000000  0.000000000000000  0.000000000000000  0.000000000000000  0.000000000000000  0.000000000000000  0.000000000000000  0.149270398384324  0.047994070928191  0.000000000000000  0.000000000000000  0.758909626487027  0.000000000000000  0.000000000000000  0.000000000000000  1.000000000000000  0.000000000000000  0.000000000000000  0.000000000000000  0.000000000000000  0.000000000000000  0.000000000000000  0.212715932376635  1.000000000000000  1.000000000000000 
34.0    Q  0.000000000000000  0.000000000000000  0.000000000000000  0.112578247480991  0.000000000000000  0.000000000000000  0.000000000000000  0.000000000000000  0.108818820412016  0.000000000000000  0.053363607149453  0.000000000000000  0.000000000000000  0.528875481809214  0.047333322371155  0.000000000000000  0.149270398384324  0.000000000000000  0.000000000000000  0.000000000000000  1.000000000000000  0.000000000000000  0.000000000000000  0.000000000000000  0.000000000000000  0.000000000000000  0.000000000000000  0.212715932376635  1.000000000000000  1.000000000000000 
35.0    L  0.000000000000000  0.000000000000000  0.063460381304339  0.038687196588670  0.000000000000000  0.000000000000000  0.000000000000000  0.000000000000000  0.162217345867398  0.049172652834598  0.000000000000000  0.000000000000000  0.000000000000000  0.537374586427751  0.000000000000000  0.069975805540890  0.079274462457867  0.000000000000000  0.000000000000000  0.000000000000000  1.000000000000000  0.000000000000000  0.000000000000000  0.000000000000000  0.000000000000000  0.000000000000000  0.000000000000000  0.212715932376635  1.000000000000000  1.000000000000000 
36.0    Q  0.000000000000000  0.000000000000000  0.000000000000000  0.050066867349351  0.000000000000000  0.000000000000000  0.152724137709188  0.000000000000000  0.000000000000000  0.069012427947693  0.000000000000000  0.000000000000000  0.000000000000000  0.545631938527468  0.062154385542076  0.000000000000000  0.000000000000000  0.077643017611527  0.000000000000000  0.042777619159120  1.000000000000000  0.000000000000000  0.000000000000000  0.000000000000000  0.000000000000000  0.000000000000000  0.000000000000000  0.211686328090632  1.000000000000000  1.000000000000000 
37.0    L  0.000000000000000  0.000000000000000  0.000000000000000  0.000000000000000  0.000000000000000  0.000000000000000  0.000000000000000  0.000000000000000  0.000000000000000  0.802737388715953  0.109423916211783  0.000000000000000  0.000000000000000  0.000000000000000  0.000000000000000  0.000000000000000  0.000000000000000  0.087960523457837  0.000000000000000  0.000000000000000  1.000000000000000  0.000000000000000  0.000000000000000  0.000000000000000  0.000000000000000  0.000000000000000  0.000000000000000  0.211686328090632  1.000000000000000  1.000000000000000 
38.0    E  0.000000000000000  0.000000000000000  0.037473122305972  0.754190038343289  0.000000000000000  0.000000000000000  0.000000000000000  0.000000000000000  0.092975860152157  0.000000000000000  0.000000000000000  0.000000000000000  0.000000000000000  0.115502821555853  0.000000000000000  0.000000000000000  0.000000000000000  0.000000000000000  0.000000000000000  0.000000000000000  1.000000000000000  0.000000000000000  0.000000000000000  0.000000000000000  0.000000000000000  0.000000000000000  0.000000000000000  0.211686328090632  1.000000000000000  1.000000000000000 
39.0    H  0.000000000000000  0.000000000000000  0.000000000000000  0.000000000000000  0.077643017611527  0.000000000000000  0.099649059567567  0.000000000000000  0.000000000000000  0.062154385542076  0.000000000000000  0.000000000000000  0.067405026980903  0.536258308408971  0.000000000000000  0.087960523457837  0.000000000000000  0.000000000000000  0.000000000000000  0.069012427947693  1.000000000000000  0.000000000000000  0.000000000000000  0.000000000000000  0.000000000000000  0.000000000000000  0.000000000000000  0.211686328090632  1.000000000000000  1.000000000000000 
40.0    L  0.000000000000000  0.000000000000000  0.000000000000000  0.000000000000000  0.000000000000000  0.000000000000000  0.000000000000000  0.000000000000000  0.000000000000000  0.922103117912631  0.000000000000000  0.000000000000000  0.000000000000000  0.000000000000000  0.000000000000000  0.000000000000000  0.000000000000000  0.077643017611527  0.000000000000000  0.000000000000000  1.000000000000000  0.000000000000000  0.000000000000000  0.000000000000000  0.000000000000000  0.000000000000000  0.000000000000000  0.211686328090632  1.000000000000000  1.000000000000000 
41.0    L  0.000000000000000  0.000000000000000  0.000000000000000  0.000000000000000  0.000000000000000  0.000000000000000  0.000000000000000  0.000000000000000  0.000000000000000  0.957271458195298  0.000000000000000  0.000000000000000  0.000000000000000  0.042926132294676  0.000000000000000  0.000000000000000  0.000000000000000  0.000000000000000  0.000000000000000  0.000000000000000  1.000000000000000  0.000000000000000  0.000000000000000  0.000000000000000  0.000000000000000  0.000000000000000  0.000000000000000  0.211686328090632  1.000000000000000  1.000000000000000 
42.0    L  0.000000000000000  0.000000000000000  0.077643017611527  0.000000000000000  0.000000000000000  0.000000000000000  0.000000000000000  0.000000000000000  0.051653144884638  0.681601303641254  0.089312133733818  0.000000000000000  0.000000000000000  0.037864770638445  0.062154385542076  0.000000000000000  0.000000000000000  0.000000000000000  0.000000000000000  0.000000000000000  1.000000000000000  0.000000000000000  0.000000000000000  0.000000000000000  0.000000000000000  0.000000000000000  0.000000000000000  0.211686328090632  1.000000000000000  1.000000000000000 
43.0    D  0.000000000000000  0.000000000000000  1.000000000000000  0.000000000000000  0.000000000000000  0.000000000000000  0.000000000000000  0.000000000000000  0.000000000000000  0.000000000000000  0.000000000000000  0.000000000000000  0.000000000000000  0.000000000000000  0.000000000000000  0.000000000000000  0.000000000000000  0.000000000000000  0.000000000000000  0.000000000000000  1.000000000000000  0.000000000000000  0.000000000000000  0.000000000000000  0.000000000000000  0.000000000000000  0.000000000000000  0.211686328090632  1.000000000000000  1.000000000000000 
44.0    L  0.000000000000000  0.000000000000000  0.000000000000000  0.000000000000000  0.000000000000000  0.000000000000000  0.000000000000000  0.000000000000000  0.000000000000000  1.000000000000000  0.000000000000000  0.000000000000000  0.000000000000000  0.000000000000000  0.000000000000000  0.000000000000000  0.000000000000000  0.000000000000000  0.000000000000000  0.000000000000000  1.000000000000000  0.000000000000000  0.000000000000000  0.000000000000000  0.000000000000000  0.000000000000000  0.000000000000000  0.211686328090632  1.000000000000000  1.000000000000000 
45.0    Q  0.000000000000000  0.000000000000000  0.000000000000000  0.000000000000000  0.000000000000000  0.000000000000000  0.037864770638445  0.000000000000000  0.084729020425000  0.000000000000000  0.000000000000000  0.000000000000000  0.000000000000000  0.736623842908240  0.063284675459406  0.000000000000000  0.077643017611527  0.000000000000000  0.000000000000000  0.000000000000000  1.000000000000000  0.000000000000000  0.000000000000000  0.000000000000000  0.000000000000000  0.000000000000000  0.000000000000000  0.211686328090632  1.000000000000000  1.000000000000000 
46.0    M  0.000000000000000  0.000000000000000  0.000000000000000  0.147726443366796  0.033725882390763  0.000000000000000  0.000000000000000  0.000000000000000  0.000000000000000  0.433468781757343  0.168637816792462  0.000000000000000  0.000000000000000  0.042777619159120  0.000000000000000  0.000000000000000  0.062154385542076  0.111568371434122  0.000000000000000  0.000000000000000  1.000000000000000  0.000000000000000  0.000000000000000  0.000000000000000  0.000000000000000  0.000000000000000  0.000000000000000  0.211686328090632  1.000000000000000  1.000000000000000 
47.0    I  0.069012427947693  0.000000000000000  0.000000000000000  0.000000000000000  0.000000000000000  0.000000000000000  0.000000000000000  0.047994070928191  0.000000000000000  0.882702996290655  0.000000000000000  0.000000000000000  0.000000000000000  0.000000000000000  0.000000000000000  0.000000000000000  0.000000000000000  0.000000000000000  0.000000000000000  0.000000000000000  1.000000000000000  0.000000000000000  0.000000000000000  0.000000000000000  0.000000000000000  0.000000000000000  0.000000000000000  0.211686328090632  1.000000000000000  1.000000000000000 
48.0    L  0.000000000000000  0.000000000000000  0.000000000000000  0.000000000000000  0.000000000000000  0.000000000000000  0.069012427947693  0.000000000000000  0.000000000000000  0.765778998547191  0.000000000000000  0.000000000000000  0.000000000000000  0.000000000000000  0.000000000000000  0.087595465567547  0.077643017611527  0.000000000000000  0.000000000000000  0.000000000000000  1.000000000000000  0.000000000000000  0.000000000000000  0.000000000000000  0.000000000000000  0.000000000000000  0.000000000000000  0.211686328090632  1.000000000000000  1.000000000000000 
49.0    N  0.000000000000000  0.000000000000000  0.000000000000000  0.301870147871624  0.000000000000000  0.000000000000000  0.000000000000000  0.000000000000000  0.216884671788017  0.000000000000000  0.000000000000000  0.239317864548824  0.000000000000000  0.000000000000000  0.162667731930242  0.046359216682535  0.000000000000000  0.033054717613076  0.000000000000000  0.000000000000000  1.000000000000000  0.000000000000000  0.000000000000000  0.000000000000000  0.000000000000000  0.000000000000000  0.000000000000000  0.211686328090632  1.000000000000000  1.000000000000000 
50.0    G  0.000000000000000  0.000000000000000  0.000000000000000  0.105257869201052  0.000000000000000  0.525222272005377  0.000000000000000  0.000000000000000  0.196690611338391  0.000000000000000  0.041810236087066  0.000000000000000  0.000000000000000  0.000000000000000  0.079439480581604  0.000000000000000  0.051653144884638  0.000000000000000  0.000000000000000  0.000000000000000  1.000000000000000  0.000000000000000  0.000000000000000  0.000000000000000  0.000000000000000  0.000000000000000  0.000000000000000  0.211686328090632  1.000000000000000  1.000000000000000 
51.0    I  0.000000000000000  0.000000000000000  0.000000000000000  0.000000000000000  0.000000000000000  0.000000000000000  0.000000000000000  0.248962438273615  0.000000000000000  0.145692649766820  0.045626000332954  0.000000000000000  0.000000000000000  0.000000000000000  0.000000000000000  0.000000000000000  0.000000000000000  0.559806444327120  0.000000000000000  0.000000000000000  1.000000000000000  0.000000000000000  0.000000000000000  0.000000000000000  0.000000000000000  0.000000000000000  0.000000000000000  0.212126975426474  1.000000000000000  1.000000000000000 
52.0    N  0.000000000000000  0.000000000000000  0.036146505747040  0.045626000332954  0.000000000000000  0.000000000000000  0.000000000000000  0.000000000000000  0.227352062950183  0.000000000000000  0.000000000000000  0.515841589650680  0.000000000000000  0.000000000000000  0.000000000000000  0.113833729198997  0.061298687749284  0.000000000000000  0.000000000000000  0.000000000000000  0.792784136610284  0.000000000000000  0.207042665333636  0.000000000000000  0.000000000000000  0.000000000000000  0.000000000000000  0.212126975426474  1.000000000000000  1.000000000000000 
53.0    N  0.000000000000000  0.000000000000000  0.046843737554861  0.000000000000000  0.000000000000000  0.000000000000000  0.000000000000000  0.000000000000000  0.000000000000000  0.000000000000000  0.000000000000000  0.953298545288159  0.000000000000000  0.000000000000000  0.000000000000000  0.000000000000000  0.000000000000000  0.000000000000000  0.000000000000000  0.000000000000000  0.946713631236714  0.000000000000000  0.053252755942179  0.000000000000000  0.000000000000000  0.000000000000000  1.000000000000000  0.264071406337964  1.000000000000000  0.429282718218877 
54.0    Y  0.000000000000000  0.000000000000000  0.000000000000000  0.000000000000000  0.000000000000000  0.000000000000000  0.054071043161562  0.000000000000000  0.000000000000000  0.000000000000000  0.000000000000000  0.058638824781292  0.100620767202640  0.065063849855257  0.000000000000000  0.064390872101255  0.000000000000000  0.000000000000000  0.000000000000000  0.657471380102535  1.000000000000000  0.000000000000000  0.000000000000000  0.000000000000000  0.000000000000000  0.371130892657262  0.628942485918009  0.255607132652481  1.000000000000000  0.414947292794991 
55.0    K  0.000000000000000  0.000000000000000  0.000000000000000  0.328735690051268  0.000000000000000  0.000000000000000  0.000000000000000  0.000000000000000  0.456915725114700  0.000000000000000  0.000000000000000  0.000000000000000  0.000000000000000  0.084435880283477  0.053883971563600  0.076045147414629  0.000000000000000  0.000000000000000  0.000000000000000  0.000000000000000  1.000000000000000  0.000000000000000  0.000000000000000  0.000000000000000  0.000000000000000  0.000000000000000  1.000000000000000  0.252262908461170  1.000000000000000  0.450312989923965 
56.0    N  0.000000000000000  0.000000000000000  0.090936292727172  0.000000000000000  0.000000000000000  0.000000000000000  0.000000000000000  0.000000000000000  0.057951909152216  0.000000000000000  0.000000000000000  0.813379198132126  0.037447156916857  0.000000000000000  0.000000000000000  0.000000000000000  0.000000000000000  0.000000000000000  0.000000000000000  0.000000000000000  1.000000000000000  0.000000000000000  0.000000000000000  0.250000000000000  0.750019494642909  0.000000000000000  1.000000000000000  0.252262908461170  0.450312989923965  0.450312989923965 
57.0    P  0.038660389958974  0.000000000000000  0.000000000000000  0.000000000000000  0.000000000000000  0.000000000000000  0.057951909152216  0.000000000000000  0.000000000000000  0.283417353194606  0.000000000000000  0.000000000000000  0.481630947010074  0.000000000000000  0.037447156916857  0.100760353936621  0.000000000000000  0.000000000000000  0.000000000000000  0.000000000000000  1.000000000000000  0.000000000000000  0.000000000000000  0.000000000000000  0.000000000000000  0.000000000000000  1.000000000000000  0.252262908461170  1.000000000000000  0.450312989923965 
58.0    K  0.000000000000000  0.000000000000000  0.038660389958974  0.057951909152216  0.000000000000000  0.000000000000000  0.000000000000000  0.041492661199451  0.534402995605504  0.000000000000000  0.000000000000000  0.000000000000000  0.000000000000000  0.155717176946184  0.113518552215189  0.000000000000000  0.058435949859466  0.000000000000000  0.000000000000000  0.000000000000000  1.000000000000000  0.000000000000000  0.000000000000000  0.000000000000000  0.000000000000000  0.000000000000000  1.000000000000000  0.252262908461170  1.000000000000000  0.450312989923965 
59.0    L  0.000000000000000  0.000000000000000  0.000000000000000  0.000000000000000  0.000000000000000  0.000000000000000  0.000000000000000  0.000000000000000  0.000000000000000  1.000000000000000  0.000000000000000  0.000000000000000  0.000000000000000  0.000000000000000  0.000000000000000  0.000000000000000  0.000000000000000  0.000000000000000  0.000000000000000  0.000000000000000  1.000000000000000  0.000000000000000  0.000000000000000  0.000000000000000  0.000000000000000  0.000000000000000  1.000000000000000  0.252262908461170  1.000000000000000  0.450312989923965 
60.0    T  0.000000000000000  0.000000000000000  0.000000000000000  0.000000000000000  0.044409126349417  0.000000000000000  0.000000000000000  0.000000000000000  0.000000000000000  0.000000000000000  0.000000000000000  0.000000000000000  0.345318612035964  0.000000000000000  0.000000000000000  0.497924876547229  0.112344390826379  0.000000000000000  0.000000000000000  0.000000000000000  1.000000000000000  0.000000000000000  0.000000000000000  0.000000000000000  0.000000000000000  1.000000000000000  0.000000000000000  0.252262908461170  1.000000000000000  0.450312989923965 
61.0    R  0.000000000000000  0.000000000000000  0.000000000000000  0.000000000000000  0.000000000000000  0.000000000000000  0.000000000000000  0.000000000000000  0.103377921055408  0.000000000000000  0.178996092650143  0.000000000000000  0.000000000000000  0.000000000000000  0.667111584838885  0.050695447223565  0.000000000000000  0.000000000000000  0.000000000000000  0.000000000000000  1.000000000000000  0.000000000000000  0.000000000000000  0.000000000000000  0.000000000000000  0.000000000000000  0.000000000000000  0.212126975426474  1.000000000000000  1.000000000000000 
62.0    M  0.000000000000000  0.000000000000000  0.000000000000000  0.000000000000000  0.000000000000000  0.000000000000000  0.000000000000000  0.042071877164899  0.000000000000000  0.042159454198116  0.915733686418126  0.000000000000000  0.000000000000000  0.000000000000000  0.000000000000000  0.000000000000000  0.000000000000000  0.000000000000000  0.000000000000000  0.000000000000000  1.000000000000000  0.000000000000000  0.000000000000000  0.000000000000000  0.000000000000000  0.000000000000000  0.000000000000000  0.212126975426474  1.000000000000000  1.000000000000000 
63.0    L  0.000000000000000  0.000000000000000  0.000000000000000  0.000000000000000  0.032396909406866  0.000000000000000  0.048562954299003  0.000000000000000  0.145692649766820  0.773246337455317  0.000000000000000  0.000000000000000  0.000000000000000  0.000000000000000  0.000000000000000  0.000000000000000  0.000000000000000  0.000000000000000  0.000000000000000  0.000000000000000  1.000000000000000  0.000000000000000  0.000000000000000  0.000000000000000  0.000000000000000  0.000000000000000  0.000000000000000  0.212126975426474  1.000000000000000  1.000000000000000 
64.0    T  0.037008487870426  0.000000000000000  0.000000000000000  0.000000000000000  0.000000000000000  0.077053270341488  0.000000000000000  0.000000000000000  0.143090520074836  0.000000000000000  0.000000000000000  0.000000000000000  0.000000000000000  0.000000000000000  0.068678388598555  0.000000000000000  0.674083865868528  0.000000000000000  0.000000000000000  0.000000000000000  1.000000000000000  0.000000000000000  0.000000000000000  0.000000000000000  0.000000000000000  0.000000000000000  0.000000000000000  0.212126975426474  1.000000000000000  1.000000000000000 
65.0    F  0.000000000000000  0.000000000000000  0.000000000000000  0.000000000000000  0.792784136610284  0.000000000000000  0.000000000000000  0.000000000000000  0.000000000000000  0.061298687749284  0.000000000000000  0.000000000000000  0.000000000000000  0.000000000000000  0.000000000000000  0.000000000000000  0.000000000000000  0.000000000000000  0.000000000000000  0.145692649766820  1.000000000000000  0.000000000000000  0.000000000000000  0.000000000000000  0.000000000000000  0.000000000000000  0.000000000000000  0.212126975426474  1.000000000000000  1.000000000000000 
66.0    K  0.000000000000000  0.000000000000000  0.048562954299003  0.145692649766820  0.000000000000000  0.000000000000000  0.000000000000000  0.000000000000000  0.805524291048750  0.000000000000000  0.000000000000000  0.000000000000000  0.000000000000000  0.000000000000000  0.000000000000000  0.000000000000000  0.000000000000000  0.000000000000000  0.000000000000000  0.000000000000000  1.000000000000000  0.000000000000000  0.000000000000000  0.000000000000000  0.000000000000000  0.000000000000000  0.000000000000000  0.212126975426474  1.000000000000000  1.000000000000000 
67.0    F  0.000000000000000  0.000000000000000  0.000000000000000  0.000000000000000  0.751059963470465  0.000000000000000  0.000000000000000  0.042071877164899  0.000000000000000  0.207042665333636  0.000000000000000  0.000000000000000  0.000000000000000  0.000000000000000  0.000000000000000  0.000000000000000  0.000000000000000  0.000000000000000  0.000000000000000  0.000000000000000  1.000000000000000  0.000000000000000  0.000000000000000  0.000000000000000  0.000000000000000  0.000000000000000  0.000000000000000  0.212126975426474  1.000000000000000  1.000000000000000 
68.0    Y  0.000000000000000  0.000000000000000  0.000000000000000  0.000000000000000  0.000000000000000  0.000000000000000  0.127715010339288  0.000000000000000  0.000000000000000  0.000000000000000  0.000000000000000  0.074480160910878  0.000000000000000  0.000000000000000  0.000000000000000  0.000000000000000  0.000000000000000  0.000000000000000  0.000000000000000  0.797745239809033  0.854409740889733  0.000000000000000  0.145692649766820  0.000000000000000  0.000000000000000  0.000000000000000  0.000000000000000  0.212126975426474  1.000000000000000  1.000000000000000 
69.0    M  0.057751410777926  0.000000000000000  0.000000000000000  0.000000000000000  0.000000000000000  0.000000000000000  0.000000000000000  0.000000000000000  0.000000000000000  0.094339123032535  0.595428424682484  0.000000000000000  0.076045147414629  0.000000000000000  0.000000000000000  0.000000000000000  0.155717176946184  0.020832791829550  0.000000000000000  0.000000000000000  1.000000000000000  0.000000000000000  0.000000000000000  1.000000000000000  0.000000000000000  1.000000000000000  0.000000000000000  0.252262908461170  0.450312989923965  0.450312989923965 
70.0    P  0.000000000000000  0.000000000000000  0.000000000000000  0.000000000000000  0.000000000000000  0.000000000000000  0.000000000000000  0.000000000000000  0.000000000000000  0.000000000000000  0.000000000000000  0.000000000000000  1.000000000000000  0.000000000000000  0.000000000000000  0.000000000000000  0.000000000000000  0.000000000000000  0.000000000000000  0.000000000000000  1.000000000000000  0.000000000000000  0.000000000000000  0.000000000000000  0.000000000000000  0.000000000000000  0.000000000000000  0.212126975426474  1.000000000000000  1.000000000000000 
71.0    K  0.000000000000000  0.000000000000000  0.000000000000000  0.000000000000000  0.000000000000000  0.000000000000000  0.000000000000000  0.000000000000000  0.730522189272838  0.000000000000000  0.045154074935110  0.036600318163088  0.000000000000000  0.000000000000000  0.042159454198116  0.145692649766820  0.000000000000000  0.000000000000000  0.000000000000000  0.000000000000000  0.900625979847929  0.048562954299003  0.050695447223565  1.000000000000000  0.000000000000000  0.000000000000000  0.000000000000000  0.212126975426474  0.498615625676035  1.000000000000000 
72.0    K  0.000000000000000  0.000000000000000  0.000000000000000  0.000000000000000  0.000000000000000  0.000000000000000  0.000000000000000  0.000000000000000  0.571569167707018  0.000000000000000  0.064034801439550  0.129857387912208  0.000000000000000  0.120825762133122  0.113676031475092  0.000000000000000  0.000000000000000  0.000000000000000  0.000000000000000  0.000000000000000  1.000000000000000  0.000000000000000  0.000000000000000  0.000000000000000  0.000000000000000  1.000000000000000  0.000000000000000  0.215685336135664  1.000000000000000  0.497579860910041 
73.0    A  0.784040454075739  0.000000000000000  0.000000000000000  0.000000000000000  0.000000000000000  0.000000000000000  0.000000000000000  0.000000000000000  0.000000000000000  0.000000000000000  0.000000000000000  0.000000000000000  0.000000000000000  0.000000000000000  0.000000000000000  0.000000000000000  0.077053270341488  0.139081265073104  0.000000000000000  0.000000000000000  1.000000000000000  0.000000000000000  0.000000000000000  0.000000000000000  0.000000000000000  0.000000000000000  0.000000000000000  0.212126975426474  1.000000000000000  1.000000000000000 
74.0    T  0.000000000000000  0.000000000000000  0.000000000000000  0.000000000000000  0.000000000000000  0.000000000000000  0.000000000000000  0.000000000000000  0.000000000000000  0.000000000000000  0.000000000000000  0.000000000000000  0.000000000000000  0.000000000000000  0.068678388598555  0.183518829504263  0.747942879181195  0.000000000000000  0.000000000000000  0.000000000000000  1.000000000000000  0.000000000000000  0.000000000000000  0.000000000000000  0.000000000000000  0.000000000000000  0.000000000000000  0.212126975426474  1.000000000000000  1.000000000000000 
75.0    E  0.000000000000000  0.000000000000000  0.045154074935110  0.808881348361739  0.000000000000000  0.000000000000000  0.000000000000000  0.000000000000000  0.000000000000000  0.000000000000000  0.000000000000000  0.000000000000000  0.000000000000000  0.000000000000000  0.000000000000000  0.145692649766820  0.000000000000000  0.000000000000000  0.000000000000000  0.000000000000000  1.000000000000000  0.000000000000000  0.000000000000000  0.000000000000000  0.000000000000000  0.000000000000000  0.000000000000000  0.212126975426474  1.000000000000000  1.000000000000000 
76.0    L  0.000000000000000  0.000000000000000  0.000000000000000  0.000000000000000  0.107618648542363  0.000000000000000  0.000000000000000  0.145692649766820  0.000000000000000  0.746906728556171  0.000000000000000  0.000000000000000  0.000000000000000  0.000000000000000  0.000000000000000  0.000000000000000  0.000000000000000  0.000000000000000  0.000000000000000  0.000000000000000  1.000000000000000  0.000000000000000  0.000000000000000  0.000000000000000  0.000000000000000  0.000000000000000  0.000000000000000  0.212126975426474  1.000000000000000  1.000000000000000 
77.0    K  0.068678388598555  0.000000000000000  0.000000000000000  0.122173220801351  0.000000000000000  0.000000000000000  0.000000000000000  0.000000000000000  0.593779833036705  0.000000000000000  0.000000000000000  0.000000000000000  0.000000000000000  0.061298687749284  0.000000000000000  0.000000000000000  0.154106540682976  0.000000000000000  0.000000000000000  0.000000000000000  1.000000000000000  0.000000000000000  0.000000000000000  0.000000000000000  0.000000000000000  0.000000000000000  0.000000000000000  0.212126975426474  1.000000000000000  1.000000000000000 
78.0    Q  0.077053270341488  0.000000000000000  0.114308136187488  0.000000000000000  0.000000000000000  0.000000000000000  0.761544369851631  0.000000000000000  0.000000000000000  0.000000000000000  0.000000000000000  0.000000000000000  0.000000000000000  0.047234997759882  0.000000000000000  0.000000000000000  0.000000000000000  0.000000000000000  0.000000000000000  0.000000000000000  1.000000000000000  0.000000000000000  0.000000000000000  0.000000000000000  0.000000000000000  0.000000000000000  0.000000000000000  0.212126975426474  1.000000000000000  1.000000000000000 
79.0    L  0.000000000000000  0.000000000000000  0.000000000000000  0.000000000000000  0.000000000000000  0.000000000000000  0.000000000000000  0.000000000000000  0.000000000000000  1.000000000000000  0.000000000000000  0.000000000000000  0.000000000000000  0.000000000000000  0.000000000000000  0.000000000000000  0.000000000000000  0.000000000000000  0.000000000000000  0.000000000000000  1.000000000000000  0.000000000000000  0.000000000000000  0.000000000000000  0.000000000000000  0.000000000000000  0.000000000000000  0.212126975426474  1.000000000000000  1.000000000000000 
80.0    Q  0.000000000000000  0.000000000000000  0.000000000000000  0.000000000000000  0.000000000000000  0.000000000000000  0.000000000000000  0.000000000000000  0.048562954299003  0.000000000000000  0.000000000000000  0.000000000000000  0.000000000000000  0.951318276331799  0.000000000000000  0.000000000000000  0.000000000000000  0.000000000000000  0.000000000000000  0.000000000000000  1.000000000000000  0.000000000000000  0.000000000000000  0.000000000000000  0.000000000000000  0.000000000000000  0.000000000000000  0.212126975426474  1.000000000000000  1.000000000000000 
81.0    C  0.000000000000000  1.000000000000000  0.000000000000000  0.000000000000000  0.000000000000000  0.000000000000000  0.000000000000000  0.000000000000000  0.000000000000000  0.000000000000000  0.000000000000000  0.000000000000000  0.000000000000000  0.000000000000000  0.000000000000000  0.000000000000000  0.000000000000000  0.000000000000000  0.000000000000000  0.000000000000000  1.000000000000000  0.000000000000000  0.000000000000000  0.000000000000000  0.000000000000000  0.000000000000000  0.000000000000000  0.212126975426474  1.000000000000000  1.000000000000000 
82.0    L  0.000000000000000  0.000000000000000  0.000000000000000  0.000000000000000  0.145692649766820  0.000000000000000  0.000000000000000  0.000000000000000  0.000000000000000  0.854409740889733  0.000000000000000  0.000000000000000  0.000000000000000  0.000000000000000  0.000000000000000  0.000000000000000  0.000000000000000  0.000000000000000  0.000000000000000  0.000000000000000  1.000000000000000  0.000000000000000  0.000000000000000  0.000000000000000  0.000000000000000  0.000000000000000  0.000000000000000  0.212126975426474  1.000000000000000  1.000000000000000 
83.0    E  0.144686277123765  0.000000000000000  0.000000000000000  0.424842499569325  0.000000000000000  0.000000000000000  0.000000000000000  0.000000000000000  0.000000000000000  0.048562954299003  0.032940356977836  0.000000000000000  0.028340322779161  0.000000000000000  0.000000000000000  0.000000000000000  0.145692649766820  0.175069540110901  0.000000000000000  0.000000000000000  1.000000000000000  0.000000000000000  0.000000000000000  0.000000000000000  0.000000000000000  0.000000000000000  0.000000000000000  0.212126975426474  1.000000000000000  1.000000000000000 
84.0    E  0.000000000000000  0.000000000000000  0.096321388544801  0.648419777325505  0.000000000000000  0.000000000000000  0.000000000000000  0.000000000000000  0.219151430329009  0.000000000000000  0.000000000000000  0.036146505747040  0.000000000000000  0.000000000000000  0.000000000000000  0.000000000000000  0.000000000000000  0.000000000000000  0.000000000000000  0.000000000000000  1.000000000000000  0.000000000000000  0.000000000000000  0.000000000000000  0.000000000000000  0.000000000000000  0.000000000000000  0.212126975426474  1.000000000000000  1.000000000000000 
85.0    E  0.000000000000000  0.000000000000000  0.000000000000000  1.000000000000000  0.000000000000000  0.000000000000000  0.000000000000000  0.000000000000000  0.000000000000000  0.000000000000000  0.000000000000000  0.000000000000000  0.000000000000000  0.000000000000000  0.000000000000000  0.000000000000000  0.000000000000000  0.000000000000000  0.000000000000000  0.000000000000000  1.000000000000000  0.000000000000000  0.000000000000000  0.000000000000000  0.000000000000000  0.000000000000000  0.000000000000000  0.212126975426474  1.000000000000000  1.000000000000000 
86.0    L  0.000000000000000  0.000000000000000  0.000000000000000  0.000000000000000  0.000000000000000  0.000000000000000  0.000000000000000  0.000000000000000  0.000000000000000  1.000000000000000  0.000000000000000  0.000000000000000  0.000000000000000  0.000000000000000  0.000000000000000  0.000000000000000  0.000000000000000  0.000000000000000  0.000000000000000  0.000000000000000  1.000000000000000  0.000000000000000  0.000000000000000  0.000000000000000  0.000000000000000  0.000000000000000  0.000000000000000  0.212126975426474  1.000000000000000  1.000000000000000 
87.0    K  0.000000000000000  0.000000000000000  0.000000000000000  0.000000000000000  0.000000000000000  0.192242603908784  0.068678388598555  0.000000000000000  0.677832163400000  0.000000000000000  0.000000000000000  0.000000000000000  0.000000000000000  0.000000000000000  0.061298687749284  0.000000000000000  0.000000000000000  0.000000000000000  0.000000000000000  0.000000000000000  1.000000000000000  0.000000000000000  0.000000000000000  0.000000000000000  0.000000000000000  0.000000000000000  0.000000000000000  0.212126975426474  1.000000000000000  1.000000000000000 
88.0    P  0.161992620679167  0.000000000000000  0.000000000000000  0.000000000000000  0.000000000000000  0.000000000000000  0.000000000000000  0.000000000000000  0.000000000000000  0.076893209046947  0.000000000000000  0.107618648542363  0.653382626946587  0.000000000000000  0.000000000000000  0.000000000000000  0.000000000000000  0.000000000000000  0.000000000000000  0.000000000000000  1.000000000000000  0.000000000000000  0.000000000000000  0.000000000000000  0.000000000000000  0.000000000000000  0.000000000000000  0.212126975426474  1.000000000000000  1.000000000000000 
89.0    L  0.000000000000000  0.000000000000000  0.000000000000000  0.000000000000000  0.000000000000000  0.000000000000000  0.000000000000000  0.000000000000000  0.000000000000000  0.792784136610284  0.000000000000000  0.000000000000000  0.000000000000000  0.000000000000000  0.000000000000000  0.000000000000000  0.000000000000000  0.207042665333636  0.000000000000000  0.000000000000000  1.000000000000000  0.000000000000000  0.000000000000000  0.000000000000000  0.000000000000000  0.000000000000000  0.000000000000000  0.212126975426474  1.000000000000000  1.000000000000000 
90.0    E  0.145692649766820  0.000000000000000  0.000000000000000  0.616853584904748  0.000000000000000  0.000000000000000  0.042159454198116  0.000000000000000  0.000000000000000  0.000000000000000  0.000000000000000  0.000000000000000  0.000000000000000  0.149581120403839  0.045626000332954  0.000000000000000  0.000000000000000  0.000000000000000  0.000000000000000  0.000000000000000  1.000000000000000  0.000000000000000  0.000000000000000  0.000000000000000  0.000000000000000  0.000000000000000  0.000000000000000  0.212126975426474  1.000000000000000  1.000000000000000 
91.0    E  0.000000000000000  0.000000000000000  0.213158722941989  0.424548123223420  0.000000000000000  0.109879945113973  0.045626000332954  0.000000000000000  0.000000000000000  0.000000000000000  0.000000000000000  0.041006601705999  0.000000000000000  0.061298687749284  0.072745408400134  0.031686233743438  0.000000000000000  0.000000000000000  0.000000000000000  0.000000000000000  1.000000000000000  0.000000000000000  0.000000000000000  0.000000000000000  0.000000000000000  0.000000000000000  0.000000000000000  0.212126975426474  1.000000000000000  1.000000000000000 
92.0    V  0.145692649766820  0.000000000000000  0.000000000000000  0.000000000000000  0.000000000000000  0.000000000000000  0.000000000000000  0.000000000000000  0.000000000000000  0.000000000000000  0.042071877164899  0.000000000000000  0.000000000000000  0.000000000000000  0.000000000000000  0.000000000000000  0.000000000000000  0.812252396356236  0.000000000000000  0.000000000000000  0.854409740889733  0.000000000000000  0.145692649766820  0.000000000000000  0.000000000000000  0.000000000000000  0.000000000000000  0.212126975426474  1.000000000000000  1.000000000000000 
93.0    L  0.000000000000000  0.000000000000000  0.000000000000000  0.000000000000000  0.000000000000000  0.000000000000000  0.000000000000000  0.000000000000000  0.000000000000000  1.000000000000000  0.000000000000000  0.000000000000000  0.000000000000000  0.000000000000000  0.000000000000000  0.000000000000000  0.000000000000000  0.000000000000000  0.000000000000000  0.000000000000000  0.950000382874886  0.000000000000000  0.049928244778072  0.000000000000000  0.000000000000000  0.000000000000000  1.000000000000000  0.252262908461170  1.000000000000000  0.450312989923965 
94.0    N  0.000000000000000  0.000000000000000  0.180366085857704  0.000000000000000  0.000000000000000  0.126920762608679  0.000000000000000  0.000000000000000  0.000000000000000  0.000000000000000  0.000000000000000  0.574747424017338  0.000000000000000  0.000000000000000  0.000000000000000  0.000000000000000  0.060412881066561  0.000000000000000  0.000000000000000  0.057432055217441  1.000000000000000  0.000000000000000  0.000000000000000  0.000000000000000  0.000000000000000  0.000000000000000  1.000000000000000  0.253138701837623  1.000000000000000  0.435275281648062 
95.0    L  0.000000000000000  0.000000000000000  0.000000000000000  0.000000000000000  0.000000000000000  0.000000000000000  0.000000000000000  0.060412881066561  0.000000000000000  0.790589116603944  0.000000000000000  0.000000000000000  0.000000000000000  0.000000000000000  0.000000000000000  0.000000000000000  0.000000000000000  0.148857106170621  0.000000000000000  0.000000000000000  1.000000000000000  0.000000000000000  0.000000000000000  0.000000000000000  0.000000000000000  0.000000000000000  1.000000000000000  0.253138701837623  1.000000000000000  0.435275281648062 
96.0    A  0.620283648857694  0.000000000000000  0.000000000000000  0.000000000000000  0.000000000000000  0.040978187944239  0.000000000000000  0.000000000000000  0.000000000000000  0.000000000000000  0.000000000000000  0.000000000000000  0.188678246065070  0.000000000000000  0.000000000000000  0.000000000000000  0.098823639575493  0.051260806949795  0.000000000000000  0.000000000000000  1.000000000000000  0.000000000000000  0.000000000000000  0.250000000000000  0.750019494642909  0.806641759222126  0.193445624192799  0.253138701837623  0.450312989923965  0.435275281648062 
97.0    Q  0.000000000000000  0.000000000000000  0.000000000000000  0.101742898133804  0.000000000000000  0.000000000000000  0.000000000000000  0.000000000000000  0.000000000000000  0.000000000000000  0.000000000000000  0.000000000000000  0.115582909764212  0.630688704415625  0.000000000000000  0.151984910397887  0.000000000000000  0.000000000000000  0.000000000000000  0.000000000000000  1.000000000000000  0.000000000000000  0.000000000000000  0.000000000000000  0.000000000000000  0.000000000000000  1.000000000000000  0.211979991158287  1.000000000000000  0.500000000000000 
98.0    S  0.000000000000000  0.000000000000000  0.000000000000000  0.079384436408674  0.000000000000000  0.038101721689884  0.063813257856700  0.000000000000000  0.000000000000000  0.000000000000000  0.000000000000000  0.029894004940371  0.000000000000000  0.000000000000000  0.072594295745358  0.715984370600572  0.000000000000000  0.000000000000000  0.000000000000000  0.000000000000000  1.000000000000000  0.000000000000000  0.000000000000000  0.000000000000000  0.000000000000000  1.000000000000000  0.000000000000000  0.211979991158287  1.000000000000000  0.500000000000000 
99.0    K  0.000000000000000  0.000000000000000  0.077053270341488  0.068678388598555  0.000000000000000  0.000000000000000  0.000000000000000  0.000000000000000  0.813379198132126  0.000000000000000  0.000000000000000  0.000000000000000  0.000000000000000  0.041006601705999  0.000000000000000  0.000000000000000  0.000000000000000  0.000000000000000  0.000000000000000  0.000000000000000  1.000000000000000  0.000000000000000  0.000000000000000  0.000000000000000  0.000000000000000  0.000000000000000  0.000000000000000  0.212126975426474  1.000000000000000  1.000000000000000 
100.0    N  0.145692649766820  0.000000000000000  0.000000000000000  0.000000000000000  0.000000000000000  0.000000000000000  0.000000000000000  0.000000000000000  0.000000000000000  0.000000000000000  0.041006601705999  0.593779833036705  0.000000000000000  0.032396909406866  0.000000000000000  0.150100428435651  0.037008487870426  0.000000000000000  0.000000000000000  0.000000000000000  1.000000000000000  0.000000000000000  0.000000000000000  0.000000000000000  0.000000000000000  0.000000000000000  0.000000000000000  0.212126975426474  1.000000000000000  1.000000000000000 
101.0    F  0.000000000000000  0.000000000000000  0.000000000000000  0.000000000000000  0.392292048948375  0.000000000000000  0.000000000000000  0.000000000000000  0.000000000000000  0.090747392493993  0.000000000000000  0.032396909406866  0.000000000000000  0.114070686067931  0.068678388598555  0.194117218750260  0.000000000000000  0.107618648542363  0.000000000000000  0.000000000000000  0.967276329613932  0.000000000000000  0.032396909406866  0.000000000000000  0.000000000000000  0.000000000000000  0.000000000000000  0.212126975426474  1.000000000000000  1.000000000000000 
102.0    H  0.000000000000000  0.000000000000000  0.033889919026346  0.000000000000000  0.000000000000000  0.000000000000000  0.449689156073876  0.000000000000000  0.078672323344054  0.043949787497285  0.000000000000000  0.090183042928852  0.100760353936621  0.090245574720156  0.000000000000000  0.000000000000000  0.000000000000000  0.000000000000000  0.000000000000000  0.112578247480991  1.000000000000000  0.000000000000000  0.000000000000000  0.000000000000000  0.000000000000000  0.000000000000000  1.000000000000000  0.213158722941989  1.000000000000000  0.500000000000000 
103.0    L  0.000000000000000  0.000000000000000  0.000000000000000  0.000000000000000  0.000000000000000  0.037891025595679  0.000000000000000  0.148239312426368  0.000000000000000  0.591725510876286  0.000000000000000  0.000000000000000  0.051796556530500  0.000000000000000  0.000000000000000  0.170164264562434  0.000000000000000  0.000000000000000  0.000000000000000  0.000000000000000  1.000000000000000  0.000000000000000  0.000000000000000  0.000000000000000  0.000000000000000  0.000000000000000  1.000000000000000  0.213158722941989  1.000000000000000  0.500000000000000 
104.0    R  0.033889919026346  0.000000000000000  0.000000000000000  0.240982451935161  0.000000000000000  0.037891025595679  0.000000000000000  0.100970097201201  0.144485838319350  0.000000000000000  0.000000000000000  0.018919266936727  0.000000000000000  0.148239312426368  0.100133734698703  0.075467536967906  0.098960733233909  0.000000000000000  0.000000000000000  0.000000000000000  0.102308647698850  0.822450068712464  0.075467536967906  1.000000000000000  0.000000000000000  1.000000000000000  0.000000000000000  0.213158722941989  0.275285399524491  0.500000000000000 
105.0    P  0.239483804555674  0.000000000000000  0.000000000000000  0.000000000000000  0.000000000000000  0.000000000000000  0.000000000000000  0.364502344704145  0.000000000000000  0.000000000000000  0.000000000000000  0.055016188347697  0.060162152693859  0.000000000000000  0.000000000000000  0.000000000000000  0.280874975757911  0.000000000000000  0.000000000000000  0.000000000000000  1.000000000000000  0.000000000000000  0.000000000000000  0.000000000000000  0.000000000000000  0.000000000000000  1.000000000000000  0.266277050848354  1.000000000000000  0.424548123223420 
106.0    R  0.000000000000000  0.000000000000000  0.000000000000000  0.143587294374629  0.000000000000000  0.150830489965095  0.000000000000000  0.000000000000000  0.496546247718518  0.000000000000000  0.000000000000000  0.000000000000000  0.000000000000000  0.000000000000000  0.209061599978516  0.000000000000000  0.000000000000000  0.000000000000000  0.000000000000000  0.000000000000000  1.000000000000000  0.000000000000000  0.000000000000000  0.000000000000000  0.000000000000000  0.000000000000000  1.000000000000000  0.266277050848354  1.000000000000000  0.424548123223420 
107.0    D  0.000000000000000  0.000000000000000  0.345079338349157  0.354289349127054  0.000000000000000  0.000000000000000  0.000000000000000  0.000000000000000  0.000000000000000  0.000000000000000  0.000000000000000  0.300617312224544  0.000000000000000  0.000000000000000  0.000000000000000  0.000000000000000  0.000000000000000  0.000000000000000  0.000000000000000  0.000000000000000  1.000000000000000  0.000000000000000  0.000000000000000  0.000000000000000  0.000000000000000  0.000000000000000  1.000000000000000  0.266277050848354  1.000000000000000  0.424548123223420 
108.0    L  0.000000000000000  0.000000000000000  0.000000000000000  0.000000000000000  0.337041932934264  0.000000000000000  0.000000000000000  0.000000000000000  0.000000000000000  0.429282718218877  0.000000000000000  0.000000000000000  0.000000000000000  0.000000000000000  0.000000000000000  0.233905874457850  0.000000000000000  0.000000000000000  0.000000000000000  0.000000000000000  1.000000000000000  0.000000000000000  0.000000000000000  1.000000000000000  0.000000000000000  0.703684187662699  0.296478624852737  0.266277050848354  0.450312989923965  0.424548123223420 
109.0    I  0.000000000000000  0.000000000000000  0.000000000000000  0.000000000000000  0.000000000000000  0.000000000000000  0.000000000000000  0.688247800795349  0.000000000000000  0.000000000000000  0.257206676973394  0.000000000000000  0.000000000000000  0.000000000000000  0.000000000000000  0.000000000000000  0.000000000000000  0.054296386571914  0.000000000000000  0.000000000000000  1.000000000000000  0.000000000000000  0.000000000000000  0.000000000000000  0.000000000000000  0.000000000000000  1.000000000000000  0.223291463088190  1.000000000000000  0.488015880388112 
110.0    S  0.000000000000000  0.000000000000000  0.090621677054928  0.000000000000000  0.000000000000000  0.000000000000000  0.000000000000000  0.000000000000000  0.000000000000000  0.000000000000000  0.000000000000000  0.151144459479170  0.000000000000000  0.000000000000000  0.072896835611779  0.685391402489852  0.000000000000000  0.000000000000000  0.000000000000000  0.000000000000000  1.000000000000000  0.000000000000000  0.000000000000000  0.000000000000000  0.000000000000000  1.000000000000000  0.000000000000000  0.223291463088190  1.000000000000000  0.488015880388112 
111.0    N  0.000000000000000  0.000000000000000  0.000000000000000  0.000000000000000  0.000000000000000  0.000000000000000  0.000000000000000  0.000000000000000  0.000000000000000  0.000000000000000  0.000000000000000  0.926588061890371  0.000000000000000  0.000000000000000  0.000000000000000  0.000000000000000  0.000000000000000  0.000000000000000  0.000000000000000  0.073403873200853  1.000000000000000  0.000000000000000  0.000000000000000  0.000000000000000  0.000000000000000  0.000000000000000  0.000000000000000  0.212126975426474  1.000000000000000  1.000000000000000 
112.0    I  0.000000000000000  0.000000000000000  0.000000000000000  0.000000000000000  0.073403873200853  0.000000000000000  0.000000000000000  0.892546971472977  0.000000000000000  0.000000000000000  0.034196678164398  0.000000000000000  0.000000000000000  0.000000000000000  0.000000000000000  0.000000000000000  0.000000000000000  0.000000000000000  0.000000000000000  0.000000000000000  1.000000000000000  0.000000000000000  0.000000000000000  0.000000000000000  0.000000000000000  0.000000000000000  0.000000000000000  0.212126975426474  1.000000000000000  1.000000000000000 
113.0    N  0.000000000000000  0.000000000000000  0.000000000000000  0.000000000000000  0.000000000000000  0.000000000000000  0.000000000000000  0.000000000000000  0.048562954299003  0.000000000000000  0.000000000000000  0.759435844907265  0.000000000000000  0.000000000000000  0.192242603908784  0.000000000000000  0.000000000000000  0.000000000000000  0.000000000000000  0.000000000000000  1.000000000000000  0.000000000000000  0.000000000000000  0.000000000000000  0.000000000000000  0.000000000000000  0.000000000000000  0.212126975426474  1.000000000000000  1.000000000000000 
114.0    V  0.000000000000000  0.000000000000000  0.000000000000000  0.073403873200853  0.000000000000000  0.000000000000000  0.000000000000000  0.041006601705999  0.000000000000000  0.032940356977836  0.000000000000000  0.000000000000000  0.000000000000000  0.000000000000000  0.085555238318240  0.000000000000000  0.000000000000000  0.766841329836546  0.000000000000000  0.000000000000000  1.000000000000000  0.000000000000000  0.000000000000000  0.000000000000000  0.000000000000000  0.000000000000000  0.000000000000000  0.212126975426474  1.000000000000000  1.000000000000000 
115.0    I  0.000000000000000  0.000000000000000  0.000000000000000  0.000000000000000  0.000000000000000  0.000000000000000  0.000000000000000  0.169458040850000  0.000000000000000  0.000000000000000  0.000000000000000  0.077053270341488  0.000000000000000  0.000000000000000  0.000000000000000  0.073403873200853  0.680185426202977  0.000000000000000  0.000000000000000  0.000000000000000  1.000000000000000  0.000000000000000  0.000000000000000  0.000000000000000  0.000000000000000  0.000000000000000  0.000000000000000  0.212126975426474  1.000000000000000  1.000000000000000 
116.0    V  0.083100444261357  0.000000000000000  0.000000000000000  0.000000000000000  0.000000000000000  0.000000000000000  0.000000000000000  0.000000000000000  0.000000000000000  0.135936048856860  0.000000000000000  0.000000000000000  0.000000000000000  0.000000000000000  0.000000000000000  0.000000000000000  0.000000000000000  0.780786492607391  0.000000000000000  0.000000000000000  1.000000000000000  0.000000000000000  0.000000000000000  0.000000000000000  0.000000000000000  0.000000000000000  0.000000000000000  0.212126975426474  1.000000000000000  1.000000000000000 
117.0    L  0.000000000000000  0.000000000000000  0.000000000000000  0.000000000000000  0.073403873200853  0.000000000000000  0.000000000000000  0.000000000000000  0.000000000000000  0.504875648798343  0.042159454198116  0.145692649766820  0.000000000000000  0.050695447223565  0.000000000000000  0.032940356977836  0.000000000000000  0.150100428435651  0.000000000000000  0.000000000000000  1.000000000000000  0.000000000000000  0.000000000000000  0.000000000000000  0.000000000000000  0.000000000000000  0.000000000000000  0.212126975426474  1.000000000000000  1.000000000000000 
118.0    E  0.000000000000000  0.000000000000000  0.000000000000000  0.234880687303503  0.000000000000000  0.042071877164899  0.073403873200853  0.000000000000000  0.405563577788521  0.000000000000000  0.000000000000000  0.000000000000000  0.000000000000000  0.000000000000000  0.145692649766820  0.061298687749284  0.037008487870426  0.000000000000000  0.000000000000000  0.000000000000000  1.000000000000000  0.000000000000000  0.000000000000000  0.000000000000000  0.000000000000000  0.000000000000000  0.000000000000000  0.212126975426474  1.000000000000000  1.000000000000000 
119.0    L  0.000000000000000  0.000000000000000  0.000000000000000  0.000000000000000  0.000000000000000  0.000000000000000  0.000000000000000  0.000000000000000  0.073403873200853  0.926588061890371  0.000000000000000  0.000000000000000  0.000000000000000  0.000000000000000  0.000000000000000  0.000000000000000  0.000000000000000  0.000000000000000  0.000000000000000  0.000000000000000  0.854409740889733  0.000000000000000  0.145692649766820  0.000000000000000  0.000000000000000  0.000000000000000  0.000000000000000  0.212126975426474  1.000000000000000  1.000000000000000 
120.0    K  0.000000000000000  0.000000000000000  0.000000000000000  0.000000000000000  0.000000000000000  0.000000000000000  0.000000000000000  0.000000000000000  0.905006462882905  0.000000000000000  0.000000000000000  0.000000000000000  0.000000000000000  0.095193046231454  0.000000000000000  0.000000000000000  0.000000000000000  0.000000000000000  0.000000000000000  0.000000000000000  1.000000000000000  0.000000000000000  0.000000000000000  0.000000000000000  0.000000000000000  0.000000000000000  1.000000000000000  0.252262908461170  1.000000000000000  0.450312989923965 
121.0    G  0.000000000000000  0.000000000000000  0.000000000000000  0.000000000000000  0.000000000000000  1.000000000000000  0.000000000000000  0.000000000000000  0.000000000000000  0.000000000000000  0.000000000000000  0.000000000000000  0.000000000000000  0.000000000000000  0.000000000000000  0.000000000000000  0.000000000000000  0.000000000000000  0.000000000000000  0.000000000000000  1.000000000000000  0.000000000000000  0.000000000000000  0.000000000000000  0.000000000000000  0.000000000000000  1.000000000000000  0.252262908461170  1.000000000000000  0.450312989923965 
122.0    S  0.000000000000000  0.000000000000000  0.000000000000000  0.000000000000000  0.000000000000000  0.084435880283477  0.000000000000000  0.000000000000000  0.000000000000000  0.000000000000000  0.000000000000000  0.000000000000000  0.057951909152216  0.000000000000000  0.000000000000000  0.857376036634172  0.000000000000000  0.000000000000000  0.000000000000000  0.000000000000000  0.915733686418126  0.084435880283477  0.000000000000000  0.238986329398436  0.761016690419679  0.000000000000000  1.000000000000000  0.252262908461170  0.424548123223420  0.450312989923965 
123.0    E  0.058435949859466  0.000000000000000  0.053883971563600  0.765778998547191  0.000000000000000  0.000000000000000  0.000000000000000  0.000000000000000  0.121919432690955  0.000000000000000  0.000000000000000  0.000000000000000  0.000000000000000  0.000000000000000  0.000000000000000  0.000000000000000  0.000000000000000  0.000000000000000  0.000000000000000  0.000000000000000  1.000000000000000  0.000000000000000  0.000000000000000  1.000000000000000  0.000000000000000  1.000000000000000  0.000000000000000  0.252262908461170  0.450312989923965  0.450312989923965 
124.0    T  0.000000000000000  0.000000000000000  0.000000000000000  0.000000000000000  0.000000000000000  0.000000000000000  0.000000000000000  0.000000000000000  0.073403873200853  0.000000000000000  0.000000000000000  0.160539476123678  0.000000000000000  0.000000000000000  0.000000000000000  0.031686233743438  0.734584316639154  0.000000000000000  0.000000000000000  0.000000000000000  0.963261894020148  0.000000000000000  0.036727385263118  0.000000000000000  0.000000000000000  0.000000000000000  0.000000000000000  0.212126975426474  1.000000000000000  1.000000000000000 
125.0    T  0.063680699788545  0.000000000000000  0.000000000000000  0.000000000000000  0.000000000000000  0.035060733766578  0.000000000000000  0.000000000000000  0.089684345912919  0.000000000000000  0.000000000000000  0.074790560201920  0.072393300387165  0.000000000000000  0.182124889237251  0.070316155293051  0.412081042476620  0.000000000000000  0.000000000000000  0.000000000000000  0.851453707748945  0.000000000000000  0.148753962038334  0.000000000000000  0.000000000000000  1.000000000000000  0.000000000000000  0.211246596103128  1.000000000000000  0.500000000000000 
126.0    F  0.000000000000000  0.000000000000000  0.000000000000000  0.000000000000000  0.729510172120088  0.000000000000000  0.000000000000000  0.000000000000000  0.000000000000000  0.048227505470592  0.000000000000000  0.000000000000000  0.000000000000000  0.000000000000000  0.000000000000000  0.183900843231967  0.000000000000000  0.000000000000000  0.000000000000000  0.038366740122346  1.000000000000000  0.000000000000000  0.000000000000000  0.000000000000000  0.000000000000000  1.000000000000000  0.000000000000000  0.252262908461170  1.000000000000000  0.450312989923965 
127.0    M  0.000000000000000  0.000000000000000  0.000000000000000  0.114546080584419  0.000000000000000  0.000000000000000  0.068678388598555  0.000000000000000  0.028340322779161  0.000000000000000  0.193982713568714  0.076362068854594  0.000000000000000  0.077053270341488  0.031686233743438  0.000000000000000  0.347961597957775  0.061298687749284  0.000000000000000  0.000000000000000  1.000000000000000  0.000000000000000  0.000000000000000  0.000000000000000  0.000000000000000  0.000000000000000  0.000000000000000  0.212126975426474  1.000000000000000  1.000000000000000 
128.0    C  0.000000000000000  0.926588061890371  0.000000000000000  0.000000000000000  0.000000000000000  0.000000000000000  0.000000000000000  0.000000000000000  0.000000000000000  0.000000000000000  0.000000000000000  0.000000000000000  0.000000000000000  0.000000000000000  0.000000000000000  0.000000000000000  0.000000000000000  0.000000000000000  0.073403873200853  0.000000000000000  1.000000000000000  0.000000000000000  0.000000000000000  0.000000000000000  0.000000000000000  0.000000000000000  0.000000000000000  0.212126975426474  1.000000000000000  1.000000000000000 
129.0    E  0.000000000000000  0.000000000000000  0.153042049050026  0.601234624449089  0.000000000000000  0.000000000000000  0.077053270341488  0.000000000000000  0.000000000000000  0.000000000000000  0.000000000000000  0.018186352100033  0.000000000000000  0.150412878249938  0.000000000000000  0.000000000000000  0.000000000000000  0.000000000000000  0.000000000000000  0.000000000000000  0.854409740889733  0.000000000000000  0.145692649766820  0.000000000000000  0.000000000000000  0.000000000000000  0.000000000000000  0.212126975426474  1.000000000000000  1.000000000000000 
130.0    Y  0.000000000000000  0.000000000000000  0.000000000000000  0.000000000000000  0.219759890227947  0.000000000000000  0.000000000000000  0.000000000000000  0.000000000000000  0.076045147414629  0.000000000000000  0.000000000000000  0.000000000000000  0.084435880283477  0.000000000000000  0.000000000000000  0.000000000000000  0.000000000000000  0.000000000000000  0.619853849969493  0.957935218222696  0.000000000000000  0.042364510212500  1.000000000000000  0.000000000000000  0.000000000000000  1.000000000000000  0.252262908461170  0.450312989923965  0.450312989923965 
131.0    A  0.117115180859053  0.000000000000000  0.716977624007914  0.165625877130651  0.000000000000000  0.000000000000000  0.000000000000000  0.000000000000000  0.000000000000000  0.000000000000000  0.000000000000000  0.000000000000000  0.000000000000000  0.000000000000000  0.000000000000000  0.000000000000000  0.000000000000000  0.000000000000000  0.000000000000000  0.000000000000000  1.000000000000000  0.000000000000000  0.000000000000000  0.000000000000000  0.000000000000000  1.000000000000000  0.000000000000000  0.251913440102626  1.000000000000000  0.436786447958347 
132.0    D  0.145692649766820  0.000000000000000  0.766841329836546  0.000000000000000  0.000000000000000  0.000000000000000  0.000000000000000  0.000000000000000  0.000000000000000  0.000000000000000  0.000000000000000  0.042071877164899  0.045154074935110  0.000000000000000  0.000000000000000  0.000000000000000  0.000000000000000  0.000000000000000  0.000000000000000  0.000000000000000  1.000000000000000  0.000000000000000  0.000000000000000  0.000000000000000  0.000000000000000  0.000000000000000  0.000000000000000  0.212126975426474  1.000000000000000  1.000000000000000 
133.0    E  0.048562954299003  0.000000000000000  0.050695447223565  0.649319301364942  0.000000000000000  0.000000000000000  0.000000000000000  0.000000000000000  0.105843164045316  0.000000000000000  0.000000000000000  0.000000000000000  0.000000000000000  0.000000000000000  0.000000000000000  0.077053270341488  0.000000000000000  0.068678388598555  0.000000000000000  0.000000000000000  1.000000000000000  0.000000000000000  0.000000000000000  0.000000000000000  0.000000000000000  0.000000000000000  0.000000000000000  0.212126975426474  1.000000000000000  1.000000000000000 
134.0    T  0.073403873200853  0.000000000000000  0.000000000000000  0.000000000000000  0.000000000000000  0.000000000000000  0.000000000000000  0.000000000000000  0.219151430329009  0.000000000000000  0.000000000000000  0.000000000000000  0.036146505747040  0.000000000000000  0.087292408279212  0.106949378210325  0.476979775273779  0.000000000000000  0.000000000000000  0.000000000000000  1.000000000000000  0.000000000000000  0.000000000000000  0.000000000000000  0.000000000000000  0.000000000000000  0.000000000000000  0.212126975426474  1.000000000000000  1.000000000000000 
135.0    A  0.401646998378517  0.000000000000000  0.000000000000000  0.042071877164899  0.000000000000000  0.000000000000000  0.000000000000000  0.068678388598555  0.077053270341488  0.000000000000000  0.000000000000000  0.000000000000000  0.000000000000000  0.000000000000000  0.000000000000000  0.000000000000000  0.000000000000000  0.410655350376033  0.000000000000000  0.000000000000000  1.000000000000000  0.000000000000000  0.000000000000000  0.000000000000000  0.000000000000000  0.000000000000000  0.000000000000000  0.212126975426474  1.000000000000000  1.000000000000000 
136.0    T  0.000000000000000  0.000000000000000  0.000000000000000  0.000000000000000  0.000000000000000  0.000000000000000  0.000000000000000  0.000000000000000  0.145692649766820  0.000000000000000  0.000000000000000  0.155070912214424  0.000000000000000  0.000000000000000  0.000000000000000  0.000000000000000  0.699308041369231  0.000000000000000  0.000000000000000  0.000000000000000  1.000000000000000  0.000000000000000  0.000000000000000  0.000000000000000  0.000000000000000  0.000000000000000  0.000000000000000  0.212126975426474  1.000000000000000  1.000000000000000 
137.0    I  0.118339203904589  0.000000000000000  0.000000000000000  0.000000000000000  0.000000000000000  0.000000000000000  0.000000000000000  0.605836330215122  0.000000000000000  0.000000000000000  0.000000000000000  0.000000000000000  0.000000000000000  0.000000000000000  0.000000000000000  0.000000000000000  0.000000000000000  0.275858435010490  0.000000000000000  0.000000000000000  1.000000000000000  0.000000000000000  0.000000000000000  0.000000000000000  0.000000000000000  0.000000000000000  0.000000000000000  0.212126975426474  1.000000000000000  1.000000000000000 
138.0    V  0.000000000000000  0.000000000000000  0.000000000000000  0.109423916211783  0.000000000000000  0.000000000000000  0.000000000000000  0.000000000000000  0.000000000000000  0.000000000000000  0.000000000000000  0.000000000000000  0.000000000000000  0.000000000000000  0.119327626767465  0.000000000000000  0.135936048856860  0.635075491269395  0.000000000000000  0.000000000000000  1.000000000000000  0.000000000000000  0.000000000000000  0.000000000000000  0.000000000000000  0.000000000000000  0.000000000000000  0.212126975426474  1.000000000000000  1.000000000000000 
139.0    E  0.000000000000000  0.000000000000000  0.045626000332954  0.808881348361739  0.000000000000000  0.145692649766820  0.000000000000000  0.000000000000000  0.000000000000000  0.000000000000000  0.000000000000000  0.000000000000000  0.000000000000000  0.000000000000000  0.000000000000000  0.000000000000000  0.000000000000000  0.000000000000000  0.000000000000000  0.000000000000000  1.000000000000000  0.000000000000000  0.000000000000000  0.000000000000000  0.000000000000000  0.000000000000000  0.000000000000000  0.212126975426474  1.000000000000000  1.000000000000000 
140.0    F  0.000000000000000  0.000000000000000  0.000000000000000  0.000000000000000  1.000000000000000  0.000000000000000  0.000000000000000  0.000000000000000  0.000000000000000  0.000000000000000  0.000000000000000  0.000000000000000  0.000000000000000  0.000000000000000  0.000000000000000  0.000000000000000  0.000000000000000  0.000000000000000  0.000000000000000  0.000000000000000  1.000000000000000  0.000000000000000  0.000000000000000  0.000000000000000  0.000000000000000  0.000000000000000  0.000000000000000  0.212126975426474  1.000000000000000  1.000000000000000 
141.0    L  0.000000000000000  0.000000000000000  0.000000000000000  0.000000000000000  0.145692649766820  0.000000000000000  0.000000000000000  0.000000000000000  0.000000000000000  0.780786492607391  0.073403873200853  0.000000000000000  0.000000000000000  0.000000000000000  0.000000000000000  0.000000000000000  0.000000000000000  0.000000000000000  0.000000000000000  0.000000000000000  1.000000000000000  0.000000000000000  0.000000000000000  0.000000000000000  0.000000000000000  0.000000000000000  0.000000000000000  0.212126975426474  1.000000000000000  1.000000000000000 
142.0    N  0.000000000000000  0.000000000000000  0.000000000000000  0.000000000000000  0.000000000000000  0.068678388598555  0.000000000000000  0.000000000000000  0.061298687749284  0.000000000000000  0.000000000000000  0.559030925482931  0.000000000000000  0.000000000000000  0.155178436440764  0.078781461973937  0.077053270341488  0.000000000000000  0.000000000000000  0.000000000000000  1.000000000000000  0.000000000000000  0.000000000000000  0.000000000000000  0.000000000000000  0.000000000000000  0.000000000000000  0.212126975426474  1.000000000000000  1.000000000000000 
143.0    R  0.000000000000000  0.000000000000000  0.000000000000000  0.219151430329009  0.000000000000000  0.000000000000000  0.000000000000000  0.000000000000000  0.315125847895746  0.000000000000000  0.000000000000000  0.083100444261357  0.000000000000000  0.000000000000000  0.337509496280686  0.000000000000000  0.045154074935110  0.000000000000000  0.000000000000000  0.000000000000000  1.000000000000000  0.000000000000000  0.000000000000000  0.000000000000000  0.000000000000000  0.000000000000000  0.000000000000000  0.212126975426474  1.000000000000000  1.000000000000000 
144.0    W  0.000000000000000  0.000000000000000  0.000000000000000  0.000000000000000  0.077053270341488  0.000000000000000  0.000000000000000  0.000000000000000  0.000000000000000  0.000000000000000  0.000000000000000  0.000000000000000  0.000000000000000  0.000000000000000  0.000000000000000  0.000000000000000  0.000000000000000  0.000000000000000  0.922742492653798  0.000000000000000  1.000000000000000  0.000000000000000  0.000000000000000  0.000000000000000  0.000000000000000  0.000000000000000  0.000000000000000  0.212126975426474  1.000000000000000  1.000000000000000 
145.0    I  0.000000000000000  0.000000000000000  0.000000000000000  0.000000000000000  0.000000000000000  0.000000000000000  0.000000000000000  0.938871747315452  0.000000000000000  0.000000000000000  0.000000000000000  0.000000000000000  0.000000000000000  0.000000000000000  0.000000000000000  0.000000000000000  0.061298687749284  0.000000000000000  0.000000000000000  0.000000000000000  1.000000000000000  0.000000000000000  0.000000000000000  0.000000000000000  0.000000000000000  0.000000000000000  0.000000000000000  0.212126975426474  1.000000000000000  1.000000000000000 
146.0    T  0.175433965754884  0.000000000000000  0.000000000000000  0.000000000000000  0.000000000000000  0.000000000000000  0.000000000000000  0.041006601705999  0.000000000000000  0.000000000000000  0.000000000000000  0.000000000000000  0.000000000000000  0.000000000000000  0.000000000000000  0.077053270341488  0.706616821941365  0.000000000000000  0.000000000000000  0.000000000000000  1.000000000000000  0.000000000000000  0.000000000000000  0.000000000000000  0.000000000000000  0.000000000000000  0.000000000000000  0.212126975426474  1.000000000000000  1.000000000000000 
147.0    F  0.000000000000000  0.000000000000000  0.000000000000000  0.000000000000000  0.890692900606681  0.000000000000000  0.000000000000000  0.036146505747040  0.000000000000000  0.000000000000000  0.000000000000000  0.000000000000000  0.000000000000000  0.000000000000000  0.000000000000000  0.000000000000000  0.000000000000000  0.073403873200853  0.000000000000000  0.000000000000000  1.000000000000000  0.000000000000000  0.000000000000000  0.000000000000000  0.000000000000000  0.000000000000000  0.000000000000000  0.212126975426474  1.000000000000000  1.000000000000000 
148.0    C  0.000000000000000  0.926588061890371  0.000000000000000  0.000000000000000  0.000000000000000  0.000000000000000  0.000000000000000  0.000000000000000  0.000000000000000  0.000000000000000  0.000000000000000  0.000000000000000  0.000000000000000  0.000000000000000  0.073403873200853  0.000000000000000  0.000000000000000  0.000000000000000  0.000000000000000  0.000000000000000  1.000000000000000  0.000000000000000  0.000000000000000  0.000000000000000  0.000000000000000  0.000000000000000  0.000000000000000  0.212126975426474  1.000000000000000  1.000000000000000 
149.0    Q  0.000000000000000  0.000000000000000  0.000000000000000  0.000000000000000  0.000000000000000  0.000000000000000  0.000000000000000  0.000000000000000  0.000000000000000  0.000000000000000  0.000000000000000  0.000000000000000  0.000000000000000  1.000000000000000  0.000000000000000  0.000000000000000  0.000000000000000  0.000000000000000  0.000000000000000  0.000000000000000  1.000000000000000  0.000000000000000  0.000000000000000  0.000000000000000  0.000000000000000  0.000000000000000  0.000000000000000  0.212126975426474  1.000000000000000  1.000000000000000 
150.0    S  0.000000000000000  0.000000000000000  0.000000000000000  0.000000000000000  0.000000000000000  0.000000000000000  0.000000000000000  0.000000000000000  0.138408073060536  0.000000000000000  0.000000000000000  0.000000000000000  0.000000000000000  0.000000000000000  0.142102121654502  0.719466790005410  0.000000000000000  0.000000000000000  0.000000000000000  0.000000000000000  1.000000000000000  0.000000000000000  0.000000000000000  0.000000000000000  0.000000000000000  0.000000000000000  0.000000000000000  0.212126975426474  1.000000000000000  1.000000000000000 
151.0    I  0.048227505470592  0.000000000000000  0.000000000000000  0.000000000000000  0.000000000000000  0.000000000000000  0.000000000000000  0.874784764905822  0.000000000000000  0.000000000000000  0.000000000000000  0.000000000000000  0.000000000000000  0.000000000000000  0.000000000000000  0.035624164771671  0.041492661199451  0.000000000000000  0.000000000000000  0.000000000000000  1.000000000000000  0.000000000000000  0.000000000000000  0.000000000000000  0.000000000000000  0.000000000000000  0.000000000000000  0.252262908461170  1.000000000000000  1.000000000000000 
152.0    I  0.000000000000000  0.000000000000000  0.000000000000000  0.000000000000000  0.149996422796652  0.000000000000000  0.000000000000000  0.511214265304961  0.000000000000000  0.000000000000000  0.076045147414629  0.000000000000000  0.000000000000000  0.000000000000000  0.000000000000000  0.000000000000000  0.000000000000000  0.000000000000000  0.000000000000000  0.262611136002688  1.000000000000000  0.000000000000000  0.000000000000000  0.000000000000000  0.000000000000000  0.000000000000000  0.000000000000000  0.252262908461170  1.000000000000000  1.000000000000000 
153.0    S  0.077106698113094  0.000000000000000  0.000000000000000  0.000000000000000  0.000000000000000  0.000000000000000  0.000000000000000  0.000000000000000  0.084435880283477  0.000000000000000  0.000000000000000  0.000000000000000  0.000000000000000  0.000000000000000  0.000000000000000  0.838568184440931  0.000000000000000  0.000000000000000  0.000000000000000  0.000000000000000  1.000000000000000  0.000000000000000  0.000000000000000  0.000000000000000  0.000000000000000  0.000000000000000  0.000000000000000  0.252262908461170  1.000000000000000  1.000000000000000 
154.0    T  0.083852639055141  0.000000000000000  0.000000000000000  0.000000000000000  0.000000000000000  0.000000000000000  0.000000000000000  0.000000000000000  0.107917444821801  0.000000000000000  0.000000000000000  0.084435880283477  0.000000000000000  0.000000000000000  0.076045147414629  0.000000000000000  0.647970482716667  0.000000000000000  0.000000000000000  0.000000000000000  1.000000000000000  0.000000000000000  0.000000000000000  0.000000000000000  0.000000000000000  0.000000000000000  0.000000000000000  0.252262908461170  1.000000000000000  1.000000000000000 
155.0    L  0.000000000000000  0.000000000000000  0.000000000000000  0.000000000000000  0.000000000000000  0.000000000000000  0.000000000000000  0.000000000000000  0.000000000000000  0.520150133260993  0.307999518361439  0.000000000000000  0.000000000000000  0.000000000000000  0.058964890680960  0.112812590932804  0.000000000000000  0.000000000000000  0.000000000000000  0.000000000000000  1.000000000000000  0.000000000000000  0.000000000000000  0.166662334636400  0.833353207159218  0.000000000000000  0.000000000000000  0.268129154204486  0.450312989923965  1.000000000000000 
156.0    T  0.000000000000000  0.000000000000000  0.000000000000000  0.000000000000000  0.000000000000000  0.000000000000000  0.000000000000000  0.000000000000000  0.000000000000000  0.058964890680960  0.000000000000000  0.000000000000000  0.132402291835485  0.000000000000000  0.000000000000000  0.049617745683228  0.758909626487027  0.000000000000000  0.000000000000000  0.000000000000000  1.000000000000000  0.000000000000000  0.000000000000000  1.000000000000000  0.000000000000000  0.000000000000000  0.000000000000000  0.268129154204486  1.000000000000000  1.000000000000000 
