No:  residues  hmm_col_1  hmm_col_2  hmm_col_3  hmm_col_4  hmm_col_5  hmm_col_6  hmm_col_7  hmm_col_8  hmm_col_9  hmm_col_10  hmm_col_11  hmm_col_12  hmm_col_13  hmm_col_14  hmm_col_15  hmm_col_16  hmm_col_17  hmm_col_18  hmm_col_19  hmm_col_20  hmm_col_21   hmm_col_22   hmm_col_23   hmm_col_24   hmm_col_25   hmm_col_26   hmm_col_27   hmm_col_28   hmm_col_29   hmm_col_30   
1.0    M  0.000000000000000  0.000000000000000  0.000000000000000  0.000000000000000  0.000000000000000  0.000000000000000  0.000000000000000  0.000000000000000  0.000000000000000  0.000000000000000  1.000000000000000  0.000000000000000  0.000000000000000  0.000000000000000  0.000000000000000  0.000000000000000  0.000000000000000  0.000000000000000  0.000000000000000  0.000000000000000  1.000000000000000  0.000000000000000  0.000000000000000  0.000000000000000  0.000000000000000  0.000000000000000  0.000000000000000  0.032307210507749  1.000000000000000  1.000000000000000 
2.0    H  0.000000000000000  0.000000000000000  0.000000000000000  0.000000000000000  0.000000000000000  0.000000000000000  0.297507924076669  0.369846877312209  0.044811101500495  0.027337023903307  0.013994463595170  0.000000000000000  0.000000000000000  0.019103754338939  0.202781788894261  0.000000000000000  0.000000000000000  0.018801609781242  0.000000000000000  0.005966083976409  1.000000000000000  0.000000000000000  0.000000000000000  0.000000000000000  0.000000000000000  0.000000000000000  0.000000000000000  0.032307210507749  1.000000000000000  1.000000000000000 
3.0    G  0.000000000000000  0.000000000000000  0.000000000000000  0.000000000000000  0.000000000000000  1.000000000000000  0.000000000000000  0.000000000000000  0.000000000000000  0.000000000000000  0.000000000000000  0.000000000000000  0.000000000000000  0.000000000000000  0.000000000000000  0.000000000000000  0.000000000000000  0.000000000000000  0.000000000000000  0.000000000000000  1.000000000000000  0.000000000000000  0.000000000000000  0.000000000000000  0.000000000000000  0.000000000000000  0.000000000000000  0.032307210507749  1.000000000000000  1.000000000000000 
4.0    D  0.021898866391887  0.000000000000000  0.080325396091836  0.075362989230673  0.000000000000000  0.000000000000000  0.028915763376183  0.000000000000000  0.251041885809743  0.038767728053606  0.000000000000000  0.104530799989258  0.188025468923586  0.122767449407924  0.045154074935110  0.022498926851792  0.012542771698687  0.007993261482300  0.000000000000000  0.000000000000000  0.992404374685819  0.007254037908646  0.000000000000000  1.000000000000000  0.000000000000000  0.000000000000000  0.000000000000000  0.032307210507749  0.497924876547229  1.000000000000000 
5.0    T  0.102948877158447  0.006176477473468  0.058072542140682  0.141610485661975  0.000000000000000  0.009400804890621  0.068488235402981  0.017998244411709  0.160762185428825  0.007646419143730  0.006740166754239  0.037969899747032  0.000000000000000  0.126657112519886  0.063548417080747  0.028935813203979  0.085318357367823  0.056250120612095  0.000000000000000  0.021433332634228  1.000000000000000  0.000000000000000  0.000000000000000  0.000000000000000  0.000000000000000  0.000000000000000  0.000000000000000  0.032307210507749  1.000000000000000  1.000000000000000 
6.0    P  0.235859562723840  0.004889829916617  0.000000000000000  0.000000000000000  0.000000000000000  0.000000000000000  0.000000000000000  0.031642337729703  0.000000000000000  0.000000000000000  0.005554989885107  0.000000000000000  0.476979775273779  0.000000000000000  0.019832357594059  0.029811235954611  0.038101721689884  0.157235621479502  0.000000000000000  0.000000000000000  1.000000000000000  0.000000000000000  0.000000000000000  0.000000000000000  0.000000000000000  0.000000000000000  0.000000000000000  0.032307210507749  1.000000000000000  1.000000000000000 
7.0    T  0.006740166754239  0.000000000000000  0.046455718263469  0.006297522121039  0.000000000000000  0.000000000000000  0.000000000000000  0.015997607819194  0.028458432299749  0.026830169888680  0.000000000000000  0.028203147733201  0.000000000000000  0.019343598294335  0.008466609115975  0.080381092714413  0.733058378594605  0.000000000000000  0.000000000000000  0.000000000000000  1.000000000000000  0.000000000000000  0.000000000000000  0.000000000000000  0.000000000000000  0.000000000000000  0.000000000000000  0.032307210507749  1.000000000000000  1.000000000000000 
8.0    L  0.010117523428550  0.000000000000000  0.000000000000000  0.000000000000000  0.000000000000000  0.000000000000000  0.000000000000000  0.339151081861918  0.000000000000000  0.511568734867216  0.000000000000000  0.010510681316577  0.005671712030875  0.000000000000000  0.011694710834318  0.000000000000000  0.000000000000000  0.111336612575835  0.000000000000000  0.000000000000000  0.988285651500733  0.000000000000000  0.011694710834318  0.000000000000000  0.000000000000000  0.000000000000000  0.000000000000000  0.032307210507749  1.000000000000000  1.000000000000000 
9.0    H  0.048260945818237  0.012788580962356  0.000000000000000  0.079825859949712  0.000000000000000  0.056641371141708  0.013611784252223  0.000000000000000  0.246387334234843  0.006726165533898  0.000000000000000  0.016164805961233  0.189595943171805  0.216884671788017  0.080940187428402  0.032106294980593  0.000000000000000  0.000000000000000  0.000000000000000  0.000000000000000  1.000000000000000  0.000000000000000  0.000000000000000  0.000000000000000  0.000000000000000  0.000000000000000  1.000000000000000  0.032826392000336  1.000000000000000  0.489710148793463 
10.0    E  0.000000000000000  0.000000000000000  0.820172911196726  0.113754853010112  0.000000000000000  0.007452808988653  0.000000000000000  0.000000000000000  0.000000000000000  0.013630667277668  0.000000000000000  0.037759932605936  0.000000000000000  0.007031265076512  0.000000000000000  0.000000000000000  0.000000000000000  0.000000000000000  0.000000000000000  0.000000000000000  1.000000000000000  0.000000000000000  0.000000000000000  0.000000000000000  0.000000000000000  0.000000000000000  1.000000000000000  0.032826392000336  1.000000000000000  0.489710148793463 
11.0    Y  0.013630667277668  0.000000000000000  0.000000000000000  0.000000000000000  0.014298424501999  0.000000000000000  0.000000000000000  0.710053679271714  0.000000000000000  0.091759414752131  0.000000000000000  0.000000000000000  0.000000000000000  0.000000000000000  0.000000000000000  0.000000000000000  0.000000000000000  0.105916554368265  0.000000000000000  0.064079202368037  1.000000000000000  0.000000000000000  0.000000000000000  0.000000000000000  0.000000000000000  1.000000000000000  0.000000000000000  0.032826392000336  1.000000000000000  0.489710148793463 
12.0    M  0.046714039019842  0.011694710834318  0.034602018265134  0.110567554416443  0.003955292216213  0.000000000000000  0.000000000000000  0.100203166174924  0.012525395771866  0.023798261557863  0.005172222306232  0.036752851571593  0.000000000000000  0.000000000000000  0.000000000000000  0.000000000000000  0.038101721689884  0.575943821174679  0.000000000000000  0.000000000000000  0.979420297586927  0.020319377289820  0.000000000000000  0.333324669272800  0.666649338545599  0.000000000000000  0.000000000000000  0.032307210507749  0.477310507069858  1.000000000000000 
13.0    L  0.030883926609398  0.000000000000000  0.000000000000000  0.000000000000000  0.000000000000000  0.000000000000000  0.000000000000000  0.051474438579223  0.000000000000000  0.893165852352760  0.000000000000000  0.000000000000000  0.000000000000000  0.000000000000000  0.000000000000000  0.007899625631651  0.000000000000000  0.016481598704188  0.000000000000000  0.000000000000000  0.925946022527324  0.069348092004240  0.004410017206274  0.733058378594605  0.267201497802752  0.000000000000000  0.000000000000000  0.032307210507749  0.404721108273704  1.000000000000000 
14.0    D  0.019383864026803  0.014761672515581  0.207473646397496  0.379981214100379  0.004462290026752  0.033842970172685  0.058598193528569  0.029076551803219  0.010452559021767  0.007960087473568  0.000000000000000  0.035599480538191  0.000000000000000  0.086629367853151  0.000000000000000  0.028438713252528  0.052848267961095  0.022035905632569  0.000000000000000  0.008431470597691  0.865136690584988  0.059498619281096  0.075519865211871  1.000000000000000  0.000000000000000  0.527411158534031  0.472701058375372  0.032352028870043  0.419865746472070  0.493800430722686 
15.0    L  0.020876157474845  0.000000000000000  0.026830169888680  0.201800268626191  0.011218316489246  0.000000000000000  0.000000000000000  0.006929658634001  0.014437852694482  0.647521499427212  0.007365504186861  0.000000000000000  0.000000000000000  0.034315400430845  0.000000000000000  0.005847355417159  0.011382805577328  0.011241668593835  0.000000000000000  0.000000000000000  0.879649075922436  0.083736475151740  0.036448417805890  0.585605090609405  0.414372452243996  0.000000000000000  1.000000000000000  0.032849153408991  0.397217200048052  0.391205890868256 
16.0    Q  0.044163551371335  0.011382805577328  0.020631606890859  0.199436309952258  0.000000000000000  0.023067412588794  0.045436641166260  0.057951909152216  0.036727385263118  0.100900134313096  0.000000000000000  0.044316876114983  0.035085044439800  0.123621364547616  0.007238969233519  0.063724855187387  0.109956134490304  0.058153103606438  0.000000000000000  0.018249490540830  0.948684315140454  0.003484095778985  0.048160694272400  0.500000000000000  0.500000000000000  0.592135805926816  0.407818746669505  0.032396909406866  0.500000000000000  0.324209888662752 
17.0    P  0.019600034445641  0.000000000000000  0.066985841408518  0.182630547318209  0.000000000000000  0.021883692513863  0.006497047643554  0.000000000000000  0.000000000000000  0.000000000000000  0.000000000000000  0.008668511500530  0.538120062391899  0.017110194856150  0.000000000000000  0.051048061944376  0.000000000000000  0.087352935740692  0.000000000000000  0.000000000000000  0.584388624280623  0.398596238270268  0.017062821027276  0.376833727389595  0.623300597137549  0.802737388715953  0.197236710213116  0.033100572958871  0.150830489965095  0.366529189297302 
18.0    E  0.005802941096331  0.011374918351555  0.166200888522714  0.241149546146035  0.000000000000000  0.000000000000000  0.026114592466308  0.040190546357206  0.000000000000000  0.154748786354681  0.010005936416639  0.000000000000000  0.008449021589716  0.194117218750260  0.000000000000000  0.069444295540943  0.033725882390763  0.017122058850745  0.000000000000000  0.021448194238358  0.865136690584988  0.134997069979110  0.000000000000000  0.246046005508450  0.754190038343289  0.840896415253715  0.159099366909493  0.033100572958871  0.331711285149290  0.451876363375543 
19.0    T  0.075992455198944  0.008315392050417  0.012612516789137  0.021123606766064  0.000000000000000  0.000000000000000  0.000000000000000  0.042482132559586  0.000000000000000  0.017689045345479  0.004968410182592  0.009446528717448  0.595015848153338  0.007604135735611  0.000000000000000  0.038526635170744  0.088388347648318  0.077912574642194  0.000000000000000  0.000000000000000  0.941478464541206  0.014731008373722  0.043767385027725  1.000000000000000  0.000000000000000  0.476649272644080  0.523405140987288  0.032374461361251  0.486327473706143  0.491069797631696 
20.0    T  0.105550110927973  0.005835208816845  0.016288527513143  0.069588851139293  0.026589491547079  0.000000000000000  0.000000000000000  0.190914687245088  0.000000000000000  0.048630323534714  0.000000000000000  0.000000000000000  0.026515871928309  0.021552514403548  0.013175486097658  0.006288797950165  0.093234001668217  0.375790369516391  0.000000000000000  0.000000000000000  0.926588061890371  0.067311648512066  0.005892109674557  0.906890328933143  0.093040328447909  0.062500000000000  0.937571096457110  0.033031813767543  0.416676603579609  0.432868282759829 
21.0    D  0.013917076571979  0.007758535120602  0.577542892276792  0.024929538744032  0.000000000000000  0.022592692102277  0.000000000000000  0.007551610133320  0.000000000000000  0.020919613390288  0.000000000000000  0.215984546850069  0.000000000000000  0.000000000000000  0.000000000000000  0.108818820412016  0.000000000000000  0.000000000000000  0.000000000000000  0.000000000000000  0.993781093322555  0.006003418676906  0.000000000000000  1.000000000000000  0.000000000000000  0.558256480991286  0.441657525740733  0.033215489823705  0.499653546495226  0.429282718218877 
22.0    L  0.020263118041422  0.000000000000000  0.000000000000000  0.000000000000000  0.000000000000000  0.000000000000000  0.000000000000000  0.000000000000000  0.000000000000000  0.901250462610830  0.000000000000000  0.000000000000000  0.000000000000000  0.000000000000000  0.000000000000000  0.014288517023436  0.000000000000000  0.064435519924674  0.000000000000000  0.000000000000000  1.000000000000000  0.000000000000000  0.000000000000000  0.000000000000000  0.000000000000000  0.000000000000000  1.000000000000000  0.033054717613076  1.000000000000000  0.472046209575125 
23.0    Y  0.000000000000000  0.000000000000000  0.035698320214017  0.020263118041422  0.045720975647010  0.035772630018709  0.254017535748425  0.022797192878753  0.000000000000000  0.206183387152520  0.024450368179266  0.032826392000336  0.000000000000000  0.060790934213268  0.037291741969741  0.006003418676906  0.033123524481165  0.042159454198116  0.023243965038039  0.119576019761484  1.000000000000000  0.000000000000000  0.000000000000000  0.000000000000000  0.000000000000000  0.000000000000000  1.000000000000000  0.033054717613076  1.000000000000000  0.472046209575125 
24.0    C  0.030227385300435  0.794985250948974  0.000000000000000  0.000000000000000  0.000000000000000  0.000000000000000  0.000000000000000  0.000000000000000  0.000000000000000  0.000000000000000  0.000000000000000  0.000000000000000  0.000000000000000  0.000000000000000  0.020263118041422  0.154427329640866  0.000000000000000  0.000000000000000  0.000000000000000  0.000000000000000  0.989656656415207  0.010344444612464  0.000000000000000  1.000000000000000  0.000000000000000  0.000000000000000  1.000000000000000  0.033054717613076  0.492092011016900  0.472046209575125 
25.0    Y  0.014288517023436  0.000000000000000  0.209642046110233  0.140534865472327  0.000000000000000  0.029319412390646  0.122257934180917  0.000000000000000  0.000000000000000  0.000000000000000  0.000000000000000  0.183264594648651  0.000000000000000  0.000000000000000  0.005350910077990  0.060959716345478  0.005421846558655  0.000000000000000  0.000000000000000  0.228933421604532  0.929804942613162  0.000000000000000  0.070316155293051  0.000000000000000  0.000000000000000  0.000000000000000  1.000000000000000  0.033054717613076  1.000000000000000  0.472046209575125 
26.0    E  0.000000000000000  0.000000000000000  0.000000000000000  0.976708528962227  0.000000000000000  0.000000000000000  0.000000000000000  0.000000000000000  0.000000000000000  0.000000000000000  0.000000000000000  0.000000000000000  0.000000000000000  0.000000000000000  0.000000000000000  0.000000000000000  0.000000000000000  0.023421868777430  0.000000000000000  0.000000000000000  1.000000000000000  0.000000000000000  0.000000000000000  0.000000000000000  0.000000000000000  0.653382626946587  0.346757742282846  0.036297147872679  1.000000000000000  0.378929141627600 
27.0    Q  0.018684684324627  0.000000000000000  0.049790006017849  0.232935107326193  0.000000000000000  0.000000000000000  0.025755065154789  0.000000000000000  0.000000000000000  0.005970220784239  0.000000000000000  0.025102937398657  0.020963159763785  0.382624192455667  0.007694269085121  0.128514228332008  0.030374405874417  0.071495685825238  0.000000000000000  0.000000000000000  0.969961910341735  0.029977003728915  0.000000000000000  0.755759964158113  0.244007940194056  0.331481440074665  0.668500247702567  0.033353916813749  0.462652214018926  0.459138081150462 
28.0    L  0.007535923317064  0.000000000000000  0.000000000000000  0.000000000000000  0.043254678626609  0.000000000000000  0.000000000000000  0.067639040282857  0.000000000000000  0.769503610080431  0.033702513490452  0.000000000000000  0.000000000000000  0.000000000000000  0.000000000000000  0.030585676574920  0.000000000000000  0.047994070928191  0.000000000000000  0.000000000000000  0.792234810924969  0.000000000000000  0.207761465398412  0.166662334636400  0.833353207159218  0.323985241358333  0.675955416514063  0.032849153408991  0.497924876547229  0.475000191437443 
29.0    N  0.022421086478230  0.015271652600169  0.187764990867616  0.103593113060999  0.000000000000000  0.025665959398502  0.008801712722635  0.000000000000000  0.000000000000000  0.034434534871144  0.000000000000000  0.019223302261737  0.219607617059590  0.020277168233425  0.000000000000000  0.256850359844741  0.052811649025782  0.033123524481165  0.000000000000000  0.000000000000000  0.790041311863377  0.006564951189323  0.203203900496080  0.500000000000000  0.500000000000000  0.768437590644006  0.231326107009463  0.033772668813730  0.500000000000000  0.259354984141403 
30.0    D  0.061682284117865  0.000000000000000  0.367292158319577  0.083215725827273  0.000000000000000  0.019984149707460  0.000000000000000  0.008710673583810  0.000000000000000  0.064079202368037  0.000000000000000  0.072293011494080  0.139177702278586  0.016053147490296  0.000000000000000  0.096187951260054  0.071297732241776  0.000000000000000  0.000000000000000  0.000000000000000  0.901250462610830  0.064168096607500  0.034674046002120  0.351354675051680  0.648419777325505  0.000000000000000  1.000000000000000  0.035280137650192  0.434672280045011  0.254017535748425 
31.0    S  0.006202218210404  0.000000000000000  0.197373471675139  0.244685412599359  0.000000000000000  0.000000000000000  0.000000000000000  0.000000000000000  0.000000000000000  0.039747281460737  0.000000000000000  0.021732530807969  0.023405639600378  0.000000000000000  0.000000000000000  0.445655247948486  0.007154169425142  0.000000000000000  0.000000000000000  0.014052786127309  0.836246399914063  0.083678453561153  0.080158537672641  0.898755126611030  0.101531549544529  0.704660377571010  0.295452886733591  0.035847094507068  0.421323414751576  0.236514411681399 
32.0    S  0.012958117903351  0.000000000000000  0.081956375888478  0.287772372831941  0.007910584432426  0.023357019509921  0.000000000000000  0.009017854824350  0.000000000000000  0.010746420454217  0.000000000000000  0.023650262390150  0.035231262879544  0.080381092714413  0.000000000000000  0.369334515895640  0.028047189083352  0.029708096913432  0.000000000000000  0.000000000000000  0.933032991536807  0.056172195413189  0.010979833595365  0.489031736723670  0.510860041357151  0.400812664699697  0.599154510669709  0.034339194299277  0.434672280045011  0.325786787340824 
33.0    E  0.005957818958032  0.000000000000000  0.249826773247613  0.552865326660134  0.000000000000000  0.000000000000000  0.000000000000000  0.006843736836462  0.009156424091207  0.032554482156507  0.000000000000000  0.000000000000000  0.000000000000000  0.023373214974412  0.000000000000000  0.078672323344054  0.019763742849280  0.020919613390288  0.000000000000000  0.000000000000000  0.995159721820083  0.000000000000000  0.005104551773020  0.000000000000000  0.000000000000000  0.048428495684948  0.951318276331799  0.033936933010072  1.000000000000000  0.376572616658453 
34.0    E  0.055054335882936  0.000000000000000  0.218090676442690  0.437999157533563  0.000000000000000  0.044718016250716  0.004719991575742  0.004775938584735  0.007641120886307  0.017157700215423  0.000000000000000  0.012958117903351  0.072343138561883  0.013093548979187  0.008183875992967  0.024552266145862  0.062847536274904  0.015931213796847  0.000000000000000  0.000000000000000  0.951977908497532  0.014874654820274  0.033215489823705  1.000000000000000  0.000000000000000  0.784584097896751  0.215386539928004  0.033960464453939  0.487677730763821  0.376311686852767 
35.0    E  0.011469926844016  0.004307301418238  0.119079749755492  0.661585719954060  0.000000000000000  0.015292838287460  0.000000000000000  0.011296346051139  0.000000000000000  0.000000000000000  0.000000000000000  0.000000000000000  0.008813922948879  0.007872295003207  0.000000000000000  0.051403129294529  0.059705183523902  0.030039404012149  0.000000000000000  0.019276674528273  0.778085176555419  0.025630403474898  0.196146024474188  0.746389191648477  0.253489869947507  0.831622098374906  0.168170901065228  0.033562639738129  0.416387885440275  0.420156876116641 
36.0    D  0.018504243935213  0.000000000000000  0.258457684061991  0.541487522762962  0.000000000000000  0.000000000000000  0.006155108484761  0.016019800592009  0.000000000000000  0.012612516789137  0.000000000000000  0.000000000000000  0.007203930608692  0.009420373653834  0.000000000000000  0.028047189083352  0.022939853688033  0.078945453865362  0.000000000000000  0.000000000000000  0.915099168127928  0.020067434515460  0.064973714698455  0.608361179317034  0.391477148128271  0.116467553663097  0.883315051481465  0.032894723584670  0.484309094613314  0.276241121199978 
37.0    E  0.025862400502444  0.000000000000000  0.046423528770651  0.678302163723836  0.000000000000000  0.039445376003504  0.018555619782397  0.000000000000000  0.024671683959392  0.000000000000000  0.000000000000000  0.023195680791079  0.008054439990584  0.022097086912080  0.016653855251062  0.026314467300263  0.007036140467562  0.054258764225065  0.000000000000000  0.009175484150107  0.605836330215122  0.180616299740441  0.213750544472993  0.479964630519454  0.520150133260993  0.519069635271529  0.480963727332387  0.033377044001495  0.334713814244611  0.253489869947507 
38.0    I  0.018453010334836  0.000000000000000  0.048428495684948  0.232935107326193  0.000000000000000  0.000000000000000  0.027167017502813  0.064034801439550  0.015964376292411  0.063901783163120  0.008032139270751  0.038606832410217  0.056562903930182  0.068298608693810  0.028047189083352  0.030543305200338  0.053215856734309  0.226722582233286  0.000000000000000  0.019077289260455  0.713507252858939  0.000000000000000  0.286578046432095  0.000000000000000  0.000000000000000  0.071051060827251  0.929160674250913  0.036121459579837  1.000000000000000  0.210224103813429 
39.0    D  0.000000000000000  0.011048543456040  0.438302860658018  0.171110476636480  0.000000000000000  0.032240099353167  0.007845058931554  0.000000000000000  0.021241066279793  0.061939347704005  0.000000000000000  0.021838233935173  0.037969899747032  0.095656048113917  0.011759740214149  0.028875705388963  0.015239929086369  0.044966674375338  0.000000000000000  0.000000000000000  0.850863729506541  0.000000000000000  0.149063609041329  0.000000000000000  0.000000000000000  0.019505164826588  0.980779003988551  0.042777619159120  1.000000000000000  0.128781744202509 
40.0    G  0.013350152201402  0.012430257558671  0.096856991369896  0.242995246995338  0.000000000000000  0.048327896090957  0.131032809439616  0.023897441841918  0.000000000000000  0.015788303851356  0.000000000000000  0.088449635020416  0.028616677700566  0.101110168545217  0.089684345912919  0.068916822691807  0.018906157644051  0.012612516789137  0.000000000000000  0.007021524426649  0.966606097064973  0.000000000000000  0.033330805650993  0.000000000000000  0.000000000000000  0.007094909513449  0.993092495437036  0.047464740306704  1.000000000000000  0.109879945113973 
41.0    P  0.009739071830274  0.036803837174843  0.026078415036107  0.081786129465938  0.000000000000000  0.013387218043259  0.105550110927973  0.014741222670240  0.033609199701793  0.099029351365621  0.044163551371335  0.000000000000000  0.278741554681924  0.071051060827251  0.081899587741148  0.008149910886952  0.033400187225344  0.061853541025950  0.000000000000000  0.000000000000000  0.921464186198704  0.000000000000000  0.078726873746712  0.000000000000000  0.000000000000000  0.034506213973847  0.965267024871757  0.049411819787746  1.000000000000000  0.106875272236497 
42.0    A  0.140340177759201  0.000000000000000  0.313166109656032  0.048765342510856  0.000000000000000  0.000000000000000  0.050345268190547  0.012344395497865  0.000000000000000  0.037111239564794  0.000000000000000  0.017015578364627  0.016447361792335  0.202781788894261  0.043194756454018  0.010124538792448  0.049377581991461  0.037525107108913  0.000000000000000  0.021359178936591  0.846745312362527  0.000000000000000  0.153042049050026  0.000000000000000  0.000000000000000  0.032554482156507  0.967276329613932  0.052738487258126  1.000000000000000  0.104313660144426 
43.0    G  0.052921582022658  0.000000000000000  0.059251685320540  0.207761465398412  0.000000000000000  0.217336140022505  0.036803837174843  0.000000000000000  0.025577161924713  0.000000000000000  0.000000000000000  0.086869888740146  0.016944959513173  0.054636163775648  0.084670311092835  0.054258764225065  0.041291825176821  0.051260806949795  0.000000000000000  0.010322956294205  0.906261938267334  0.000000000000000  0.094012734461793  0.000000000000000  0.000000000000000  0.063504383937106  0.936272247434492  0.057711394420587  1.000000000000000  0.093492859897649 
44.0    Q  0.083042863381032  0.000000000000000  0.131578894338680  0.200128702664076  0.000000000000000  0.038580081465423  0.019832357594059  0.000000000000000  0.000000000000000  0.017253106986923  0.000000000000000  0.012233660879008  0.015865095326085  0.328052813647990  0.053548872173036  0.012788580962356  0.012267626854275  0.062934721878545  0.000000000000000  0.011907381487029  0.817335328488283  0.047596523115727  0.134997069979110  0.443805668634749  0.555939578758553  0.033913417871306  0.965936328924846  0.056680645558321  0.475329550614909  0.094404536597677 
45.0    A  0.283417353194606  0.000000000000000  0.042217940141739  0.037265902260332  0.000000000000000  0.000000000000000  0.102592701101312  0.000000000000000  0.000000000000000  0.000000000000000  0.000000000000000  0.044041273598188  0.000000000000000  0.257206676973394  0.037786114869793  0.099304300012013  0.000000000000000  0.096187951260054  0.000000000000000  0.000000000000000  0.333787075823977  0.666187412546011  0.000000000000000  0.289573201548661  0.710546021590680  0.715984370600572  0.283810525536516  0.058193426239389  0.206469416233930  0.086869888740146 
46.0    E  0.027280237222930  0.011670417633690  0.064123634083571  0.362486708219713  0.000000000000000  0.056367211148891  0.005219039368711  0.000000000000000  0.033469713224733  0.026460791011329  0.000000000000000  0.031077192771038  0.032871930600121  0.194386508970640  0.042570563582515  0.034386831542692  0.017836792298856  0.059829466137206  0.000000000000000  0.000000000000000  0.929804942613162  0.034722147770472  0.035353576963934  0.193713982739793  0.806082831492968  0.342458244991391  0.657471380102535  0.037188490509584  0.466839972457657  0.282045534364128 
47.0    P  0.064569649230258  0.064704057740086  0.018186352100033  0.037525107108913  0.009978232493714  0.000000000000000  0.005027301747271  0.067685940345370  0.000000000000000  0.036524289017539  0.000000000000000  0.000000000000000  0.432568345292494  0.117521775313641  0.074894313833714  0.013452331067795  0.017337023001060  0.029360085912938  0.000000000000000  0.010709240663904  0.789493886700555  0.090245574720156  0.120074357994185  0.877821797609519  0.121919432690955  0.686818116714811  0.313166109656032  0.035797434311867  0.386623168727659  0.315781815461450 
48.0    D  0.218544655102593  0.007801677078914  0.124136561929630  0.247757390816020  0.000000000000000  0.033679160782615  0.014639397607382  0.026811579075897  0.007427024228358  0.014802657353114  0.000000000000000  0.027355979052946  0.015854102290326  0.153786418093893  0.042071877164899  0.025295069267107  0.009992074853730  0.030164594527242  0.000000000000000  0.000000000000000  0.966606097064973  0.027565355162412  0.005835208816845  0.090747392493993  0.909408251800733  0.597909898388062  0.401925495371576  0.034506213973847  0.471392267959120  0.316219885588484 
49.0    R  0.005118724233822  0.000000000000000  0.009466192659611  0.055130710324824  0.018350968300213  0.018958649378886  0.059870951138919  0.009739071830274  0.053215856734309  0.071545260037418  0.004027219995292  0.000000000000000  0.075834597515543  0.205755086319677  0.275285399524491  0.000000000000000  0.041839226780576  0.042393885232740  0.000000000000000  0.053400608805608  0.868140227601043  0.068678388598555  0.063416409161305  0.502083771619487  0.497924876547229  0.203063099089059  0.796640096285583  0.032106294980593  0.412938832467860  0.411510172639354 
50.0    A  0.076203443379769  0.025471010387582  0.093040328447909  0.055283777208221  0.000000000000000  0.012250632094933  0.011040887842834  0.054033576956742  0.028537445312875  0.025665959398502  0.000000000000000  0.044811101500495  0.035109371969739  0.239649859623244  0.048731552663208  0.054863862350595  0.164709993966768  0.010686994561738  0.000000000000000  0.019859870145401  0.991029563264079  0.000000000000000  0.008765183441644  0.000000000000000  0.000000000000000  0.000000000000000  1.000000000000000  0.032217759962337  1.000000000000000  0.353063601096189 
51.0    H  0.166893537911988  0.100411749594629  0.015700997194122  0.000000000000000  0.018645870984871  0.000000000000000  0.010517969291225  0.014518135535171  0.006656594492772  0.106137030805855  0.000000000000000  0.030290306779221  0.334713814244611  0.032599643547808  0.022281651833815  0.037996227599472  0.011249463425896  0.052848267961095  0.005900283537355  0.032554482156507  0.948026965128645  0.051760666333409  0.000000000000000  0.672217497076313  0.327598350964591  1.000000000000000  0.000000000000000  0.032240099353167  0.409518348929914  0.342458244991391 
52.0    Y  0.000000000000000  0.000000000000000  0.000000000000000  0.000000000000000  0.198884120938730  0.000000000000000  0.059375023929680  0.000000000000000  0.000000000000000  0.000000000000000  0.000000000000000  0.000000000000000  0.000000000000000  0.000000000000000  0.000000000000000  0.000000000000000  0.000000000000000  0.000000000000000  0.000000000000000  0.741747466920561  1.000000000000000  0.000000000000000  0.000000000000000  0.000000000000000  0.000000000000000  0.000000000000000  0.000000000000000  0.031423768137452  1.000000000000000  1.000000000000000 
53.0    N  0.067968024428430  0.000000000000000  0.009150079540772  0.015314053364717  0.000000000000000  0.031423768137452  0.006403160997168  0.000000000000000  0.208193942720137  0.041607862913637  0.000000000000000  0.033866436463899  0.000000000000000  0.068964608752622  0.373971439590597  0.023666661185578  0.047497651762547  0.013744516811288  0.020039634418160  0.037996227599472  1.000000000000000  0.000000000000000  0.000000000000000  0.000000000000000  0.000000000000000  0.000000000000000  0.000000000000000  0.031423768137452  1.000000000000000  1.000000000000000 
54.0    I  0.000000000000000  0.000000000000000  0.000000000000000  0.000000000000000  0.000000000000000  0.000000000000000  0.000000000000000  0.496890546661277  0.000000000000000  0.010358795002333  0.008620576094078  0.000000000000000  0.000000000000000  0.000000000000000  0.000000000000000  0.000000000000000  0.000000000000000  0.484309094613314  0.000000000000000  0.000000000000000  1.000000000000000  0.000000000000000  0.000000000000000  0.000000000000000  0.000000000000000  0.000000000000000  0.000000000000000  0.031423768137452  1.000000000000000  1.000000000000000 
55.0    V  0.025506345192216  0.014487977288054  0.132218870452303  0.095127086302460  0.000000000000000  0.003900838539457  0.011719054603795  0.043374772469237  0.020934118787935  0.103020260619155  0.000000000000000  0.006223750752231  0.000000000000000  0.043858491438721  0.012335841979696  0.037943590137345  0.051438771579919  0.381300413314071  0.000000000000000  0.016515906883772  1.000000000000000  0.000000000000000  0.000000000000000  0.000000000000000  0.000000000000000  0.000000000000000  0.000000000000000  0.031423768137452  1.000000000000000  1.000000000000000 
56.0    T  0.165167300707283  0.062934721878545  0.000000000000000  0.000000000000000  0.000000000000000  0.008099227351717  0.000000000000000  0.011343424061749  0.000000000000000  0.025330159996416  0.000000000000000  0.000000000000000  0.000000000000000  0.000000000000000  0.000000000000000  0.128425179922370  0.455019412040450  0.143786486668826  0.000000000000000  0.000000000000000  1.000000000000000  0.000000000000000  0.000000000000000  0.000000000000000  0.000000000000000  0.000000000000000  0.000000000000000  0.031423768137452  1.000000000000000  1.000000000000000 
57.0    F  0.027374947345848  0.091125586176036  0.063240825064183  0.066661611301985  0.018840747307668  0.009200959293711  0.024860515117341  0.019750048413325  0.019586453444386  0.075939799494064  0.020123150461091  0.005497532716115  0.138792354203580  0.043434944370073  0.021079727099058  0.092718433365070  0.114625505400584  0.085792776953432  0.004775938584735  0.056484545421943  1.000000000000000  0.000000000000000  0.000000000000000  0.000000000000000  0.000000000000000  0.000000000000000  0.000000000000000  0.031423768137452  1.000000000000000  1.000000000000000 
58.0    C  0.000000000000000  0.980099415341871  0.000000000000000  0.000000000000000  0.000000000000000  0.000000000000000  0.000000000000000  0.000000000000000  0.000000000000000  0.000000000000000  0.000000000000000  0.000000000000000  0.000000000000000  0.000000000000000  0.019750048413325  0.000000000000000  0.000000000000000  0.000000000000000  0.000000000000000  0.000000000000000  0.985549336939371  0.014538275901610  0.000000000000000  1.000000000000000  0.000000000000000  0.000000000000000  0.000000000000000  0.031423768137452  0.484309094613314  1.000000000000000 
59.0    C  0.052156830072213  0.144485838319350  0.010888884677246  0.024843289092155  0.034530140149997  0.366783336041831  0.068251284109103  0.000000000000000  0.048260945818237  0.000000000000000  0.000000000000000  0.031185084968720  0.036829356494115  0.000000000000000  0.004964967536350  0.025400487562010  0.052665426843947  0.019873640730368  0.000000000000000  0.078836088051953  0.993092495437036  0.000000000000000  0.006801176275751  0.000000000000000  0.000000000000000  0.000000000000000  0.000000000000000  0.031423768137452  1.000000000000000  1.000000000000000 
60.0    K  0.008235089244459  0.061682284117865  0.025719385789960  0.021883692513863  0.048093975630027  0.139660892259028  0.019887420863687  0.029278795214763  0.109803808529795  0.061596833558711  0.019303416205108  0.030649343874642  0.009150079540772  0.026296233821418  0.122257934180917  0.062025273417864  0.076521024525013  0.094797971585903  0.003604462861929  0.029605314706227  0.963261894020148  0.036854893508163  0.000000000000000  0.652929893544459  0.346998179753898  1.000000000000000  0.000000000000000  0.031358492140922  0.450937689191125  0.497235084336607 
61.0    C  0.000000000000000  1.000000000000000  0.000000000000000  0.000000000000000  0.000000000000000  0.000000000000000  0.000000000000000  0.000000000000000  0.000000000000000  0.000000000000000  0.000000000000000  0.000000000000000  0.000000000000000  0.000000000000000  0.000000000000000  0.000000000000000  0.000000000000000  0.000000000000000  0.000000000000000  0.000000000000000  1.000000000000000  0.000000000000000  0.000000000000000  0.000000000000000  0.000000000000000  0.000000000000000  0.000000000000000  0.031358492140922  1.000000000000000  1.000000000000000 
62.0    D  0.006202218210404  0.028656376350146  0.105476974516252  0.199160024071396  0.000000000000000  0.195602945434128  0.044194173824159  0.000000000000000  0.060538636826664  0.006587743048829  0.000000000000000  0.125869443757090  0.010209103546040  0.057392260143808  0.031380235726218  0.089498046325071  0.010806176789148  0.000000000000000  0.000000000000000  0.028419007868773  1.000000000000000  0.000000000000000  0.000000000000000  0.000000000000000  0.000000000000000  0.000000000000000  0.000000000000000  0.031358492140922  1.000000000000000  1.000000000000000 
63.0    S  0.109423916211783  0.073863221683398  0.005667782061852  0.006336930902946  0.009786440926751  0.018814646581741  0.013706461698950  0.005399344556752  0.147419574032652  0.018300159081544  0.000000000000000  0.054108535344979  0.004046807670156  0.073760896458513  0.157672176103906  0.165052855126875  0.071248329543341  0.065380308737033  0.000000000000000  0.000000000000000  1.000000000000000  0.000000000000000  0.000000000000000  0.000000000000000  0.000000000000000  0.000000000000000  0.000000000000000  0.031358492140922  1.000000000000000  1.000000000000000 
64.0    T  0.062716984281844  0.004958089398515  0.000000000000000  0.005347202394890  0.000000000000000  0.105330853687894  0.014854048456716  0.026755883892077  0.090810315598211  0.055706905993561  0.000000000000000  0.046455718263469  0.103163176064082  0.008710673583810  0.175921046915675  0.077696854306496  0.150308656112272  0.071297732241776  0.000000000000000  0.000000000000000  1.000000000000000  0.000000000000000  0.000000000000000  0.000000000000000  0.000000000000000  0.000000000000000  0.000000000000000  0.031358492140922  1.000000000000000  1.000000000000000 
65.0    L  0.000000000000000  0.000000000000000  0.000000000000000  0.000000000000000  0.000000000000000  0.000000000000000  0.000000000000000  0.108367195439336  0.000000000000000  0.495858365369147  0.018148573936339  0.000000000000000  0.000000000000000  0.000000000000000  0.000000000000000  0.000000000000000  0.000000000000000  0.377618146390706  0.000000000000000  0.000000000000000  1.000000000000000  0.000000000000000  0.000000000000000  0.000000000000000  0.000000000000000  0.000000000000000  0.000000000000000  0.031358492140922  1.000000000000000  1.000000000000000 
66.0    R  0.025207554975691  0.022343515411901  0.006915263785778  0.016573245958878  0.000000000000000  0.010416395914775  0.013221228071880  0.000000000000000  0.088633752229966  0.000000000000000  0.000000000000000  0.007055675860561  0.000000000000000  0.068015152604425  0.692074858025740  0.030395467106634  0.005347202394890  0.013706461698950  0.000000000000000  0.000000000000000  1.000000000000000  0.000000000000000  0.000000000000000  0.000000000000000  0.000000000000000  0.000000000000000  0.000000000000000  0.031358492140922  1.000000000000000  1.000000000000000 
67.0    L  0.019736363466341  0.000000000000000  0.000000000000000  0.000000000000000  0.176409480426087  0.000000000000000  0.000000000000000  0.121413436942704  0.000000000000000  0.625898229326997  0.011678509754960  0.000000000000000  0.000000000000000  0.000000000000000  0.000000000000000  0.000000000000000  0.000000000000000  0.037917298757772  0.000000000000000  0.006862738033112  1.000000000000000  0.000000000000000  0.000000000000000  0.000000000000000  0.000000000000000  0.000000000000000  0.000000000000000  0.031358492140922  1.000000000000000  1.000000000000000 
68.0    C  0.158109942794242  0.105843164045316  0.011981895778696  0.000000000000000  0.114228931278675  0.000000000000000  0.016288527513143  0.049583365199446  0.000000000000000  0.000000000000000  0.000000000000000  0.000000000000000  0.000000000000000  0.000000000000000  0.000000000000000  0.026755883892077  0.096388176587996  0.348202870167259  0.000000000000000  0.072695002596741  1.000000000000000  0.000000000000000  0.000000000000000  0.000000000000000  0.000000000000000  0.000000000000000  0.000000000000000  0.031358492140922  1.000000000000000  1.000000000000000 
69.0    V  0.012770864507629  0.101531549544529  0.000000000000000  0.000000000000000  0.010315803445430  0.000000000000000  0.000000000000000  0.161992620679167  0.000000000000000  0.043646204139606  0.000000000000000  0.000000000000000  0.000000000000000  0.000000000000000  0.000000000000000  0.000000000000000  0.000000000000000  0.669891801213920  0.000000000000000  0.000000000000000  1.000000000000000  0.000000000000000  0.000000000000000  0.000000000000000  0.000000000000000  0.000000000000000  0.000000000000000  0.031358492140922  1.000000000000000  1.000000000000000 
70.0    Q  0.056995822844986  0.008093615340313  0.000000000000000  0.134436798807172  0.020137103601328  0.013706461698950  0.049893649147291  0.015124172295215  0.027469986278493  0.229569040575231  0.000000000000000  0.027110583973502  0.000000000000000  0.081899587741148  0.034842694335241  0.056211144509235  0.008566965535843  0.206755842110816  0.005455775517451  0.023650262390150  1.000000000000000  0.000000000000000  0.000000000000000  0.000000000000000  0.000000000000000  0.000000000000000  0.000000000000000  0.031358492140922  1.000000000000000  1.000000000000000 
71.0    S  0.410940093647425  0.179244406001978  0.000000000000000  0.000000000000000  0.000000000000000  0.019750048413325  0.000000000000000  0.000000000000000  0.000000000000000  0.000000000000000  0.000000000000000  0.000000000000000  0.000000000000000  0.000000000000000  0.000000000000000  0.291385299533640  0.085436715746363  0.006638164055771  0.006758880395195  0.000000000000000  1.000000000000000  0.000000000000000  0.000000000000000  0.000000000000000  0.000000000000000  0.000000000000000  0.000000000000000  0.031358492140922  1.000000000000000  1.000000000000000 
72.0    T  0.030479858172739  0.000000000000000  0.055437269072009  0.012048522073500  0.010315803445430  0.100760353936621  0.000000000000000  0.000000000000000  0.000000000000000  0.000000000000000  0.000000000000000  0.014680042956469  0.025970183174801  0.017325010056298  0.012421644546078  0.305025127568056  0.401090583176243  0.014407861217385  0.000000000000000  0.000000000000000  1.000000000000000  0.000000000000000  0.000000000000000  0.000000000000000  0.000000000000000  0.000000000000000  0.000000000000000  0.031358492140922  1.000000000000000  1.000000000000000 
73.0    H  0.092205716067677  0.009381276777228  0.151144459479170  0.074119656213184  0.006024261036750  0.050695447223565  0.127184961512836  0.007269137950805  0.034818551588104  0.011581773514085  0.000000000000000  0.038767728053606  0.104748391833494  0.079604842207906  0.042836962655616  0.068726009332159  0.085318357367823  0.009374776424791  0.000000000000000  0.006262697885933  1.000000000000000  0.000000000000000  0.000000000000000  0.000000000000000  0.000000000000000  0.000000000000000  0.000000000000000  0.031358492140922  1.000000000000000  1.000000000000000 
74.0    V  0.148033951481704  0.000000000000000  0.114149781251499  0.197510327965844  0.098413497071150  0.067873866020143  0.011304178795863  0.008309630256978  0.013084476367319  0.034866853822655  0.000000000000000  0.000000000000000  0.023308500417054  0.036625696364829  0.007737053686977  0.099373156368622  0.115103212150630  0.016120049676584  0.000000000000000  0.008082402980616  1.000000000000000  0.000000000000000  0.000000000000000  0.000000000000000  0.000000000000000  0.000000000000000  0.000000000000000  0.031358492140922  1.000000000000000  1.000000000000000 
75.0    D  0.110797712399358  0.002285934846630  0.285982743300952  0.061171353149840  0.000000000000000  0.366783336041831  0.006036801169125  0.000000000000000  0.000000000000000  0.000000000000000  0.000000000000000  0.028222703442244  0.005347202394890  0.015356571852270  0.000000000000000  0.050871449066902  0.067171823303469  0.000000000000000  0.000000000000000  0.000000000000000  0.988970916380931  0.011280696840020  0.000000000000000  1.000000000000000  0.000000000000000  0.000000000000000  0.000000000000000  0.031358492140922  0.489710148793463  1.000000000000000 
76.0    I  0.000000000000000  0.000000000000000  0.000000000000000  0.000000000000000  0.000000000000000  0.000000000000000  0.000000000000000  0.588861394797491  0.019846109102169  0.237994477124383  0.000000000000000  0.000000000000000  0.000000000000000  0.000000000000000  0.009213723377041  0.000000000000000  0.000000000000000  0.144085793349858  0.000000000000000  0.000000000000000  1.000000000000000  0.000000000000000  0.000000000000000  0.000000000000000  0.000000000000000  0.000000000000000  0.000000000000000  0.031358492140922  1.000000000000000  1.000000000000000 
77.0    R  0.000000000000000  0.020025748815003  0.000000000000000  0.004930672000438  0.019736363466341  0.000000000000000  0.053363607149453  0.024552266145862  0.041810236087066  0.046070913040347  0.000000000000000  0.004367429105335  0.000000000000000  0.024365776331604  0.697855382061083  0.019859870145401  0.028320685570854  0.000000000000000  0.006872258405644  0.008026573745148  1.000000000000000  0.000000000000000  0.000000000000000  0.000000000000000  0.000000000000000  0.000000000000000  0.000000000000000  0.031358492140922  1.000000000000000  1.000000000000000 
78.0    T  0.103091693576260  0.024450368179266  0.043919334381460  0.024964122389036  0.000000000000000  0.068156733291579  0.034244117701490  0.042393885232740  0.035060733766578  0.034434534871144  0.006872258405644  0.044656066866909  0.000000000000000  0.101601950248040  0.061213768599183  0.085971363633734  0.174827010342308  0.114149781251499  0.000000000000000  0.000000000000000  0.995849753094458  0.000000000000000  0.003833824468178  0.000000000000000  0.000000000000000  0.000000000000000  0.000000000000000  0.031358492140922  1.000000000000000  1.000000000000000 
79.0    L  0.000000000000000  0.000000000000000  0.000000000000000  0.000000000000000  0.224533093220984  0.000000000000000  0.000000000000000  0.016874633747389  0.000000000000000  0.674083865868528  0.009840859218339  0.000000000000000  0.000000000000000  0.024080347136200  0.000000000000000  0.000000000000000  0.000000000000000  0.050695447223565  0.000000000000000  0.000000000000000  1.000000000000000  0.000000000000000  0.000000000000000  0.000000000000000  0.000000000000000  0.000000000000000  1.000000000000000  0.031380235726218  1.000000000000000  0.500000000000000 
80.0    E  0.011296346051139  0.000000000000000  0.000000000000000  0.316878130508606  0.009080578964985  0.000000000000000  0.078237278665875  0.000000000000000  0.000000000000000  0.006376586298054  0.000000000000000  0.049859077488065  0.000000000000000  0.499307333050514  0.028855697210294  0.000000000000000  0.000000000000000  0.000000000000000  0.000000000000000  0.000000000000000  1.000000000000000  0.000000000000000  0.000000000000000  0.000000000000000  0.000000000000000  1.000000000000000  0.000000000000000  0.031380235726218  1.000000000000000  0.500000000000000 
81.0    D  0.016550286479436  0.005916665296394  0.089560103148319  0.184923438656105  0.010187896369208  0.000000000000000  0.035946621667206  0.000000000000000  0.004094775294988  0.019183370061173  0.000000000000000  0.028086097706595  0.000000000000000  0.430474594169452  0.056367211148891  0.027718634536005  0.049514675682811  0.041320456410705  0.000000000000000  0.000000000000000  1.000000000000000  0.000000000000000  0.000000000000000  0.000000000000000  0.000000000000000  0.000000000000000  0.000000000000000  0.031358492140922  1.000000000000000  1.000000000000000 
82.0    L  0.000000000000000  0.005455775517451  0.000000000000000  0.000000000000000  0.000000000000000  0.000000000000000  0.000000000000000  0.010561803383032  0.000000000000000  0.866336856400087  0.050450067156548  0.019736363466341  0.000000000000000  0.019777446780786  0.000000000000000  0.007699604194839  0.006015915423719  0.004792519442398  0.000000000000000  0.009074286968170  1.000000000000000  0.000000000000000  0.000000000000000  0.000000000000000  0.000000000000000  0.000000000000000  0.000000000000000  0.031358492140922  1.000000000000000  1.000000000000000 
83.0    L  0.000000000000000  0.000000000000000  0.000000000000000  0.000000000000000  0.068393356328796  0.000000000000000  0.000000000000000  0.014487977288054  0.000000000000000  0.901875378382250  0.015377875344278  0.000000000000000  0.000000000000000  0.000000000000000  0.000000000000000  0.000000000000000  0.000000000000000  0.000000000000000  0.000000000000000  0.000000000000000  0.956608158091874  0.009137403625406  0.034315400430845  1.000000000000000  0.000000000000000  0.000000000000000  0.000000000000000  0.031358492140922  0.487677730763821  1.000000000000000 
84.0    M  0.009745824780578  0.045784402331604  0.000000000000000  0.000000000000000  0.095325103328518  0.000000000000000  0.000000000000000  0.019276674528273  0.000000000000000  0.439519780455894  0.168754748140343  0.005425605999082  0.000000000000000  0.032262454233851  0.024826075003003  0.018775563273857  0.056838015737546  0.083504629899381  0.000000000000000  0.000000000000000  0.956608158091874  0.028086097706595  0.015506318354466  1.000000000000000  0.000000000000000  0.000000000000000  1.000000000000000  0.031950891581560  0.463936738235641  0.450937689191125 
85.0    G  0.054522669110672  0.000000000000000  0.148342099707066  0.123707082051901  0.000000000000000  0.415235012045447  0.000000000000000  0.000000000000000  0.034339194299277  0.000000000000000  0.000000000000000  0.065199287095616  0.000000000000000  0.036803837174843  0.034244117701490  0.061896429495814  0.025630403474898  0.000000000000000  0.000000000000000  0.000000000000000  0.994470168673214  0.005193777766335  0.000000000000000  0.741747466920561  0.258457684061991  1.000000000000000  0.000000000000000  0.032374461361251  0.443190849597434  0.429878243121503 
86.0    T  0.079715274479909  0.007259067767585  0.212274061611710  0.162555018318560  0.000000000000000  0.022939853688033  0.005535771080110  0.000000000000000  0.021702423996330  0.000000000000000  0.000000000000000  0.064212589961185  0.026718818059124  0.033725882390763  0.005062269396224  0.123707082051901  0.228774792031982  0.005819052590323  0.000000000000000  0.000000000000000  1.000000000000000  0.000000000000000  0.000000000000000  0.000000000000000  0.000000000000000  0.000000000000000  0.000000000000000  0.032061817041786  1.000000000000000  1.000000000000000 
87.0    L  0.000000000000000  0.005875795903862  0.000000000000000  0.000000000000000  0.032374461361251  0.000000000000000  0.000000000000000  0.046811279200756  0.000000000000000  0.755236292781413  0.000000000000000  0.000000000000000  0.006754197119593  0.000000000000000  0.000000000000000  0.000000000000000  0.016435965300061  0.136407984631867  0.000000000000000  0.000000000000000  1.000000000000000  0.000000000000000  0.000000000000000  0.000000000000000  0.000000000000000  0.000000000000000  0.000000000000000  0.032509383328812  1.000000000000000  1.000000000000000 
88.0    G  0.033889919026346  0.010351617320666  0.092589987376270  0.076839929203411  0.019915009801863  0.091568804663209  0.048127323389754  0.009232902710425  0.039336161672027  0.007314626933082  0.000000000000000  0.064123634083571  0.000000000000000  0.124653906419009  0.036271997324491  0.271872097713721  0.060622619396358  0.006574058455355  0.000000000000000  0.006763566918122  1.000000000000000  0.000000000000000  0.000000000000000  0.000000000000000  0.000000000000000  0.000000000000000  0.000000000000000  0.033562639738129  1.000000000000000  1.000000000000000 
89.0    I  0.000000000000000  0.000000000000000  0.000000000000000  0.000000000000000  0.205470046823713  0.000000000000000  0.000000000000000  0.355519352646819  0.000000000000000  0.393381222676783  0.000000000000000  0.000000000000000  0.000000000000000  0.000000000000000  0.000000000000000  0.000000000000000  0.000000000000000  0.045784402331604  0.000000000000000  0.000000000000000  1.000000000000000  0.000000000000000  0.000000000000000  0.000000000000000  0.000000000000000  0.000000000000000  0.000000000000000  0.033562639738129  1.000000000000000  1.000000000000000 
90.0    V  0.000000000000000  0.039254449410735  0.000000000000000  0.000000000000000  0.022421086478230  0.000000000000000  0.000000000000000  0.039281667953807  0.000000000000000  0.294226684304692  0.000000000000000  0.000000000000000  0.000000000000000  0.000000000000000  0.000000000000000  0.006982696580912  0.029076551803219  0.568802613936252  0.000000000000000  0.000000000000000  1.000000000000000  0.000000000000000  0.000000000000000  1.000000000000000  0.000000000000000  0.000000000000000  0.000000000000000  0.034172983046395  1.000000000000000  1.000000000000000 
