No:  residues  hmm_col_1  hmm_col_2  hmm_col_3  hmm_col_4  hmm_col_5  hmm_col_6  hmm_col_7  hmm_col_8  hmm_col_9  hmm_col_10  hmm_col_11  hmm_col_12  hmm_col_13  hmm_col_14  hmm_col_15  hmm_col_16  hmm_col_17  hmm_col_18  hmm_col_19  hmm_col_20  hmm_col_21   hmm_col_22   hmm_col_23   hmm_col_24   hmm_col_25   hmm_col_26   hmm_col_27   hmm_col_28   hmm_col_29   hmm_col_30   
1.0    E  0.000000000000000  0.000000000000000  0.000000000000000  0.107097744346071  0.000000000000000  0.015050967094065  0.000000000000000  0.026718818059124  0.000000000000000  0.787307976569203  0.000000000000000  0.000000000000000  0.000000000000000  0.000000000000000  0.000000000000000  0.000000000000000  0.000000000000000  0.063946091858402  0.000000000000000  0.000000000000000  0.906261938267334  0.045657636829552  0.048060650977196  1.000000000000000  0.000000000000000  0.000000000000000  0.000000000000000  0.174948233199399  0.489031736723670  1.000000000000000 
2.0    H  0.041377778449856  0.021838233935173  0.000000000000000  0.037996227599472  0.000000000000000  0.017385158134138  0.377618146390706  0.000000000000000  0.000000000000000  0.013166356710987  0.000000000000000  0.028125060306047  0.086629367853151  0.094797971585903  0.015679246070461  0.180241108932528  0.000000000000000  0.000000000000000  0.016561762240583  0.068726009332159  1.000000000000000  0.000000000000000  0.000000000000000  0.000000000000000  0.000000000000000  0.000000000000000  1.000000000000000  0.183010711993203  1.000000000000000  0.497924876547229 
3.0    R  0.199298119135134  0.034866853822655  0.035574813408590  0.014895289770127  0.012048522073500  0.000000000000000  0.032622247731929  0.017373111836205  0.109727724701190  0.210078438058320  0.049514675682811  0.049549008538143  0.000000000000000  0.000000000000000  0.146807746401707  0.020645912588410  0.067032288551121  0.000000000000000  0.000000000000000  0.000000000000000  1.000000000000000  0.000000000000000  0.000000000000000  0.000000000000000  0.000000000000000  0.000000000000000  1.000000000000000  0.136219014026666  1.000000000000000  0.497924876547229 
4.0    L  0.017775081685508  0.000000000000000  0.000000000000000  0.000000000000000  0.145995924326640  0.000000000000000  0.217637640824031  0.031973045929201  0.032531924927628  0.253841525217357  0.000000000000000  0.036372704200067  0.008999122205854  0.000000000000000  0.000000000000000  0.008472479756586  0.000000000000000  0.104241380478121  0.000000000000000  0.142102121654502  0.966606097064973  0.000000000000000  0.033632503899494  1.000000000000000  0.000000000000000  1.000000000000000  0.000000000000000  0.123279088061670  0.493116352246680  0.497924876547229 
5.0    A  0.174584816558425  0.012895397008010  0.011086901220315  0.009329399899020  0.000000000000000  0.056562903930182  0.040246300922182  0.000000000000000  0.079825859949712  0.009420373653834  0.000000000000000  0.027950153180706  0.314035595285882  0.000000000000000  0.084611642440779  0.073302184326992  0.045657636829552  0.000000000000000  0.000000000000000  0.060454770600871  0.908148417721510  0.007678285926135  0.084027187134539  0.297507924076669  0.702222437868999  1.000000000000000  0.000000000000000  0.111491064927512  0.495514781632040  0.492774668469685 
6.0    G  0.013039207518053  0.006583178355493  0.138792354203580  0.073353011142585  0.008132981231907  0.178376813214735  0.120407736752519  0.000000000000000  0.066661611301985  0.013975076590353  0.000000000000000  0.210807777562528  0.044010757091003  0.031228346655952  0.005421846558655  0.063109456099793  0.016164805961233  0.000000000000000  0.000000000000000  0.009854511006494  0.971307495541633  0.020574483157176  0.007938047992138  0.606676780124346  0.393381222676783  0.000000000000000  1.000000000000000  0.093752436830364  0.476979775273779  0.490389501994276 
7.0    L  0.024348893114391  0.024247839196089  0.022813000166477  0.006420938963241  0.006456643110580  0.000000000000000  0.000000000000000  0.054825846795801  0.000000000000000  0.710053679271714  0.041752314949691  0.005090418552200  0.034842694335241  0.000000000000000  0.009348820025240  0.000000000000000  0.000000000000000  0.043585739573450  0.000000000000000  0.016424576704495  0.978063473447339  0.000000000000000  0.021959667190730  0.000000000000000  0.000000000000000  0.000000000000000  1.000000000000000  0.092333628973910  1.000000000000000  0.487002134271620 
8.0    R  0.035036439938391  0.004248001526777  0.080214118597682  0.071347169195423  0.000000000000000  0.078128893911576  0.013066349998657  0.000000000000000  0.181620631196421  0.027834153143959  0.004195329967266  0.037577164028068  0.069396177101790  0.042511589137686  0.090308149870220  0.081786129465938  0.151144459479170  0.031511014215456  0.000000000000000  0.000000000000000  0.909408251800733  0.027565355162412  0.063197005053207  0.434371092575312  0.565657231422950  0.354289349127054  0.645728675151168  0.093947592379098  0.484980955170867  0.483638164806966 
9.0    P  0.092718433365070  0.000000000000000  0.070805242830987  0.142200653484063  0.000000000000000  0.005597506446770  0.000000000000000  0.008099227351717  0.041984482053791  0.007943552135093  0.000000000000000  0.012123919598045  0.526315577354719  0.028301061969307  0.013405789537948  0.031098741306878  0.016064278541501  0.003164076068875  0.000000000000000  0.000000000000000  0.501388217950539  0.018161157929971  0.480630464194381  0.333324669272800  0.666649338545599  0.079936598829839  0.920187650624875  0.070364911633548  0.497235084336607  0.466516495768404 
10.0    S  0.026774436086518  0.000000000000000  0.114149781251499  0.060664654360597  0.000000000000000  0.659753955386447  0.000000000000000  0.000000000000000  0.000000000000000  0.000000000000000  0.000000000000000  0.058274155402302  0.029319412390646  0.008531410513638  0.016909760070714  0.018262144508769  0.000000000000000  0.000000000000000  0.007406460665068  0.000000000000000  0.926588061890371  0.000000000000000  0.073556671076173  0.000000000000000  0.000000000000000  0.911301280637141  0.088633752229966  0.062456693311903  1.000000000000000  0.234392774114277 
11.0    E  0.020053529649420  0.012985091587401  0.242995246995338  0.173258735706302  0.000000000000000  0.036701936600427  0.010583788886604  0.119824929811622  0.036880448229256  0.002664351239999  0.000000000000000  0.029238234307231  0.000000000000000  0.027431931175297  0.020053529649420  0.030081076346930  0.023083407243478  0.189464570813800  0.024774504269071  0.000000000000000  0.919550046151658  0.080436827956329  0.000000000000000  1.000000000000000  0.000000000000000  0.912565488543452  0.087171479146900  0.060664654360597  0.459456441739525  0.443190849597434 
12.0    D  0.022686848123498  0.000000000000000  0.492774668469685  0.092333628973910  0.003925249298530  0.004137571619859  0.034172983046395  0.009813612352684  0.051904376505681  0.003895434575594  0.008252231448061  0.008484233252518  0.003410029652866  0.115023456328109  0.002071655744860  0.061171353149840  0.061596833558711  0.024450368179266  0.000000000000000  0.000000000000000  1.000000000000000  0.000000000000000  0.000000000000000  0.000000000000000  0.000000000000000  0.000000000000000  1.000000000000000  0.046876218415182  1.000000000000000  0.496890546661277 
13.0    Y  0.000000000000000  0.002391282016407  0.000000000000000  0.007370611335120  0.037786114869793  0.000000000000000  0.022452190258501  0.068298608693810  0.009433442120988  0.031620412532092  0.000000000000000  0.006095667813857  0.014288517023436  0.012191335627714  0.006104124063846  0.000000000000000  0.006315006787543  0.090120554466264  0.000000000000000  0.685391402489852  0.951318276331799  0.048361406048200  0.000000000000000  0.110490941382959  0.889458993537898  0.000000000000000  1.000000000000000  0.046876218415182  0.480630464194381  0.496890546661277 
14.0    E  0.019303416205108  0.004661467746218  0.074171049853533  0.383154990051946  0.027930786323650  0.006053561960619  0.027393928791126  0.074016975740852  0.008507789182313  0.076680311078363  0.007839623035230  0.013621222492767  0.000000000000000  0.052519609514580  0.018465805420849  0.051225287977345  0.083446768955994  0.047398985792951  0.000000000000000  0.023552107961850  0.989656656415207  0.000000000000000  0.010561803383032  0.250000000000000  0.750019494642909  0.269807059126107  0.730016005327261  0.043404847992660  0.496890546661277  0.482299092292069 
15.0    S  0.021657341963288  0.009439983151484  0.115183023274838  0.146909541052471  0.002431394990981  0.054183597719668  0.025277542136304  0.018060729789919  0.090684512989636  0.018568486016515  0.003705798106017  0.025524030972188  0.005406834828326  0.016379101179952  0.055939066932998  0.058153103606438  0.282632641781148  0.049824529783784  0.000000000000000  0.000000000000000  0.784584097896751  0.009793226722193  0.205755086319677  1.000000000000000  0.000000000000000  0.000000000000000  1.000000000000000  0.033842970172685  0.498961359499525  0.477310507069858 
16.0    F  0.008662505028149  0.012267626854275  0.010409178321031  0.000000000000000  0.313383255110173  0.000000000000000  0.025970183174801  0.200545291588122  0.000000000000000  0.060287386536509  0.017787406704295  0.011446100582901  0.000000000000000  0.005226279510883  0.003077554242380  0.008212288352248  0.021300040738789  0.211686328090632  0.000000000000000  0.089684345912919  0.963929807740643  0.000000000000000  0.035797434311867  0.500000000000000  0.500000000000000  0.842646829503152  0.157453747493425  0.024332021595677  0.493116352246680  0.343409058357406 
17.0    K  0.023914012028479  0.009545258606824  0.037891025595679  0.091315273659105  0.023503183615448  0.015679246070461  0.095589767367673  0.023947186878247  0.029687511964840  0.032217759962337  0.006121071773042  0.115023456328109  0.005562696076551  0.019572881853502  0.043404847992660  0.105989995579143  0.224222039915504  0.063901783163120  0.000000000000000  0.032917532373589  0.941478464541206  0.000000000000000  0.058760887656820  0.000000000000000  0.000000000000000  0.171942727267468  0.828170661334546  0.023227859131735  1.000000000000000  0.451250363731215 
18.0    L  0.014091802787223  0.092589987376270  0.000000000000000  0.024723040662045  0.064257114166004  0.008229383093397  0.000000000000000  0.200545291588122  0.005554989885107  0.094995303525095  0.056641371141708  0.007747786958893  0.146807746401707  0.005957818958032  0.001984511998035  0.000000000000000  0.029238234307231  0.241484082231211  0.005079844322455  0.000000000000000  0.971307495541633  0.018287478773040  0.010294374622923  0.321747311825318  0.678302163723836  0.013424386796050  0.986916545885842  0.021403640311962  0.476979775273779  0.425431864753270 
19.0    T  0.227825320159285  0.046070913040347  0.017518219969195  0.065607292726442  0.000000000000000  0.067732872927799  0.007583081795075  0.006555856539895  0.029728696135369  0.002364908367091  0.001439716032511  0.065108964313014  0.011923900070004  0.029605314706227  0.000000000000000  0.292802545304702  0.125086673432823  0.002966546269169  0.000000000000000  0.000000000000000  0.942784535918240  0.042364510212500  0.014741222670240  1.000000000000000  0.000000000000000  0.456915725114700  0.542990928161147  0.016827912128016  0.457549584063964  0.415522930796824 
20.0    G  0.041781265481410  0.005786874211017  0.082526427563438  0.077912574642194  0.070511383591032  0.134903529563053  0.007872295003207  0.067078767899591  0.042807280623924  0.010642640895629  0.000000000000000  0.060790934213268  0.280485870132621  0.021477948368313  0.004355336791905  0.062240609568404  0.010724097119179  0.003736750617546  0.004117544622229  0.010322956294205  0.914465089499901  0.013687473672924  0.072092850316251  0.359982829628671  0.639936206922154  0.350139080221801  0.649769531227720  0.012797448404060  0.485653747770817  0.435577096071128 
21.0    G  0.015942260300757  0.011932167952818  0.016851256745226  0.011002689272751  0.015420571029466  0.183391668020915  0.023980407750014  0.009017854824350  0.027431931175297  0.070413701781080  0.002144712526928  0.286181040149671  0.006150843566947  0.016265962463814  0.094208431847399  0.037733768483953  0.069927318814732  0.100342173589494  0.000000000000000  0.001657241995519  0.983502074026248  0.003903543331994  0.012595044242078  0.267016352011963  0.733058378594605  0.112890813768978  0.886996305152150  0.010701820155981  0.495171435966512  0.358488812003957 
22.0    V  0.012568880795967  0.009916178797030  0.040470093714201  0.033984012214215  0.005675644724888  0.458502021602336  0.003073290802162  0.013640118611465  0.062456693311903  0.021838233935173  0.000000000000000  0.104385989928546  0.055939066932998  0.016379101179952  0.028105572254617  0.036651092163496  0.052120690239060  0.030332327180298  0.000000000000000  0.013868927144836  0.955282936382437  0.034291623049351  0.010237448467643  0.196690611338391  0.803293996757034  0.751059963470465  0.248617542168304  0.010532560404196  0.453445164466571  0.357992185300286 
23.0    Y  0.117684808067651  0.025559439329931  0.044194173824159  0.004710186826917  0.034842694335241  0.023051429016919  0.162442382806930  0.034482304376311  0.002292281598206  0.076468002570742  0.029687511964840  0.019681718436678  0.000000000000000  0.006470083291676  0.021597378227009  0.012726680672972  0.058638824781292  0.163572258931876  0.009061716050824  0.152936005141483  0.985549336939371  0.009957504900932  0.004487102949207  0.865736565519658  0.134064577102243  0.709070017839729  0.290981633600534  0.010851211998165  0.486664687079119  0.434672280045011 
24.0    H  0.058964890680960  0.016243428674614  0.004896613361096  0.019832357594059  0.049514675682811  0.013621222492767  0.097801472717064  0.016968466505036  0.124826833262629  0.054146053525005  0.077643017611527  0.002129897915362  0.000000000000000  0.020674553748564  0.136881558849197  0.024981432198515  0.035427169149326  0.052519609514580  0.051940366349603  0.141022767182064  0.978741650397436  0.021448194238358  0.000000000000000  1.000000000000000  0.000000000000000  0.708578698254108  0.291385299533640  0.010365977660915  0.444421340583285  0.476318999021969 
25.0    F  0.006407600868724  0.016898043179432  0.004700402445311  0.000000000000000  0.699308041369231  0.000000000000000  0.000000000000000  0.030649343874642  0.000000000000000  0.057751410777926  0.000000000000000  0.000000000000000  0.004111840448084  0.000000000000000  0.000000000000000  0.013057296233154  0.002238890987751  0.048731552663208  0.000000000000000  0.116386852478779  0.983502074026248  0.016515906883772  0.000000000000000  0.687294347786015  0.312949114663499  0.000000000000000  1.000000000000000  0.010401965728409  0.481964903870322  0.494828328207603 
26.0    V  0.109120948891720  0.144285677189605  0.033492920704259  0.002950141768677  0.007556846325109  0.012081974022739  0.014548356559847  0.015166163590149  0.039472726932681  0.053215856734309  0.004189518034445  0.015134659206666  0.000000000000000  0.041320456410705  0.090810315598211  0.071495685825238  0.015261070765035  0.318861097919636  0.000000000000000  0.011148550825921  1.000000000000000  0.000000000000000  0.000000000000000  0.577142708758419  0.422786143688758  0.866937563514687  0.132769898311922  0.009578397344165  0.487677730763821  0.485317234884773 
27.0    K  0.007243988644027  0.001031528931008  0.010911551034902  0.010488847677971  0.007572576694805  0.016086563803656  0.018775563273857  0.007094909513449  0.448133349784702  0.018620040227719  0.016642315678022  0.044501568612408  0.059046690062325  0.082013203411998  0.159651719899424  0.029137077701151  0.046876218415182  0.012225184089633  0.000000000000000  0.003871209231500  0.581560020773925  0.000000000000000  0.418413121341696  0.000000000000000  0.000000000000000  0.000000000000000  1.000000000000000  0.009591685030586  1.000000000000000  0.500000000000000 
28.0    K  0.082870360018666  0.003713512114179  0.052775055463986  0.054674047806614  0.003579565018263  0.012568880795967  0.041234622211653  0.006619784648017  0.223911417522712  0.004431466738031  0.000000000000000  0.074325444687670  0.143786486668826  0.060454770600871  0.046455718263469  0.146299830184324  0.032419373017675  0.009820416988452  0.000000000000000  0.000000000000000  0.860949188338904  0.010911551034902  0.128247268167143  0.881480157907170  0.118503370641081  0.000000000000000  1.000000000000000  0.016493026838093  0.491069797631696  0.160985203688728 
29.0    H  0.012438876543418  0.021138253610161  0.077267203807559  0.098413497071150  0.001739634571497  0.033215489823705  0.155825149284387  0.007055675860561  0.047431851655439  0.006078790441839  0.000000000000000  0.082698214994258  0.067639040282857  0.020249077584896  0.089684345912919  0.198196034152571  0.068488235402981  0.012525395771866  0.000000000000000  0.000000000000000  0.941478464541206  0.013093548979187  0.045373696246997  0.218847832423566  0.781327880172317  0.701249625321201  0.298747801214196  0.018198962288570  0.492433221447775  0.136219014026666 
30.0    V  0.029502888098445  0.002228054132556  0.180866860733816  0.115903818304433  0.005295563776563  0.042807280623924  0.013048248741068  0.056641371141708  0.125607977552973  0.031995215638389  0.004917020209003  0.049240867878084  0.000000000000000  0.020489093972119  0.039747281460737  0.030081076346930  0.034578042284134  0.210078438058320  0.000000000000000  0.006891338790603  0.959264119325264  0.036221748497014  0.004262749519746  0.230366046549676  0.769503610080431  0.825305408512657  0.174827010342308  0.010294374622923  0.456599125005996  0.305872010282967 
31.0    H  0.016653855251062  0.003639611051972  0.029873291174804  0.115103212150630  0.037136972033029  0.013267128850732  0.024964122389036  0.026571067502006  0.124050546835727  0.009074286968170  0.015050967094065  0.021612353578296  0.081446696835206  0.025737219289612  0.327371355770891  0.021463066147338  0.042896388476716  0.056680645558321  0.003197145240589  0.004322255285517  0.988970916380931  0.008943157504677  0.001845209064448  0.419284092220466  0.580754365962861  0.770037174236072  0.229887511537915  0.008986655416802  0.476318999021969  0.451876363375543 
32.0    E  0.008710673583810  0.001950419269729  0.073403873200853  0.127715010339288  0.005006437203751  0.003135692924672  0.021914050791288  0.017689045345479  0.209206560670848  0.068251284109103  0.009492474936758  0.055861572647299  0.112266546610492  0.071446145963377  0.103880732699206  0.034031156729253  0.028636520146105  0.040498155169792  0.001217383978784  0.005667782061852  1.000000000000000  0.000000000000000  0.000000000000000  0.619424348891954  0.380508345209840  0.853226098112067  0.146706022285169  0.008999122205854  0.486327473706143  0.481297221550876 
33.0    S  0.077213664820433  0.005200982864205  0.013415084944340  0.001750520897596  0.001577657768769  0.620283648857694  0.040666932982560  0.003508329581578  0.011501772360689  0.001590835084122  0.001414982572807  0.004964967536350  0.008501894075553  0.000000000000000  0.008807815719886  0.180616299740441  0.008543245761599  0.005280901691516  0.000000000000000  0.005197379066721  0.995159721820083  0.000000000000000  0.004703661645435  0.000000000000000  0.000000000000000  0.000000000000000  1.000000000000000  0.008722757515489  1.000000000000000  0.499307333050514 
34.0    F  0.016734856612366  0.017265070074999  0.007011797270838  0.001746884573794  0.129587637627465  0.004030012419146  0.004103299000042  0.301660979930191  0.001518644601333  0.256850359844741  0.018325546081748  0.000000000000000  0.005425605999082  0.000000000000000  0.003346804510815  0.001632162029144  0.016131227116926  0.194251817196012  0.000000000000000  0.020305297850866  0.999307092990453  0.000883182985900  0.000000000000000  0.500000000000000  0.500000000000000  0.000000000000000  1.000000000000000  0.008686555918102  0.500000000000000  0.489370825198718 
35.0    L  0.012115518849172  0.007790869151188  0.000000000000000  0.001934263421744  0.078074757853336  0.000000000000000  0.000000000000000  0.125347054487635  0.000000000000000  0.506979739895015  0.029956232452906  0.019077289260455  0.009387781636929  0.002577163888228  0.001372479199421  0.011998517732048  0.069782060123911  0.059169601952295  0.000000000000000  0.064301669243348  1.000000000000000  0.000000000000000  0.000000000000000  0.500000000000000  0.500000000000000  0.758909626487027  0.241316756217939  0.008686555918102  0.492433221447775  0.489370825198718 
36.0    A  0.070854338298651  0.002064488360471  0.004992575637512  0.000000000000000  0.000000000000000  0.025382887386132  0.000000000000000  0.009591685030586  0.038287041622021  0.028359973603661  0.000000000000000  0.002571810394647  0.588861394797491  0.009226505167418  0.046262915562502  0.098413497071150  0.034196678164398  0.025260027150174  0.000000000000000  0.015788303851356  0.996540262827868  0.003619484616759  0.000000000000000  0.125000000000000  0.874784764905822  0.276624338273068  0.723467442935263  0.008379036068890  0.496546247718518  0.499307333050514 
37.0    S  0.050660319992832  0.002431394990981  0.070364911633548  0.172539669174579  0.001265567349056  0.025068161448515  0.007562086147607  0.031055659166330  0.157781504014014  0.035525530413625  0.016030908520893  0.031293351740979  0.007604135735611  0.076415017355754  0.101813445383777  0.095391200560035  0.085377516047150  0.029258507732328  0.000000000000000  0.002492829626619  0.996540262827868  0.001640100572157  0.002005253018984  1.000000000000000  0.000000000000000  0.000000000000000  1.000000000000000  0.008149910886952  0.498615625676035  0.500000000000000 
38.0    L  0.032441852204471  0.004379554992299  0.000000000000000  0.044041273598188  0.049721030234682  0.005030787615273  0.000000000000000  0.282241101201533  0.010358795002333  0.257920794825340  0.109956134490304  0.000000000000000  0.000000000000000  0.002647781888281  0.000000000000000  0.030991147835572  0.034698088550895  0.131761427911342  0.000000000000000  0.003677650252114  1.000000000000000  0.000000000000000  0.000000000000000  0.000000000000000  0.000000000000000  0.000000000000000  1.000000000000000  0.008104843254419  1.000000000000000  0.495514781632040 
39.0    L  0.004835899573584  0.008875228631146  0.000000000000000  0.005233529696984  0.018465805420849  0.000000000000000  0.000000000000000  0.162442382806930  0.000000000000000  0.581963267201068  0.026114592466308  0.000000000000000  0.000000000000000  0.003259801879513  0.000000000000000  0.002655133284974  0.015527829583165  0.152830034711509  0.000000000000000  0.017923547253534  1.000000000000000  0.000000000000000  0.000000000000000  0.000000000000000  0.000000000000000  0.328280281356038  0.671751712860648  0.008099227351717  1.000000000000000  0.495514781632040 
40.0    T  0.069204036530268  0.001457791389938  0.078128893911576  0.177636505397670  0.010337276874282  0.070218743939478  0.024705909893873  0.010438078737423  0.154641559835897  0.025295069267107  0.003255285965466  0.034078366645789  0.000000000000000  0.070854338298651  0.121834953861444  0.051832471613403  0.081052472165688  0.012464769372016  0.000000000000000  0.002611329092588  0.989656656415207  0.000000000000000  0.010294374622923  0.000000000000000  0.000000000000000  0.000000000000000  1.000000000000000  0.008088007217511  1.000000000000000  0.497924876547229 
41.0    S  0.051331918797004  0.001341441634209  0.135090675254919  0.241484082231211  0.002050227897701  0.035723072981689  0.019170077769591  0.012098734810207  0.094797971585903  0.016886334406865  0.012647534633553  0.089064850884299  0.024467321758017  0.037447156916857  0.078128893911576  0.042955896736626  0.050240686921447  0.022452190258501  0.007089993400915  0.025577161924713  0.996540262827868  0.000000000000000  0.003124844251300  0.250000000000000  0.750019494642909  0.202922395244320  0.797192476540536  0.008292368819920  0.497924876547229  0.479632059662632 
42.0    W  0.005129379396188  0.007509851003037  0.000000000000000  0.000000000000000  0.057273040292209  0.006452169257310  0.000000000000000  0.134903529563053  0.002557588716960  0.590496330714765  0.036423162441705  0.000000000000000  0.002539922161228  0.002525876820093  0.000000000000000  0.008200911590805  0.001380110980354  0.046843737554861  0.075415244982548  0.022390025787080  0.997922718999051  0.000000000000000  0.002023403835078  0.613017430026578  0.387159513926610  0.368311921454120  0.631563630922900  0.008269409334962  0.474013482564323  0.474013482564323 
43.0    L  0.027795593548059  0.000000000000000  0.000000000000000  0.005055256462824  0.037812315288103  0.005179397501167  0.000000000000000  0.089995707407168  0.046230859664026  0.416099367355762  0.020207014560742  0.000000000000000  0.000000000000000  0.000000000000000  0.077053270341488  0.038260512262506  0.013508394239185  0.128781744202509  0.042511589137686  0.051403129294529  0.996540262827868  0.000000000000000  0.003587016258988  1.000000000000000  0.000000000000000  0.202922395244320  0.797192476540536  0.008292368819920  0.497924876547229  0.479632059662632 
44.0    A  0.120074357994185  0.001548406516817  0.174584816558425  0.193445624192799  0.008525499039492  0.018879966302968  0.012352954946937  0.009671799147168  0.063416409161305  0.023003544721378  0.005953690743515  0.085614561247848  0.002673601197445  0.067545337627459  0.042511589137686  0.101954686667376  0.061213768599183  0.005937206470318  0.000000000000000  0.001163752514232  1.000000000000000  0.000000000000000  0.000000000000000  0.000000000000000  0.000000000000000  0.648869383469592  0.351111218934499  0.008252231448061  1.000000000000000  0.474671060475260 
45.0    K  0.138120560599989  0.001836277739276  0.012335841979696  0.151144459479170  0.044071811265137  0.023131457781251  0.009895580107213  0.022359008125358  0.105989995579143  0.106653262264008  0.052192994964273  0.009985151275024  0.000000000000000  0.063284675459406  0.112422289018469  0.038606832410217  0.084494427064258  0.007442484359718  0.003314483991039  0.012726680672972  0.997231251352069  0.000000000000000  0.002444914958309  0.500000000000000  0.500000000000000  1.000000000000000  0.000000000000000  0.008060024838292  0.492433221447775  0.492433221447775 
46.0    R  0.000000000000000  0.000000000000000  0.000000000000000  0.004667934393972  0.000000000000000  0.000000000000000  0.000000000000000  0.006834255975827  0.026241609154504  0.002260723080059  0.000000000000000  0.000000000000000  0.000000000000000  0.006551313940945  0.953298545288159  0.000000000000000  0.000000000000000  0.000000000000000  0.000000000000000  0.000000000000000  0.988285651500733  0.000000000000000  0.011549706494327  1.000000000000000  0.000000000000000  1.000000000000000  0.000000000000000  0.008104843254419  0.496890546661277  0.496890546661277 
47.0    K  0.062111318332660  0.002989251503560  0.080604265665993  0.072493728406590  0.025880333166705  0.005774853247163  0.000000000000000  0.061511501377113  0.278162530146209  0.079000193653300  0.011257263662796  0.016804599850897  0.000000000000000  0.047894373756493  0.096321388544801  0.030269318413332  0.030819772015417  0.072443496994028  0.000000000000000  0.025612643988672  0.997231251352069  0.000000000000000  0.002450004305705  0.000000000000000  0.000000000000000  0.000000000000000  1.000000000000000  0.008315392050417  1.000000000000000  0.481964903870322 
48.0    A  0.135278080565714  0.002541683311410  0.024877753086837  0.213898756420651  0.017217267435572  0.013955716443012  0.027834153143959  0.025242524300300  0.155286035223055  0.034722147770472  0.082354996983384  0.038633601903780  0.000000000000000  0.076999879590360  0.075677067746910  0.030332327180298  0.021035938582450  0.018607138271328  0.000000000000000  0.005543450610158  0.948026965128645  0.000000000000000  0.052156830072213  0.000000000000000  0.000000000000000  0.000000000000000  1.000000000000000  0.008240799352094  1.000000000000000  0.476649272644080 
49.0    I  0.221288441144886  0.001495662106537  0.003275656970472  0.015909143746322  0.016504462896123  0.000000000000000  0.031271668358206  0.186597297912119  0.000000000000000  0.092782723164316  0.009978232493714  0.003917095452739  0.000000000000000  0.000000000000000  0.001841376046715  0.003963525572582  0.070952631384129  0.196826994142301  0.013706461698950  0.129677492070701  0.993092495437036  0.002053072088062  0.004710186826917  1.000000000000000  0.000000000000000  0.571965486601904  0.428094142273228  0.008992886650998  0.492774668469685  0.399980064166376 
50.0    K  0.003219383144349  0.000000000000000  0.002972721446952  0.009131072254385  0.000000000000000  0.001791023521884  0.000000000000000  0.003003790686075  0.771105412703970  0.007635826300084  0.000000000000000  0.001846488509279  0.000000000000000  0.010694404789780  0.145591698308557  0.008632535037499  0.000000000000000  0.002407914698171  0.000000000000000  0.031973045929201  1.000000000000000  0.000000000000000  0.000000000000000  0.000000000000000  0.000000000000000  0.072896835611779  0.927230546435463  0.008252231448061  1.000000000000000  0.445964259710046 
51.0    K  0.153360622156726  0.002359995787871  0.050660319992832  0.075782051191359  0.001276137943255  0.044378354954482  0.012378668920703  0.014802657353114  0.347961597957775  0.011033237534256  0.004805825565434  0.044224817510208  0.001757816269128  0.060580613558442  0.119410367047805  0.033679160782615  0.013696964395563  0.003647187284825  0.000000000000000  0.004245058056742  0.980779003988551  0.002796813947658  0.016688522000748  0.205327675188016  0.794434400096105  0.098481735756168  0.901250462610830  0.008263679403269  0.492774668469685  0.449689156073876 
52.0    L  0.100970097201201  0.015292838287460  0.076045147414629  0.161768206810357  0.003351447384487  0.010401965728409  0.007888682012474  0.023897441841918  0.103521332666818  0.167240944348264  0.022987605403996  0.022971677131079  0.002562912606625  0.074998211398326  0.098481735756168  0.051367511705928  0.028008334361544  0.018023212579063  0.001645794588873  0.008632535037499  0.922103117912631  0.039774841727373  0.037969899747032  0.577542892276792  0.422493192206257  0.139081265073104  0.860949188338904  0.008531410513638  0.418703243754213  0.419574818553271 
53.0    L  0.093234001668217  0.000000000000000  0.001880067271683  0.007894151925678  0.007737053686977  0.039554893561571  0.006381007743047  0.083968964107581  0.038419964601706  0.227037104430377  0.395294558301972  0.010322956294205  0.000000000000000  0.006886563733650  0.032871930600121  0.029605314706227  0.005125825213250  0.006829520471956  0.000000000000000  0.007006938747359  0.905633983017823  0.007050786933300  0.087292408279212  0.339621571137236  0.660669202829133  0.108517528450130  0.891310495896971  0.008826150113829  0.479632059662632  0.363745170908689 
54.0    A  0.132402291835485  0.000000000000000  0.030290306779221  0.024929538744032  0.009093176050017  0.031012636708932  0.002071655744860  0.018085784640471  0.523042469896265  0.027318081887824  0.002394599336041  0.036146505747040  0.014833470639852  0.025541729015259  0.080381092714413  0.029217974929733  0.007085080694790  0.004298353942836  0.000000000000000  0.001854183829981  0.904379377561088  0.070170088879601  0.025683755852964  0.817902058557781  0.181998693624886  0.111645731544095  0.888226795842405  0.009156424091207  0.386355274823994  0.272815969263734 
55.0    A  0.112656307826354  0.000000000000000  0.061853541025950  0.130488990927715  0.006189334460351  0.021732530807969  0.015777364024948  0.021065120808392  0.164140140678019  0.037291741969741  0.012140738574751  0.124394965227510  0.003871209231500  0.070316155293051  0.035550163371016  0.064168096607500  0.067311648512066  0.034554082916258  0.000000000000000  0.016515906883772  0.910038824080899  0.046649324478030  0.043344717785356  0.510152329624229  0.489710148793463  0.117603263439223  0.882702996290655  0.009277809891199  0.432268615653933  0.256850359844741 
56.0    C  0.167240944348264  0.079881210200191  0.048294409352999  0.166431451654546  0.025277542136304  0.021403640311962  0.023147496844068  0.023503183615448  0.038956287321097  0.056172195413189  0.002177668395953  0.041492661199451  0.031642337729703  0.012438876543418  0.008082402980616  0.061810682273808  0.090245574720156  0.034770316268276  0.012352954946937  0.054560474445860  0.786217292140332  0.199298119135134  0.014318260073052  0.525222272005377  0.474671060475260  0.308426792452374  0.691595314505482  0.009381276777228  0.272438028053332  0.213898756420651 
57.0    E  0.045091521464426  0.002913562552132  0.065018766657624  0.067545337627459  0.006129563264818  0.049549008538143  0.012753172596108  0.022892201165802  0.230525779478158  0.032599643547808  0.003414760235978  0.037291741969741  0.094535499830248  0.040442051702589  0.035133716368082  0.095722374818399  0.141708676597303  0.013452331067795  0.000000000000000  0.003388822996688  0.754190038343289  0.225000482448378  0.021006796783635  0.191976283712762  0.808320868805567  0.673616788432845  0.326464946772229  0.009061716050824  0.226722582233286  0.252612861621691 
58.0    D  0.016075417310837  0.001939633780150  0.459456441739525  0.038848427153248  0.000000000000000  0.100203166174924  0.009264957026648  0.000000000000000  0.035012162943568  0.007839623035230  0.000000000000000  0.167125061925642  0.014072280935124  0.004782564032813  0.004944361695196  0.081786129465938  0.054711958105891  0.003958034766246  0.000000000000000  0.000000000000000  0.958599438492977  0.009538644630228  0.031774208540374  0.094601049560599  0.905633983017823  0.329191730514811  0.670821112441131  0.008807815719886  0.477972658796871  0.338212057762569 
59.0    P  0.078890752007007  0.002303430844260  0.033585911651734  0.112422289018469  0.004703661645435  0.017725866952124  0.014229216149875  0.015431263460084  0.094995303525095  0.010452559021767  0.002877436886360  0.021255794568843  0.313600551130249  0.026515871928309  0.035255691795516  0.161992620679167  0.038181034427297  0.011241668593835  0.000000000000000  0.004322255285517  0.802737388715953  0.058557590429527  0.138984894689638  0.163572258931876  0.836246399914063  0.209061599978516  0.791137301185450  0.008924580053504  0.395020655931689  0.343885454534936 
60.0    R  0.088082547196376  0.001326646762255  0.072695002596741  0.135278080565714  0.111878133865997  0.030395467106634  0.010591127553125  0.051438771579919  0.040442051702589  0.097260647069427  0.020617311105826  0.045405157799105  0.034578042284134  0.019928818619977  0.030122806491895  0.059870951138919  0.070805242830987  0.053068515402927  0.000000000000000  0.026168952734638  0.942131273904809  0.026296233821418  0.031445556984306  0.147828875030518  0.852044095074866  0.168404197108211  0.831622098374906  0.009571760405505  0.451250363731215  0.222982129855023 
61.0    Q  0.061725053840336  0.002223425838037  0.032667503131411  0.256316809472148  0.003088238736734  0.004540289482493  0.006112592044816  0.018350968300213  0.113282742283417  0.167821562847533  0.085852264589351  0.010806176789148  0.004515182447480  0.076150641479699  0.073454770526236  0.018658799798040  0.039500096826650  0.020333466491280  0.000000000000000  0.004559211335228  0.988285651500733  0.004958089398515  0.006647372886770  0.086449414313185  0.913831450229400  0.164938488846612  0.835087919428369  0.009618315729257  0.491069797631696  0.229092161168838 
62.0    K  0.077696854306496  0.006610614035940  0.004072131878286  0.052301640167712  0.009916178797030  0.009252121967607  0.016053147490296  0.034891030061955  0.247929182684573  0.067592172717726  0.003493769147588  0.014700407929903  0.000000000000000  0.042659178683911  0.170755032094299  0.036803837174843  0.011296346051139  0.018465805420849  0.002274870286071  0.173258735706302  0.951318276331799  0.044316876114983  0.004103299000042  0.145188591490715  0.855002177891973  0.119410367047805  0.880869374126979  0.009453078822026  0.413225159077106  0.253314225039771 
63.0    T  0.132677901118724  0.004224510794858  0.070267432736164  0.083794536973771  0.007993261482300  0.005835208816845  0.009929935072701  0.037265902260332  0.156149515706672  0.044656066866909  0.037085524926767  0.052921582022658  0.002201953929972  0.074998211398326  0.104530799989258  0.047398985792951  0.059251685320540  0.062630100317477  0.001634426255241  0.004490214250135  0.948026965128645  0.038929294236546  0.012717862266726  0.532554101696709  0.467487598875728  0.075624630576206  0.924663278113700  0.009232902710425  0.443805668634749  0.269620107923613 
64.0    I  0.020703234641331  0.005699298219688  0.004549740572142  0.031467360939272  0.022860487823505  0.009322935492435  0.007080171392714  0.152512563784028  0.033446521825832  0.234392774114277  0.056367211148891  0.020039634418160  0.000000000000000  0.092333628973910  0.049790006017849  0.010635266535152  0.027757087370075  0.155825149284387  0.016573245958878  0.048664043191354  0.991029563264079  0.008632535037499  0.000000000000000  0.240148715988369  0.759962428200758  0.008710673583810  0.991029563264079  0.009290680585959  0.490389501994276  0.271683715631515 
65.0    L  0.012516716837338  0.020660228205353  0.000000000000000  0.003933420117409  0.069975805540890  0.013955716443012  0.034506213973847  0.009971318506476  0.005186582649931  0.465870214652387  0.017518219969195  0.015071846634127  0.002161127642758  0.010294374622923  0.001573289630955  0.002987180230240  0.011218316489246  0.007635826300084  0.022097086912080  0.272815969263734  0.996540262827868  0.002217269730754  0.001230960343343  0.095921631000055  0.904379377561088  0.023243965038039  0.976708528962227  0.009074286968170  0.478635729097649  0.273194434775238 
66.0    D  0.016131227116926  0.000000000000000  0.525950889601936  0.087899574994570  0.000000000000000  0.009909307807233  0.022374511581268  0.000000000000000  0.022343515411901  0.006332539999104  0.005310266569948  0.226565484566834  0.000000000000000  0.025683755852964  0.002013609997646  0.031271668358206  0.007050786933300  0.003197145240589  0.004845966006701  0.003073290802162  1.000000000000000  0.000000000000000  0.000000000000000  0.000000000000000  0.000000000000000  0.620713745763056  0.379191886343611  0.009175484150107  1.000000000000000  0.275667290767228 
67.0    K  0.134436798807172  0.002406246237199  0.000000000000000  0.047300524780299  0.008999122205854  0.130037533315248  0.007036140467562  0.095722374818399  0.128336193215000  0.011156281091290  0.009551877169469  0.042130241616783  0.032917532373589  0.034315400430845  0.046391361582158  0.131305568001344  0.044501568612408  0.060580613558442  0.003064781632409  0.029790579540255  0.997922718999051  0.001977646108106  0.000000000000000  1.000000000000000  0.000000000000000  0.787853886049346  0.212126975426474  0.008355836624103  0.498961359499525  0.397217200048052 
68.0    Q  0.024946824573645  0.000000000000000  0.000000000000000  0.037421209519342  0.011033237534256  0.001285905197323  0.000000000000000  0.039010329653175  0.123964591342287  0.149684838077366  0.048294409352999  0.020674553748564  0.004151936227963  0.127096834161495  0.319082192207238  0.023003544721378  0.013715965587649  0.037838533873455  0.017664540111322  0.001134285871021  1.000000000000000  0.000000000000000  0.000000000000000  0.500000000000000  0.500000000000000  0.000000000000000  1.000000000000000  0.008104843254419  0.500000000000000  0.477641468191219 
69.0    Q  0.032374461361251  0.000000000000000  0.014884968719437  0.008850655353873  0.000000000000000  0.000000000000000  0.002494558123428  0.009112104451472  0.002867481711004  0.010873799936180  0.007104751967193  0.011164016716727  0.000000000000000  0.775930854274856  0.003223849252003  0.093234001668217  0.002397921257647  0.005291894443302  0.000000000000000  0.020432364820887  1.000000000000000  0.000000000000000  0.000000000000000  0.000000000000000  0.000000000000000  0.000000000000000  1.000000000000000  0.008104843254419  1.000000000000000  0.477641468191219 
70.0    L  0.074428553085311  0.000000000000000  0.021065120808392  0.026941985781800  0.007432174033842  0.037421209519342  0.010012874407502  0.013230395505664  0.090873282332519  0.328507906787343  0.039037378926668  0.073099229003247  0.000000000000000  0.119162318161020  0.060245612983790  0.039637231228933  0.010194960528820  0.009854511006494  0.010287241578588  0.028537445312875  0.991029563264079  0.006716847548773  0.001961264732889  0.185308376225354  0.814507563070215  0.079770548051810  0.920187650624875  0.008104843254419  0.486327473706143  0.477641468191219 
71.0    A  0.689680460913530  0.000000000000000  0.003911668967622  0.021732530807969  0.000000000000000  0.052192994964273  0.000000000000000  0.012123919598045  0.012216713173884  0.005843303743603  0.004218658436847  0.018840747307668  0.021050524638526  0.000000000000000  0.000000000000000  0.087050717541815  0.035451733904249  0.035921714001084  0.000000000000000  0.000000000000000  1.000000000000000  0.000000000000000  0.000000000000000  0.000000000000000  0.000000000000000  0.000000000000000  1.000000000000000  0.008110463051118  1.000000000000000  0.475329550614909 
72.0    I  0.022281651833815  0.014864348067684  0.000000000000000  0.000000000000000  0.046876218415182  0.003799433388329  0.042335155546418  0.187245116803023  0.010315803445430  0.395842932935636  0.054901904264898  0.000000000000000  0.000000000000000  0.008390659934532  0.037525107108913  0.004397806977097  0.003179465566681  0.071396640428034  0.000000000000000  0.096588818705998  0.999307092990453  0.000000000000000  0.000905498580503  0.000000000000000  0.000000000000000  0.000000000000000  1.000000000000000  0.008110463051118  1.000000000000000  0.475329550614909 
73.0    K  0.000000000000000  0.000000000000000  0.000000000000000  0.019437682082789  0.000000000000000  0.000000000000000  0.000000000000000  0.000000000000000  0.948684315140454  0.000000000000000  0.000000000000000  0.006293158523818  0.000000000000000  0.006712193398025  0.015560152392101  0.003289308412533  0.000000000000000  0.000000000000000  0.000000000000000  0.000000000000000  0.996540262827868  0.000000000000000  0.003632050557083  0.000000000000000  0.000000000000000  0.000000000000000  1.000000000000000  0.008110463051118  1.000000000000000  0.473356815618357 
74.0    C  0.002223425838037  0.038128140946007  0.000000000000000  0.023980407750014  0.007567329603333  0.001840100144345  0.000000000000000  0.296067902963408  0.004322255285517  0.224222039915504  0.029137077701151  0.001984511998035  0.000000000000000  0.000000000000000  0.027565355162412  0.008280881120291  0.012395841299862  0.261702570493644  0.047662551664259  0.012913286221160  0.997922718999051  0.000000000000000  0.002414600118986  0.000000000000000  0.000000000000000  0.610473256334567  0.389582289830250  0.008099227351717  1.000000000000000  0.465870214652387 
75.0    T  0.009169126392823  0.026314467300263  0.000000000000000  0.008099227351717  0.036651092163496  0.003214923223745  0.000000000000000  0.256316809472148  0.000000000000000  0.205043227799182  0.036171569280941  0.006301888743923  0.002570028369197  0.022734073181793  0.000000000000000  0.118997238562191  0.167356907122305  0.094797971585903  0.000000000000000  0.006403160997168  1.000000000000000  0.000000000000000  0.000000000000000  0.651122094784514  0.348927691030542  0.368822864270710  0.631126016056058  0.007872295003207  0.495171435966512  0.482633512435878 
76.0    C  0.367292158319577  0.098823639575493  0.004358356727832  0.000000000000000  0.000000000000000  0.010881339692727  0.001874861837967  0.097260647069427  0.000000000000000  0.183518829504263  0.157781504014014  0.000000000000000  0.000000000000000  0.000000000000000  0.001230960343343  0.017409275794052  0.028676246322230  0.020432364820887  0.002575378153305  0.007877753553864  1.000000000000000  0.000000000000000  0.000000000000000  0.166662334636400  0.833353207159218  0.366275218652834  0.633756261017212  0.008054439990584  0.497924876547229  0.489710148793463 
77.0    N  0.002543445682752  0.004889829916617  0.000000000000000  0.000000000000000  0.000000000000000  0.000000000000000  0.000000000000000  0.008138620539127  0.000000000000000  0.006754197119593  0.000000000000000  0.903752726751086  0.009200959293711  0.005229903347572  0.000000000000000  0.012850782323632  0.000000000000000  0.046455718263469  0.000000000000000  0.000000000000000  0.988970916380931  0.011202775375124  0.000000000000000  0.002345319194307  0.997922718999051  0.000000000000000  1.000000000000000  0.008043281901828  0.483973513446869  0.494485458190466 
78.0    A  0.198196034152571  0.004632478513324  0.016097718025314  0.000000000000000  0.001641237797331  0.019942637012952  0.000000000000000  0.002115185635793  0.000000000000000  0.003367748222725  0.000000000000000  0.002993398359781  0.001437721545086  0.000000000000000  0.000000000000000  0.616426162731903  0.054901904264898  0.078183067507079  0.000000000000000  0.000000000000000  0.997231251352069  0.000691012773597  0.001931583821057  0.055552667572911  0.944747040997206  0.000000000000000  1.000000000000000  0.008043281901828  0.497579860910041  0.494485458190466 
79.0    V  0.046746429948825  0.025365299405540  0.000000000000000  0.006381007743047  0.173378871141423  0.008537326086726  0.023486898094774  0.094273754792911  0.002561136746515  0.094273754792911  0.116952937228925  0.000000000000000  0.008015454260446  0.010995065432230  0.010308655552913  0.073149915092162  0.105112051906714  0.180491149440312  0.009310020113860  0.010583788886604  0.987600861445373  0.012115518849172  0.000000000000000  1.000000000000000  0.000000000000000  0.000000000000000  1.000000000000000  0.007753159177233  0.473356815618357  0.489710148793463 
80.0    Y  0.004910208494226  0.008980428500271  0.000000000000000  0.000000000000000  0.086210057614191  0.000000000000000  0.002063057862015  0.002146199643705  0.008561029425373  0.014548356559847  0.000000000000000  0.013611784252223  0.000000000000000  0.000000000000000  0.000000000000000  0.013668511951653  0.009252121967607  0.003221615424258  0.000000000000000  0.832775770880549  1.000000000000000  0.000000000000000  0.000345506386798  0.000000000000000  0.000000000000000  0.000000000000000  1.000000000000000  0.007753159177233  1.000000000000000  0.489710148793463 
81.0    G  0.000000000000000  0.010964622859680  0.027565355162412  0.009420373653834  0.000000000000000  0.927230546435463  0.000000000000000  0.000000000000000  0.008071206153782  0.000000000000000  0.000000000000000  0.000000000000000  0.016584737639841  0.000000000000000  0.000000000000000  0.000000000000000  0.000000000000000  0.000000000000000  0.000000000000000  0.000000000000000  0.985549336939371  0.014487977288054  0.000000000000000  0.500000000000000  0.500000000000000  0.000000000000000  1.000000000000000  0.007667648936355  0.474342157570227  0.488692883205403 
82.0    F  0.074842419038683  0.069300040225192  0.000000000000000  0.005474716597972  0.184667257947820  0.000000000000000  0.000000000000000  0.048194088293998  0.021270533070304  0.041550222130679  0.005738939973743  0.012115518849172  0.000000000000000  0.008065613558463  0.000000000000000  0.023003544721378  0.003532731943598  0.141022767182064  0.029502888098445  0.331711285149290  1.000000000000000  0.000000000000000  0.000000000000000  0.000000000000000  0.000000000000000  0.000000000000000  1.000000000000000  0.007672965587995  1.000000000000000  0.488692883205403 
83.0    T  0.026168952734638  0.019103754338939  0.001047379508611  0.010166733245640  0.075362989230673  0.007823337935245  0.003488929110753  0.049002528379734  0.002433080889784  0.306508715013289  0.080604265665993  0.004465384122711  0.000000000000000  0.009181846315779  0.001750520897596  0.036146505747040  0.287174588749259  0.045373696246997  0.000000000000000  0.034149304346905  0.987600861445373  0.010445316370353  0.001754164790789  0.054447137008891  0.945402116750744  0.000000000000000  1.000000000000000  0.007672965587995  0.477641468191219  0.488692883205403 
84.0    G  0.077912574642194  0.000000000000000  0.017787406704295  0.011743449047387  0.000000000000000  0.676893139526230  0.012140738574751  0.000000000000000  0.032735503971869  0.012157580883678  0.031730190652170  0.009439983151484  0.019383864026803  0.006551313940945  0.016956708935653  0.046811279200756  0.014864348067684  0.004999501616579  0.000000000000000  0.008076802626937  0.996540262827868  0.001166174987378  0.002194335748109  0.232612414425754  0.767373048000443  0.253489869947507  0.746389191648477  0.007678285926135  0.495514781632040  0.484309094613314 
85.0    V  0.256850359844741  0.001606347790454  0.020948634243443  0.006332539999104  0.119493164699218  0.002020600745154  0.012208248127692  0.033307710502123  0.004077780966491  0.026644840367749  0.003960779217930  0.067968024428430  0.000000000000000  0.000000000000000  0.056016668723088  0.091695834010458  0.034746223672410  0.096789878481653  0.074273944066058  0.090999346812443  0.932386486436833  0.004859420520697  0.062847536274904  0.328735690051268  0.671286251390132  0.000000000000000  1.000000000000000  0.007577827424545  0.490729531926740  0.484309094613314 
86.0    A  0.107544078826430  0.008602668735140  0.019130256131253  0.087838668762920  0.000000000000000  0.061128967090459  0.008315392050417  0.033330805650993  0.113439894414645  0.032531924927628  0.002224967533637  0.051832471613403  0.031686233743438  0.057114465639338  0.068964608752622  0.167125061925642  0.088510964888409  0.049411819787746  0.006610614035940  0.004667934393972  0.865136690584988  0.134903529563053  0.000000000000000  0.425431864753270  0.574747424017338  0.012630013575087  0.987600861445373  0.007504647374637  0.305660069423017  0.370103324500012 
87.0    N  0.044439919080852  0.000000000000000  0.010496120513448  0.012886461697033  0.029708096913432  0.141316320890574  0.038499939795180  0.018594245254792  0.047006367230897  0.035304600455316  0.005644259366889  0.160205990520024  0.007520269086732  0.034650020112596  0.065380308737033  0.148857106170621  0.062154385542076  0.050345268190547  0.011784219349114  0.075258586326963  0.951318276331799  0.041006601705999  0.007577827424545  0.440740078953585  0.559030925482931  0.063372467486877  0.936921446872426  0.008149910886952  0.417254640577705  0.371388230165207 
88.0    G  0.147317425976460  0.066800374450688  0.007551610133320  0.002829965145615  0.122003970097028  0.366529189297302  0.004594106446449  0.000000000000000  0.001847768841261  0.003865846314122  0.005609158244623  0.045689295262501  0.001633293749832  0.008402299925448  0.001289475430679  0.176165094392752  0.016804599850897  0.002638621258859  0.000000000000000  0.018312848182414  0.983502074026248  0.012447501504462  0.004292399287410  0.075102253095428  0.924663278113700  0.014812921330135  0.984866442895551  0.008206598000084  0.475000191437443  0.372677596699730 
89.0    L  0.029482445340480  0.002522377637309  0.021196942616370  0.012621262150150  0.009024107691825  0.016299821773904  0.003547454756725  0.052012420919470  0.087838668762920  0.060162152693859  0.067545337627459  0.026024242840017  0.067498534989555  0.011541703621739  0.450000964896756  0.028203147733201  0.012225184089633  0.023276210361292  0.000000000000000  0.019103754338939  0.979420297586927  0.004626060983803  0.016164805961233  1.000000000000000  0.000000000000000  0.025242524300300  0.974679630891549  0.008280881120291  0.492774668469685  0.369334515895640 
90.0    F  0.021777769354492  0.000000000000000  0.000000000000000  0.003351447384487  0.284401306968126  0.000000000000000  0.005122273493030  0.028144561870248  0.000000000000000  0.329876977693224  0.107767943127199  0.000000000000000  0.001466913991153  0.003713512114179  0.008662505028149  0.005451995172352  0.013480333508479  0.013157233650131  0.123792858991628  0.049928244778072  0.996540262827868  0.003199362101015  0.000350086730473  1.000000000000000  0.000000000000000  0.617709318563465  0.382359069470692  0.008531410513638  0.497235084336607  0.351842093831349 
91.0    P  0.026332713421973  0.012015162744299  0.000000000000000  0.003037289202666  0.119741902277837  0.058842404033825  0.015614173327976  0.003049947236748  0.016075417310837  0.012841877926482  0.002138774357019  0.030734439813320  0.281459646534191  0.010851211998165  0.026460791011329  0.023997035464095  0.019873640730368  0.005037766604125  0.010701820155981  0.321301584367343  0.993092495437036  0.000000000000000  0.006891338790603  1.000000000000000  0.000000000000000  0.075834597515543  0.924022572446823  0.007927051145163  0.500000000000000  0.436786447958347 
92.0    C  0.085614561247848  0.303759197976254  0.178500497460633  0.003601965304346  0.055822865772048  0.014033318326311  0.011382805577328  0.008419790195654  0.019397304555096  0.049652150006007  0.007289320246381  0.064973714698455  0.002010820475457  0.004175023403168  0.045373696246997  0.120574773073017  0.003379440197598  0.011907381487029  0.001224153340274  0.009055437124254  0.996540262827868  0.003268852510482  0.000000000000000  0.535144349213312  0.464902471306581  0.056406295466402  0.943438250895360  0.007921558435860  0.491751037013124  0.426613049056034 
93.0    L  0.028955876934074  0.011040887842834  0.011296346051139  0.028795755818709  0.019437682082789  0.011249463425896  0.005524271728020  0.100690536381094  0.138792354203580  0.174463845515271  0.048664043191354  0.005754873772721  0.152724137709188  0.016299821773904  0.065108964313014  0.018198962288570  0.022219959540426  0.121666171769780  0.001991401724606  0.017027376753333  0.987600861445373  0.009239304689407  0.003452841918217  0.528142812675929  0.471719125447680  0.498961359499525  0.501040802539816  0.007927051145163  0.488354264481114  0.430474594169452 
94.0    S  0.093492859897649  0.000000000000000  0.088265900274047  0.271495464080574  0.014978116226453  0.022923958502614  0.027431931175297  0.015931213796847  0.049893649147291  0.023147496844068  0.010068551800664  0.026626377971090  0.175677337525840  0.035921714001084  0.083504629899381  0.013148116910709  0.015614173327976  0.018274807250812  0.000000000000000  0.013461658745500  1.000000000000000  0.000000000000000  0.000000000000000  0.000000000000000  0.000000000000000  0.252612861621691  0.747424624317469  0.007662335968661  1.000000000000000  0.461691155364697 
95.0    I  0.067032288551121  0.085495956493906  0.003391172764067  0.012859692894980  0.012006837353813  0.033238521027912  0.000000000000000  0.289974913626359  0.002966546269169  0.205470046823713  0.079604842207906  0.037655384843587  0.000000000000000  0.016956708935653  0.012090351512050  0.025207554975691  0.005328702479997  0.100272645794061  0.000000000000000  0.010423618513108  1.000000000000000  0.000000000000000  0.000000000000000  0.250000000000000  0.750019494642909  0.442576882289773  0.557483109363849  0.007598866776658  0.492433221447775  0.471719125447680 
96.0    A  0.666187412546011  0.004394759705816  0.012065236454559  0.006206518750751  0.003469635921259  0.075102253095428  0.053809324271181  0.001840100144345  0.010635266535152  0.005395603313062  0.008338479203437  0.012788580962356  0.002673601197445  0.010005936416639  0.001417928007719  0.083100444261357  0.024654588776640  0.012387252134536  0.000000000000000  0.005512796263315  1.000000000000000  0.000000000000000  0.000000000000000  0.000000000000000  0.000000000000000  0.189858961226816  0.810003473632046  0.007598866776658  1.000000000000000  0.484980955170867 
97.0    E  0.175433965754884  0.000000000000000  0.098413497071150  0.244177132240557  0.000000000000000  0.068630800861691  0.004434539461508  0.030926770512975  0.016980232226970  0.021226348196077  0.032577055026285  0.081503170953660  0.014926295880976  0.019156794688331  0.028656376350146  0.123023002754225  0.013003105229868  0.026904662135591  0.000000000000000  0.000000000000000  1.000000000000000  0.000000000000000  0.000000000000000  0.000000000000000  0.000000000000000  0.000000000000000  1.000000000000000  0.007588339808919  1.000000000000000  0.488354264481114 
98.0    T  0.199712979112287  0.026681803574726  0.005636440183053  0.039145763707004  0.041868237575870  0.025050791543731  0.014298424501999  0.035698320214017  0.009061716050824  0.081899587741148  0.022436632978491  0.015766431778823  0.000000000000000  0.007188966020507  0.026644840367749  0.286379474494939  0.099580012035698  0.029462016747445  0.001659541013943  0.031928752584822  1.000000000000000  0.000000000000000  0.000000000000000  0.000000000000000  0.000000000000000  0.000000000000000  1.000000000000000  0.007588339808919  1.000000000000000  0.488354264481114 
99.0    V  0.000000000000000  0.022860487823505  0.000000000000000  0.000000000000000  0.007609408347994  0.012335841979696  0.018620040227719  0.399980064166376  0.000000000000000  0.046941247716904  0.006465600125611  0.000000000000000  0.000000000000000  0.000000000000000  0.000000000000000  0.000000000000000  0.100342173589494  0.384751805040216  0.000000000000000  0.000000000000000  1.000000000000000  0.000000000000000  0.000000000000000  0.000000000000000  0.000000000000000  0.000000000000000  1.000000000000000  0.007588339808919  1.000000000000000  0.488354264481114 
100.0    T  0.007129417879246  0.047006367230897  0.042452696392155  0.013111713079790  0.010423618513108  0.000000000000000  0.000000000000000  0.022312562182579  0.000000000000000  0.021152910610195  0.000000000000000  0.021612353578296  0.010503398391817  0.004271622880799  0.006891338790603  0.011833330592789  0.699792932797598  0.081390261848064  0.000000000000000  0.000000000000000  0.996540262827868  0.003448058579260  0.000342882049741  0.212715932376635  0.787307976569203  0.640823962080096  0.358986127655859  0.007588339808919  0.490049707670935  0.488354264481114 
101.0    L  0.244346441602701  0.021359178936591  0.004616451355212  0.057312752700292  0.038154578520910  0.025382887386132  0.026205255763779  0.027661055143111  0.036372704200067  0.084085450532614  0.042866665268456  0.005065779510356  0.000000000000000  0.039010329653175  0.095259051896236  0.117766409238101  0.057114465639338  0.017579038823263  0.005365766536834  0.054522669110672  0.995849753094458  0.000000000000000  0.004449935067274  1.000000000000000  0.000000000000000  0.711038705293637  0.288971676638700  0.007720981652349  0.497924876547229  0.484980955170867 
102.0    Q  0.045594385757505  0.017886315009354  0.002812365856474  0.012612516789137  0.074531804520664  0.024298313621330  0.002531134698112  0.131123665946868  0.065880713955671  0.115582909764212  0.016493026838093  0.018517074545962  0.003452841918217  0.072192861534599  0.072594295745358  0.046391361582158  0.134250558952516  0.024843289092155  0.048934643516034  0.069444295540943  1.000000000000000  0.000000000000000  0.000288728271544  0.000000000000000  0.000000000000000  0.883927531063671  0.116306207212877  0.007780076196050  1.000000000000000  0.492092011016900 
103.0    G  0.111568371434122  0.005414335490822  0.016921485086343  0.002211130668185  0.000000000000000  0.773246337455317  0.000000000000000  0.000000000000000  0.007877753553864  0.006910472151028  0.000000000000000  0.002394599336041  0.000000000000000  0.009017854824350  0.014111351721122  0.050485048600601  0.000000000000000  0.000000000000000  0.000000000000000  0.000000000000000  0.995849753094458  0.004227440017679  0.000000000000000  0.303338390062173  0.696888619343735  0.000000000000000  1.000000000000000  0.007737053686977  0.493458272942921  0.499653546495226 
104.0    R  0.028716027608720  0.001697938593926  0.006560402288626  0.000000000000000  0.000000000000000  0.006070369287375  0.055207190717592  0.004762715211236  0.019249969897590  0.000000000000000  0.015625000000000  0.025400487562010  0.000000000000000  0.121581868426536  0.672683604260913  0.022158438057492  0.014467906601989  0.000000000000000  0.000000000000000  0.005949565389466  1.000000000000000  0.000000000000000  0.000000000000000  0.500000000000000  0.500000000000000  0.564873607285062  0.435275281648062  0.007737053686977  0.500000000000000  0.499653546495226 
105.0    T  0.031445556984306  0.002783276590134  0.084494427064258  0.244346441602701  0.027834153143959  0.012048522073500  0.042600081477578  0.006834255975827  0.073556671076173  0.091568804663209  0.022797192878753  0.049275010878517  0.000000000000000  0.084729020425000  0.050345268190547  0.038048938083218  0.050555084272609  0.047695600280017  0.003484095778985  0.035451733904249  0.999307092990453  0.000374174794973  0.000000000000000  0.055552667572911  0.944747040997206  0.000000000000000  1.000000000000000  0.007720981652349  0.500000000000000  0.500000000000000 
106.0    M  0.047202268298838  0.008566965535843  0.005143620789294  0.008765183441644  0.020645912588410  0.016968466505036  0.003577084712571  0.234880687303503  0.060664654360597  0.101884041550328  0.203909373334752  0.010746420454217  0.000000000000000  0.021838233935173  0.005543450610158  0.033008925792246  0.087231922757635  0.072997962163320  0.002895443378521  0.053586002289636  0.996540262827868  0.002756398131658  0.000705043552501  0.500000000000000  0.500000000000000  0.000000000000000  1.000000000000000  0.007720981652349  0.497924876547229  0.500000000000000 
107.0    L  0.015103220266640  0.013030172559765  0.002177668395953  0.000000000000000  0.012691443693066  0.004762715211236  0.003314483991039  0.369590607818461  0.000000000000000  0.456915725114700  0.039940605100095  0.028086097706595  0.000000000000000  0.000000000000000  0.000000000000000  0.000000000000000  0.004471578752339  0.032826392000336  0.000000000000000  0.017181502333040  0.972654947412286  0.000000000000000  0.027603595358796  0.000000000000000  0.000000000000000  0.000000000000000  1.000000000000000  0.007720981652349  1.000000000000000  0.498961359499525 
108.0    E  0.037655384843587  0.007334935525902  0.044873265956982  0.179617522068008  0.009591685030586  0.020948634243443  0.010173782731008  0.019998006466317  0.142299253634360  0.150830489965095  0.051012690384431  0.018542762463383  0.006564951189323  0.091252000665908  0.086090627898946  0.018788582014034  0.064838746035351  0.019037660369925  0.002319452472800  0.018211581220852  0.984184022033800  0.000000000000000  0.015832139064986  0.000000000000000  0.000000000000000  0.000000000000000  1.000000000000000  0.007888682012474  1.000000000000000  0.436786447958347 
109.0    R  0.042511589137686  0.000000000000000  0.090058109302370  0.100411749594629  0.049859077488065  0.007593601468604  0.053215856734309  0.017253106986923  0.113125807860363  0.056916864599499  0.044718016250716  0.044224817510208  0.005373210227108  0.078617810739751  0.123450107680672  0.055977854380678  0.053697547184199  0.006698250286204  0.005474716597972  0.050765774772265  0.996540262827868  0.000710932396972  0.002897451042658  0.049997508020797  0.950000382874886  0.000000000000000  1.000000000000000  0.008166875782853  0.500000000000000  0.412652704256329 
110.0    A  0.260977981855430  0.022639721164920  0.018879966302968  0.007314626933082  0.000000000000000  0.007641120886307  0.000000000000000  0.043949787497285  0.000000000000000  0.096254646779509  0.034007576302213  0.000000000000000  0.000000000000000  0.000000000000000  0.011469926844016  0.064390872101255  0.340328529124868  0.092205716067677  0.000000000000000  0.000000000000000  0.991716730738293  0.000000000000000  0.008212288352248  0.000000000000000  0.000000000000000  0.064079202368037  0.935623497831400  0.008172538592129  1.000000000000000  0.408951029278891 
111.0    K  0.061298687749284  0.017566858184041  0.002324280656849  0.053548872173036  0.003144398975083  0.000000000000000  0.006801176275751  0.225156494961982  0.215535886254399  0.069060280299994  0.030798416779355  0.022390025787080  0.006820059305733  0.029036271070341  0.123364568235730  0.049309177553279  0.021477948368313  0.056562903930182  0.001594146574513  0.004140440560146  0.991029563264079  0.005730989625654  0.003501041795193  0.426022047537433  0.573951206927501  0.711038705293637  0.288771446138396  0.008402299925448  0.473685035299634  0.395842932935636 
112.0    A  0.074325444687670  0.002787137706480  0.137071448573487  0.214492632607173  0.003037289202666  0.016723260912916  0.010694404789780  0.010026764824710  0.115103212150630  0.024080347136200  0.010047636589302  0.068298608693810  0.000000000000000  0.078726873746712  0.095127086302460  0.071446145963377  0.050485048600601  0.014578640492763  0.003007957711860  0.000000000000000  0.993781093322555  0.003812624065532  0.002300239823428  1.000000000000000  0.000000000000000  0.805524291048750  0.194251817196012  0.008116086744513  0.480297431976738  0.450937689191125 
113.0    F  0.045975210807992  0.006982696580912  0.004886441719192  0.045310838527464  0.098550021757035  0.001988642968290  0.026424133980547  0.114864110434881  0.067032288551121  0.193579756963305  0.032017400719775  0.005122273493030  0.004058043372257  0.011210543239115  0.043646204139606  0.014318260073052  0.023115429832013  0.070756181381917  0.076256281892014  0.113912660079643  0.995849753094458  0.000374434243084  0.003515632538256  0.090936292727172  0.908778116448520  0.617281303446769  0.382624192455667  0.008037708655419  0.499653546495226  0.475659138165900 
114.0    V  0.163232473386115  0.021329589341956  0.002622211919493  0.014189819026899  0.027469986278493  0.002094759017223  0.000000000000000  0.328052813647990  0.000000000000000  0.153573372555706  0.008263679403269  0.002927733597179  0.000000000000000  0.002361632179362  0.000000000000000  0.013239569296033  0.019383864026803  0.241316756217939  0.000000000000000  0.000000000000000  0.992404374685819  0.005616939581433  0.001833733881475  1.000000000000000  0.000000000000000  0.857970530428691  0.142200653484063  0.008009900296005  0.475329550614909  0.479632059662632 
115.0    E  0.038154578520910  0.002182201441547  0.023067412588794  0.473685035299634  0.000000000000000  0.012682649702770  0.044873265956982  0.012284645189693  0.112344390826379  0.016723260912916  0.004490214250135  0.073556671076173  0.001965347311519  0.042659178683911  0.056956330039821  0.044966674375338  0.025277542136304  0.008460742543171  0.000000000000000  0.005675644724888  0.974004268543241  0.020789516266886  0.004999501616579  0.143189737247470  0.856781954768570  0.655651007107824  0.344123900397674  0.008127345832203  0.458502021602336  0.491751037013124 
116.0    A  0.104241380478121  0.003045722041450  0.073914437515259  0.211979991158287  0.000000000000000  0.036574957546081  0.007817917089551  0.001760254809787  0.093817443594648  0.006202218210404  0.006702894768974  0.118585539392557  0.026552656223083  0.048294409352999  0.063592480756418  0.138024855895387  0.045879707376066  0.009992074853730  0.000000000000000  0.002944013495231  0.973329374158238  0.011469926844016  0.014957366534302  0.479299719246488  0.520871714504111  0.270556161131429  0.729510172120088  0.007905103133023  0.442270217665770  0.478304079045937 
117.0    L  0.045657636829552  0.007243988644027  0.006284440397984  0.086629367853151  0.032217759962337  0.028996046139728  0.058112808913323  0.054674047806614  0.105623298051564  0.147726443366796  0.071694189014135  0.089746531913965  0.000000000000000  0.028183605574445  0.099304300012013  0.037317599596081  0.035896823593657  0.038473262917029  0.008765183441644  0.017493951385222  0.997922718999051  0.001961264732889  0.000000000000000  0.594603557501361  0.405563577788521  0.118339203904589  0.881480157907170  0.008172538592129  0.491410299272626  0.452189688780544 
118.0    S  0.015103220266640  0.018440224114628  0.036549614501623  0.006815333638834  0.082126976696836  0.347238783941278  0.002064488360471  0.020688889224928  0.022908074331081  0.028895727441053  0.017074652173452  0.081559684230560  0.022250784306204  0.014874654820274  0.006341324851385  0.084085450532614  0.029935475569459  0.031884520601514  0.031554728049896  0.099718154976129  0.633756261017212  0.000456847411050  0.365767805176082  1.000000000000000  0.000000000000000  0.054033576956742  0.946057646725596  0.008021012075937  0.498615625676035  0.457866843209063 
119.0    P  0.103736823198748  0.033400187225344  0.044842172956459  0.034386831542692  0.036880448229256  0.111259466656562  0.014823192424070  0.032396909406866  0.054183597719668  0.063372467486877  0.009645020366356  0.128336193215000  0.149477474597016  0.035550163371016  0.024946824573645  0.029894004940371  0.017253106986923  0.025190088484155  0.000000000000000  0.050485048600601  0.811127155577043  0.062630100317477  0.126394010106413  0.371388230165207  0.628506687260914  0.090433430366908  0.909408251800733  0.004985659253238  0.437392382452911  0.185822873053877 
120.0    A  0.073200636326176  0.006241030597259  0.097937148368668  0.195738574064136  0.004295375583260  0.110951417158687  0.005609158244623  0.005463344073197  0.063813257856700  0.003914381269842  0.006661210091937  0.050415109951383  0.003377098559796  0.035550163371016  0.122597375498569  0.052921582022658  0.061171353149840  0.007144258511718  0.090621677054928  0.002300239823428  0.893785162356787  0.088818252698835  0.017530366883289  0.389312345530831  0.610896550836750  0.080772051914843  0.918912883479050  0.005659930291230  0.370359949505080  0.170636714735646 
121.0    D  0.040610595701733  0.002162626141571  0.060245612983790  0.073353011142585  0.057312752700292  0.081221191403465  0.024757337841405  0.023211764385325  0.055437269072009  0.023340835267380  0.005339794734148  0.053586002289636  0.130942015887475  0.028815722434770  0.057631444869539  0.038767728053606  0.023211764385325  0.094404536597677  0.012149156810665  0.113439894414645  0.919550046151658  0.074790560201920  0.005597506446770  0.192776353175993  0.807201074504765  0.853226098112067  0.146604368653985  0.004903406215948  0.417254640577705  0.179742066605870 
122.0    L  0.061511501377113  0.014052786127309  0.003927971017182  0.005108091205222  0.111105335145821  0.011638105180646  0.013248749447393  0.096187951260054  0.011446100582901  0.409234590795402  0.028735938942239  0.000000000000000  0.002381357605618  0.001890521536902  0.003728988336483  0.002485927607961  0.001996930723848  0.102096123888753  0.009512234520805  0.109803808529795  0.953959550547558  0.019942637012952  0.026314467300263  0.271872097713721  0.727994774499543  0.914465089499901  0.085436715746363  0.004322255285517  0.478635729097649  0.424548123223420 
123.0    Q  0.021868529149925  0.018453010334836  0.041521431690516  0.216134307826966  0.009992074853730  0.032106294980593  0.044102370106522  0.013820944302055  0.096991356784357  0.014905617977306  0.006730829372750  0.079604842207906  0.012208248127692  0.111336612575835  0.091125586176036  0.067171823303469  0.062154385542076  0.050310383601320  0.000000000000000  0.009505643426829  0.974004268543241  0.000000000000000  0.025808677029241  1.000000000000000  0.000000000000000  0.470739232270603  0.529242197437566  0.006881791985367  0.499307333050514  0.480630464194381 
124.0    A  0.068726009332159  0.002355093413459  0.012404436420807  0.053772039413215  0.014130927774392  0.015420571029466  0.018749552849581  0.081052472165688  0.044439919080852  0.061001985048514  0.009258537272981  0.024046987815013  0.018697640050480  0.019640833976904  0.027073026762503  0.028438713252528  0.018723578458428  0.459456441739525  0.003559770627489  0.019183370061173  0.986232704493359  0.007556846325109  0.006180760165511  0.259354984141403  0.740719899010160  0.414947292794991  0.585199320737295  0.007094909513449  0.484980955170867  0.469435873657726 
125.0    L  0.042217940141739  0.000000000000000  0.074273944066058  0.014864348067684  0.012770864507629  0.000000000000000  0.003754925501519  0.360732171715407  0.017169597149639  0.171585553906864  0.008519591661447  0.016470178488918  0.000000000000000  0.000000000000000  0.007350203964951  0.003604462861929  0.014298424501999  0.245024853835468  0.000000000000000  0.007380836257791  0.986916545885842  0.000000000000000  0.013202912256446  0.000000000000000  0.000000000000000  0.131487722400484  0.868742185150623  0.006886563733650  1.000000000000000  0.472701058375372 
126.0    A  0.024705909893873  0.080996310339583  0.000000000000000  0.003799433388329  0.078291527414008  0.002343694106198  0.015517070241204  0.023765293019391  0.003969023996069  0.083158065067543  0.003634568975402  0.016816251949747  0.002443220859596  0.053068515402927  0.000000000000000  0.021732530807969  0.017361073885236  0.041463910643661  0.000000000000000  0.527045711645369  0.982820598545251  0.006905683836435  0.010554485035435  0.527411158534031  0.472701058375372  0.743806881217253  0.256316809472148  0.004606861688520  0.479964630519454  0.461371246326899 
127.0    P  0.039582320428851  0.019846109102169  0.002112255397429  0.000000000000000  0.000000000000000  0.595015848153338  0.034506213973847  0.020660228205353  0.024774504269071  0.035896823593657  0.014720801154763  0.029400815859806  0.067125279476258  0.030458738465361  0.004352318948513  0.056484545421943  0.007556846325109  0.013148116910709  0.000000000000000  0.004483993804121  0.973329374158238  0.014978116226453  0.011719054603795  0.637280313659631  0.362738051958545  0.741233504901418  0.258816230960344  0.009150079540772  0.435275281648062  0.456915725114700 
128.0    T  0.032061817041786  0.007411596212035  0.560583039014254  0.032419373017675  0.021433332634228  0.016816251949747  0.013517760790390  0.015367219906660  0.019276674528273  0.023864335905636  0.002895443378521  0.108668070011253  0.008974205898414  0.022577037467555  0.034626010870779  0.004004950148002  0.062543336716411  0.007845058931554  0.000000000000000  0.004989116246857  0.993781093322555  0.003601965304346  0.002831927407967  1.000000000000000  0.000000000000000  0.310572070446110  0.689202576487815  0.005719084749788  0.493116352246680  0.463294030945185 
129.0    P  0.036651092163496  0.005062269396224  0.003601965304346  0.021477948368313  0.003634568975402  0.008578850107711  0.000000000000000  0.010576455305097  0.006698250286204  0.019709022012988  0.004726539411013  0.012199788946990  0.078672323344054  0.011940441568478  0.015755507107728  0.021463066147338  0.730016005327261  0.009112104451472  0.000000000000000  0.000000000000000  0.967276329613932  0.023930593704600  0.008826150113829  0.450000964896756  0.549808074657276  0.328052813647990  0.672217497076313  0.006011746953753  0.452503231441453  0.470413053756894 
130.0    N  0.021853376292788  0.000000000000000  0.768437590644006  0.009252121967607  0.020221025851295  0.004058043372257  0.000000000000000  0.031185084968720  0.002913562552132  0.026886019706607  0.005086891365504  0.007021524426649  0.010828670981644  0.002909526295162  0.007036140467562  0.016642315678022  0.017409275794052  0.041926319527571  0.002212663838468  0.004218658436847  0.764188260382583  0.004166350706374  0.231647015472593  1.000000000000000  0.000000000000000  0.165740720037332  0.834509281155409  0.009479324689443  0.495514781632040  0.445964259710046 
131.0    T  0.015155654849090  0.000000000000000  0.023963791557392  0.006992383366625  0.004822510183178  0.166777896209721  0.000000000000000  0.009459633468364  0.010459806695144  0.024603374267788  0.000000000000000  0.006578616825066  0.028047189083352  0.000000000000000  0.000000000000000  0.655651007107824  0.022545760732213  0.011033237534256  0.000000000000000  0.013820944302055  0.549046406893525  0.009638337264137  0.441045682598588  1.000000000000000  0.000000000000000  0.049583365199446  0.950659101229818  0.014812921330135  0.490389501994276  0.254017535748425 
132.0    W  0.064212589961185  0.020404059173264  0.021359178936591  0.000000000000000  0.000000000000000  0.062025273417864  0.000000000000000  0.462331639056850  0.000000000000000  0.023683071351725  0.120074357994185  0.000000000000000  0.078020659306351  0.000000000000000  0.000000000000000  0.015942260300757  0.053772039413215  0.056916864599499  0.021270533070304  0.000000000000000  0.965267024871757  0.000000000000000  0.035012162943568  1.000000000000000  0.000000000000000  0.046359216682535  0.953959550547558  0.028144561870248  0.496202187342909  0.212126975426474 
133.0    A  0.254546299941155  0.000000000000000  0.000000000000000  0.000000000000000  0.000000000000000  0.057193698007996  0.064123634083571  0.000000000000000  0.000000000000000  0.189333289484622  0.000000000000000  0.000000000000000  0.000000000000000  0.000000000000000  0.000000000000000  0.000000000000000  0.022219959540426  0.114784520287615  0.229887511537915  0.067873866020143  1.000000000000000  0.000000000000000  0.000000000000000  0.000000000000000  0.000000000000000  0.963261894020148  0.036752851571593  0.038234001285371  1.000000000000000  0.219303387183206 
134.0    P  0.098823639575493  0.000000000000000  0.136786712657592  0.078726873746712  0.010813669656652  0.043949787497285  0.022066475068512  0.037759932605936  0.000000000000000  0.062068280964815  0.011866185076676  0.060203868376259  0.091695834010458  0.061982295671143  0.005229903347572  0.076415017355754  0.140340177759201  0.032441852204471  0.000000000000000  0.028835702895431  0.987600861445373  0.000000000000000  0.012534080724258  0.000000000000000  0.000000000000000  0.564091068728256  0.435879119768531  0.034891030061955  1.000000000000000  0.486327473706143 
135.0    L  0.125347054487635  0.089622203000989  0.042836962655616  0.005995101937503  0.081503170953660  0.052556025953357  0.094666644742311  0.022005378545501  0.025137761591935  0.058638824781292  0.011367036590897  0.000000000000000  0.022813000166477  0.054108535344979  0.125869443757090  0.039445376003504  0.040723348417603  0.059581159080510  0.000000000000000  0.047894373756493  0.929804942613162  0.044071811265137  0.025988190574216  0.598739352309464  0.401368694357977  0.350624812660600  0.649319301364942  0.035060733766578  0.479299719246488  0.490729531926740 
136.0    N  0.070462525759089  0.017542522219900  0.102663837594008  0.071495685825238  0.012216713173884  0.059251685320540  0.042985681816867  0.025120343460723  0.072393300387165  0.047366142703450  0.033702513490452  0.084494427064258  0.037707622491274  0.027680234971949  0.043164826504496  0.102166916061035  0.034674046002120  0.105769824575036  0.000000000000000  0.009271381231692  0.954621014139717  0.021792869786725  0.023880883136956  1.000000000000000  0.000000000000000  0.349654020684615  0.650220073274240  0.035206850890540  0.489031736723670  0.480963727332387 
137.0    P  0.049617745683228  0.000000000000000  0.034891030061955  0.076946525834057  0.000000000000000  0.089188406607367  0.025755065154789  0.000000000000000  0.015690117863109  0.036246864203295  0.005444442338623  0.011485838565539  0.484980955170867  0.045342256494818  0.018504243935213  0.037629293163482  0.031752191968553  0.008561029425373  0.000000000000000  0.027872766231878  0.931740429304773  0.042836962655616  0.025541729015259  0.557483109363849  0.442576882289773  0.540737381741809  0.459138081150462  0.035946621667206  0.474671060475260  0.476649272644080 
138.0    E  0.067920928907879  0.000000000000000  0.360482217865056  0.131852789633508  0.000000000000000  0.110490941382959  0.016435965300061  0.000000000000000  0.009772883438385  0.030606884299591  0.000000000000000  0.110951417158687  0.064704057740086  0.009472756398920  0.007345110957103  0.039940605100095  0.033215489823705  0.000000000000000  0.000000000000000  0.006934463572418  0.967276329613932  0.032441852204471  0.000000000000000  0.726986258660155  0.273005136436413  0.799405830352472  0.200684347178988  0.042335155546418  0.484644908467533  0.479632059662632 
139.0    G  0.343647173893007  0.006992383366625  0.017542522219900  0.025172634095273  0.041926319527571  0.210078438058320  0.012174446557195  0.000000000000000  0.040302132832996  0.000000000000000  0.015614173327976  0.022608357591727  0.080940187428402  0.016379101179952  0.000000000000000  0.024130472909118  0.007026393063654  0.062456693311903  0.000000000000000  0.073149915092162  0.848507901705896  0.151564102382717  0.000000000000000  0.464902471306581  0.535144349213312  0.000000000000000  1.000000000000000  0.040695130924032  0.434672280045011  0.497924876547229 
140.0    R  0.044625124365158  0.014578640492763  0.005941323254848  0.079604842207906  0.000000000000000  0.033749267494778  0.038419964601706  0.017086491523197  0.054787857582252  0.000000000000000  0.000000000000000  0.034578042284134  0.026387527731993  0.018893057434896  0.199298119135134  0.374490233606046  0.043767385027725  0.000000000000000  0.000000000000000  0.013773127467300  1.000000000000000  0.000000000000000  0.000000000000000  0.000000000000000  0.000000000000000  0.000000000000000  1.000000000000000  0.049928244778072  1.000000000000000  0.497924876547229 
141.0    L  0.046423528770651  0.000000000000000  0.000000000000000  0.000000000000000  0.434070113800521  0.000000000000000  0.000000000000000  0.025050791543731  0.000000000000000  0.197784325296362  0.089374061647606  0.008578850107711  0.022421086478230  0.000000000000000  0.000000000000000  0.000000000000000  0.000000000000000  0.176287245060549  0.000000000000000  0.000000000000000  1.000000000000000  0.000000000000000  0.000000000000000  0.099995016041594  0.900001929793512  1.000000000000000  0.000000000000000  0.049928244778072  0.497924876547229  0.497924876547229 
142.0    R  0.000000000000000  0.000000000000000  0.027450952132449  0.026424133980547  0.000000000000000  0.000000000000000  0.027699428099840  0.006288797950165  0.258278596921033  0.000000000000000  0.020095273178603  0.033400187225344  0.000000000000000  0.071843428002167  0.434973676354325  0.060412881066561  0.033100572958871  0.000000000000000  0.000000000000000  0.000000000000000  1.000000000000000  0.000000000000000  0.000000000000000  0.000000000000000  0.000000000000000  0.000000000000000  0.000000000000000  0.049172652834598  1.000000000000000  1.000000000000000 
143.0    V  0.015124172295215  0.015145153389610  0.000000000000000  0.000000000000000  0.000000000000000  0.000000000000000  0.000000000000000  0.089436032501432  0.000000000000000  0.000000000000000  0.000000000000000  0.000000000000000  0.016550286479436  0.000000000000000  0.008704637897026  0.000000000000000  0.012859692894980  0.842062953608416  0.000000000000000  0.000000000000000  1.000000000000000  0.000000000000000  0.000000000000000  1.000000000000000  0.000000000000000  0.000000000000000  0.000000000000000  0.049172652834598  1.000000000000000  1.000000000000000 
