No:  residues  hmm_col_1  hmm_col_2  hmm_col_3  hmm_col_4  hmm_col_5  hmm_col_6  hmm_col_7  hmm_col_8  hmm_col_9  hmm_col_10  hmm_col_11  hmm_col_12  hmm_col_13  hmm_col_14  hmm_col_15  hmm_col_16  hmm_col_17  hmm_col_18  hmm_col_19  hmm_col_20  hmm_col_21   hmm_col_22   hmm_col_23   hmm_col_24   hmm_col_25   hmm_col_26   hmm_col_27   hmm_col_28   hmm_col_29   hmm_col_30   
1.0    M  0.004465384122711  0.000000000000000  0.000000000000000  0.013489680602725  0.000000000000000  0.000000000000000  0.000000000000000  0.038075320739850  0.000000000000000  0.000000000000000  0.916368644675351  0.000000000000000  0.000000000000000  0.000000000000000  0.027737854289672  0.000000000000000  0.000000000000000  0.000000000000000  0.000000000000000  0.000000000000000  1.000000000000000  0.000000000000000  0.000000000000000  1.000000000000000  0.000000000000000  0.000000000000000  0.000000000000000  0.143388378028271  0.494142825750366  1.000000000000000 
2.0    G  0.012994095287108  0.000000000000000  0.004239177233913  0.004999501616579  0.000000000000000  0.963261894020148  0.000000000000000  0.000000000000000  0.000000000000000  0.000000000000000  0.004832548744872  0.000000000000000  0.000000000000000  0.000000000000000  0.009725579963923  0.000000000000000  0.000000000000000  0.000000000000000  0.000000000000000  0.000000000000000  0.977385766410805  0.000000000000000  0.022483337187669  0.000000000000000  0.000000000000000  0.000000000000000  0.000000000000000  0.142299253634360  1.000000000000000  1.000000000000000 
3.0    A  0.829319545814442  0.004961527275542  0.000000000000000  0.000000000000000  0.000000000000000  0.033772668813730  0.000000000000000  0.000000000000000  0.000000000000000  0.000000000000000  0.000000000000000  0.039857637239955  0.000000000000000  0.000000000000000  0.000000000000000  0.071051060827251  0.000000000000000  0.021094343517543  0.000000000000000  0.000000000000000  1.000000000000000  0.000000000000000  0.000000000000000  0.000000000000000  0.000000000000000  1.000000000000000  0.000000000000000  0.147624082678691  1.000000000000000  0.491751037013124 
4.0    R  0.024365776331604  0.000000000000000  0.000000000000000  0.033377044001495  0.000000000000000  0.151984910397887  0.000000000000000  0.003708367659963  0.031686233743438  0.036600318163088  0.000000000000000  0.000000000000000  0.012886461697033  0.000000000000000  0.668500247702567  0.037136972033029  0.000000000000000  0.000000000000000  0.000000000000000  0.000000000000000  0.995159721820083  0.004779250160671  0.000000000000000  1.000000000000000  0.000000000000000  0.000000000000000  0.000000000000000  0.142003658098336  0.499307333050514  1.000000000000000 
5.0    A  0.655196701929182  0.000000000000000  0.000000000000000  0.000000000000000  0.000000000000000  0.026774436086518  0.036347501298370  0.000000000000000  0.000000000000000  0.000000000000000  0.000000000000000  0.113439894414645  0.007045901393611  0.026941985781800  0.013322420183874  0.029360085912938  0.075102253095428  0.016550286479436  0.000000000000000  0.000000000000000  0.995159721820083  0.004930672000438  0.000000000000000  0.365261094636419  0.634635443009902  0.000000000000000  0.000000000000000  0.142003658098336  0.497235084336607  1.000000000000000 
6.0    S  0.048765342510856  0.000000000000000  0.000000000000000  0.022005378545501  0.009368280576493  0.027280237222930  0.000000000000000  0.012717862266726  0.000000000000000  0.000000000000000  0.000000000000000  0.000000000000000  0.002645947221651  0.000000000000000  0.000000000000000  0.877213548732822  0.000000000000000  0.000000000000000  0.000000000000000  0.000000000000000  1.000000000000000  0.000000000000000  0.000000000000000  0.000000000000000  0.000000000000000  0.000000000000000  1.000000000000000  0.141905262768258  1.000000000000000  0.498615625676035 
7.0    V  0.094469995519764  0.000000000000000  0.000000000000000  0.018879966302968  0.000000000000000  0.037369368649254  0.000000000000000  0.213750544472993  0.012709049970814  0.044811101500495  0.000000000000000  0.000000000000000  0.000000000000000  0.000000000000000  0.000000000000000  0.035402621415494  0.021657341963288  0.520871714504111  0.000000000000000  0.000000000000000  0.866336856400087  0.127626515713399  0.005999258866024  1.000000000000000  0.000000000000000  1.000000000000000  0.000000000000000  0.142102121654502  0.450000964896756  0.498615625676035 
8.0    L  0.000000000000000  0.000000000000000  0.000000000000000  0.000000000000000  0.011751591807724  0.000000000000000  0.000000000000000  0.049138580758771  0.000000000000000  0.878430468238362  0.016676958406874  0.000000000000000  0.000000000000000  0.000000000000000  0.007683609953330  0.000000000000000  0.000000000000000  0.030060232958274  0.000000000000000  0.006569503244170  1.000000000000000  0.000000000000000  0.000000000000000  0.000000000000000  0.000000000000000  0.000000000000000  1.000000000000000  0.142595464483553  1.000000000000000  0.498615625676035 
9.0    S  0.036221748497014  0.002348572751754  0.039857637239955  0.000000000000000  0.000000000000000  0.044132950137024  0.000000000000000  0.036046425158126  0.051296350550656  0.016921485086343  0.004032806779231  0.017373111836205  0.000000000000000  0.000000000000000  0.191312096227833  0.442270217665770  0.118339203904589  0.000000000000000  0.000000000000000  0.000000000000000  1.000000000000000  0.000000000000000  0.000000000000000  0.500000000000000  0.500000000000000  1.000000000000000  0.000000000000000  0.142892291926755  0.498615625676035  0.498615625676035 
10.0    G  0.005520443921417  0.006555856539895  0.000000000000000  0.000000000000000  0.000000000000000  0.837987134667949  0.000000000000000  0.000000000000000  0.026078415036107  0.000000000000000  0.000000000000000  0.000000000000000  0.057154068093744  0.000000000000000  0.063460381304339  0.000000000000000  0.000000000000000  0.000000000000000  0.003133520181064  0.000000000000000  1.000000000000000  0.000000000000000  0.000000000000000  0.000000000000000  0.000000000000000  0.000000000000000  0.000000000000000  0.143289023216047  1.000000000000000  1.000000000000000 
11.0    G  0.062326953209504  0.000000000000000  0.020123150461091  0.143985955293670  0.000000000000000  0.537747195228689  0.017289021142067  0.000000000000000  0.089808761034004  0.000000000000000  0.000000000000000  0.000000000000000  0.000000000000000  0.013499034178129  0.051083458030518  0.027603595358796  0.036701936600427  0.000000000000000  0.000000000000000  0.000000000000000  0.991716730738293  0.000000000000000  0.007982188146205  0.000000000000000  0.000000000000000  0.000000000000000  0.000000000000000  0.142003658098336  1.000000000000000  1.000000000000000 
12.0    E  0.028419007868773  0.000000000000000  0.016607744911852  0.132035703168982  0.000000000000000  0.000000000000000  0.000000000000000  0.049583365199446  0.607939641591549  0.021138253610161  0.000000000000000  0.006040987011370  0.000000000000000  0.043404847992660  0.029217974929733  0.013212066990274  0.034315400430845  0.018224208902945  0.000000000000000  0.000000000000000  0.988285651500733  0.000000000000000  0.011485838565539  0.000000000000000  0.000000000000000  0.000000000000000  1.000000000000000  0.138312169136534  1.000000000000000  0.497924876547229 
13.0    L  0.043075161030488  0.036297147872679  0.000000000000000  0.013744516811288  0.016120049676584  0.000000000000000  0.000000000000000  0.024964122389036  0.007350203964951  0.820741608810498  0.000000000000000  0.000000000000000  0.000000000000000  0.000000000000000  0.000000000000000  0.000000000000000  0.000000000000000  0.037917298757772  0.000000000000000  0.000000000000000  0.997922718999051  0.000000000000000  0.002017801538446  0.000000000000000  0.000000000000000  1.000000000000000  0.000000000000000  0.138216331665034  1.000000000000000  0.494828328207603 
14.0    D  0.000000000000000  0.000000000000000  0.740206649000025  0.089188406607367  0.000000000000000  0.007987722895390  0.000000000000000  0.000000000000000  0.064079202368037  0.000000000000000  0.000000000000000  0.057193698007996  0.000000000000000  0.004030012419146  0.027185854772145  0.006363340336486  0.000000000000000  0.000000000000000  0.000000000000000  0.003936147501604  0.991029563264079  0.004030012419146  0.005255340658288  0.398044049389390  0.602068690615708  0.000000000000000  1.000000000000000  0.141120550600766  0.499307333050514  0.500000000000000 
15.0    R  0.299992845593304  0.012994095287108  0.059005776196891  0.077267203807559  0.000000000000000  0.017337023001060  0.000000000000000  0.009124745270415  0.171823586946504  0.003616976650497  0.001407157957850  0.022173802440631  0.001584232725736  0.049002528379734  0.112188756333408  0.096455010941183  0.057591511637419  0.008602668735140  0.000000000000000  0.000000000000000  0.993781093322555  0.006363340336486  0.000000000000000  1.000000000000000  0.000000000000000  0.162667731930242  0.837406487508427  0.138696184008481  0.498270131413934  0.496202187342909 
16.0    W  0.000000000000000  0.000000000000000  0.000000000000000  0.000000000000000  0.100342173589494  0.049652150006007  0.000000000000000  0.000000000000000  0.000000000000000  0.126131454230585  0.012949139132625  0.000000000000000  0.000000000000000  0.000000000000000  0.007080171392714  0.000000000000000  0.000000000000000  0.000000000000000  0.663882579191219  0.039885274025905  1.000000000000000  0.000000000000000  0.000000000000000  0.000000000000000  0.000000000000000  0.000000000000000  1.000000000000000  0.139177702278586  1.000000000000000  0.497235084336607 
17.0    E  0.000000000000000  0.012709049970814  0.033585911651734  0.833353207159218  0.000000000000000  0.032826392000336  0.000000000000000  0.007932547663042  0.013003105229868  0.000000000000000  0.000000000000000  0.000000000000000  0.000000000000000  0.059954007457829  0.000000000000000  0.000000000000000  0.000000000000000  0.000000000000000  0.006420938963241  0.000000000000000  0.993781093322555  0.006385432253815  0.000000000000000  1.000000000000000  0.000000000000000  0.000000000000000  1.000000000000000  0.139951611081780  0.498615625676035  0.497235084336607 
18.0    K  0.003634568975402  0.000000000000000  0.000000000000000  0.016781319869064  0.000000000000000  0.002792939426488  0.015474107373954  0.006501552614934  0.715984370600572  0.000000000000000  0.021492840908433  0.002055920224042  0.000000000000000  0.027737854289672  0.144185700632503  0.040751585476830  0.000000000000000  0.002760221960708  0.000000000000000  0.000000000000000  1.000000000000000  0.000000000000000  0.000000000000000  1.000000000000000  0.000000000000000  0.000000000000000  1.000000000000000  0.136219014026666  0.500000000000000  0.497235084336607 
19.0    I  0.000000000000000  0.000000000000000  0.000000000000000  0.000000000000000  0.000000000000000  0.021702423996330  0.000000000000000  0.695923195915551  0.006142322594846  0.007577827424545  0.032486857349227  0.023519480428298  0.000000000000000  0.000000000000000  0.006197920649931  0.000000000000000  0.001889211581277  0.204333832122071  0.000000000000000  0.000000000000000  0.993781093322555  0.000000000000000  0.006197920649931  0.166662334636400  0.833353207159218  1.000000000000000  0.000000000000000  0.137356777197110  0.497235084336607  0.497235084336607 
20.0    R  0.016676958406874  0.000000000000000  0.000000000000000  0.021567458646822  0.000000000000000  0.022608357591727  0.020905118043533  0.006363340336486  0.052048485680034  0.000000000000000  0.000000000000000  0.000000000000000  0.012560171730362  0.012107123921237  0.787853886049346  0.023914012028479  0.000000000000000  0.000000000000000  0.013687473672924  0.009545258606824  0.988970916380931  0.011171757705951  0.000000000000000  0.130579470358029  0.869344560090022  1.000000000000000  0.000000000000000  0.135371880690741  0.495858365369147  0.498615625676035 
21.0    L  0.004038401313469  0.000000000000000  0.000000000000000  0.000000000000000  0.010474317121721  0.005009908604540  0.000000000000000  0.030713143704539  0.000000000000000  0.866336856400087  0.000000000000000  0.021762679385454  0.000000000000000  0.000000000000000  0.012958117903351  0.000000000000000  0.000000000000000  0.041263213781719  0.000000000000000  0.007299432397525  0.985549336939371  0.014258835758491  0.000000000000000  0.412652704256329  0.587230985606827  0.000000000000000  0.000000000000000  0.136881558849197  0.494142825750366  1.000000000000000 
22.0    R  0.014140725982545  0.000000000000000  0.000000000000000  0.005147187311461  0.000000000000000  0.012370091654239  0.000000000000000  0.000000000000000  0.106357966188318  0.006315006787543  0.000000000000000  0.000000000000000  0.011140825916907  0.002343694106198  0.779704842611323  0.026755883892077  0.004940935712320  0.000000000000000  0.030713143704539  0.000000000000000  1.000000000000000  0.000000000000000  0.000000000000000  0.000000000000000  0.000000000000000  0.000000000000000  0.000000000000000  0.136976470805961  1.000000000000000  1.000000000000000 
23.0    P  0.042985681816867  0.000000000000000  0.000000000000000  0.018958649378886  0.000000000000000  0.000000000000000  0.000000000000000  0.000000000000000  0.054978067245152  0.000000000000000  0.000000000000000  0.000000000000000  0.796088098778780  0.014101573866600  0.016019800592009  0.035500914524584  0.000000000000000  0.021612353578296  0.000000000000000  0.000000000000000  0.993781093322555  0.006310631075075  0.000000000000000  0.591315500122071  0.408384495555011  0.000000000000000  0.000000000000000  0.136976470805961  0.496202187342909  1.000000000000000 
24.0    G  0.000000000000000  0.000000000000000  0.020165038913309  0.018775563273857  0.000000000000000  0.746906728556171  0.000000000000000  0.000000000000000  0.041897268486885  0.000000000000000  0.003312187361848  0.029360085912938  0.001614160777645  0.000000000000000  0.078345813777543  0.009005362084366  0.022297101651842  0.028359973603661  0.000000000000000  0.000000000000000  1.000000000000000  0.000000000000000  0.000000000000000  0.000000000000000  0.000000000000000  0.000000000000000  0.000000000000000  0.141218401821265  1.000000000000000  1.000000000000000 
25.0    G  0.004140440560146  0.009413846210897  0.000000000000000  0.016584737639841  0.000000000000000  0.832775770880549  0.000000000000000  0.001927571378683  0.022908074331081  0.000000000000000  0.000000000000000  0.000000000000000  0.019316800951890  0.000000000000000  0.013285533751003  0.079549683454746  0.000000000000000  0.000000000000000  0.000000000000000  0.000000000000000  0.993781093322555  0.001638964134974  0.004876291206647  1.000000000000000  0.000000000000000  0.000000000000000  0.000000000000000  0.139660892259028  0.500000000000000  1.000000000000000 
26.0    K  0.000000000000000  0.000000000000000  0.000000000000000  0.030691862351981  0.000000000000000  0.022483337187669  0.004556052225736  0.000000000000000  0.833353207159218  0.000000000000000  0.000000000000000  0.014700407929903  0.000000000000000  0.000000000000000  0.083273426568251  0.006905683836435  0.000000000000000  0.000000000000000  0.004189518034445  0.000000000000000  1.000000000000000  0.000000000000000  0.000000000000000  0.000000000000000  0.000000000000000  1.000000000000000  0.000000000000000  0.139177702278586  1.000000000000000  0.498961359499525 
27.0    K  0.000000000000000  0.000000000000000  0.000000000000000  0.018274807250812  0.000000000000000  0.037733768483953  0.024791682599723  0.000000000000000  0.853817714391245  0.000000000000000  0.000000000000000  0.010244546986060  0.000000000000000  0.000000000000000  0.047431851655439  0.007530701622974  0.000000000000000  0.000000000000000  0.000000000000000  0.000000000000000  1.000000000000000  0.000000000000000  0.000000000000000  0.000000000000000  0.000000000000000  0.000000000000000  0.000000000000000  0.129049816935405  1.000000000000000  1.000000000000000 
28.0    K  0.037421209519342  0.049997508020797  0.000000000000000  0.000000000000000  0.000000000000000  0.004687388212395  0.069108165832517  0.000000000000000  0.544876056106664  0.000000000000000  0.000000000000000  0.015832139064986  0.000000000000000  0.135090675254919  0.087899574994570  0.002330733873109  0.049617745683228  0.000000000000000  0.000000000000000  0.002989251503560  0.995849753094458  0.003993861447695  0.000000000000000  0.378404198242395  0.621574834451970  0.000000000000000  0.000000000000000  0.129228842030996  0.497924876547229  1.000000000000000 
29.0    Y  0.000000000000000  0.024281477149502  0.000000000000000  0.000000000000000  0.054863862350595  0.000000000000000  0.000000000000000  0.013744516811288  0.016886334406865  0.000000000000000  0.002087511701584  0.000000000000000  0.000000000000000  0.000000000000000  0.002923677708579  0.002029021686128  0.002627670329144  0.000000000000000  0.000000000000000  0.880259013563151  1.000000000000000  0.000000000000000  0.000000000000000  0.000000000000000  0.000000000000000  0.000000000000000  1.000000000000000  0.129228842030996  1.000000000000000  0.500000000000000 
30.0    Q  0.006910472151028  0.004736378199460  0.009093176050017  0.004157696025208  0.000000000000000  0.043615961378818  0.002739256348911  0.033679160782615  0.204617295397701  0.030332327180298  0.188678246065070  0.003332914445750  0.000000000000000  0.084553014440642  0.363493129330078  0.011296346051139  0.000000000000000  0.000000000000000  0.001851615166267  0.007075265492327  0.993092495437036  0.007075265492327  0.000000000000000  0.579949827252717  0.420156876116641  1.000000000000000  0.000000000000000  0.129318447689864  0.495171435966512  0.500000000000000 
31.0    L  0.012413037501502  0.000000000000000  0.003199362101015  0.000000000000000  0.000000000000000  0.005277242517717  0.000000000000000  0.131032809439616  0.025612643988672  0.546010272872826  0.133693385985656  0.000000000000000  0.005013382412355  0.000000000000000  0.030416542942445  0.059995578814932  0.004530858025412  0.028795755818709  0.000000000000000  0.014229216149875  0.993092495437036  0.005277242517717  0.001386823592328  0.500000000000000  0.500000000000000  0.000000000000000  0.000000000000000  0.130670012525646  0.498961359499525  1.000000000000000 
32.0    K  0.015092755139451  0.000000000000000  0.000000000000000  0.004394759705816  0.000000000000000  0.022051185053261  0.000000000000000  0.016164805961233  0.855595025682602  0.000000000000000  0.000000000000000  0.036372704200067  0.000000000000000  0.006997231797585  0.039308905369876  0.000000000000000  0.004262749519746  0.000000000000000  0.000000000000000  0.000000000000000  0.996540262827868  0.003287029227677  0.000000000000000  0.099995016041594  0.900001929793512  0.000000000000000  1.000000000000000  0.127892183716804  0.499653546495226  0.500000000000000 
33.0    H  0.004097614560840  0.000000000000000  0.035060733766578  0.000000000000000  0.000000000000000  0.000000000000000  0.877213548732822  0.004271622880799  0.010159688644910  0.004310288047039  0.000000000000000  0.007406460665068  0.010315803445430  0.032871930600121  0.001448725521329  0.000000000000000  0.008009900296005  0.000000000000000  0.000000000000000  0.004961527275542  1.000000000000000  0.000000000000000  0.000000000000000  0.000000000000000  0.000000000000000  0.000000000000000  1.000000000000000  0.126306430810845  1.000000000000000  0.500000000000000 
34.0    I  0.000000000000000  0.000000000000000  0.000000000000000  0.011296346051139  0.016642315678022  0.000000000000000  0.001842652833780  0.256672386430000  0.004961527275542  0.566834706389211  0.000000000000000  0.000000000000000  0.002409584316034  0.016573245958878  0.000000000000000  0.000000000000000  0.011430243911753  0.102025380768863  0.000000000000000  0.009220112057314  0.986232704493359  0.013734993139247  0.000000000000000  0.368311921454120  0.631563630922900  0.000000000000000  1.000000000000000  0.123193667117421  0.494485458190466  0.500000000000000 
35.0    V  0.016042024151875  0.008555097428075  0.017193415771346  0.008015454260446  0.004638904945599  0.000000000000000  0.000000000000000  0.126218912199586  0.016356410655853  0.009433442120988  0.006447698504005  0.000000000000000  0.000000000000000  0.000000000000000  0.025050791543731  0.018440224114628  0.011430243911753  0.732042847972813  0.000000000000000  0.000000000000000  0.986916545885842  0.005754873772721  0.007583081795075  0.288571354379210  0.711531730617297  0.000000000000000  1.000000000000000  0.123792858991628  0.498270131413934  0.500000000000000 
36.0    W  0.000000000000000  0.000000000000000  0.000000000000000  0.000000000000000  0.010131559020711  0.018414678247058  0.000000000000000  0.002964490728465  0.009387781636929  0.031818287492644  0.017998244411709  0.031884520601514  0.000000000000000  0.000000000000000  0.000000000000000  0.000000000000000  0.000000000000000  0.000000000000000  0.877213548732822  0.000000000000000  1.000000000000000  0.000000000000000  0.000000000000000  0.000000000000000  0.000000000000000  0.236514411681399  0.763658748980350  0.125000000000000  1.000000000000000  0.496546247718518 
37.0    A  0.798298386356650  0.008537326086726  0.019209982300853  0.007334935525902  0.000000000000000  0.028795755818709  0.000000000000000  0.000000000000000  0.000000000000000  0.025826572442319  0.047629525948118  0.000000000000000  0.016944959513173  0.009479324689443  0.009538644630228  0.007447644885064  0.005016858628865  0.015920174947136  0.000000000000000  0.000000000000000  0.993092495437036  0.006829520471956  0.000000000000000  1.000000000000000  0.000000000000000  0.615572206672458  0.384751805040216  0.123193667117421  0.498615625676035  0.497924876547229 
38.0    S  0.058476468614463  0.027223568504446  0.000000000000000  0.000000000000000  0.000000000000000  0.056995822844986  0.000000000000000  0.004002175089972  0.036854893508163  0.000000000000000  0.000000000000000  0.002313030491902  0.004655010056930  0.014833470639852  0.024332021595677  0.674083865868528  0.007960087473568  0.044163551371335  0.044224817510208  0.000000000000000  0.998614666101029  0.001366783071870  0.000000000000000  0.538866572521835  0.461371246326899  0.000000000000000  1.000000000000000  0.125347054487635  0.499307333050514  0.500000000000000 
39.0    R  0.020645912588410  0.005065779510356  0.000000000000000  0.000000000000000  0.000000000000000  0.039719740290802  0.000000000000000  0.000000000000000  0.150725978461345  0.000000000000000  0.018866884241977  0.035158077646525  0.000000000000000  0.063548417080747  0.610473256334567  0.034674046002120  0.015367219906660  0.005754873772721  0.000000000000000  0.000000000000000  0.997231251352069  0.002997550968752  0.000000000000000  0.500000000000000  0.500000000000000  0.000000000000000  1.000000000000000  0.124740339874881  0.500000000000000  0.500000000000000 
40.0    E  0.000000000000000  0.000000000000000  0.000000000000000  0.924663278113700  0.000000000000000  0.027641888604111  0.000000000000000  0.000000000000000  0.018123432101647  0.000000000000000  0.000000000000000  0.000000000000000  0.000000000000000  0.006857982793824  0.000000000000000  0.016956708935653  0.000000000000000  0.005810991259510  0.000000000000000  0.000000000000000  0.983502074026248  0.008076802626937  0.008309630256978  1.000000000000000  0.000000000000000  0.000000000000000  1.000000000000000  0.127273149970578  0.497579860910041  0.500000000000000 
41.0    L  0.007149212250999  0.000000000000000  0.000000000000000  0.005888026990462  0.000000000000000  0.008759109984598  0.000000000000000  0.001823593642413  0.000000000000000  0.842062953608416  0.044656066866909  0.000000000000000  0.000000000000000  0.000000000000000  0.014467906601989  0.000000000000000  0.000000000000000  0.057551606075315  0.017421347167620  0.000000000000000  1.000000000000000  0.000000000000000  0.000000000000000  0.000000000000000  0.000000000000000  0.695923195915551  0.303969820795774  0.127892183716804  1.000000000000000  0.496890546661277 
42.0    E  0.013536513381251  0.000000000000000  0.161320311306472  0.667574151647954  0.000000000000000  0.049652150006007  0.000000000000000  0.000000000000000  0.049928244778072  0.000000000000000  0.000000000000000  0.012534080724258  0.000000000000000  0.021642335439233  0.004449935067274  0.015292838287460  0.000000000000000  0.004227440017679  0.000000000000000  0.000000000000000  0.991029563264079  0.008875228631146  0.000000000000000  0.500000000000000  0.500000000000000  0.000000000000000  1.000000000000000  0.127980862553555  0.491069797631696  0.500000000000000 
43.0    R  0.000000000000000  0.000000000000000  0.010280113476789  0.000000000000000  0.000000000000000  0.000000000000000  0.016345077184258  0.000000000000000  0.117603263439223  0.007731692628244  0.000000000000000  0.009361789229214  0.000000000000000  0.018958649378886  0.808881348361739  0.000000000000000  0.010694404789780  0.000000000000000  0.000000000000000  0.000000000000000  1.000000000000000  0.000000000000000  0.000000000000000  1.000000000000000  0.000000000000000  1.000000000000000  0.000000000000000  0.127008767874213  0.500000000000000  0.500000000000000 
44.0    F  0.031598502526603  0.015261070765035  0.000000000000000  0.000000000000000  0.818469181590804  0.000000000000000  0.004749528449934  0.015975445790780  0.006824788249349  0.059251685320540  0.000000000000000  0.000000000000000  0.000000000000000  0.000000000000000  0.000000000000000  0.012691443693066  0.000000000000000  0.000000000000000  0.007304493732433  0.028086097706595  0.999307092990453  0.000000000000000  0.001038703782122  0.000000000000000  0.000000000000000  0.000000000000000  0.000000000000000  0.127008767874213  1.000000000000000  1.000000000000000 
45.0    A  0.660669202829133  0.037551126547714  0.000000000000000  0.001660691718875  0.000000000000000  0.156041318612701  0.014013877494719  0.000000000000000  0.000000000000000  0.000000000000000  0.030670595745421  0.000000000000000  0.030039404012149  0.000000000000000  0.009916178797030  0.026296233821418  0.000000000000000  0.031034140482407  0.002149176971418  0.000000000000000  0.990342871933025  0.000000000000000  0.009439983151484  0.000000000000000  0.000000000000000  1.000000000000000  0.000000000000000  0.124826833262629  1.000000000000000  0.500000000000000 
46.0    V  0.015635834179103  0.038794609110191  0.000000000000000  0.000000000000000  0.012542771698687  0.007021524426649  0.000000000000000  0.088021514182005  0.000000000000000  0.613017430026578  0.008531410513638  0.000000000000000  0.003493769147588  0.000000000000000  0.000000000000000  0.019559319666469  0.007375722024611  0.150935073935812  0.000000000000000  0.035182455816774  1.000000000000000  0.000000000000000  0.000000000000000  0.000000000000000  0.000000000000000  0.000000000000000  1.000000000000000  0.125869443757090  1.000000000000000  0.495171435966512 
47.0    N  0.073454770526236  0.000000000000000  0.077053270341488  0.000000000000000  0.000000000000000  0.016142412307565  0.026479138592066  0.016075417310837  0.022939853688033  0.004733096329806  0.000000000000000  0.645728675151168  0.000000000000000  0.011710934388715  0.000000000000000  0.085259239679960  0.010258758792376  0.000000000000000  0.000000000000000  0.009978232493714  1.000000000000000  0.000000000000000  0.000000000000000  0.000000000000000  0.000000000000000  0.000000000000000  1.000000000000000  0.125956720051313  1.000000000000000  0.495171435966512 
48.0    P  0.016075417310837  0.000000000000000  0.053623158151793  0.080381092714413  0.016075417310837  0.019343598294335  0.021597378227009  0.000000000000000  0.005982648426150  0.015964376292411  0.000000000000000  0.000000000000000  0.715488260011456  0.000000000000000  0.000000000000000  0.043615961378818  0.000000000000000  0.000000000000000  0.000000000000000  0.011686607487206  1.000000000000000  0.000000000000000  0.000000000000000  0.000000000000000  0.000000000000000  0.000000000000000  1.000000000000000  0.126131454230585  1.000000000000000  0.495171435966512 
49.0    G  0.031271668358206  0.003532731943598  0.061128967090459  0.043314683926575  0.000000000000000  0.551334581534456  0.004134704667481  0.000000000000000  0.039500096826650  0.000000000000000  0.000000000000000  0.011841535675862  0.000000000000000  0.022624033943431  0.024416496255385  0.160873655912659  0.032262454233851  0.000000000000000  0.013592927386073  0.000000000000000  0.995159721820083  0.004832548744872  0.000000000000000  1.000000000000000  0.000000000000000  0.000000000000000  1.000000000000000  0.126218912199586  0.499307333050514  0.495171435966512 
50.0    L  0.044501568612408  0.000000000000000  0.013508394239185  0.000000000000000  0.004080608448688  0.017098339082199  0.002153650709119  0.000000000000000  0.000000000000000  0.891928519420093  0.000000000000000  0.000000000000000  0.012516716837338  0.000000000000000  0.014427848605147  0.000000000000000  0.000000000000000  0.000000000000000  0.000000000000000  0.000000000000000  0.989656656415207  0.010474317121721  0.000000000000000  0.500000000000000  0.500000000000000  0.000000000000000  1.000000000000000  0.126044056861824  0.492774668469685  0.495171435966512 
51.0    L  0.000000000000000  0.000000000000000  0.000000000000000  0.000000000000000  0.015964376292411  0.000000000000000  0.000000000000000  0.059995578814932  0.007314626933082  0.814507563070215  0.039445376003504  0.000000000000000  0.030905341136904  0.000000000000000  0.000000000000000  0.013955716443012  0.000000000000000  0.015527829583165  0.000000000000000  0.002598689533361  0.989656656415207  0.010474317121721  0.000000000000000  0.166662334636400  0.833353207159218  0.000000000000000  1.000000000000000  0.126218912199586  0.492774668469685  0.495171435966512 
52.0    E  0.011390698272005  0.000000000000000  0.030926770512975  0.796088098778780  0.000000000000000  0.017973310833603  0.000000000000000  0.000000000000000  0.084553014440642  0.000000000000000  0.000000000000000  0.000000000000000  0.000000000000000  0.002182201441547  0.016956708935653  0.024030325488598  0.001932923157061  0.014199658069508  0.000000000000000  0.000000000000000  1.000000000000000  0.000000000000000  0.000000000000000  0.000000000000000  0.000000000000000  0.000000000000000  1.000000000000000  0.126218912199586  1.000000000000000  0.495171435966512 
53.0    T  0.003137867174832  0.000000000000000  0.000000000000000  0.010474317121721  0.000000000000000  0.030905341136904  0.000000000000000  0.017098339082199  0.024808872841614  0.000000000000000  0.000000000000000  0.049070507417098  0.000000000000000  0.000000000000000  0.000000000000000  0.138216331665034  0.722465198961763  0.000000000000000  0.000000000000000  0.003682752093431  0.955282936382437  0.044501568612408  0.000000000000000  0.125000000000000  0.874784764905822  0.000000000000000  1.000000000000000  0.126218912199586  0.481964903870322  0.495171435966512 
54.0    S  0.386623168727659  0.000000000000000  0.030905341136904  0.027431931175297  0.000000000000000  0.022686848123498  0.000000000000000  0.017098339082199  0.107023535568307  0.003634568975402  0.000000000000000  0.000000000000000  0.014140725982545  0.038714021805747  0.005597506446770  0.235206526878447  0.071943093207985  0.017445515030978  0.000000000000000  0.021552514403548  1.000000000000000  0.000000000000000  0.000000000000000  0.000000000000000  0.000000000000000  0.000000000000000  1.000000000000000  0.126218912199586  1.000000000000000  0.495171435966512 
55.0    E  0.004900008611410  0.000000000000000  0.045405157799105  0.721464343430814  0.000000000000000  0.037085524926767  0.014680042956469  0.001847768841261  0.068156733291579  0.000000000000000  0.000000000000000  0.004762715211236  0.000000000000000  0.020039634418160  0.041206050452886  0.000000000000000  0.036246864203295  0.004224510794858  0.000000000000000  0.000000000000000  1.000000000000000  0.000000000000000  0.000000000000000  0.000000000000000  0.000000000000000  0.000000000000000  1.000000000000000  0.126218912199586  1.000000000000000  0.495171435966512 
56.0    G  0.000000000000000  0.000000000000000  0.000000000000000  0.022671128247409  0.000000000000000  0.920825697205040  0.000000000000000  0.000000000000000  0.000000000000000  0.010061575230546  0.000000000000000  0.000000000000000  0.000000000000000  0.000000000000000  0.011784219349114  0.034434534871144  0.000000000000000  0.000000000000000  0.000000000000000  0.000000000000000  1.000000000000000  0.000000000000000  0.000000000000000  0.000000000000000  0.000000000000000  0.000000000000000  1.000000000000000  0.127184961512836  1.000000000000000  0.495171435966512 
57.0    C  0.000000000000000  0.874178620410373  0.000000000000000  0.000000000000000  0.000000000000000  0.000000000000000  0.000000000000000  0.004496443325499  0.000000000000000  0.000000000000000  0.009284243008257  0.016711673248207  0.000000000000000  0.000000000000000  0.000000000000000  0.029873291174804  0.013849714049920  0.041320456410705  0.010525262319263  0.000000000000000  1.000000000000000  0.000000000000000  0.000000000000000  0.000000000000000  0.000000000000000  0.000000000000000  1.000000000000000  0.127184961512836  1.000000000000000  0.495171435966512 
58.0    R  0.019777446780786  0.000000000000000  0.029831906691866  0.069204036530268  0.000000000000000  0.001440714313557  0.004496443325499  0.003460029371494  0.271119352210766  0.031511014215456  0.001770042848178  0.013257935964155  0.000000000000000  0.312082637225403  0.192375902520108  0.019343598294335  0.007932547663042  0.008789519411631  0.010423618513108  0.002999629433012  1.000000000000000  0.000000000000000  0.000000000000000  0.000000000000000  0.000000000000000  0.000000000000000  1.000000000000000  0.126044056861824  1.000000000000000  0.495171435966512 
59.0    Q  0.000000000000000  0.000000000000000  0.004361378757744  0.012225184089633  0.000000000000000  0.000000000000000  0.038473262917029  0.000000000000000  0.219455449402380  0.000000000000000  0.000000000000000  0.004606861688520  0.019209982300853  0.617281303446769  0.076839929203411  0.000000000000000  0.007541148631811  0.000000000000000  0.000000000000000  0.000000000000000  1.000000000000000  0.000000000000000  0.000000000000000  0.000000000000000  0.000000000000000  0.000000000000000  1.000000000000000  0.126131454230585  1.000000000000000  0.495171435966512 
60.0    I  0.016322433794754  0.000000000000000  0.009284243008257  0.000000000000000  0.000000000000000  0.000000000000000  0.000000000000000  0.757858283255199  0.000000000000000  0.164026406823995  0.002033245307977  0.000000000000000  0.000000000000000  0.000000000000000  0.007109678313132  0.000000000000000  0.002901470548166  0.040695130924032  0.000000000000000  0.000000000000000  1.000000000000000  0.000000000000000  0.000000000000000  0.000000000000000  0.000000000000000  0.000000000000000  1.000000000000000  0.126131454230585  1.000000000000000  0.495171435966512 
61.0    L  0.000000000000000  0.011727180449331  0.000000000000000  0.000000000000000  0.012647534633553  0.000000000000000  0.000000000000000  0.365767805176082  0.002001087544986  0.409234590795402  0.177390419525048  0.008832270055661  0.000000000000000  0.000000000000000  0.000000000000000  0.000000000000000  0.000000000000000  0.012404436420807  0.000000000000000  0.000000000000000  1.000000000000000  0.000000000000000  0.000000000000000  0.000000000000000  0.000000000000000  0.000000000000000  1.000000000000000  0.127892183716804  1.000000000000000  0.495171435966512 
62.0    G  0.037085524926767  0.000000000000000  0.016019800592009  0.369078601420708  0.000000000000000  0.168404197108211  0.006306258394568  0.022374511581268  0.087777804733625  0.011063870611051  0.002394599336041  0.012726680672972  0.000000000000000  0.057992092279455  0.075939799494064  0.063022028430912  0.041120453907157  0.028616677700566  0.000000000000000  0.000000000000000  1.000000000000000  0.000000000000000  0.000000000000000  0.000000000000000  0.000000000000000  0.000000000000000  1.000000000000000  0.126832818322610  1.000000000000000  0.495171435966512 
63.0    Q  0.013564691056266  0.000000000000000  0.000000000000000  0.017325010056298  0.000000000000000  0.000000000000000  0.037655384843587  0.004958089398515  0.031862427593693  0.016734856612366  0.000000000000000  0.000000000000000  0.000000000000000  0.672217497076313  0.014700407929903  0.002394599336041  0.022608357591727  0.165970644797805  0.000000000000000  0.000000000000000  1.000000000000000  0.000000000000000  0.000000000000000  0.000000000000000  0.000000000000000  0.000000000000000  1.000000000000000  0.126832818322610  1.000000000000000  0.495171435966512 
64.0    L  0.000000000000000  0.024097044146999  0.000000000000000  0.013377941946038  0.003268852510482  0.016311123865964  0.000000000000000  0.067498534989555  0.000000000000000  0.797192476540536  0.002789070272822  0.000000000000000  0.000000000000000  0.000000000000000  0.000000000000000  0.000000000000000  0.005941323254848  0.069540632536552  0.000000000000000  0.000000000000000  0.993092495437036  0.007223931860263  0.000000000000000  1.000000000000000  0.000000000000000  0.000000000000000  1.000000000000000  0.126218912199586  0.498270131413934  0.495171435966512 
65.0    Q  0.052848267961095  0.004204062987437  0.005200982864205  0.057432055217441  0.017935975216484  0.006707542472170  0.027450952132449  0.010019817209080  0.029016151634585  0.048294409352999  0.000000000000000  0.015646675870490  0.016345077184258  0.627635995641322  0.001076825354559  0.019491649561157  0.033261568201667  0.000000000000000  0.024063661694877  0.003469635921259  1.000000000000000  0.000000000000000  0.000000000000000  0.000000000000000  0.000000000000000  0.000000000000000  1.000000000000000  0.126394010106413  1.000000000000000  0.495171435966512 
66.0    P  0.000000000000000  0.000000000000000  0.000000000000000  0.000000000000000  0.000000000000000  0.030248344590429  0.000000000000000  0.000000000000000  0.000000000000000  0.019077289260455  0.000000000000000  0.002439836182917  0.774855930959171  0.029811235954611  0.021344379011787  0.122342706299679  0.000000000000000  0.000000000000000  0.000000000000000  0.000000000000000  1.000000000000000  0.000000000000000  0.000000000000000  0.000000000000000  0.000000000000000  0.000000000000000  1.000000000000000  0.125782227937223  1.000000000000000  0.495171435966512 
67.0    A  0.444421340583285  0.000000000000000  0.000000000000000  0.000000000000000  0.000000000000000  0.000000000000000  0.000000000000000  0.000000000000000  0.000000000000000  0.217637640824031  0.000000000000000  0.002946054837278  0.013331657783001  0.003303016747568  0.006977858221506  0.229728220869763  0.075362989230673  0.006488047063210  0.000000000000000  0.000000000000000  1.000000000000000  0.000000000000000  0.000000000000000  0.000000000000000  0.000000000000000  0.000000000000000  1.000000000000000  0.125869443757090  1.000000000000000  0.495171435966512 
68.0    L  0.000000000000000  0.000000000000000  0.000000000000000  0.077589218220382  0.006215128779335  0.000000000000000  0.000000000000000  0.078183067507079  0.000000000000000  0.632001549226403  0.007998803909597  0.000000000000000  0.004242116626259  0.009571760405505  0.000000000000000  0.007149212250999  0.003370083377120  0.121077273653328  0.000000000000000  0.052592467642836  0.986916545885842  0.000000000000000  0.012976094126420  0.000000000000000  0.000000000000000  0.000000000000000  1.000000000000000  0.125607977552973  1.000000000000000  0.495171435966512 
69.0    Q  0.034315400430845  0.000000000000000  0.031818287492644  0.027073026762503  0.000000000000000  0.008986655416802  0.002470467856160  0.014062530153024  0.262247331893736  0.001527089146736  0.000000000000000  0.014298424501999  0.168520966467132  0.344123900397674  0.059333882559407  0.026369243629063  0.004951220789197  0.000000000000000  0.000000000000000  0.000000000000000  0.969961910341735  0.029749309640548  0.000000000000000  0.070952631384129  0.929160674250913  0.000000000000000  1.000000000000000  0.127626515713399  0.485990493990676  0.490049707670935 
70.0    T  0.005562696076551  0.000000000000000  0.010467059393968  0.015506318354466  0.000000000000000  0.012140738574751  0.003815267691259  0.021898866391887  0.000000000000000  0.006443230848516  0.000000000000000  0.020319377289820  0.000000000000000  0.016470178488918  0.028340322779161  0.014248955711246  0.843231110250112  0.001707380117989  0.000000000000000  0.000000000000000  0.984866442895551  0.000000000000000  0.015335297872711  0.000000000000000  0.000000000000000  0.000000000000000  1.000000000000000  0.127626515713399  1.000000000000000  0.490049707670935 
71.0    G  0.041521431690516  0.000000000000000  0.000000000000000  0.012859692894980  0.000000000000000  0.924022572446823  0.000000000000000  0.000000000000000  0.000000000000000  0.006306258394568  0.000000000000000  0.000000000000000  0.000000000000000  0.000000000000000  0.008355836624103  0.003649716198762  0.000000000000000  0.003594483010253  0.000000000000000  0.000000000000000  1.000000000000000  0.000000000000000  0.000000000000000  0.000000000000000  0.000000000000000  0.000000000000000  1.000000000000000  0.126569350918812  1.000000000000000  0.479299719246488 
72.0    S  0.004465384122711  0.000000000000000  0.000000000000000  0.000000000000000  0.000000000000000  0.000000000000000  0.000000000000000  0.003925249298530  0.006306258394568  0.000000000000000  0.000000000000000  0.017701310707747  0.002436456195145  0.000000000000000  0.000000000000000  0.677362488742684  0.287772372831941  0.000000000000000  0.000000000000000  0.000000000000000  0.993781093322555  0.006306258394568  0.000000000000000  0.333324669272800  0.666649338545599  0.000000000000000  1.000000000000000  0.126569350918812  0.497579860910041  0.479299719246488 
73.0    E  0.002147687791630  0.000000000000000  0.017469716421342  0.801625329399394  0.000000000000000  0.002102031493718  0.000000000000000  0.000000000000000  0.087716982877442  0.000000000000000  0.000000000000000  0.000000000000000  0.015646675870490  0.014936645587402  0.019915009801863  0.031686233743438  0.000000000000000  0.006656594492772  0.000000000000000  0.000000000000000  0.993781093322555  0.005953690743515  0.000000000000000  1.000000000000000  0.000000000000000  0.487339815445774  0.512633618944297  0.126920762608679  0.498615625676035  0.479299719246488 
74.0    E  0.008832270055661  0.000000000000000  0.015019702006074  0.604997044609646  0.000000000000000  0.081390261848064  0.000000000000000  0.000000000000000  0.046198825977308  0.000000000000000  0.000000000000000  0.106357966188318  0.043015487549709  0.000000000000000  0.002285934846630  0.035871950432969  0.014397877909355  0.041521431690516  0.000000000000000  0.000000000000000  0.995849753094458  0.000000000000000  0.003908958544776  0.000000000000000  0.000000000000000  0.000000000000000  1.000000000000000  0.122257934180917  1.000000000000000  0.490049707670935 
75.0    L  0.000000000000000  0.000000000000000  0.000000000000000  0.000000000000000  0.053996136712517  0.000000000000000  0.000000000000000  0.119576019761484  0.004245058056742  0.773782496771195  0.004331252514074  0.000000000000000  0.003579565018263  0.000000000000000  0.000000000000000  0.011743449047387  0.000000000000000  0.024467321758017  0.000000000000000  0.004289425053856  1.000000000000000  0.000000000000000  0.000000000000000  0.000000000000000  0.000000000000000  0.246387334234843  0.753667454779191  0.122173220801351  1.000000000000000  0.479964630519454 
76.0    K  0.000000000000000  0.000000000000000  0.023748825881274  0.000000000000000  0.000000000000000  0.009420373653834  0.000000000000000  0.071743900865938  0.500000000000000  0.000000000000000  0.000000000000000  0.017325010056298  0.000000000000000  0.045879707376066  0.317317721504951  0.000000000000000  0.010351617320666  0.004077780966491  0.000000000000000  0.000000000000000  1.000000000000000  0.000000000000000  0.000000000000000  0.500000000000000  0.500000000000000  0.626766510220345  0.373453364278086  0.120407736752519  0.491069797631696  0.485317234884773 
77.0    S  0.045720975647010  0.007391075365044  0.034987902770445  0.000000000000000  0.000000000000000  0.000000000000000  0.024013674707625  0.000000000000000  0.000000000000000  0.005284563402540  0.000000000000000  0.000000000000000  0.000000000000000  0.000000000000000  0.000000000000000  0.876605721316035  0.000000000000000  0.000000000000000  0.005831165559754  0.000000000000000  1.000000000000000  0.000000000000000  0.000000000000000  0.000000000000000  0.000000000000000  0.000000000000000  1.000000000000000  0.120658378108970  1.000000000000000  0.495171435966512 
78.0    L  0.000000000000000  0.000000000000000  0.000000000000000  0.000000000000000  0.025085543397374  0.000000000000000  0.000000000000000  0.016711673248207  0.000000000000000  0.856188284546457  0.004571869693260  0.000000000000000  0.008032139270751  0.000000000000000  0.000000000000000  0.036096430767300  0.000000000000000  0.011461979251307  0.000000000000000  0.041955390711883  1.000000000000000  0.000000000000000  0.000000000000000  0.000000000000000  0.000000000000000  0.000000000000000  1.000000000000000  0.120658378108970  1.000000000000000  0.495171435966512 
79.0    Y  0.000000000000000  0.004268663043363  0.000000000000000  0.000000000000000  0.400812664699697  0.000000000000000  0.022436632978491  0.018853811245637  0.000000000000000  0.021807980689409  0.000000000000000  0.002022001804378  0.003925249298530  0.000000000000000  0.000000000000000  0.019397304555096  0.005582008358364  0.046455718263469  0.046778843337272  0.407818746669505  1.000000000000000  0.000000000000000  0.000000000000000  0.000000000000000  0.000000000000000  0.000000000000000  1.000000000000000  0.120658378108970  1.000000000000000  0.495171435966512 
80.0    N  0.000000000000000  0.000000000000000  0.028577034046872  0.000000000000000  0.000000000000000  0.119244943818445  0.000000000000000  0.011272880366106  0.000000000000000  0.000000000000000  0.000000000000000  0.771640087529467  0.000000000000000  0.007391075365044  0.013084476367319  0.022250784306204  0.010152648925433  0.000000000000000  0.000000000000000  0.016515906883772  0.961927454664775  0.000000000000000  0.038154578520910  0.000000000000000  0.000000000000000  0.000000000000000  1.000000000000000  0.120574773073017  1.000000000000000  0.495171435966512 
81.0    T  0.106875272236497  0.000000000000000  0.000000000000000  0.000000000000000  0.000000000000000  0.000000000000000  0.000000000000000  0.050730598811080  0.008875228631146  0.093363341069521  0.021567458646822  0.000000000000000  0.016131227116926  0.005839254877480  0.000000000000000  0.009638337264137  0.686818116714811  0.000000000000000  0.000000000000000  0.000000000000000  1.000000000000000  0.000000000000000  0.000000000000000  0.000000000000000  0.000000000000000  0.351842093831349  0.647970482716667  0.128692510429250  1.000000000000000  0.470413053756894 
82.0    V  0.033819520141429  0.063460381304339  0.000000000000000  0.004114691546699  0.000000000000000  0.003436129202822  0.000000000000000  0.189595943171805  0.000000000000000  0.035109371969739  0.011265069308283  0.000000000000000  0.000000000000000  0.000000000000000  0.023617498879941  0.002501484104160  0.022702578899553  0.597081593537295  0.000000000000000  0.013322420183874  1.000000000000000  0.000000000000000  0.000000000000000  0.000000000000000  0.000000000000000  0.000000000000000  1.000000000000000  0.125520942904872  1.000000000000000  0.481297221550876 
83.0    A  0.640379930664885  0.148136596367698  0.000000000000000  0.010401965728409  0.000000000000000  0.002531134698112  0.000000000000000  0.012040173568100  0.000000000000000  0.001239522349629  0.000000000000000  0.013322420183874  0.007515058239569  0.000000000000000  0.008178205327926  0.054296386571914  0.029914733068603  0.067826835742613  0.000000000000000  0.004304316858893  1.000000000000000  0.000000000000000  0.000000000000000  0.000000000000000  0.000000000000000  0.703196599956560  0.297095776264233  0.125520942904872  1.000000000000000  0.481297221550876 
84.0    T  0.030969673852002  0.003105411136519  0.000000000000000  0.008807815719886  0.000000000000000  0.016711673248207  0.000000000000000  0.013193763865997  0.005582008358364  0.000000000000000  0.000000000000000  0.001949067810545  0.004852688600720  0.007259067767585  0.022844647631251  0.000000000000000  0.458502021602336  0.420448207626857  0.000000000000000  0.005554989885107  1.000000000000000  0.000000000000000  0.000000000000000  0.000000000000000  0.000000000000000  0.000000000000000  1.000000000000000  0.119658932274412  1.000000000000000  0.495171435966512 
85.0    L  0.000000000000000  0.013677989526473  0.000000000000000  0.000000000000000  0.024826075003003  0.000000000000000  0.002061628354762  0.084143754329799  0.000000000000000  0.801625329399394  0.000000000000000  0.000000000000000  0.002411255091589  0.000000000000000  0.011414409207388  0.000000000000000  0.015887104270187  0.043797732783773  0.000000000000000  0.000000000000000  1.000000000000000  0.000000000000000  0.000000000000000  0.000000000000000  0.000000000000000  0.000000000000000  1.000000000000000  0.119658932274412  1.000000000000000  0.495171435966512 
86.0    Y  0.038048938083218  0.015176679617838  0.007021524426649  0.000000000000000  0.026278012976679  0.000000000000000  0.000000000000000  0.000000000000000  0.000000000000000  0.018542762463383  0.000000000000000  0.008484233252518  0.012031830847439  0.000000000000000  0.015887104270187  0.008936960728155  0.000000000000000  0.000000000000000  0.216884671788017  0.632878296985140  1.000000000000000  0.000000000000000  0.000000000000000  0.000000000000000  0.000000000000000  0.000000000000000  1.000000000000000  0.119658932274412  1.000000000000000  0.495171435966512 
87.0    C  0.028577034046872  0.808320868805567  0.000000000000000  0.000000000000000  0.006698250286204  0.007883215889412  0.000000000000000  0.000000000000000  0.037317599596081  0.001795996183890  0.003244023531605  0.000000000000000  0.011990203875007  0.000000000000000  0.017349044275447  0.005143620789294  0.000000000000000  0.003927971017182  0.031973045929201  0.035847094507068  0.978063473447339  0.021732530807969  0.000000000000000  1.000000000000000  0.000000000000000  0.000000000000000  1.000000000000000  0.119741902277837  0.487002134271620  0.495171435966512 
88.0    V  0.002733566143741  0.031576607702711  0.000000000000000  0.018932385319223  0.000000000000000  0.013517760790390  0.000000000000000  0.055322110286222  0.005143620789294  0.115984184558910  0.000000000000000  0.000000000000000  0.000000000000000  0.000000000000000  0.015657525079369  0.000000000000000  0.000000000000000  0.735603372927869  0.000000000000000  0.005574275412960  0.999307092990453  0.000825182016028  0.000000000000000  0.500000000000000  0.500000000000000  0.000000000000000  1.000000000000000  0.119824929811622  0.500000000000000  0.495171435966512 
89.0    H  0.000000000000000  0.000000000000000  0.013811367672870  0.005143620789294  0.000000000000000  0.000000000000000  0.835087919428369  0.005574275412960  0.015657525079369  0.023535788541153  0.000000000000000  0.000000000000000  0.002431394990981  0.027091798859834  0.040470093714201  0.003936147501604  0.002733566143741  0.000000000000000  0.000000000000000  0.024281477149502  0.987600861445373  0.012361520331023  0.000000000000000  0.333324669272800  0.666649338545599  0.000000000000000  1.000000000000000  0.119824929811622  0.492774668469685  0.495171435966512 
90.0    Q  0.149996422796652  0.016254691664406  0.000000000000000  0.093817443594648  0.000000000000000  0.022390025787080  0.019518689463334  0.000000000000000  0.065380308737033  0.007421877991210  0.002091857076546  0.039940605100095  0.019846109102169  0.460093825312437  0.072092850316251  0.022718320583130  0.004706923105448  0.003609463173620  0.000000000000000  0.000000000000000  1.000000000000000  0.000000000000000  0.000000000000000  0.000000000000000  0.000000000000000  0.000000000000000  1.000000000000000  0.112266546610492  1.000000000000000  0.495171435966512 
91.0    K  0.001620887862480  0.000000000000000  0.021373989123476  0.078617810739751  0.000000000000000  0.141806935616994  0.001359224992023  0.000000000000000  0.203909373334752  0.015124172295215  0.009124745270415  0.048027349415250  0.023831275832129  0.051048061944376  0.394746943350277  0.003140042932590  0.006189334460351  0.000000000000000  0.000000000000000  0.000000000000000  1.000000000000000  0.000000000000000  0.000000000000000  0.000000000000000  0.000000000000000  0.000000000000000  1.000000000000000  0.114625505400584  1.000000000000000  0.495171435966512 
92.0    I  0.003903543331994  0.000000000000000  0.003153129197284  0.037343475151774  0.007817917089551  0.000000000000000  0.000000000000000  0.747424624317469  0.028458432299749  0.034698088550895  0.018186352100033  0.000000000000000  0.000000000000000  0.013965393161825  0.015103220266640  0.000000000000000  0.000000000000000  0.067451764781527  0.012208248127692  0.010459806695144  1.000000000000000  0.000000000000000  0.000000000000000  0.000000000000000  0.000000000000000  0.000000000000000  1.000000000000000  0.112033337446176  1.000000000000000  0.495171435966512 
93.0    D  0.026552656223083  0.000000000000000  0.205755086319677  0.431969093700139  0.000000000000000  0.011597840395539  0.004462290026752  0.000000000000000  0.177021929776818  0.004277548714037  0.000000000000000  0.018555619782397  0.030269318413332  0.035624164771671  0.013452331067795  0.027167017502813  0.004792519442398  0.003168465451473  0.005302910077656  0.000000000000000  1.000000000000000  0.000000000000000  0.000000000000000  0.000000000000000  0.000000000000000  0.000000000000000  1.000000000000000  0.111955708761356  1.000000000000000  0.495171435966512 
94.0    V  0.005843303743603  0.008656502717695  0.000000000000000  0.000000000000000  0.000000000000000  0.017701310707747  0.000000000000000  0.225468844595562  0.002754488204071  0.004462290026752  0.007551610133320  0.000000000000000  0.000000000000000  0.000000000000000  0.000000000000000  0.015103220266640  0.000000000000000  0.712518807074392  0.000000000000000  0.000000000000000  1.000000000000000  0.000000000000000  0.000000000000000  0.000000000000000  0.000000000000000  0.000000000000000  1.000000000000000  0.112033337446176  1.000000000000000  0.495171435966512 
95.0    K  0.028301061969307  0.000000000000000  0.006583178355493  0.074583483939483  0.000000000000000  0.001802231430964  0.008076802626937  0.000000000000000  0.549808074657276  0.017397212784823  0.000000000000000  0.007662335968661  0.000000000000000  0.060037178997092  0.186338798349865  0.018827692421794  0.040666932982560  0.000000000000000  0.000000000000000  0.000000000000000  1.000000000000000  0.000000000000000  0.000000000000000  0.000000000000000  0.000000000000000  1.000000000000000  0.000000000000000  0.111955708761356  1.000000000000000  0.495171435966512 
96.0    D  0.000000000000000  0.000000000000000  0.855595025682602  0.006074578405332  0.000000000000000  0.003257543139941  0.020588749245846  0.000000000000000  0.014947002470186  0.000000000000000  0.000000000000000  0.083215725827273  0.000000000000000  0.000000000000000  0.007551610133320  0.005384395128811  0.003105411136519  0.000000000000000  0.000000000000000  0.000000000000000  1.000000000000000  0.000000000000000  0.000000000000000  0.000000000000000  0.000000000000000  0.000000000000000  0.000000000000000  0.110032376695394  1.000000000000000  1.000000000000000 
97.0    T  0.035500914524584  0.000000000000000  0.000000000000000  0.000000000000000  0.000000000000000  0.010068551800664  0.007551610133320  0.000000000000000  0.004063672916102  0.005524271728020  0.000000000000000  0.000000000000000  0.013248749447393  0.000000000000000  0.009426905622818  0.000000000000000  0.914465089499901  0.000000000000000  0.000000000000000  0.000000000000000  0.995849753094458  0.004340268471309  0.000000000000000  1.000000000000000  0.000000000000000  0.000000000000000  0.000000000000000  0.110032376695394  0.499307333050514  1.000000000000000 
98.0    K  0.003637089139962  0.000000000000000  0.000000000000000  0.137166492197405  0.000000000000000  0.007319698803691  0.019491649561157  0.010664794670978  0.641712948781452  0.000000000000000  0.000000000000000  0.004166350706374  0.001981762786291  0.121245238792717  0.021329589341956  0.002433080889784  0.028935813203979  0.000000000000000  0.000000000000000  0.000000000000000  0.997922718999051  0.000000000000000  0.001976275783256  0.000000000000000  0.000000000000000  0.000000000000000  0.000000000000000  0.110032376695394  1.000000000000000  1.000000000000000 
99.0    E  0.014978116226453  0.000000000000000  0.011597840395539  0.846158596600290  0.000000000000000  0.013193763865997  0.015356571852270  0.000000000000000  0.024247839196089  0.010068551800664  0.000000000000000  0.000000000000000  0.000000000000000  0.064168096607500  0.000000000000000  0.000000000000000  0.000000000000000  0.000000000000000  0.000000000000000  0.000000000000000  1.000000000000000  0.000000000000000  0.000000000000000  0.125000000000000  0.874784764905822  0.000000000000000  1.000000000000000  0.109956134490304  0.499653546495226  0.491069797631696 
100.0    A  0.954621014139717  0.000000000000000  0.000000000000000  0.005524271728020  0.002064488360471  0.009420373653834  0.000000000000000  0.000000000000000  0.004063672916102  0.000000000000000  0.000000000000000  0.000000000000000  0.006112592044816  0.000000000000000  0.004431466738031  0.011565728890625  0.000000000000000  0.002168630534431  0.000000000000000  0.000000000000000  0.983502074026248  0.000000000000000  0.016435965300061  0.000000000000000  0.000000000000000  0.000000000000000  1.000000000000000  0.110032376695394  1.000000000000000  0.491069797631696 
101.0    L  0.000000000000000  0.000000000000000  0.000000000000000  0.021196942616370  0.017301009132567  0.000000000000000  0.000000000000000  0.041550222130679  0.086449414313185  0.739693754624419  0.000000000000000  0.004616451355212  0.003974530047276  0.005656008485858  0.010244546986060  0.006434304822403  0.000000000000000  0.063109456099793  0.000000000000000  0.000000000000000  1.000000000000000  0.000000000000000  0.000000000000000  0.000000000000000  0.000000000000000  0.414659772907221  0.585199320737295  0.111723145294598  1.000000000000000  0.480963727332387 
102.0    D  0.026078415036107  0.000000000000000  0.473356815618357  0.198884120938730  0.000000000000000  0.016053147490296  0.000000000000000  0.003892735401671  0.123707082051901  0.000000000000000  0.001455771862108  0.040893064732969  0.000000000000000  0.055939066932998  0.018879966302968  0.007299432397525  0.008496003053554  0.019209982300853  0.000000000000000  0.006032618227280  0.989656656415207  0.010138584116712  0.000000000000000  0.250000000000000  0.750019494642909  0.841479482285381  0.158219574246285  0.110261420649647  0.486327473706143  0.489370825198718 
103.0    K  0.010547171758771  0.000000000000000  0.017397212784823  0.064838746035351  0.000000000000000  0.007812500000000  0.003726404494326  0.025347723611783  0.694959109921168  0.008881382603406  0.001138223826303  0.006416489849626  0.004419197120492  0.061596833558711  0.058679484207216  0.000000000000000  0.021270533070304  0.006438766288697  0.000000000000000  0.006569503244170  1.000000000000000  0.000000000000000  0.000000000000000  0.000000000000000  0.000000000000000  1.000000000000000  0.000000000000000  0.110261420649647  1.000000000000000  0.499653546495226 
104.0    I  0.014608987464866  0.000000000000000  0.007742418463001  0.000000000000000  0.004089102663963  0.000000000000000  0.000000000000000  0.533662669019980  0.011382805577328  0.127184961512836  0.016198454703433  0.000000000000000  0.000000000000000  0.000000000000000  0.000000000000000  0.018427446754082  0.000000000000000  0.260977981855430  0.005867655964613  0.000000000000000  1.000000000000000  0.000000000000000  0.000000000000000  0.000000000000000  0.000000000000000  0.000000000000000  0.000000000000000  0.112734422297781  1.000000000000000  1.000000000000000 
105.0    E  0.007094909513449  0.000000000000000  0.000000000000000  0.631563630922900  0.000000000000000  0.011998517732048  0.000000000000000  0.000000000000000  0.213158722941989  0.000000000000000  0.000000000000000  0.000000000000000  0.000000000000000  0.041868237575870  0.057114465639338  0.000000000000000  0.007588339808919  0.022923958502614  0.000000000000000  0.006601456128223  0.948684315140454  0.049549008538143  0.002002475074001  0.203768083100656  0.796088098778780  0.000000000000000  0.000000000000000  0.113361291116643  0.473028823362798  1.000000000000000 
106.0    E  0.010496120513448  0.000000000000000  0.013830527571555  0.674551267169849  0.000000000000000  0.033423346496414  0.000000000000000  0.020847237026215  0.141905262768258  0.011662331119507  0.002859542374894  0.000000000000000  0.000000000000000  0.022734073181793  0.014680042956469  0.003993861447695  0.009739071830274  0.039445376003504  0.000000000000000  0.000000000000000  0.985549336939371  0.004307301418238  0.010138584116712  0.464580337125457  0.535515411595727  1.000000000000000  0.000000000000000  0.109499789383391  0.487002134271620  0.491069797631696 
107.0    E  0.065880713955671  0.018123432101647  0.022514527325593  0.398596238270268  0.003105411136519  0.003424241098891  0.007899625631651  0.142694338390847  0.057591511637419  0.026168952734638  0.033632503899494  0.012149156810665  0.000000000000000  0.018148573936339  0.078726873746712  0.000000000000000  0.012132326171891  0.096455010941183  0.000000000000000  0.002686605113554  0.996540262827868  0.000000000000000  0.003186083958356  0.000000000000000  0.000000000000000  0.000000000000000  1.000000000000000  0.111028349480301  1.000000000000000  0.495858365369147 
108.0    Q  0.000000000000000  0.000000000000000  0.000000000000000  0.017873921456309  0.000000000000000  0.009175484150107  0.026460791011329  0.000000000000000  0.035624164771671  0.018010724168732  0.039010329653175  0.003721242179859  0.015441963304699  0.754712984260280  0.031774208540374  0.010746420454217  0.015810206266046  0.009030364894959  0.012464769372016  0.000000000000000  0.970634469769547  0.009245711107442  0.019998006466317  0.306508715013289  0.693515484565693  0.069348092004240  0.930449657703015  0.129587637627465  0.497579860910041  0.485317234884773 
109.0    N  0.018697640050480  0.000000000000000  0.017361073885236  0.019343598294335  0.000000000000000  0.024163948045479  0.012967102899843  0.018338252785646  0.164367845025634  0.009067999331123  0.006642766875502  0.579547975952228  0.004680894614607  0.027795593548059  0.010047636589302  0.035036439938391  0.050555084272609  0.000000000000000  0.000000000000000  0.001590835084122  0.973329374158238  0.009512234520805  0.017074652173452  1.000000000000000  0.000000000000000  0.308854659281732  0.691116103264291  0.130308220105140  0.498615625676035  0.477641468191219 
110.0    K  0.047431851655439  0.011654250208527  0.000000000000000  0.017664540111322  0.014358013804360  0.014278616409834  0.000000000000000  0.000000000000000  0.675487042267819  0.003092522913560  0.000000000000000  0.049928244778072  0.000000000000000  0.036221748497014  0.031576607702711  0.070658160445287  0.017265070074999  0.010467059393968  0.000000000000000  0.000000000000000  0.920825697205040  0.036297147872679  0.043075161030488  0.284007316196672  0.715984370600572  0.531447837179277  0.468460723436213  0.130670012525646  0.486664687079119  0.475988954248766 
111.0    S  0.030206440533280  0.071001829049168  0.002857560977938  0.025880333166705  0.019505164826588  0.065380308737033  0.014082038478294  0.014298424501999  0.019024469041609  0.000000000000000  0.002185228712960  0.049104532291724  0.000000000000000  0.028596849003998  0.032240099353167  0.584388624280623  0.021507743774855  0.013166356710987  0.000000000000000  0.006474569566312  0.997922718999051  0.000776891097417  0.001242963803980  0.250000000000000  0.750019494642909  0.492092011016900  0.507683050434715  0.141022767182064  0.490729531926740  0.467811748915700 
112.0    K  0.001868375308773  0.000000000000000  0.000000000000000  0.039227249727583  0.000000000000000  0.000000000000000  0.003221615424258  0.003726404494326  0.485990493990676  0.000000000000000  0.000000000000000  0.012233660879008  0.006693609021629  0.340092713101489  0.080158537672641  0.020489093972119  0.006465600125611  0.000000000000000  0.000000000000000  0.000000000000000  0.925304428037852  0.038181034427297  0.036549614501623  0.691116103264291  0.309068815230238  0.036448417805890  0.963261894020148  0.140729823267095  0.486664687079119  0.483303048532487 
113.0    K  0.018465805420849  0.000000000000000  0.009598335784732  0.034915223064757  0.000000000000000  0.002206537528457  0.001531329011867  0.002434767957569  0.301034345307854  0.003698100122018  0.010280113476789  0.027355979052946  0.014121136355486  0.515484159397394  0.022813000166477  0.012140738574751  0.023864335905636  0.000000000000000  0.000000000000000  0.000000000000000  0.965936328924846  0.022235366581791  0.011890885787807  0.668500247702567  0.331711285149290  0.666187412546011  0.333555792419442  0.146198458006493  0.483303048532487  0.461051558956316 
114.0    K  0.016254691664406  0.000000000000000  0.002012214753164  0.030101934188130  0.000000000000000  0.024180703024100  0.001805982965066  0.005321320447814  0.683493725970905  0.005291894443302  0.004253894591157  0.010033717257730  0.033353916813749  0.075519865211871  0.053809324271181  0.007468322793701  0.041349107497129  0.005961950035002  0.000000000000000  0.000000000000000  0.856188284546457  0.044966674375338  0.099098017076286  0.474671060475260  0.525222272005377  0.134064577102243  0.865736565519658  0.135653671485226  0.466516495768404  0.481297221550876 
115.0    A  0.289974913626359  0.005065779510356  0.012877532577394  0.014043048853297  0.000000000000000  0.011272880366106  0.014833470639852  0.022483337187669  0.055245470691479  0.000000000000000  0.001577657768769  0.037917298757772  0.038606832410217  0.032599643547808  0.001798487689854  0.032084048303750  0.416676603579609  0.012877532577394  0.000000000000000  0.000000000000000  0.912565488543452  0.063548417080747  0.023831275832129  0.466193243218416  0.533662669019980  0.597081593537295  0.403041415746484  0.144385723069198  0.478635729097649  0.441351498145327 
116.0    Q  0.042364510212500  0.000000000000000  0.009718841041394  0.026718818059124  0.000000000000000  0.025648175275328  0.008590751166520  0.000000000000000  0.061001985048514  0.000000000000000  0.000000000000000  0.000000000000000  0.033123524481165  0.696405740334518  0.014864348067684  0.032622247731929  0.046359216682535  0.002453403088171  0.000000000000000  0.000000000000000  0.974679630891549  0.007254037908646  0.018148573936339  0.694477567882555  0.305448275418375  0.100690536381094  0.899378312147752  0.137166492197405  0.498270131413934  0.465547409915115 
117.0    Q  0.063240825064183  0.000000000000000  0.009220112057314  0.039857637239955  0.000000000000000  0.026424133980547  0.013285533751003  0.000000000000000  0.057352492644460  0.001399376611692  0.012259126529637  0.026941985781800  0.007747786958893  0.670356295790168  0.029687511964840  0.017762765206813  0.021507743774855  0.002931795112333  0.000000000000000  0.000000000000000  0.896888159662015  0.045436641166260  0.057831526752366  0.435275281648062  0.564873607285062  0.362989569975974  0.636838737663250  0.138888591081887  0.468785548228555  0.462973011263662 
118.0    A  0.657015813574686  0.000000000000000  0.000000000000000  0.045626000332954  0.000000000000000  0.032803646363221  0.000000000000000  0.000000000000000  0.033749267494778  0.000000000000000  0.000000000000000  0.008116086744513  0.020389921057640  0.025916235806701  0.000000000000000  0.025683755852964  0.121077273653328  0.029749309640548  0.000000000000000  0.000000000000000  0.826450318154212  0.137642699762245  0.035996488823417  0.853226098112067  0.146604368653985  0.370103324500012  0.629814989973700  0.137929217505245  0.426613049056034  0.448444079831007 
119.0    A  0.626766510220345  0.003828513341179  0.020179021098474  0.056916864599499  0.016792955825867  0.014427848605147  0.002889428729002  0.000000000000000  0.039445376003504  0.006301888743923  0.011990203875007  0.006730829372750  0.012438876543418  0.028497911422493  0.002554045602611  0.022158438057492  0.124394965227510  0.003564708939623  0.000000000000000  0.000000000000000  0.910038824080899  0.072142838594802  0.017627845897758  0.846745312362527  0.153573372555706  0.521232880420561  0.478967609111348  0.137929217505245  0.459456441739525  0.447512535463986 
120.0    A  0.608783009331493  0.016435965300061  0.017289021142067  0.023131457781251  0.016299821773904  0.034939432842683  0.000000000000000  0.001265567349056  0.017738157846032  0.004233304557987  0.028359973603661  0.016653855251062  0.034770316268276  0.032039601184019  0.031995215638389  0.037681494615336  0.056523711097568  0.015865095326085  0.006045175756025  0.000000000000000  0.868140227601043  0.113991645689971  0.017603425445270  0.880259013563151  0.119824929811622  0.522317881432116  0.477641468191219  0.137356777197110  0.445346450303340  0.462011286223412 
121.0    D  0.114149781251499  0.000000000000000  0.408951029278891  0.051796556530500  0.000000000000000  0.108067153913483  0.003677650252114  0.000000000000000  0.055977854380678  0.002995473944674  0.006443230848516  0.103091693576260  0.028419007868773  0.025207554975691  0.009433442120988  0.032940356977836  0.044470733163581  0.004459198074714  0.000000000000000  0.000000000000000  0.831045861593648  0.075992455198944  0.092718433365070  0.492774668469685  0.507331273290440  0.526315577354719  0.473685035299634  0.137166492197405  0.467163673441590  0.462652214018926 
122.0    A  0.142200653484063  0.000000000000000  0.021359178936591  0.083100444261357  0.000000000000000  0.054183597719668  0.006024261036750  0.002333967196986  0.127803566326240  0.000000000000000  0.000000000000000  0.011117683290895  0.027680234971949  0.016816251949747  0.012438876543418  0.056798632278033  0.430176315305720  0.008048859012657  0.000000000000000  0.000000000000000  0.991716730738293  0.005044755274618  0.003496191683312  0.349654020684615  0.650220073274240  0.628071190571764  0.372161313791635  0.133415667254995  0.490389501994276  0.429282718218877 
123.0    G  0.094995303525095  0.007319698803691  0.022143084320441  0.080381092714413  0.000000000000000  0.610896550836750  0.000000000000000  0.000000000000000  0.032712821311705  0.000000000000000  0.000000000000000  0.009923054551084  0.000000000000000  0.023292349793733  0.044749023162536  0.052301640167712  0.014629253866164  0.006638164055771  0.000000000000000  0.000000000000000  0.806082831492968  0.012779719664965  0.181369025979272  0.494828328207603  0.505225723243382  0.511923450214221  0.488354264481114  0.134436798807172  0.492433221447775  0.462331639056850 
124.0    N  0.063416409161305  0.000000000000000  0.062197482613755  0.040162698045918  0.000000000000000  0.023179608341268  0.030734439813320  0.013248749447393  0.088265900274047  0.010701820155981  0.000000000000000  0.344123900397674  0.004493327708401  0.043767385027725  0.037421209519342  0.193982713568714  0.023067412588794  0.021329589341956  0.000000000000000  0.000000000000000  0.910038824080899  0.009745824780578  0.080214118597682  0.576343173399432  0.423666217473059  0.151774360549381  0.847919964633148  0.139564120247822  0.496890546661277  0.397492625474487 
125.0    N  0.067779838052691  0.005835208816845  0.061810682273808  0.005069292058356  0.000000000000000  0.037786114869793  0.005204589160516  0.000000000000000  0.018236845340914  0.000000000000000  0.000000000000000  0.125173406963917  0.018814646581741  0.045499673406221  0.035599480538191  0.471719125447680  0.078617810739751  0.022686848123498  0.000000000000000  0.000000000000000  0.913831450229400  0.021612353578296  0.064257114166004  0.230206424301260  0.770037174236072  0.240648610775438  0.759435844907265  0.135184345435452  0.493116352246680  0.375529981735232 
126.0    S  0.041781265481410  0.010280113476789  0.005990947889348  0.013859317268002  0.000000000000000  0.073353011142585  0.003510762213324  0.000000000000000  0.079881210200191  0.000000000000000  0.000000000000000  0.144085793349858  0.011430243911753  0.027834153143959  0.024030325488598  0.496546247718518  0.056094378166704  0.011210543239115  0.000000000000000  0.000000000000000  0.942784535918240  0.010972225591703  0.046423528770651  0.319303439798847  0.680657058249737  0.579146403097322  0.420739741142690  0.152618314083642  0.496890546661277  0.385285554179204 
127.0    Q  0.048428495684948  0.000000000000000  0.000000000000000  0.041636713284126  0.014160342785427  0.044071811265137  0.000000000000000  0.000000000000000  0.298540796768647  0.001922234418035  0.000000000000000  0.051118878659861  0.026737344552581  0.355026839635857  0.034410674940561  0.072242919159675  0.011557714916007  0.000000000000000  0.000000000000000  0.000000000000000  0.969289816935065  0.013517760790390  0.017409275794052  0.348444309671867  0.651573574681647  0.496546247718518  0.503477775028359  0.148239312426368  0.491069797631696  0.428688018317086 
128.0    V  0.047828024056958  0.003662387095536  0.007657026682358  0.004106144176124  0.005723050291451  0.051904376505681  0.002855580953906  0.085141127165031  0.000000000000000  0.017554685984869  0.001312924798977  0.002409584316034  0.026589491547079  0.008043281901828  0.018338252785646  0.049997508020797  0.047695600280017  0.607939641591549  0.003049947236748  0.008338479203437  0.996540262827868  0.003349125143102  0.000000000000000  0.500000000000000  0.500000000000000  0.856188284546457  0.143886186415970  0.151564102382717  0.499653546495226  0.460412848602520 
129.0    S  0.019640833976904  0.000000000000000  0.002929763650949  0.002883426573599  0.000000000000000  0.055514174740150  0.000000000000000  0.000000000000000  0.006716847548773  0.000000000000000  0.000000000000000  0.010496120513448  0.022734073181793  0.005659930291230  0.005347202394890  0.844986384412514  0.010047636589302  0.008740914851841  0.000000000000000  0.004449935067274  0.983502074026248  0.016345077184258  0.000000000000000  0.060412881066561  0.939522749214012  1.000000000000000  0.000000000000000  0.146604368653985  0.493116352246680  0.495171435966512 
130.0    Q  0.013696964395563  0.000000000000000  0.009739071830274  0.004151936227963  0.000000000000000  0.022971677131079  0.017836792298856  0.002658816633788  0.039472726932681  0.008026573745148  0.000000000000000  0.002964490728465  0.029116888415774  0.774855930959171  0.060790934213268  0.006003418676906  0.001652653508985  0.000000000000000  0.000000000000000  0.005790886757042  1.000000000000000  0.000000000000000  0.000000000000000  1.000000000000000  0.000000000000000  0.000000000000000  0.000000000000000  0.147624082678691  1.000000000000000  1.000000000000000 
