No:  residues  hmm_col_1  hmm_col_2  hmm_col_3  hmm_col_4  hmm_col_5  hmm_col_6  hmm_col_7  hmm_col_8  hmm_col_9  hmm_col_10  hmm_col_11  hmm_col_12  hmm_col_13  hmm_col_14  hmm_col_15  hmm_col_16  hmm_col_17  hmm_col_18  hmm_col_19  hmm_col_20  hmm_col_21   hmm_col_22   hmm_col_23   hmm_col_24   hmm_col_25   hmm_col_26   hmm_col_27   hmm_col_28   hmm_col_29   hmm_col_30   
1.0    M  0.000000000000000  0.000000000000000  0.000000000000000  0.011743449047387  0.000000000000000  0.000000000000000  0.000000000000000  0.031973045929201  0.000000000000000  0.000000000000000  0.932386486436833  0.000000000000000  0.000000000000000  0.000000000000000  0.024180703024100  0.000000000000000  0.000000000000000  0.000000000000000  0.000000000000000  0.000000000000000  1.000000000000000  0.000000000000000  0.000000000000000  1.000000000000000  0.000000000000000  0.000000000000000  0.000000000000000  0.121413436942704  0.492774668469685  1.000000000000000 
2.0    G  0.011367036590897  0.000000000000000  0.003820560443154  0.005493723437161  0.000000000000000  0.968618189226628  0.000000000000000  0.000000000000000  0.000000000000000  0.000000000000000  0.004128976720943  0.000000000000000  0.000000000000000  0.000000000000000  0.006881791985367  0.000000000000000  0.000000000000000  0.000000000000000  0.000000000000000  0.000000000000000  0.980099415341871  0.000000000000000  0.020095273178603  0.000000000000000  0.000000000000000  0.000000000000000  0.000000000000000  0.120909541201742  1.000000000000000  1.000000000000000 
3.0    A  0.850274160064196  0.005440669846363  0.000000000000000  0.000000000000000  0.000000000000000  0.028975954576108  0.000000000000000  0.000000000000000  0.000000000000000  0.000000000000000  0.000000000000000  0.034818551588104  0.000000000000000  0.000000000000000  0.000000000000000  0.059539874877746  0.000000000000000  0.020818356642063  0.000000000000000  0.000000000000000  1.000000000000000  0.000000000000000  0.000000000000000  0.000000000000000  0.000000000000000  1.000000000000000  0.000000000000000  0.125000000000000  1.000000000000000  0.490729531926740 
4.0    R  0.024929538744032  0.000000000000000  0.000000000000000  0.030691862351981  0.000000000000000  0.140437487878956  0.000000000000000  0.004018854327709  0.029036271070341  0.030649343874642  0.000000000000000  0.000000000000000  0.011249463425896  0.000000000000000  0.700763724540373  0.028066636652623  0.000000000000000  0.000000000000000  0.000000000000000  0.000000000000000  0.995849753094458  0.004089102663963  0.000000000000000  1.000000000000000  0.000000000000000  0.000000000000000  0.000000000000000  0.120574773073017  0.499307333050514  1.000000000000000 
5.0    A  0.664342907048256  0.000000000000000  0.000000000000000  0.000000000000000  0.000000000000000  0.033330805650993  0.048194088293998  0.000000000000000  0.000000000000000  0.000000000000000  0.000000000000000  0.100970097201201  0.007823337935245  0.023781771575615  0.013120804577252  0.026904662135591  0.066523136403335  0.015155654849090  0.000000000000000  0.000000000000000  0.994470168673214  0.005421846558655  0.000000000000000  0.359982829628671  0.639936206922154  0.000000000000000  0.000000000000000  0.120574773073017  0.496890546661277  1.000000000000000 
6.0    S  0.040978187944239  0.000000000000000  0.000000000000000  0.019586453444386  0.008478354467827  0.024046987815013  0.000000000000000  0.011164016716727  0.000000000000000  0.000000000000000  0.000000000000000  0.000000000000000  0.000000000000000  0.000000000000000  0.000000000000000  0.895645670090849  0.000000000000000  0.000000000000000  0.000000000000000  0.000000000000000  1.000000000000000  0.000000000000000  0.000000000000000  0.000000000000000  0.000000000000000  0.000000000000000  1.000000000000000  0.120742041115606  1.000000000000000  0.498615625676035 
7.0    V  0.103163176064082  0.000000000000000  0.000000000000000  0.017003788151106  0.000000000000000  0.034315400430845  0.000000000000000  0.209496783666987  0.011156281091290  0.038767728053606  0.000000000000000  0.000000000000000  0.000000000000000  0.000000000000000  0.000000000000000  0.031642337729703  0.013248749447393  0.541112322262857  0.000000000000000  0.000000000000000  0.870550563296124  0.126044056861824  0.003627018954323  1.000000000000000  0.000000000000000  1.000000000000000  0.000000000000000  0.120993378361717  0.437392382452911  0.498615625676035 
8.0    L  0.000000000000000  0.000000000000000  0.000000000000000  0.000000000000000  0.011735311929226  0.000000000000000  0.000000000000000  0.049275010878517  0.000000000000000  0.890075733252496  0.015441963304699  0.000000000000000  0.000000000000000  0.000000000000000  0.006429846447490  0.000000000000000  0.000000000000000  0.021403640311962  0.000000000000000  0.005539609514373  1.000000000000000  0.000000000000000  0.000000000000000  0.000000000000000  0.000000000000000  0.000000000000000  1.000000000000000  0.121245238792717  1.000000000000000  0.500000000000000 
9.0    S  0.029339742103608  0.002580739073551  0.029605314706227  0.000000000000000  0.000000000000000  0.039472726932681  0.000000000000000  0.030164594527242  0.051438771579919  0.016886334406865  0.003486511607316  0.016413196000168  0.000000000000000  0.000000000000000  0.184283652161388  0.466839972457657  0.129587637627465  0.000000000000000  0.000000000000000  0.000000000000000  1.000000000000000  0.000000000000000  0.000000000000000  0.403041415746484  0.596667871515861  1.000000000000000  0.000000000000000  0.121077273653328  0.499653546495226  0.500000000000000 
10.0    G  0.007129417879246  0.005671712030875  0.000000000000000  0.000000000000000  0.000000000000000  0.859160754947185  0.000000000000000  0.000000000000000  0.023131457781251  0.000000000000000  0.000000000000000  0.000000000000000  0.047927583114784  0.000000000000000  0.053586002289636  0.000000000000000  0.000000000000000  0.000000000000000  0.003537632746163  0.000000000000000  1.000000000000000  0.000000000000000  0.000000000000000  1.000000000000000  0.000000000000000  0.000000000000000  0.000000000000000  0.121666171769780  0.500000000000000  1.000000000000000 
11.0    G  0.054447137008891  0.000000000000000  0.019303416205108  0.131396613635963  0.000000000000000  0.551716870020980  0.013936383115939  0.000000000000000  0.096254646779509  0.000000000000000  0.000000000000000  0.004581386520437  0.000000000000000  0.011040887842834  0.054939972556987  0.024843289092155  0.037603219562484  0.000000000000000  0.000000000000000  0.000000000000000  0.993092495437036  0.000000000000000  0.006853230849475  0.000000000000000  0.000000000000000  0.000000000000000  0.000000000000000  0.120909541201742  1.000000000000000  1.000000000000000 
12.0    K  0.028577034046872  0.000000000000000  0.014258835758491  0.135653671485226  0.000000000000000  0.000000000000000  0.000000000000000  0.040079268836320  0.622437117691085  0.018504243935213  0.000000000000000  0.010554485035435  0.000000000000000  0.045248067886861  0.033054717613076  0.011461979251307  0.029605314706227  0.010547171758771  0.000000000000000  0.000000000000000  0.990342871933025  0.000000000000000  0.009492474936758  0.000000000000000  0.000000000000000  0.000000000000000  1.000000000000000  0.121077273653328  1.000000000000000  0.497924876547229 
13.0    L  0.047530586038782  0.029421202016913  0.000000000000000  0.011327709631866  0.011257263662796  0.000000000000000  0.000000000000000  0.023486898094774  0.005999258866024  0.844986384412514  0.000000000000000  0.000000000000000  0.000000000000000  0.000000000000000  0.000000000000000  0.000000000000000  0.008054439990584  0.018198962288570  0.000000000000000  0.000000000000000  0.997922718999051  0.000000000000000  0.001885287157953  0.000000000000000  0.000000000000000  1.000000000000000  0.000000000000000  0.118585539392557  1.000000000000000  0.494142825750366 
14.0    D  0.000000000000000  0.000000000000000  0.787853886049346  0.073353011142585  0.000000000000000  0.007213924302573  0.000000000000000  0.000000000000000  0.038101721689884  0.000000000000000  0.000000000000000  0.058638824781292  0.000000000000000  0.003469635921259  0.025772923394065  0.005585878852975  0.000000000000000  0.000000000000000  0.000000000000000  0.000000000000000  0.992404374685819  0.003469635921259  0.004292399287410  0.410940093647425  0.588861394797491  0.000000000000000  1.000000000000000  0.120825762133122  0.499307333050514  0.500000000000000 
15.0    A  0.293819082104943  0.011117683290895  0.055398856199679  0.088265900274047  0.000000000000000  0.014043048853297  0.000000000000000  0.007731692628244  0.171585553906864  0.003096813033634  0.001300245716051  0.008961773626767  0.004443770421377  0.049549008538143  0.136881558849197  0.080269738061839  0.065063849855257  0.008484233252518  0.000000000000000  0.000000000000000  0.994470168673214  0.005578140545645  0.000000000000000  0.573553512113083  0.426613049056034  0.155286035223055  0.844986384412514  0.119079749755492  0.495858365369147  0.495514781632040 
16.0    W  0.000000000000000  0.000000000000000  0.000000000000000  0.000000000000000  0.090496135773722  0.040779842115280  0.000000000000000  0.000000000000000  0.000000000000000  0.129857387912208  0.011017952816284  0.000000000000000  0.000000000000000  0.000000000000000  0.005738939973743  0.000000000000000  0.000000000000000  0.000000000000000  0.673150034638391  0.048731552663208  1.000000000000000  0.000000000000000  0.000000000000000  0.000000000000000  0.000000000000000  0.000000000000000  1.000000000000000  0.119991157629863  1.000000000000000  0.496202187342909 
17.0    E  0.000000000000000  0.010806176789148  0.030585676574920  0.857970530428691  0.000000000000000  0.027242444985533  0.000000000000000  0.006688970973019  0.011882646509695  0.000000000000000  0.000000000000000  0.000000000000000  0.000000000000000  0.049583365199446  0.000000000000000  0.000000000000000  0.000000000000000  0.000000000000000  0.005388128600887  0.000000000000000  0.997231251352069  0.002972721446952  0.000000000000000  1.000000000000000  0.000000000000000  0.000000000000000  1.000000000000000  0.119576019761484  0.499653546495226  0.496202187342909 
18.0    K  0.000000000000000  0.000000000000000  0.000000000000000  0.013157233650131  0.000000000000000  0.002707167745411  0.015061403245948  0.003170662425692  0.739693754624419  0.000000000000000  0.017566858184041  0.002170134235654  0.000000000000000  0.021657341963288  0.139757731370733  0.042188687035086  0.000000000000000  0.002837822362444  0.000000000000000  0.000000000000000  1.000000000000000  0.000000000000000  0.000000000000000  1.000000000000000  0.000000000000000  0.000000000000000  1.000000000000000  0.116306207212877  0.500000000000000  0.496202187342909 
19.0    I  0.000000000000000  0.000000000000000  0.000000000000000  0.000000000000000  0.004852688600720  0.017701310707747  0.000000000000000  0.712518807074392  0.005179397501167  0.006297522121039  0.026497498894786  0.018274807250812  0.000000000000000  0.000000000000000  0.002839790072891  0.000000000000000  0.001757816269128  0.200684347178988  0.003349125143102  0.000000000000000  0.993781093322555  0.003349125143102  0.002839790072891  0.219151430329009  0.780786492607391  1.000000000000000  0.000000000000000  0.117929781361920  0.494142825750366  0.496202187342909 
20.0    R  0.009355302379835  0.000000000000000  0.000000000000000  0.017530366883289  0.000000000000000  0.019970302550048  0.015303442149796  0.005317633267576  0.052192994964273  0.000000000000000  0.000000000000000  0.000000000000000  0.011327709631866  0.006735496445450  0.821880187294851  0.020789516266886  0.000000000000000  0.000000000000000  0.011202775375124  0.008195229121679  0.991716730738293  0.008060024838292  0.000000000000000  0.132402291835485  0.867538687152068  1.000000000000000  0.000000000000000  0.116629123942101  0.495171435966512  0.499653546495226 
21.0    L  0.003527837930281  0.000000000000000  0.000000000000000  0.000000000000000  0.010061575230546  0.003944341006237  0.000000000000000  0.027950153180706  0.000000000000000  0.886381699194867  0.000000000000000  0.017361073885236  0.000000000000000  0.000000000000000  0.010858736092518  0.000000000000000  0.000000000000000  0.033679160782615  0.000000000000000  0.006515086279883  0.988285651500733  0.011414409207388  0.000000000000000  0.421031476804208  0.579146403097322  0.000000000000000  0.000000000000000  0.117358968414432  0.493458272942921  1.000000000000000 
22.0    R  0.011422323815625  0.000000000000000  0.000000000000000  0.004274584770550  0.000000000000000  0.008734858210671  0.000000000000000  0.000000000000000  0.091823039579894  0.005204589160516  0.000000000000000  0.000000000000000  0.008292368819920  0.002019200656734  0.816203046150902  0.021403640311962  0.005990947889348  0.000000000000000  0.024603374267788  0.000000000000000  1.000000000000000  0.000000000000000  0.000000000000000  0.000000000000000  0.000000000000000  0.000000000000000  0.000000000000000  0.117521775313641  1.000000000000000  1.000000000000000 
23.0    P  0.037629293163482  0.000000000000000  0.000000000000000  0.016561762240583  0.000000000000000  0.000000000000000  0.000000000000000  0.000000000000000  0.045626000332954  0.003370083377120  0.000000000000000  0.000000000000000  0.831622098374906  0.010776257201774  0.013433695097547  0.023340835267380  0.000000000000000  0.017385158134138  0.000000000000000  0.000000000000000  0.991716730738293  0.008608633717786  0.000000000000000  0.552482242399956  0.447202450891303  0.000000000000000  0.000000000000000  0.118667765118815  0.494142825750366  1.000000000000000 
24.0    G  0.000000000000000  0.000000000000000  0.016379101179952  0.015920174947136  0.000000000000000  0.756808396484790  0.000000000000000  0.000000000000000  0.049480366616954  0.000000000000000  0.002003863565112  0.033585911651734  0.000000000000000  0.000000000000000  0.071843428002167  0.011565728890625  0.019627224705368  0.022971677131079  0.000000000000000  0.000000000000000  1.000000000000000  0.000000000000000  0.000000000000000  0.000000000000000  0.000000000000000  0.000000000000000  0.000000000000000  0.119991157629863  1.000000000000000  1.000000000000000 
25.0    G  0.002185228712960  0.007801677078914  0.000000000000000  0.013592927386073  0.000000000000000  0.860352630611440  0.000000000000000  0.001968073750802  0.019722688001752  0.000000000000000  0.000000000000000  0.000000000000000  0.017481829703683  0.000000000000000  0.010096506489355  0.067078767899591  0.000000000000000  0.000000000000000  0.000000000000000  0.000000000000000  0.995849753094458  0.000000000000000  0.004166350706374  0.000000000000000  0.000000000000000  0.000000000000000  0.000000000000000  0.118914784541475  1.000000000000000  1.000000000000000 
26.0    K  0.000000000000000  0.000000000000000  0.000000000000000  0.026681803574726  0.000000000000000  0.020053529649420  0.002946054837278  0.000000000000000  0.828744904487992  0.000000000000000  0.000000000000000  0.015271652600169  0.000000000000000  0.000000000000000  0.094666644742311  0.008252231448061  0.000000000000000  0.000000000000000  0.003316782212683  0.000000000000000  1.000000000000000  0.000000000000000  0.000000000000000  0.000000000000000  0.000000000000000  1.000000000000000  0.000000000000000  0.118421258824908  1.000000000000000  0.498961359499525 
27.0    K  0.000000000000000  0.000000000000000  0.000000000000000  0.015506318354466  0.000000000000000  0.033146491917757  0.021182255106250  0.000000000000000  0.885153764579545  0.000000000000000  0.000000000000000  0.005150756306611  0.000000000000000  0.000000000000000  0.031796240378209  0.005613047564625  0.002682883268417  0.000000000000000  0.000000000000000  0.000000000000000  1.000000000000000  0.000000000000000  0.000000000000000  0.000000000000000  0.000000000000000  0.000000000000000  0.000000000000000  0.111955708761356  1.000000000000000  1.000000000000000 
28.0    K  0.029831906691866  0.043585739573450  0.000000000000000  0.000000000000000  0.000000000000000  0.005376935943714  0.065425642623411  0.000000000000000  0.570381857934212  0.001409110045763  0.000000000000000  0.010576455305097  0.000000000000000  0.127892183716804  0.095722374818399  0.004114691546699  0.042807280623924  0.000000000000000  0.000000000000000  0.002767885540055  0.996540262827868  0.003752323687318  0.000000000000000  0.368567304322775  0.631563630922900  0.000000000000000  0.000000000000000  0.111259466656562  0.497924876547229  1.000000000000000 
29.0    Y  0.000000000000000  0.019791160214425  0.000000000000000  0.000000000000000  0.044347604881262  0.000000000000000  0.000000000000000  0.011164016716727  0.015367219906660  0.000000000000000  0.002020600745154  0.000000000000000  0.000000000000000  0.000000000000000  0.003056296022408  0.001690891729531  0.002113720008839  0.000000000000000  0.000000000000000  0.900625979847929  1.000000000000000  0.000000000000000  0.000000000000000  0.000000000000000  0.000000000000000  0.000000000000000  1.000000000000000  0.108743419088581  1.000000000000000  0.500000000000000 
30.0    R  0.006465600125611  0.003192716126907  0.007089993400915  0.005065779510356  0.000000000000000  0.035060733766578  0.002285934846630  0.027641888604111  0.194386508970640  0.040751585476830  0.210661707375788  0.002595089480657  0.000000000000000  0.082183922512817  0.363997387249772  0.009061716050824  0.000000000000000  0.000000000000000  0.001889211581277  0.007790869151188  0.992404374685819  0.007790869151188  0.000000000000000  0.652929893544459  0.347238783941278  1.000000000000000  0.000000000000000  0.108067153913483  0.496546247718518  0.500000000000000 
31.0    L  0.006872258405644  0.000000000000000  0.000000000000000  0.000000000000000  0.000000000000000  0.003847134542561  0.000000000000000  0.135841857815757  0.020803931456818  0.572758948989878  0.139467415290621  0.000000000000000  0.003960779217930  0.000000000000000  0.025453361345944  0.048529304687565  0.003786288347403  0.027546254934599  0.000000000000000  0.011086901220315  0.994470168673214  0.003847134542561  0.001961264732889  0.500000000000000  0.500000000000000  0.000000000000000  0.000000000000000  0.109348095613228  0.498961359499525  1.000000000000000 
32.0    K  0.012824087637664  0.000000000000000  0.000000000000000  0.002386314651706  0.000000000000000  0.018198962288570  0.000000000000000  0.013470992890900  0.880259013563151  0.000000000000000  0.000000000000000  0.031642337729703  0.000000000000000  0.005222658185176  0.034172983046395  0.000000000000000  0.002031836458051  0.000000000000000  0.000000000000000  0.000000000000000  0.997231251352069  0.002710923279327  0.000000000000000  0.099995016041594  0.900001929793512  0.000000000000000  1.000000000000000  0.107917444821801  0.499653546495226  0.500000000000000 
33.0    H  0.003319082027885  0.000000000000000  0.028008334361544  0.000000000000000  0.000000000000000  0.000000000000000  0.898132372883934  0.004512053845912  0.010047636589302  0.004100455795403  0.000000000000000  0.005879870107074  0.008608633717786  0.025382887386132  0.001519697610460  0.000000000000000  0.005072807041914  0.000000000000000  0.000000000000000  0.005695349136002  1.000000000000000  0.000000000000000  0.000000000000000  0.000000000000000  0.000000000000000  0.000000000000000  1.000000000000000  0.106727214298906  1.000000000000000  0.500000000000000 
34.0    L  0.000000000000000  0.000000000000000  0.000000000000000  0.009207339123529  0.012815201737449  0.000000000000000  0.001748095841656  0.269246594048262  0.003462428512480  0.580754365962861  0.000000000000000  0.000000000000000  0.002116652278994  0.013368672276291  0.000000000000000  0.000000000000000  0.000000000000000  0.098755163982922  0.000000000000000  0.008355836624103  0.986916545885842  0.013415084944340  0.000000000000000  0.365008002663630  0.635075491269395  0.000000000000000  1.000000000000000  0.105257869201052  0.493116352246680  0.500000000000000 
35.0    V  0.009368280576493  0.007060568177743  0.013536513381251  0.006519603759027  0.003639611051972  0.000000000000000  0.000000000000000  0.123023002754225  0.014248955711246  0.008032139270751  0.005347202394890  0.000000000000000  0.000000000000000  0.000000000000000  0.022143084320441  0.014771908074230  0.008692579067069  0.763658748980350  0.000000000000000  0.000000000000000  0.988970916380931  0.004358356727832  0.006601456128223  0.296067902963408  0.704172113456040  0.000000000000000  1.000000000000000  0.103736823198748  0.498270131413934  0.500000000000000 
36.0    W  0.000000000000000  0.000000000000000  0.000000000000000  0.000000000000000  0.007704943003854  0.015377875344278  0.000000000000000  0.002342070144123  0.007427024228358  0.025559439329931  0.014427848605147  0.024603374267788  0.000000000000000  0.000000000000000  0.000000000000000  0.000000000000000  0.000000000000000  0.000000000000000  0.902500727462430  0.000000000000000  1.000000000000000  0.000000000000000  0.000000000000000  0.000000000000000  0.000000000000000  0.235043550627282  0.764718138941384  0.104821023055116  1.000000000000000  0.496546247718518 
37.0    A  0.832198734711525  0.006862738033112  0.016700093612672  0.005920767837931  0.000000000000000  0.024791682599723  0.000000000000000  0.000000000000000  0.000000000000000  0.019928818619977  0.038687196588670  0.000000000000000  0.013175486097658  0.007457976672967  0.007763914791582  0.006963363249195  0.003884649096380  0.015409886007709  0.000000000000000  0.000000000000000  0.994470168673214  0.005395603313062  0.000000000000000  1.000000000000000  0.000000000000000  0.632001549226403  0.368056715542045  0.105476974516252  0.498615625676035  0.497579860910041 
38.0    S  0.066201145917742  0.025347723611783  0.000000000000000  0.000000000000000  0.000000000000000  0.055283777208221  0.000000000000000  0.003977285936581  0.035304600455316  0.000000000000000  0.000000000000000  0.002036065939143  0.003791540897537  0.012065236454559  0.021285281791258  0.697371833175203  0.006434304822403  0.036982844429768  0.033936933010072  0.000000000000000  0.998614666101029  0.001059794308478  0.000000000000000  0.781869643128594  0.218090676442690  0.000000000000000  1.000000000000000  0.103736823198748  0.494485458190466  0.500000000000000 
39.0    R  0.016030908520893  0.003944341006237  0.000000000000000  0.000000000000000  0.000000000000000  0.033913417871306  0.000000000000000  0.000000000000000  0.144085793349858  0.000000000000000  0.015409886007709  0.047728671811272  0.000000000000000  0.050836199883258  0.637280313659631  0.031445556984306  0.013984766733250  0.005172222306232  0.000000000000000  0.000000000000000  0.997922718999051  0.002368189099730  0.000000000000000  0.500000000000000  0.500000000000000  0.000000000000000  1.000000000000000  0.103736823198748  0.500000000000000  0.500000000000000 
40.0    E  0.000000000000000  0.000000000000000  0.001858043508461  0.932386486436833  0.000000000000000  0.021702423996330  0.000000000000000  0.000000000000000  0.020760715845258  0.000000000000000  0.000000000000000  0.000000000000000  0.000000000000000  0.005376935943714  0.000000000000000  0.013030172559765  0.000000000000000  0.004961527275542  0.000000000000000  0.000000000000000  0.987600861445373  0.006180760165511  0.006447698504005  1.000000000000000  0.000000000000000  0.000000000000000  1.000000000000000  0.105550110927973  0.497579860910041  0.500000000000000 
41.0    L  0.006787048321489  0.000000000000000  0.000000000000000  0.005062269396224  0.000000000000000  0.006857982793824  0.000000000000000  0.002611329092588  0.000000000000000  0.859160754947185  0.047464740306704  0.000000000000000  0.000000000000000  0.000000000000000  0.011071542160220  0.000000000000000  0.000000000000000  0.047169561516268  0.013602352551502  0.000000000000000  1.000000000000000  0.000000000000000  0.000000000000000  0.000000000000000  0.000000000000000  0.714001989842532  0.286181040149671  0.104096971360069  1.000000000000000  0.496546247718518 
42.0    E  0.011533706294397  0.000000000000000  0.169458040850000  0.682546858942583  0.000000000000000  0.039637231228933  0.000000000000000  0.000000000000000  0.041579032533771  0.000000000000000  0.000000000000000  0.013039207518053  0.000000000000000  0.021196942616370  0.003687861012306  0.013994463595170  0.000000000000000  0.003349125143102  0.000000000000000  0.000000000000000  0.993092495437036  0.006651982091789  0.000000000000000  0.500000000000000  0.500000000000000  0.000000000000000  1.000000000000000  0.104241380478121  0.491410299272626  0.500000000000000 
43.0    R  0.000000000000000  0.000000000000000  0.007839623035230  0.000000000000000  0.000000000000000  0.000000000000000  0.014338123161115  0.000000000000000  0.111645731544095  0.006112592044816  0.000000000000000  0.007577827424545  0.000000000000000  0.016470178488918  0.824162084953241  0.000000000000000  0.011857962913860  0.000000000000000  0.000000000000000  0.000000000000000  1.000000000000000  0.000000000000000  0.000000000000000  1.000000000000000  0.000000000000000  1.000000000000000  0.000000000000000  0.104458369865232  0.500000000000000  0.500000000000000 
44.0    F  0.023389421668636  0.013955716443012  0.000000000000000  0.000000000000000  0.843231110250112  0.000000000000000  0.003996630741150  0.013649576498698  0.005501344636375  0.047695600280017  0.000000000000000  0.000000000000000  0.000000000000000  0.000000000000000  0.000000000000000  0.011398596439376  0.000000000000000  0.000000000000000  0.006116830439504  0.030948214747907  0.999307092990453  0.000000000000000  0.000938080921830  0.000000000000000  0.000000000000000  0.000000000000000  0.000000000000000  0.102521613899591  1.000000000000000  1.000000000000000 
45.0    A  0.673150034638391  0.030101934188130  0.000000000000000  0.000000000000000  0.000000000000000  0.174705871481383  0.010576455305097  0.000000000000000  0.000000000000000  0.000000000000000  0.023519480428298  0.000000000000000  0.026442456143759  0.000000000000000  0.008507789182313  0.025488671666844  0.000000000000000  0.024877753086837  0.002386314651706  0.000000000000000  0.990342871933025  0.000000000000000  0.009485897534336  0.000000000000000  0.000000000000000  1.000000000000000  0.000000000000000  0.102166916061035  1.000000000000000  0.500000000000000 
46.0    L  0.012065236454559  0.040302132832996  0.000000000000000  0.000000000000000  0.009439983151484  0.005675644724888  0.000000000000000  0.078890752007007  0.000000000000000  0.646176415318746  0.010851211998165  0.000000000000000  0.002889428729002  0.000000000000000  0.000000000000000  0.007002083590386  0.005703250041619  0.153679858406823  0.000000000000000  0.027508094173848  1.000000000000000  0.000000000000000  0.000000000000000  0.000000000000000  0.000000000000000  0.000000000000000  1.000000000000000  0.103377921055408  1.000000000000000  0.496202187342909 
47.0    N  0.086990399489444  0.000000000000000  0.068345966092790  0.000000000000000  0.000000000000000  0.013975076590353  0.029096713119695  0.014377932041014  0.019209982300853  0.000000000000000  0.000000000000000  0.669891801213920  0.000000000000000  0.000000000000000  0.000000000000000  0.081616236693057  0.007828762539685  0.000000000000000  0.000000000000000  0.008501894075553  1.000000000000000  0.000000000000000  0.000000000000000  0.000000000000000  0.000000000000000  0.000000000000000  1.000000000000000  0.103521332666818  1.000000000000000  0.496202187342909 
48.0    P  0.010409178321031  0.000000000000000  0.058842404033825  0.101601950248040  0.014377932041014  0.016288527513143  0.016254691664406  0.000000000000000  0.005482311429840  0.012922240131926  0.000000000000000  0.000000000000000  0.732042847972813  0.000000000000000  0.001606347790454  0.030143693268254  0.000000000000000  0.000000000000000  0.000000000000000  0.000000000000000  1.000000000000000  0.000000000000000  0.000000000000000  0.000000000000000  0.000000000000000  0.000000000000000  1.000000000000000  0.103664943226805  1.000000000000000  0.496202187342909 
49.0    S  0.020545980628204  0.002885425905435  0.055706905993561  0.039527485698561  0.000000000000000  0.567621051073032  0.006973023214633  0.000000000000000  0.037499105699163  0.000000000000000  0.000000000000000  0.013193763865997  0.000000000000000  0.021914050791288  0.021241066279793  0.178996092650143  0.023601134149419  0.000000000000000  0.010401965728409  0.000000000000000  0.995849753094458  0.003993861447695  0.000000000000000  1.000000000000000  0.000000000000000  0.000000000000000  1.000000000000000  0.103664943226805  0.498961359499525  0.496202187342909 
50.0    L  0.033796086358863  0.000000000000000  0.011398596439376  0.000000000000000  0.003677650252114  0.013907433332070  0.002040304224344  0.000000000000000  0.000000000000000  0.914465089499901  0.000000000000000  0.000000000000000  0.009472756398920  0.000000000000000  0.011010318399547  0.000000000000000  0.000000000000000  0.000000000000000  0.000000000000000  0.000000000000000  1.000000000000000  0.000000000000000  0.000000000000000  0.000000000000000  0.000000000000000  0.000000000000000  1.000000000000000  0.103593113060999  1.000000000000000  0.496202187342909 
51.0    L  0.000000000000000  0.000000000000000  0.000000000000000  0.000000000000000  0.012770864507629  0.000000000000000  0.000000000000000  0.039857637239955  0.006099894473495  0.846158596600290  0.045657636829552  0.000000000000000  0.023617498879941  0.000000000000000  0.000000000000000  0.010836179446339  0.000000000000000  0.012949139132625  0.000000000000000  0.002268571742042  1.000000000000000  0.000000000000000  0.000000000000000  0.000000000000000  0.000000000000000  0.000000000000000  1.000000000000000  0.103091693576260  1.000000000000000  0.496202187342909 
52.0    E  0.008431470597691  0.000000000000000  0.028955876934074  0.840313752233282  0.000000000000000  0.014608987464866  0.000000000000000  0.000000000000000  0.072343138561883  0.000000000000000  0.000000000000000  0.000000000000000  0.000000000000000  0.001878764559892  0.010258758792376  0.010605820155313  0.001694411498344  0.010987446874321  0.000000000000000  0.000000000000000  1.000000000000000  0.000000000000000  0.000000000000000  0.000000000000000  0.000000000000000  0.000000000000000  1.000000000000000  0.103091693576260  1.000000000000000  0.496202187342909 
53.0    T  0.002690332121842  0.000000000000000  0.000000000000000  0.000000000000000  0.000000000000000  0.023617498879941  0.000000000000000  0.014052786127309  0.018866884241977  0.000000000000000  0.000000000000000  0.054258764225065  0.000000000000000  0.000000000000000  0.000000000000000  0.150204506190856  0.733566672083662  0.000000000000000  0.000000000000000  0.002839790072891  0.965936328924846  0.034125642054552  0.000000000000000  0.125000000000000  0.874784764905822  0.000000000000000  1.000000000000000  0.103091693576260  0.479632059662632  0.496202187342909 
54.0    T  0.372161313791635  0.000000000000000  0.023617498879941  0.023552107961850  0.000000000000000  0.021270533070304  0.000000000000000  0.014052786127309  0.133046272806670  0.003168465451473  0.001727618037757  0.000000000000000  0.015239929086369  0.031467360939272  0.008566965535843  0.246216610723888  0.069156084568267  0.018893057434896  0.000000000000000  0.017923547253534  1.000000000000000  0.000000000000000  0.000000000000000  0.000000000000000  0.000000000000000  0.000000000000000  1.000000000000000  0.103091693576260  1.000000000000000  0.496202187342909 
55.0    E  0.005182988830458  0.000000000000000  0.052848267961095  0.742261785314525  0.000000000000000  0.027355979052946  0.011438169499575  0.004546588025008  0.064346255214625  0.000000000000000  0.000000000000000  0.002735461564233  0.000000000000000  0.018440224114628  0.033307710502123  0.000000000000000  0.032441852204471  0.005055256462824  0.000000000000000  0.000000000000000  1.000000000000000  0.000000000000000  0.000000000000000  0.000000000000000  0.000000000000000  0.000000000000000  1.000000000000000  0.103091693576260  1.000000000000000  0.496202187342909 
56.0    G  0.000000000000000  0.000000000000000  0.000000000000000  0.019077289260455  0.000000000000000  0.941478464541206  0.000000000000000  0.000000000000000  0.000000000000000  0.000000000000000  0.000000000000000  0.000000000000000  0.000000000000000  0.000000000000000  0.009827226342469  0.029708096913432  0.000000000000000  0.000000000000000  0.000000000000000  0.000000000000000  1.000000000000000  0.000000000000000  0.000000000000000  0.000000000000000  0.000000000000000  0.000000000000000  1.000000000000000  0.103449602009776  1.000000000000000  0.496202187342909 
57.0    C  0.000000000000000  0.898132372883934  0.000000000000000  0.000000000000000  0.000000000000000  0.000000000000000  0.000000000000000  0.003708367659963  0.000000000000000  0.000000000000000  0.009827226342469  0.014782150730087  0.000000000000000  0.000000000000000  0.001575472185981  0.023633874957562  0.011056204377552  0.028105572254617  0.009074286968170  0.000000000000000  1.000000000000000  0.000000000000000  0.000000000000000  0.000000000000000  0.000000000000000  0.000000000000000  1.000000000000000  0.103449602009776  1.000000000000000  0.496202187342909 
58.0    Q  0.016827912128016  0.000000000000000  0.022561393680039  0.072042896674929  0.000000000000000  0.001366783071870  0.007910584432426  0.003464829317001  0.271683715631515  0.032262454233851  0.001980389608965  0.010724097119179  0.000000000000000  0.329648403623092  0.187895184758195  0.009929935072701  0.007002083590386  0.010117523428550  0.011874412940637  0.002861525145725  1.000000000000000  0.000000000000000  0.000000000000000  0.000000000000000  0.000000000000000  0.000000000000000  1.000000000000000  0.101320639985664  1.000000000000000  0.496202187342909 
59.0    Q  0.000000000000000  0.000000000000000  0.003747125466114  0.011965296852300  0.000000000000000  0.000000000000000  0.031995215638389  0.000000000000000  0.225625181865607  0.000000000000000  0.000000000000000  0.008856792287331  0.018529914053296  0.617709318563465  0.074273944066058  0.000000000000000  0.007350203964951  0.000000000000000  0.000000000000000  0.000000000000000  1.000000000000000  0.000000000000000  0.000000000000000  0.000000000000000  0.000000000000000  0.000000000000000  1.000000000000000  0.103593113060999  1.000000000000000  0.496202187342909 
60.0    I  0.013239569296033  0.000000000000000  0.009827226342469  0.000000000000000  0.000000000000000  0.000000000000000  0.000000000000000  0.783497186949341  0.000000000000000  0.148136596367698  0.003417127987913  0.000000000000000  0.000000000000000  0.000000000000000  0.006095667813857  0.000000000000000  0.002396259721199  0.033169475279681  0.000000000000000  0.000000000000000  1.000000000000000  0.000000000000000  0.000000000000000  0.000000000000000  0.000000000000000  0.000000000000000  1.000000000000000  0.103593113060999  1.000000000000000  0.496202187342909 
61.0    M  0.000000000000000  0.010445316370353  0.000000000000000  0.000000000000000  0.010613174098039  0.000000000000000  0.000000000000000  0.352330188785505  0.001687379272266  0.417254640577705  0.184028357771022  0.009827226342469  0.000000000000000  0.000000000000000  0.000000000000000  0.000000000000000  0.000000000000000  0.011171757705951  0.000000000000000  0.002690332121842  1.000000000000000  0.000000000000000  0.000000000000000  0.000000000000000  0.000000000000000  0.000000000000000  1.000000000000000  0.103593113060999  1.000000000000000  0.496202187342909 
62.0    E  0.036982844429768  0.000000000000000  0.012832979699251  0.346277367027731  0.000000000000000  0.183518829504263  0.005140056738395  0.018893057434896  0.107693269964002  0.012985091587401  0.002234240182039  0.016792955825867  0.000000000000000  0.060245612983790  0.063328556259943  0.056016668723088  0.053958722410901  0.022971677131079  0.000000000000000  0.000000000000000  1.000000000000000  0.000000000000000  0.000000000000000  0.000000000000000  0.000000000000000  0.000000000000000  1.000000000000000  0.101390894447130  1.000000000000000  0.496202187342909 
63.0    Q  0.012815201737449  0.000000000000000  0.000000000000000  0.006159376359815  0.000000000000000  0.000000000000000  0.032871930600121  0.004700402445311  0.028203147733201  0.013830527571555  0.000000000000000  0.000000000000000  0.001495662106537  0.681129017320244  0.014229216149875  0.001808488325249  0.022671128247409  0.180241108932528  0.000000000000000  0.000000000000000  1.000000000000000  0.000000000000000  0.000000000000000  0.000000000000000  0.000000000000000  0.000000000000000  1.000000000000000  0.101461197622160  1.000000000000000  0.496202187342909 
64.0    L  0.000000000000000  0.017241152188156  0.000000000000000  0.010821167719617  0.003096813033634  0.013659040943912  0.000000000000000  0.069300040225192  0.000000000000000  0.817335328488283  0.002991324213075  0.000000000000000  0.000000000000000  0.000000000000000  0.000000000000000  0.000000000000000  0.005937206470318  0.059539874877746  0.000000000000000  0.000000000000000  0.995159721820083  0.005118724233822  0.000000000000000  1.000000000000000  0.000000000000000  0.000000000000000  1.000000000000000  0.101601950248040  0.498615625676035  0.496202187342909 
65.0    Q  0.058354996557207  0.004638904945599  0.006810611246383  0.059169601952295  0.019050860844942  0.005888026990462  0.033655824256033  0.003153129197284  0.025453361345944  0.052483218309009  0.000000000000000  0.014179986801831  0.014792400488074  0.619424348891954  0.002152158429447  0.023633874957562  0.032262454233851  0.003871209231500  0.017217267435572  0.003734161396851  0.997231251352069  0.000000000000000  0.002458510104502  0.000000000000000  0.000000000000000  0.000000000000000  1.000000000000000  0.101813445383777  1.000000000000000  0.496202187342909 
66.0    P  0.000000000000000  0.000000000000000  0.000000000000000  0.000000000000000  0.000000000000000  0.023340835267380  0.000000000000000  0.000000000000000  0.000000000000000  0.017652300227658  0.000000000000000  0.000000000000000  0.793333843191143  0.025295069267107  0.017713584574663  0.119658932274412  0.002771725305079  0.000000000000000  0.000000000000000  0.000000000000000  1.000000000000000  0.000000000000000  0.000000000000000  0.000000000000000  0.000000000000000  0.308854659281732  0.691116103264291  0.099787298294581  1.000000000000000  0.494142825750366 
67.0    A  0.430176315305720  0.000000000000000  0.000000000000000  0.000000000000000  0.000000000000000  0.000000000000000  0.000000000000000  0.000000000000000  0.000000000000000  0.237994477124383  0.000000000000000  0.002306626291855  0.011874412940637  0.002412927025639  0.007567329603333  0.225468844595562  0.075415244982548  0.006758880395195  0.000000000000000  0.000000000000000  1.000000000000000  0.000000000000000  0.000000000000000  0.000000000000000  0.000000000000000  0.000000000000000  1.000000000000000  0.099787298294581  1.000000000000000  0.496202187342909 
68.0    L  0.000000000000000  0.000000000000000  0.000000000000000  0.090370768409109  0.007279222103944  0.000000000000000  0.000000000000000  0.079715274479909  0.000000000000000  0.616853584904748  0.013668511951653  0.000000000000000  0.004166350706374  0.011359160291565  0.000000000000000  0.005182988830458  0.002570028369197  0.128514228332008  0.000000000000000  0.040162698045918  0.988970916380931  0.000000000000000  0.010716666317114  0.000000000000000  0.000000000000000  0.000000000000000  1.000000000000000  0.099580012035698  1.000000000000000  0.496202187342909 
69.0    K  0.030926770512975  0.000000000000000  0.034363004666080  0.022939853688033  0.000000000000000  0.006735496445450  0.002179178363916  0.011010318399547  0.255076164812114  0.001298444441584  0.000000000000000  0.017193415771346  0.188416863694798  0.348927691030542  0.055207190717592  0.023292349793733  0.002480763637771  0.000000000000000  0.000000000000000  0.000000000000000  0.961927454664775  0.023470623858452  0.014761672515581  0.071100326742032  0.929160674250913  0.000000000000000  1.000000000000000  0.100551046367739  0.483973513446869  0.490729531926740 
70.0    T  0.008644510571033  0.000000000000000  0.008561029425373  0.010896434893363  0.000000000000000  0.011613929565867  0.003873893479446  0.021944451183406  0.000000000000000  0.005628631831398  0.000000000000000  0.022860487823505  0.000000000000000  0.015755507107728  0.023633874957562  0.013744516811288  0.851453707748945  0.001671084034536  0.000000000000000  0.000000000000000  1.000000000000000  0.000000000000000  0.000000000000000  0.000000000000000  0.000000000000000  0.000000000000000  1.000000000000000  0.102379587232478  1.000000000000000  0.479964630519454 
71.0    G  0.035921714001084  0.000000000000000  0.000000000000000  0.011233879162867  0.000000000000000  0.935623497831400  0.000000000000000  0.000000000000000  0.000000000000000  0.005719084749788  0.000000000000000  0.000000000000000  0.000000000000000  0.000000000000000  0.008332701412748  0.000000000000000  0.000000000000000  0.003379440197598  0.000000000000000  0.000000000000000  1.000000000000000  0.000000000000000  0.000000000000000  0.000000000000000  0.000000000000000  0.000000000000000  1.000000000000000  0.100830219902766  1.000000000000000  0.479964630519454 
72.0    S  0.004154815128489  0.000000000000000  0.000000000000000  0.000000000000000  0.000000000000000  0.000000000000000  0.000000000000000  0.003287029227677  0.005719084749788  0.000000000000000  0.000000000000000  0.015690117863109  0.000000000000000  0.000000000000000  0.000000000000000  0.683967651951245  0.287174588749259  0.000000000000000  0.000000000000000  0.000000000000000  0.994470168673214  0.005719084749788  0.000000000000000  0.333324669272800  0.666649338545599  0.507331273290440  0.492774668469685  0.100830219902766  0.497235084336607  0.479964630519454 
73.0    E  0.000000000000000  0.000000000000000  0.015218816695988  0.820741608810498  0.000000000000000  0.001889211581277  0.000000000000000  0.000000000000000  0.072644631719882  0.000000000000000  0.000000000000000  0.000000000000000  0.015755507107728  0.013773127467300  0.016493026838093  0.025506345192216  0.012225184089633  0.005644259366889  0.000000000000000  0.000000000000000  0.995849753094458  0.004410017206274  0.000000000000000  1.000000000000000  0.000000000000000  0.000000000000000  1.000000000000000  0.099787298294581  0.498615625676035  0.490729531926740 
74.0    E  0.009387781636929  0.000000000000000  0.015832139064986  0.603321959860381  0.000000000000000  0.084027187134539  0.000000000000000  0.000000000000000  0.042836962655616  0.000000000000000  0.000000000000000  0.117115180859053  0.035971546603993  0.000000000000000  0.001991401724606  0.040864729641774  0.012132326171891  0.036372704200067  0.000000000000000  0.000000000000000  0.997922718999051  0.000000000000000  0.002055920224042  0.000000000000000  0.000000000000000  0.000000000000000  1.000000000000000  0.098686735837569  1.000000000000000  0.490729531926740 
75.0    L  0.000000000000000  0.000000000000000  0.000000000000000  0.000000000000000  0.045499673406221  0.000000000000000  0.000000000000000  0.113125807860363  0.003863167642113  0.794985250948974  0.004004950148002  0.000000000000000  0.003388822996688  0.000000000000000  0.000000000000000  0.012216713173884  0.000000000000000  0.019901210551977  0.000000000000000  0.003183876298448  1.000000000000000  0.000000000000000  0.000000000000000  0.000000000000000  0.000000000000000  0.264988195849320  0.735093668194520  0.098686735837569  1.000000000000000  0.480963727332387 
76.0    R  0.000000000000000  0.000000000000000  0.019478143660548  0.000000000000000  0.000000000000000  0.004769322315114  0.000000000000000  0.065244495463857  0.528875481809214  0.000000000000000  0.000000000000000  0.016886334406865  0.000000000000000  0.043045313949473  0.307359716813645  0.000000000000000  0.010496120513448  0.003734161396851  0.000000000000000  0.000000000000000  1.000000000000000  0.000000000000000  0.000000000000000  0.500000000000000  0.500000000000000  0.659296807246183  0.340800651820627  0.097801472717064  0.491410299272626  0.486327473706143 
77.0    S  0.034244117701490  0.006083005398919  0.030734439813320  0.000000000000000  0.000000000000000  0.000000000000000  0.019627224705368  0.000000000000000  0.000000000000000  0.004508927412175  0.000000000000000  0.000000000000000  0.000000000000000  0.000000000000000  0.000000000000000  0.900001929793512  0.000000000000000  0.000000000000000  0.004733096329806  0.000000000000000  1.000000000000000  0.000000000000000  0.000000000000000  0.000000000000000  0.000000000000000  0.000000000000000  1.000000000000000  0.097937148368668  1.000000000000000  0.496202187342909 
78.0    L  0.000000000000000  0.000000000000000  0.000000000000000  0.000000000000000  0.023438109207591  0.000000000000000  0.000000000000000  0.014229216149875  0.000000000000000  0.880869374126979  0.000000000000000  0.000000000000000  0.006262697885933  0.000000000000000  0.000000000000000  0.028975954576108  0.000000000000000  0.012149156810665  0.000000000000000  0.034291623049351  1.000000000000000  0.000000000000000  0.000000000000000  0.000000000000000  0.000000000000000  0.000000000000000  1.000000000000000  0.097937148368668  1.000000000000000  0.496202187342909 
79.0    F  0.000000000000000  0.004508927412175  0.000000000000000  0.000000000000000  0.440740078953585  0.000000000000000  0.020179021098474  0.015898120189104  0.000000000000000  0.019397304555096  0.000000000000000  0.001675723692244  0.004313276746731  0.000000000000000  0.000000000000000  0.017385158134138  0.004664699949510  0.033819520141429  0.039802421103953  0.397492625474487  1.000000000000000  0.000000000000000  0.000000000000000  0.000000000000000  0.000000000000000  0.000000000000000  1.000000000000000  0.097937148368668  1.000000000000000  0.496202187342909 
80.0    N  0.000000000000000  0.000000000000000  0.023099412988654  0.000000000000000  0.000000000000000  0.114308136187488  0.000000000000000  0.010401965728409  0.000000000000000  0.001523916953464  0.000000000000000  0.791137301185450  0.000000000000000  0.006083005398919  0.011133106360537  0.021944451183406  0.007447644885064  0.000000000000000  0.000000000000000  0.012673861805891  0.967947026893737  0.000000000000000  0.032352028870043  0.000000000000000  0.000000000000000  0.000000000000000  1.000000000000000  0.097937148368668  1.000000000000000  0.496202187342909 
81.0    T  0.091315273659105  0.000000000000000  0.000000000000000  0.000000000000000  0.000000000000000  0.000000000000000  0.000000000000000  0.061853541025950  0.007834190905477  0.093687475109722  0.019572881853502  0.000000000000000  0.011816937478781  0.004839252725718  0.000000000000000  0.007916069532493  0.701249625321201  0.000000000000000  0.000000000000000  0.000000000000000  1.000000000000000  0.000000000000000  0.000000000000000  0.000000000000000  0.000000000000000  0.345558051632146  0.654289035727505  0.104893704638318  1.000000000000000  0.469110598250336 
82.0    V  0.028975954576108  0.065698306817982  0.000000000000000  0.004416135027830  0.000000000000000  0.003293871524415  0.000000000000000  0.174463845515271  0.000000000000000  0.036297147872679  0.011202775375124  0.000000000000000  0.000000000000000  0.000000000000000  0.020235046857100  0.002170134235654  0.023486898094774  0.616426162731903  0.000000000000000  0.013248749447393  1.000000000000000  0.000000000000000  0.000000000000000  0.000000000000000  0.000000000000000  0.000000000000000  1.000000000000000  0.101672399766516  1.000000000000000  0.479964630519454 
83.0    A  0.629378586752429  0.163685677885446  0.000000000000000  0.007861389246076  0.000000000000000  0.001666457222875  0.000000000000000  0.011048543456040  0.000000000000000  0.004762715211236  0.000000000000000  0.013248749447393  0.008021012075937  0.000000000000000  0.006138066536465  0.060037178997092  0.026296233821418  0.063548417080747  0.000000000000000  0.004169239601719  1.000000000000000  0.000000000000000  0.000000000000000  0.000000000000000  0.000000000000000  0.760489376620505  0.239483804555674  0.101742898133804  1.000000000000000  0.479964630519454 
84.0    T  0.025137761591935  0.003542540347395  0.000000000000000  0.007731692628244  0.000000000000000  0.014377932041014  0.000000000000000  0.011280696840020  0.004756117260402  0.000000000000000  0.000000000000000  0.001682707343188  0.004496443325499  0.005851409900094  0.018427446754082  0.000000000000000  0.475000191437443  0.423079298300145  0.000000000000000  0.004437614315573  1.000000000000000  0.000000000000000  0.000000000000000  0.000000000000000  0.000000000000000  0.000000000000000  1.000000000000000  0.097937148368668  1.000000000000000  0.496202187342909 
85.0    L  0.000000000000000  0.012726680672972  0.000000000000000  0.000000000000000  0.021108970070869  0.000000000000000  0.001738429166509  0.100970097201201  0.000000000000000  0.786217292140332  0.001798487689854  0.000000000000000  0.002012214753164  0.000000000000000  0.007731692628244  0.000000000000000  0.014377932041014  0.051403129294529  0.000000000000000  0.000000000000000  1.000000000000000  0.000000000000000  0.000000000000000  0.000000000000000  0.000000000000000  0.000000000000000  1.000000000000000  0.097937148368668  1.000000000000000  0.496202187342909 
86.0    Y  0.031315050158739  0.015668381810954  0.006045175756025  0.000000000000000  0.026223426159579  0.000000000000000  0.000000000000000  0.000000000000000  0.000000000000000  0.017960857000542  0.000000000000000  0.007731692628244  0.012464769372016  0.000000000000000  0.014377932041014  0.008449021589716  0.000000000000000  0.000000000000000  0.240648610775438  0.618995145418723  1.000000000000000  0.000000000000000  0.000000000000000  0.000000000000000  0.000000000000000  0.000000000000000  1.000000000000000  0.097937148368668  1.000000000000000  0.496202187342909 
87.0    C  0.028203147733201  0.824733548610081  0.000000000000000  0.000000000000000  0.004413075056915  0.008263679403269  0.000000000000000  0.000000000000000  0.032803646363221  0.000000000000000  0.003010043392025  0.000000000000000  0.012464769372016  0.000000000000000  0.016176014435022  0.004756117260402  0.000000000000000  0.003510762213324  0.030395467106634  0.031206708315657  0.981459063853479  0.018465805420849  0.000000000000000  1.000000000000000  0.000000000000000  0.000000000000000  1.000000000000000  0.097937148368668  0.484980955170867  0.496202187342909 
88.0    V  0.000000000000000  0.028144561870248  0.000000000000000  0.016053147490296  0.000000000000000  0.012709049970814  0.000000000000000  0.065835064747177  0.004756117260402  0.128425179922370  0.000000000000000  0.000000000000000  0.000000000000000  0.000000000000000  0.014377932041014  0.000000000000000  0.000000000000000  0.723969086189780  0.000000000000000  0.005616939581433  0.999307092990453  0.000810443931240  0.000000000000000  0.500000000000000  0.500000000000000  0.000000000000000  1.000000000000000  0.097937148368668  0.500000000000000  0.496202187342909 
89.0    H  0.000000000000000  0.000000000000000  0.012717862266726  0.004756117260402  0.000000000000000  0.000000000000000  0.847332434946118  0.005616939581433  0.014377932041014  0.023099412988654  0.000000000000000  0.000000000000000  0.002356726405705  0.025418099941629  0.035550163371016  0.003941607944706  0.000000000000000  0.000000000000000  0.000000000000000  0.024637505439259  0.986916545885842  0.012753172596108  0.000000000000000  0.333324669272800  0.666649338545599  0.000000000000000  1.000000000000000  0.097937148368668  0.492433221447775  0.496202187342909 
90.0    Q  0.185436866730140  0.014690221914205  0.000000000000000  0.090496135773722  0.000000000000000  0.021108970070869  0.018363692631559  0.000000000000000  0.063901783163120  0.009752582413294  0.001961264732889  0.039390730986968  0.019303416205108  0.443190849597434  0.066661611301985  0.017911127902006  0.004587742075053  0.003293871524415  0.000000000000000  0.000000000000000  1.000000000000000  0.000000000000000  0.000000000000000  0.000000000000000  0.000000000000000  0.000000000000000  1.000000000000000  0.097665985021540  1.000000000000000  0.496202187342909 
91.0    Q  0.005436899968090  0.000000000000000  0.025665959398502  0.106137030805855  0.000000000000000  0.138408073060536  0.001908956575021  0.000000000000000  0.203344799533031  0.013715965587649  0.009049162548396  0.045689295262501  0.021403640311962  0.043254678626609  0.376311686852767  0.004749528449934  0.004746237468379  0.000000000000000  0.000000000000000  0.000000000000000  1.000000000000000  0.000000000000000  0.000000000000000  0.000000000000000  0.000000000000000  0.000000000000000  1.000000000000000  0.099787298294581  1.000000000000000  0.496202187342909 
92.0    I  0.004166350706374  0.000000000000000  0.003589503451090  0.043555538708983  0.006853230849475  0.000000000000000  0.000000000000000  0.717972255311718  0.031120304784202  0.037343475151774  0.021065120808392  0.000000000000000  0.000000000000000  0.017664540111322  0.014629253866164  0.000000000000000  0.000000000000000  0.079494562921473  0.012976094126420  0.009387781636929  1.000000000000000  0.000000000000000  0.000000000000000  0.000000000000000  0.000000000000000  0.000000000000000  1.000000000000000  0.097530685021713  1.000000000000000  0.496202187342909 
93.0    A  0.024518253059273  0.000000000000000  0.199436309952258  0.422493192206257  0.000000000000000  0.015679246070461  0.007284269425288  0.000000000000000  0.194926210652831  0.000000000000000  0.000000000000000  0.017985773301996  0.026867390195094  0.038419964601706  0.013057296233154  0.024998754010399  0.005566553180269  0.002879432065022  0.005995101937503  0.000000000000000  1.000000000000000  0.000000000000000  0.000000000000000  0.000000000000000  0.000000000000000  0.000000000000000  1.000000000000000  0.097530685021713  1.000000000000000  0.496202187342909 
94.0    V  0.005269931774764  0.007688937672139  0.000000000000000  0.003692977018558  0.000000000000000  0.014998894703733  0.000000000000000  0.216434141379915  0.002174651598103  0.004189518034445  0.006284440397984  0.000000000000000  0.000000000000000  0.000000000000000  0.000000000000000  0.014629253866164  0.000000000000000  0.724471077277439  0.000000000000000  0.000000000000000  1.000000000000000  0.000000000000000  0.000000000000000  0.000000000000000  0.000000000000000  0.000000000000000  1.000000000000000  0.097530685021713  1.000000000000000  0.496202187342909 
95.0    R  0.026387527731993  0.000000000000000  0.007011797270838  0.084435880283477  0.000000000000000  0.001674562571551  0.005132936043552  0.000000000000000  0.556710809114343  0.017325010056298  0.000000000000000  0.008009900296005  0.000000000000000  0.057591511637419  0.179991414814336  0.019505164826588  0.036297147872679  0.000000000000000  0.000000000000000  0.000000000000000  1.000000000000000  0.000000000000000  0.000000000000000  0.000000000000000  0.000000000000000  1.000000000000000  0.000000000000000  0.097530685021713  1.000000000000000  0.496202187342909 
96.0    D  0.000000000000000  0.000000000000000  0.854409740889733  0.008881382603406  0.000000000000000  0.002901470548166  0.029666941279704  0.000000000000000  0.012413037501502  0.000000000000000  0.000000000000000  0.075834597515543  0.000000000000000  0.000000000000000  0.007704943003854  0.005365766536834  0.002849649109844  0.000000000000000  0.000000000000000  0.000000000000000  1.000000000000000  0.000000000000000  0.000000000000000  0.000000000000000  0.000000000000000  0.000000000000000  0.000000000000000  0.096321388544801  1.000000000000000  1.000000000000000 
97.0    T  0.034746223672410  0.000000000000000  0.000000000000000  0.000000000000000  0.000000000000000  0.010166733245640  0.007704943003854  0.000000000000000  0.003616976650497  0.004658237782542  0.000000000000000  0.000000000000000  0.012208248127692  0.000000000000000  0.010517969291225  0.000000000000000  0.916368644675351  0.000000000000000  0.000000000000000  0.000000000000000  0.995849753094458  0.004007727130223  0.000000000000000  1.000000000000000  0.000000000000000  0.000000000000000  0.000000000000000  0.096321388544801  0.498961359499525  1.000000000000000 
98.0    K  0.003049947236748  0.000000000000000  0.000000000000000  0.178376813214735  0.000000000000000  0.006142322594846  0.017923547253534  0.011164016716727  0.622868707784737  0.000000000000000  0.000000000000000  0.004413075056915  0.004540289482493  0.104169150894902  0.019024469041609  0.000000000000000  0.028320685570854  0.000000000000000  0.000000000000000  0.000000000000000  0.997922718999051  0.000000000000000  0.001743255803658  0.000000000000000  0.000000000000000  0.000000000000000  0.000000000000000  0.096254646779509  1.000000000000000  1.000000000000000 
99.0    E  0.014467906601989  0.000000000000000  0.011109979770213  0.846745312362527  0.000000000000000  0.012913286221160  0.013048248741068  0.000000000000000  0.023405639600378  0.010166733245640  0.000000000000000  0.000000000000000  0.000000000000000  0.068156733291579  0.000000000000000  0.000000000000000  0.000000000000000  0.000000000000000  0.000000000000000  0.000000000000000  1.000000000000000  0.000000000000000  0.000000000000000  0.125000000000000  0.874784764905822  0.000000000000000  1.000000000000000  0.096321388544801  0.500000000000000  0.491410299272626 
100.0    A  0.958599438492977  0.000000000000000  0.000000000000000  0.004658237782542  0.001906312032766  0.007747786958893  0.000000000000000  0.000000000000000  0.003616976650497  0.000000000000000  0.000000000000000  0.000000000000000  0.005715121955876  0.000000000000000  0.004425327676937  0.011102281587354  0.000000000000000  0.001914256670590  0.000000000000000  0.000000000000000  0.986232704493359  0.000000000000000  0.013443009853304  0.000000000000000  0.000000000000000  0.000000000000000  1.000000000000000  0.096321388544801  1.000000000000000  0.491410299272626 
101.0    L  0.000000000000000  0.000000000000000  0.000000000000000  0.020319377289820  0.015463385256488  0.000000000000000  0.000000000000000  0.039254449410735  0.118750047859361  0.707106781186547  0.000000000000000  0.004502681042183  0.003161883658388  0.004756117260402  0.016019800592009  0.006358931133363  0.000000000000000  0.064301669243348  0.000000000000000  0.000000000000000  1.000000000000000  0.000000000000000  0.000000000000000  0.000000000000000  0.000000000000000  0.428985265214345  0.570777353563387  0.097125908598006  1.000000000000000  0.480630464194381 
102.0    D  0.029811235954611  0.000000000000000  0.458819941155683  0.186985719795299  0.000000000000000  0.016086563803656  0.000000000000000  0.004157696025208  0.138216331665034  0.000000000000000  0.001447721689261  0.038875364165577  0.000000000000000  0.061896429495814  0.018814646581741  0.008656502717695  0.008789519411631  0.022066475068512  0.000000000000000  0.005384395128811  0.989656656415207  0.010230354867840  0.000000000000000  0.250000000000000  0.750019494642909  0.842646829503152  0.157453747493425  0.096388176587996  0.484309094613314  0.489710148793463 
103.0    K  0.015050967094065  0.000000000000000  0.015474107373954  0.064524908467703  0.000000000000000  0.006862738033112  0.007769298192759  0.031708204580653  0.671751712860648  0.018529914053296  0.000000000000000  0.005888026990462  0.004325252283142  0.062326953209504  0.061939347704005  0.000000000000000  0.018998113799736  0.008771261109950  0.000000000000000  0.005916665296394  1.000000000000000  0.000000000000000  0.000000000000000  0.000000000000000  0.000000000000000  1.000000000000000  0.000000000000000  0.096388176587996  1.000000000000000  0.499653546495226 
104.0    I  0.016921485086343  0.000000000000000  0.007861389246076  0.000000000000000  0.003445669395301  0.000000000000000  0.000000000000000  0.514056913328033  0.011241668593835  0.110108671765872  0.021152910610195  0.000000000000000  0.000000000000000  0.000000000000000  0.000000000000000  0.015942260300757  0.000000000000000  0.293819082104943  0.005440669846363  0.000000000000000  0.999307092990453  0.000000000000000  0.000504800164184  0.000000000000000  0.000000000000000  0.000000000000000  0.000000000000000  0.098413497071150  1.000000000000000  1.000000000000000 
105.0    E  0.007114608074937  0.000000000000000  0.000000000000000  0.616853584904748  0.000000000000000  0.010836179446339  0.000000000000000  0.000000000000000  0.205612517178116  0.000000000000000  0.000000000000000  0.000000000000000  0.000000000000000  0.061468879626641  0.063724855187387  0.000000000000000  0.007720981652349  0.019736363466341  0.000000000000000  0.007045901393611  0.965267024871757  0.032871930600121  0.001748095841656  0.186726682139043  0.813379198132126  0.000000000000000  1.000000000000000  0.098755163982922  0.480630464194381  0.500000000000000 
106.0    E  0.011312016971715  0.000000000000000  0.013508394239185  0.643494623650635  0.000000000000000  0.033008925792246  0.000000000000000  0.025988190574216  0.126218912199586  0.015103220266640  0.003284751622085  0.000000000000000  0.000000000000000  0.036880448229256  0.042541066140609  0.006610614035940  0.007866840234818  0.034363004666080  0.000000000000000  0.000000000000000  0.978741650397436  0.000000000000000  0.021300040738789  1.000000000000000  0.000000000000000  0.962594443101751  0.037681494615336  0.096722812096399  0.491410299272626  0.491069797631696 
107.0    I  0.065652784000672  0.025295069267107  0.015986522964601  0.384218795322003  0.002917604408423  0.004971855215922  0.044532425442150  0.134997069979110  0.052556025953357  0.027204705103004  0.029278795214763  0.007411596212035  0.000000000000000  0.015625000000000  0.094469995519764  0.000000000000000  0.011678509754960  0.080884103405178  0.000000000000000  0.002373118734189  0.822450068712464  0.174948233199399  0.002456806585617  0.285586561712136  0.714497069870547  0.564873607285062  0.435275281648062  0.098141014834197  0.382359069470692  0.487002134271620 
108.0    Q  0.004425327676937  0.003868526843488  0.034172983046395  0.094732285406900  0.000000000000000  0.012806321994336  0.014905617977306  0.000000000000000  0.049962864397030  0.021079727099058  0.027337023903307  0.008149910886952  0.014538275901610  0.641268301381124  0.033377044001495  0.008110463051118  0.012673861805891  0.007593601468604  0.011117683290895  0.000000000000000  0.973329374158238  0.016642315678022  0.010223266183242  0.295862755438143  0.704172113456040  0.062197482613755  0.937571096457110  0.096856991369896  0.490049707670935  0.482968164462423 
109.0    N  0.025277542136304  0.000000000000000  0.017603425445270  0.045594385757505  0.000000000000000  0.029258507732328  0.009578397344165  0.018440224114628  0.202360554136852  0.004002175089972  0.005770851810869  0.488692883205403  0.004477781975501  0.028281451965091  0.015030116479137  0.035451733904249  0.068726009332159  0.000000000000000  0.000000000000000  0.001404234895358  0.980779003988551  0.001329408316894  0.017554685984869  0.567621051073032  0.432568345292494  0.322193657621254  0.677832163400000  0.096924150793376  0.500000000000000  0.477641468191219 
110.0    K  0.032061817041786  0.010237448467643  0.000000000000000  0.078400137782562  0.013677989526473  0.044163551371335  0.000000000000000  0.001255084313935  0.624165274450806  0.002368189099730  0.000000000000000  0.054636163775648  0.005044755274618  0.046070913040347  0.023864335905636  0.049617745683228  0.009061716050824  0.005551140793677  0.000000000000000  0.000000000000000  0.889458993537898  0.030290306779221  0.080492601844364  0.447512535463986  0.552482242399956  0.457866843209063  0.542238704421532  0.097260647069427  0.477972658796871  0.472046209575125 
111.0    S  0.025102937398657  0.063946091858402  0.011477879947487  0.070170088879601  0.018607138271328  0.059788009880742  0.011048543456040  0.019397304555096  0.022467758325734  0.000000000000000  0.001650364032056  0.050765774772265  0.005512796263315  0.029523345031163  0.030164594527242  0.510152329624229  0.055939066932998  0.008771261109950  0.000000000000000  0.005601387687562  0.882702996290655  0.108894274017782  0.008172538592129  0.299577255334855  0.700278160443602  0.388773017941279  0.611320138846034  0.114387396015991  0.389042588277709  0.423666217473059 
112.0    K  0.037681494615336  0.000000000000000  0.012913286221160  0.035206850890540  0.000000000000000  0.001624261910888  0.002577163888228  0.025577161924713  0.440434687063490  0.010166733245640  0.008280881120291  0.010075533208249  0.005589752031340  0.289974913626359  0.069685388670481  0.027603595358796  0.022797192878753  0.000000000000000  0.000000000000000  0.000000000000000  0.943438250895360  0.028027754989438  0.028497911422493  0.457549584063964  0.542614685940904  0.099718154976129  0.900001929793512  0.110337874536332  0.485317234884773  0.426908857195622 
113.0    Q  0.016653855251062  0.000000000000000  0.021567458646822  0.106357966188318  0.000000000000000  0.006510571930931  0.001158922653961  0.000000000000000  0.263888429409492  0.003257543139941  0.003941607944706  0.026923317491001  0.032240099353167  0.470739232270603  0.019249969897590  0.011784219349114  0.015909143746322  0.000000000000000  0.000000000000000  0.000000000000000  0.976031760776225  0.012726680672972  0.011382805577328  0.707106781186547  0.293005570918628  0.296478624852737  0.703684187662699  0.113204247877228  0.485653747770817  0.412652704256329 
114.0    K  0.029584800976147  0.000000000000000  0.001697938593926  0.038234001285371  0.000000000000000  0.030564483545229  0.002712802999541  0.005255340658288  0.632439771176968  0.003991094073103  0.018135998662246  0.020789516266886  0.023633874957562  0.073505703143185  0.055398856199679  0.014179986801831  0.045499673406221  0.004236239878293  0.000000000000000  0.000000000000000  0.895025070927972  0.035085044439800  0.070218743939478  0.476649272644080  0.523405140987288  0.037421209519342  0.962594443101751  0.106727214298906  0.466193243218416  0.429878243121503 
115.0    A  0.259894858793820  0.004693890818464  0.019928818619977  0.035772630018709  0.000000000000000  0.008734858210671  0.015788303851356  0.024774504269071  0.067545337627459  0.008986655416802  0.019804883156788  0.017373111836205  0.033031813767543  0.059746582349609  0.001644654206266  0.040162698045918  0.361232599480881  0.020832791829550  0.000000000000000  0.000000000000000  0.948026965128645  0.033215489823705  0.018453010334836  0.441045682598588  0.559030925482931  0.370873733460280  0.628942485918009  0.110261420649647  0.481297221550876  0.393926943024673 
116.0    Q  0.046487930076078  0.000000000000000  0.027718634536005  0.016470178488918  0.000000000000000  0.033400187225344  0.006992383366625  0.000000000000000  0.066661611301985  0.000000000000000  0.000000000000000  0.037577164028068  0.051225287977345  0.609205131837596  0.021094343517543  0.055629733328281  0.023276210361292  0.000000000000000  0.000000000000000  0.004301334367570  0.990342871933025  0.005157901722715  0.004301334367570  1.000000000000000  0.000000000000000  0.033054717613076  0.967276329613932  0.107172004579271  0.497579860910041  0.417254640577705 
117.0    Q  0.067545337627459  0.000000000000000  0.018262144508769  0.057193698007996  0.000000000000000  0.032307210507749  0.015292838287460  0.000000000000000  0.088818252698835  0.001351708707082  0.011109979770213  0.026589491547079  0.012149156810665  0.601651512999751  0.032963197408377  0.018173750649185  0.016596237288990  0.000000000000000  0.000000000000000  0.000000000000000  0.922742492653798  0.027641888604111  0.049549008538143  0.405282559942655  0.594603557501361  0.142793280856068  0.857376036634172  0.107023535568307  0.470739232270603  0.417543959714185 
118.0    A  0.597495602428391  0.000000000000000  0.013340901787363  0.068203992315933  0.000000000000000  0.024013674707625  0.000000000000000  0.000000000000000  0.036473690681827  0.000000000000000  0.000000000000000  0.011454037165541  0.053437636118248  0.031185084968720  0.000000000000000  0.026960667016958  0.121750533567905  0.015690117863109  0.000000000000000  0.000000000000000  0.871758239537062  0.097463105326415  0.030522141530070  0.849684999138650  0.150204506190856  0.200962747685788  0.798851916449148  0.103880732699206  0.421907898065009  0.399702915176236 
119.0    A  0.550570799048982  0.004186615088032  0.017265070074999  0.076786686277853  0.016665402825496  0.012301687133894  0.000000000000000  0.004839252725718  0.030290306779221  0.005336094752947  0.012327294388320  0.006403160997168  0.037838533873455  0.023914012028479  0.002764051094388  0.044718016250716  0.145793671223558  0.008200911590805  0.000000000000000  0.000000000000000  0.922103117912631  0.062586703481958  0.015377875344278  0.759962428200758  0.240315232097190  0.289974913626359  0.710053679271714  0.102379587232478  0.453759577658580  0.398872619904516 
120.0    A  0.575145946675303  0.016019800592009  0.014812921330135  0.031077192771038  0.016345077184258  0.022734073181793  0.000000000000000  0.001968073750802  0.018491422214884  0.003644660123191  0.020890632740705  0.011915637916065  0.033609199701793  0.040162698045918  0.052519609514580  0.039664715188119  0.068916822691807  0.027527167941468  0.004419197120492  0.000000000000000  0.771105412703970  0.077643017611527  0.151459082553780  0.409802303818759  0.590087171668101  0.229728220869763  0.770571108358408  0.102521613899591  0.441351498145327  0.414947292794991 
121.0    D  0.109575715164504  0.000000000000000  0.398872619904516  0.046973796189549  0.000000000000000  0.111800612722826  0.001591938149224  0.000000000000000  0.047994070928191  0.004719991575742  0.006159376359815  0.092014178885511  0.075939799494064  0.027129382112533  0.011630041055989  0.020123150461091  0.041177498491692  0.004221583601716  0.000000000000000  0.000000000000000  0.832775770880549  0.056328153913177  0.110874538144019  0.440129506781575  0.559806444327120  0.124308771084152  0.875391329694264  0.121834953861444  0.467811748915700  0.353063601096189 
122.0    T  0.126044056861824  0.000000000000000  0.022235366581791  0.077053270341488  0.000000000000000  0.036982844429768  0.005900283537355  0.002794876015670  0.126481650128366  0.000000000000000  0.000000000000000  0.012621262150150  0.028517671516983  0.021359178936591  0.013350152201402  0.049070507417098  0.468785548228555  0.008608633717786  0.000000000000000  0.000000000000000  0.988970916380931  0.002625849597954  0.008466609115975  0.349169633116849  0.650670927720967  0.624165274450806  0.375790369516391  0.103593113060999  0.490729531926740  0.320634150690562 
123.0    G  0.116145084281364  0.006053561960619  0.016401823181610  0.075834597515543  0.000000000000000  0.537747195228689  0.000000000000000  0.000000000000000  0.043374772469237  0.000000000000000  0.000000000000000  0.009472756398920  0.022514527325593  0.025365299405540  0.038499939795180  0.042629619839980  0.056641371141708  0.009472756398920  0.000000000000000  0.000000000000000  0.210953949032504  0.655196701929182  0.133878852898932  0.922742492653798  0.076946525834057  0.274904037328638  0.724973416439426  0.103091693576260  0.209642046110233  0.406126198178118 
124.0    S  0.102806258589058  0.005179397501167  0.050485048600601  0.013994463595170  0.000000000000000  0.029873291174804  0.004198238956467  0.000000000000000  0.028183605574445  0.000000000000000  0.000000000000000  0.111568371434122  0.090433430366908  0.047629525948118  0.020137103601328  0.415235012045447  0.066569262712089  0.013715965587649  0.000000000000000  0.000000000000000  0.922742492653798  0.024671683959392  0.052884912287518  0.334018519597525  0.665725806618185  0.235859562723840  0.764188260382583  0.105330853687894  0.487339815445774  0.331251754261302 
125.0    S  0.078128893911576  0.008555097428075  0.004562372635207  0.010598471308185  0.000000000000000  0.069782060123911  0.003820560443154  0.001331252546174  0.095325103328518  0.000000000000000  0.000000000000000  0.113047422195136  0.015030116479137  0.027091798859834  0.026387527731993  0.489031736723670  0.047728671811272  0.009525430422471  0.000000000000000  0.000000000000000  0.927230546435463  0.015777364024948  0.057193698007996  0.430474594169452  0.569591688611057  0.466516495768404  0.533292890415882  0.104458369865232  0.492092011016900  0.338916081700000 
126.0    K  0.029564301460175  0.000000000000000  0.002995473944674  0.034125642054552  0.011343424061749  0.173499089876949  0.000000000000000  0.000000000000000  0.255253031426798  0.000000000000000  0.001413022349483  0.035451733904249  0.028008334361544  0.309712174445977  0.010926688146394  0.078074757853336  0.022860487823505  0.006633564425366  0.000000000000000  0.000000000000000  0.976031760776225  0.014538275901610  0.009200959293711  0.469435873657726  0.530711604474897  0.298333935757930  0.701735863019538  0.106875272236497  0.483973513446869  0.377095019171645 
127.0    V  0.040302132832996  0.003960779217930  0.004927255503247  0.021883692513863  0.005738939973743  0.098960733233909  0.008183875992967  0.075939799494064  0.004571869693260  0.012656304275501  0.003344485486510  0.002446610231688  0.007672965587995  0.033866436463899  0.056172195413189  0.072947381363654  0.042600081477578  0.497235084336607  0.003486511607316  0.003210469481621  0.973329374158238  0.022483337187669  0.003938876776932  0.386891248385597  0.613017430026578  0.850274160064196  0.149684838077366  0.103664943226805  0.487002134271620  0.405844790488639 
128.0    S  0.038794609110191  0.000000000000000  0.003353771236085  0.002366548164903  0.000000000000000  0.101040108600696  0.004521446160118  0.000000000000000  0.017445515030978  0.000000000000000  0.001421864793944  0.008212288352248  0.019901210551977  0.016874633747389  0.023438109207591  0.742776460330414  0.005482311429840  0.010287241578588  0.000000000000000  0.003941607944706  0.984866442895551  0.014988501864457  0.000000000000000  0.075782051191359  0.924022572446823  0.728499556949005  0.271495464080574  0.095656048113917  0.488692883205403  0.483638164806966 
129.0    Q  0.018671737575887  0.000000000000000  0.008257953441886  0.020789516266886  0.002170134235654  0.086569341756933  0.013193763865997  0.002750672318188  0.044102370106522  0.016781319869064  0.000000000000000  0.002972721446952  0.022421086478230  0.663422570298581  0.061725053840336  0.014528202228331  0.001537710891737  0.015549370653439  0.000000000000000  0.004706923105448  0.942131273904809  0.049617745683228  0.008060024838292  0.094208431847399  0.905633983017823  0.645728675151168  0.354289349127054  0.094469995519764  0.467487598875728  0.496546247718518 
130.0    N  0.014023594541676  0.000000000000000  0.013202912256446  0.000000000000000  0.000000000000000  0.005648173025569  0.007065463887196  0.038366740122346  0.023051429016919  0.008513688376667  0.000000000000000  0.862741344542656  0.004030012419146  0.004146184409960  0.008326927625531  0.004992575637512  0.000000000000000  0.005707204603694  0.000000000000000  0.000000000000000  0.992404374685819  0.004920429609170  0.002506691206178  0.199990032083188  0.799960128332753  0.803850990743151  0.196282029668393  0.094208431847399  0.497235084336607  0.492774668469685 
131.0    Y  0.002300239823428  0.010187896369208  0.000936132264153  0.002666198667744  0.063284675459406  0.000000000000000  0.006133813427137  0.021094343517543  0.000000000000000  0.017603425445270  0.042807280623924  0.013184621814532  0.000000000000000  0.001910280221577  0.000000000000000  0.007567329603333  0.002893437105508  0.005827125104264  0.011477879947487  0.790041311863377  0.965267024871757  0.027680234971949  0.007243988644027  0.391205890868256  0.608783009331493  0.000000000000000  1.000000000000000  0.093752436830364  0.481630947010074  0.496890546661277 
132.0    P  0.006363340336486  0.000000000000000  0.004035603076891  0.000000000000000  0.000000000000000  0.000000000000000  0.003228321555290  0.008144263756571  0.000000000000000  0.005883947135288  0.000000000000000  0.000000000000000  0.946057646725596  0.011257263662796  0.000000000000000  0.015061403245948  0.000000000000000  0.000000000000000  0.000000000000000  0.000000000000000  0.929804942613162  0.014023594541676  0.056406295466402  0.406689599066063  0.593368398828266  0.623300597137549  0.376572616658453  0.090810315598211  0.491751037013124  0.490729531926740 
133.0    I  0.015303442149796  0.000000000000000  0.000000000000000  0.000000000000000  0.007452808988653  0.000000000000000  0.006777645993376  0.710546021590680  0.002754488204071  0.049446081324091  0.009400804890621  0.006345721846533  0.000000000000000  0.005703250041619  0.002974782694733  0.016653855251062  0.000000000000000  0.122852574818156  0.000000000000000  0.043676467870346  0.991029563264079  0.009207339123529  0.000000000000000  0.144786600774330  0.855002177891973  0.907519155317161  0.092205716067677  0.095391200560035  0.496546247718518  0.463615273217731 
134.0    V  0.010503398391817  0.006045175756025  0.000000000000000  0.002397921257647  0.000000000000000  0.015009294749273  0.000000000000000  0.100690536381094  0.000000000000000  0.047662551664259  0.016781319869064  0.003289308412533  0.000000000000000  0.052120690239060  0.007355300504228  0.057831526752366  0.005815020527994  0.674551267169849  0.000000000000000  0.000000000000000  1.000000000000000  0.000000000000000  0.000000000000000  0.000000000000000  0.000000000000000  0.481964903870322  0.517991381780009  0.090810315598211  1.000000000000000  0.497924876547229 
135.0    Q  0.027242444985533  0.000000000000000  0.000000000000000  0.000000000000000  0.000000000000000  0.015733680469636  0.009512234520805  0.004629268636491  0.017948411796829  0.005020337255740  0.000000000000000  0.004038401313469  0.000000000000000  0.681601303641254  0.136502568218206  0.004723264358724  0.079054971397121  0.013782677581206  0.000000000000000  0.000000000000000  0.997922718999051  0.000000000000000  0.002058772311115  0.000000000000000  0.000000000000000  0.000000000000000  1.000000000000000  0.090684512989636  1.000000000000000  0.499653546495226 
136.0    N  0.003433748284812  0.001936946739723  0.030500992524257  0.039281667953807  0.000000000000000  0.047994070928191  0.003164076068875  0.017627845897758  0.024586326417299  0.007899625631651  0.008698606392412  0.637722195839272  0.003510762213324  0.090058109302370  0.003833824468178  0.001500854669227  0.049446081324091  0.023131457781251  0.000000000000000  0.005578140545645  0.975355461527642  0.015832139064986  0.008783429092020  0.537002235810062  0.463294030945185  0.000000000000000  1.000000000000000  0.090810315598211  0.492092011016900  0.496546247718518 
137.0    A  0.373453364278086  0.021717472185037  0.000000000000000  0.000000000000000  0.000000000000000  0.038340155539181  0.002333967196986  0.064435519924674  0.000000000000000  0.266277050848354  0.040695130924032  0.050836199883258  0.046262915562502  0.009061716050824  0.016198454703433  0.015030116479137  0.013840117485974  0.036347501298370  0.005237158560861  0.000000000000000  0.869947352708651  0.000000000000000  0.129857387912208  0.000000000000000  0.000000000000000  0.618566239343586  0.381564802240140  0.090120554466264  1.000000000000000  0.492092011016900 
138.0    Q  0.015030116479137  0.000000000000000  0.000000000000000  0.002214198071833  0.000000000000000  0.077053270341488  0.011493802701998  0.000000000000000  0.012788580962356  0.000000000000000  0.005104551773020  0.012378668920703  0.018645870984871  0.772175133091785  0.023831275832129  0.000000000000000  0.030374405874417  0.012841877926482  0.000000000000000  0.005974360460480  0.995849753094458  0.003890038098025  0.000000000000000  1.000000000000000  0.000000000000000  0.963929807740643  0.035822255804012  0.102166916061035  0.500000000000000  0.408951029278891 
139.0    G  0.019491649561157  0.000000000000000  0.000000000000000  0.000000000000000  0.000000000000000  0.782954296256543  0.011109979770213  0.000000000000000  0.000000000000000  0.000000000000000  0.000000000000000  0.051154323849425  0.000000000000000  0.091252000665908  0.029523345031163  0.003298440966499  0.005582008358364  0.005766853147199  0.000000000000000  0.000000000000000  0.988285651500733  0.006824788249349  0.005111633091621  1.000000000000000  0.000000000000000  0.000000000000000  1.000000000000000  0.089560103148319  0.496202187342909  0.497924876547229 
140.0    Q  0.042013593567270  0.005663854815933  0.000000000000000  0.005896195189533  0.000000000000000  0.045342256494818  0.006497047643554  0.012665079998208  0.009678505451437  0.002038890483246  0.000000000000000  0.097463105326415  0.005406834828326  0.731535610352163  0.009067999331123  0.006997231797585  0.008869078923016  0.010979833595365  0.000000000000000  0.000000000000000  0.994470168673214  0.005343497280869  0.000000000000000  0.397492625474487  0.602486157497393  0.294226684304692  0.705637921704346  0.089003137224817  0.498270131413934  0.495171435966512 
141.0    M  0.022035905632569  0.000000000000000  0.007075265492327  0.000000000000000  0.042541066140609  0.000000000000000  0.000000000000000  0.027737854289672  0.005730989625654  0.026904662135591  0.585199320737295  0.021300040738789  0.066017851584491  0.005229903347572  0.000000000000000  0.001957190634921  0.001362998793088  0.008881382603406  0.072896835611779  0.105112051906714  0.986232704493359  0.014033318326311  0.000000000000000  1.000000000000000  0.000000000000000  0.402762145524375  0.597081593537295  0.088695209762524  0.487677730763821  0.497235084336607 
142.0    I  0.005742919282770  0.005609158244623  0.003900838539457  0.030564483545229  0.000000000000000  0.014731008373722  0.000000000000000  0.076309157041821  0.000000000000000  0.011327709631866  0.008009900296005  0.000000000000000  0.017615631439772  0.071594868623735  0.020717590004667  0.020934118787935  0.040218413978165  0.652929893544459  0.000000000000000  0.019613624863791  0.996540262827868  0.003624505767466  0.000000000000000  0.500000000000000  0.500000000000000  1.000000000000000  0.000000000000000  0.088449635020416  0.499653546495226  0.498961359499525 
143.0    H  0.012516716837338  0.000000000000000  0.000000000000000  0.000000000000000  0.000000000000000  0.000000000000000  0.829319545814442  0.016333751565706  0.003488929110753  0.012242143546083  0.007976657232087  0.000000000000000  0.013754047086924  0.027318081887824  0.000000000000000  0.008032139270751  0.012788580962356  0.000000000000000  0.020760715845258  0.035378090690959  0.991029563264079  0.007635826300084  0.001374383179029  0.420448207626857  0.579547975952228  0.000000000000000  0.000000000000000  0.088265900274047  0.497924876547229  1.000000000000000 
144.0    Q  0.000000000000000  0.003606962151287  0.009732323559137  0.013555291986751  0.000000000000000  0.014895289770127  0.014884968719437  0.003659849401845  0.000000000000000  0.031752191968553  0.013659040943912  0.022359008125358  0.022828818414776  0.697371833175203  0.015646675870490  0.051617354058483  0.033936933010072  0.050555084272609  0.000000000000000  0.000000000000000  1.000000000000000  0.000000000000000  0.000000000000000  0.000000000000000  0.000000000000000  0.000000000000000  1.000000000000000  0.087777804733625  1.000000000000000  0.500000000000000 
145.0    S  0.366529189297302  0.003305307017970  0.000000000000000  0.000000000000000  0.000000000000000  0.036829356494115  0.000000000000000  0.000000000000000  0.000000000000000  0.002224967533637  0.000000000000000  0.027776333786455  0.379191886343611  0.000000000000000  0.026168952734638  0.122088566120278  0.035996488823417  0.000000000000000  0.000000000000000  0.000000000000000  0.984184022033800  0.015920174947136  0.000000000000000  0.124222636665319  0.875998315067126  1.000000000000000  0.000000000000000  0.088082547196376  0.492774668469685  0.500000000000000 
146.0    L  0.005006437203751  0.000000000000000  0.000000000000000  0.000000000000000  0.016367751985934  0.000000000000000  0.003188293149027  0.365008002663630  0.000000000000000  0.457549584063964  0.057831526752366  0.000000000000000  0.021123606766064  0.000000000000000  0.000000000000000  0.001752949317709  0.016176014435022  0.030290306779221  0.003703230332534  0.022097086912080  0.959264119325264  0.040893064732969  0.000000000000000  0.421323414751576  0.578745108495061  0.000000000000000  0.000000000000000  0.087413505171154  0.482633512435878  1.000000000000000 
147.0    S  0.019464647118273  0.005455775517451  0.000000000000000  0.030755750688556  0.000000000000000  0.000000000000000  0.010896434893363  0.007457976672967  0.000000000000000  0.000000000000000  0.000000000000000  0.022343515411901  0.022343515411901  0.002063057862015  0.002545209276100  0.841479482285381  0.016458766186794  0.001976275783256  0.007385954037115  0.009131072254385  1.000000000000000  0.000000000000000  0.000000000000000  1.000000000000000  0.000000000000000  0.000000000000000  0.000000000000000  0.075310769687174  1.000000000000000  1.000000000000000 
