No:  residues  hmm_col_1  hmm_col_2  hmm_col_3  hmm_col_4  hmm_col_5  hmm_col_6  hmm_col_7  hmm_col_8  hmm_col_9  hmm_col_10  hmm_col_11  hmm_col_12  hmm_col_13  hmm_col_14  hmm_col_15  hmm_col_16  hmm_col_17  hmm_col_18  hmm_col_19  hmm_col_20  hmm_col_21   hmm_col_22   hmm_col_23   hmm_col_24   hmm_col_25   hmm_col_26   hmm_col_27   hmm_col_28   hmm_col_29   hmm_col_30   
1.0    M  0.000000000000000  0.000000000000000  0.000000000000000  0.000000000000000  0.000000000000000  0.000000000000000  0.000000000000000  0.000000000000000  0.000000000000000  0.000000000000000  1.000000000000000  0.000000000000000  0.000000000000000  0.000000000000000  0.000000000000000  0.000000000000000  0.000000000000000  0.000000000000000  0.000000000000000  0.000000000000000  1.000000000000000  0.000000000000000  0.000000000000000  0.000000000000000  0.000000000000000  0.000000000000000  0.000000000000000  0.192375902520108  1.000000000000000  1.000000000000000 
2.0    H  0.000000000000000  0.000000000000000  0.000000000000000  0.000000000000000  0.137929217505245  0.000000000000000  0.341983825975623  0.054108535344979  0.000000000000000  0.091759414752131  0.000000000000000  0.309926924984747  0.000000000000000  0.000000000000000  0.000000000000000  0.000000000000000  0.000000000000000  0.064257114166004  0.000000000000000  0.000000000000000  1.000000000000000  0.000000000000000  0.000000000000000  0.000000000000000  0.000000000000000  0.000000000000000  0.000000000000000  0.192375902520108  1.000000000000000  1.000000000000000 
3.0    L  0.110874538144019  0.000000000000000  0.000000000000000  0.000000000000000  0.049549008538143  0.000000000000000  0.000000000000000  0.135278080565714  0.000000000000000  0.255076164812114  0.000000000000000  0.000000000000000  0.096991356784357  0.000000000000000  0.000000000000000  0.085377516047150  0.000000000000000  0.266831334509990  0.000000000000000  0.000000000000000  1.000000000000000  0.000000000000000  0.000000000000000  0.000000000000000  0.000000000000000  0.000000000000000  0.000000000000000  0.173378871141423  1.000000000000000  1.000000000000000 
4.0    S  0.000000000000000  0.047366142703450  0.000000000000000  0.000000000000000  0.000000000000000  0.000000000000000  0.000000000000000  0.000000000000000  0.000000000000000  0.000000000000000  0.000000000000000  0.000000000000000  0.000000000000000  0.000000000000000  0.000000000000000  0.902500727462430  0.000000000000000  0.050310383601320  0.000000000000000  0.000000000000000  1.000000000000000  0.000000000000000  0.000000000000000  0.000000000000000  0.000000000000000  0.000000000000000  0.000000000000000  0.165855642574645  1.000000000000000  1.000000000000000 
5.0    Q  0.000000000000000  0.000000000000000  0.000000000000000  0.000000000000000  0.000000000000000  0.000000000000000  0.215088157652860  0.000000000000000  0.000000000000000  0.046973796189549  0.000000000000000  0.000000000000000  0.082070070339009  0.188939991039528  0.348444309671867  0.000000000000000  0.000000000000000  0.000000000000000  0.000000000000000  0.118667765118815  1.000000000000000  0.000000000000000  0.000000000000000  0.000000000000000  0.000000000000000  0.000000000000000  0.000000000000000  0.165855642574645  1.000000000000000  1.000000000000000 
6.0    L  0.000000000000000  0.000000000000000  0.000000000000000  0.000000000000000  0.000000000000000  0.000000000000000  0.000000000000000  0.047629525948118  0.000000000000000  0.619853849969493  0.000000000000000  0.033146491917757  0.000000000000000  0.061982295671143  0.000000000000000  0.166316130135086  0.071100326742032  0.000000000000000  0.000000000000000  0.000000000000000  1.000000000000000  0.000000000000000  0.000000000000000  0.000000000000000  0.000000000000000  0.000000000000000  0.000000000000000  0.087111077417967  1.000000000000000  1.000000000000000 
7.0    L  0.280874975757911  0.000000000000000  0.000000000000000  0.000000000000000  0.228616272374975  0.000000000000000  0.000000000000000  0.032667503131411  0.000000000000000  0.166662334636400  0.061341191490842  0.000000000000000  0.000000000000000  0.000000000000000  0.000000000000000  0.000000000000000  0.000000000000000  0.229728220869763  0.000000000000000  0.000000000000000  1.000000000000000  0.000000000000000  0.000000000000000  0.000000000000000  0.000000000000000  0.000000000000000  0.000000000000000  0.087111077417967  1.000000000000000  1.000000000000000 
8.0    A  0.408384495555011  0.118997238562191  0.000000000000000  0.000000000000000  0.108592773143828  0.136786712657592  0.000000000000000  0.000000000000000  0.000000000000000  0.000000000000000  0.000000000000000  0.000000000000000  0.034410674940561  0.000000000000000  0.000000000000000  0.000000000000000  0.000000000000000  0.033562639738129  0.000000000000000  0.159430548959818  1.000000000000000  0.000000000000000  0.000000000000000  0.000000000000000  0.000000000000000  0.000000000000000  0.000000000000000  0.087111077417967  1.000000000000000  1.000000000000000 
9.0    C  0.000000000000000  0.509798841499095  0.000000000000000  0.000000000000000  0.000000000000000  0.121077273653328  0.000000000000000  0.000000000000000  0.000000000000000  0.170046356550744  0.000000000000000  0.000000000000000  0.000000000000000  0.000000000000000  0.000000000000000  0.083215725827273  0.000000000000000  0.000000000000000  0.115743252815915  0.000000000000000  1.000000000000000  0.000000000000000  0.000000000000000  0.000000000000000  0.000000000000000  0.000000000000000  0.000000000000000  0.087111077417967  1.000000000000000  1.000000000000000 
10.0    A  0.153360622156726  0.000000000000000  0.000000000000000  0.000000000000000  0.000000000000000  0.719965659257343  0.000000000000000  0.032667503131411  0.000000000000000  0.061982295671143  0.000000000000000  0.000000000000000  0.000000000000000  0.000000000000000  0.000000000000000  0.000000000000000  0.000000000000000  0.032150834621674  0.000000000000000  0.000000000000000  1.000000000000000  0.000000000000000  0.000000000000000  0.000000000000000  0.000000000000000  0.000000000000000  0.000000000000000  0.087111077417967  1.000000000000000  1.000000000000000 
11.0    L  0.000000000000000  0.000000000000000  0.000000000000000  0.000000000000000  0.115103212150630  0.000000000000000  0.000000000000000  0.020207014560742  0.000000000000000  0.759962428200758  0.000000000000000  0.000000000000000  0.000000000000000  0.000000000000000  0.000000000000000  0.077481731246187  0.027374947345848  0.000000000000000  0.000000000000000  0.000000000000000  1.000000000000000  0.000000000000000  0.000000000000000  0.000000000000000  0.000000000000000  0.000000000000000  0.000000000000000  0.065835064747177  1.000000000000000  1.000000000000000 
12.0    L  0.027374947345848  0.000000000000000  0.000000000000000  0.000000000000000  0.070511383591032  0.000000000000000  0.000000000000000  0.083100444261357  0.000000000000000  0.528509020280690  0.088204740213043  0.000000000000000  0.000000000000000  0.000000000000000  0.000000000000000  0.052156830072213  0.000000000000000  0.150100428435651  0.000000000000000  0.000000000000000  0.916368644675351  0.083794536973771  0.000000000000000  0.130127699710514  0.869947352708651  0.000000000000000  0.000000000000000  0.065835064747177  0.439215234119181  1.000000000000000 
13.0    L  0.000000000000000  0.000000000000000  0.000000000000000  0.000000000000000  0.038794609110191  0.000000000000000  0.000000000000000  0.069927318814732  0.000000000000000  0.688725023191569  0.122512426917734  0.000000000000000  0.000000000000000  0.000000000000000  0.000000000000000  0.000000000000000  0.045091521464426  0.034866853822655  0.000000000000000  0.000000000000000  1.000000000000000  0.000000000000000  0.000000000000000  0.000000000000000  0.000000000000000  0.000000000000000  0.000000000000000  0.063636574985289  1.000000000000000  1.000000000000000 
14.0    T  0.167472950303480  0.000000000000000  0.000000000000000  0.000000000000000  0.000000000000000  0.000000000000000  0.000000000000000  0.144085793349858  0.000000000000000  0.311434353892368  0.034939432842683  0.000000000000000  0.000000000000000  0.000000000000000  0.000000000000000  0.054146053525005  0.168520966467132  0.119244943818445  0.000000000000000  0.000000000000000  1.000000000000000  0.000000000000000  0.000000000000000  0.000000000000000  0.000000000000000  0.000000000000000  0.000000000000000  0.063636574985289  1.000000000000000  1.000000000000000 
15.0    L  0.000000000000000  0.000000000000000  0.000000000000000  0.000000000000000  0.161432168787792  0.000000000000000  0.000000000000000  0.000000000000000  0.000000000000000  0.730522189272838  0.000000000000000  0.000000000000000  0.000000000000000  0.000000000000000  0.000000000000000  0.038794609110191  0.000000000000000  0.069300040225192  0.000000000000000  0.000000000000000  1.000000000000000  0.000000000000000  0.000000000000000  0.000000000000000  0.000000000000000  0.000000000000000  0.000000000000000  0.063636574985289  1.000000000000000  1.000000000000000 
16.0    L  0.000000000000000  0.000000000000000  0.000000000000000  0.000000000000000  0.026737344552581  0.000000000000000  0.000000000000000  0.074119656213184  0.000000000000000  0.777007268784049  0.061511501377113  0.000000000000000  0.000000000000000  0.000000000000000  0.000000000000000  0.000000000000000  0.000000000000000  0.060580613558442  0.000000000000000  0.000000000000000  0.938221196500671  0.037343475151774  0.024654588776640  0.250000000000000  0.750019494642909  0.000000000000000  0.000000000000000  0.063636574985289  0.493116352246680  1.000000000000000 
17.0    S  0.215088157652860  0.019791160214425  0.000000000000000  0.000000000000000  0.037629293163482  0.000000000000000  0.000000000000000  0.113361291116643  0.000000000000000  0.085792776953432  0.000000000000000  0.103736823198748  0.038660389958974  0.000000000000000  0.000000000000000  0.277584708407160  0.052775055463986  0.037525107108913  0.000000000000000  0.017960857000542  1.000000000000000  0.000000000000000  0.000000000000000  0.000000000000000  0.000000000000000  0.000000000000000  1.000000000000000  0.063504383937106  1.000000000000000  0.498270131413934 
18.0    L  0.074273944066058  0.074842419038683  0.018971795068673  0.000000000000000  0.027054267672489  0.000000000000000  0.000000000000000  0.038499939795180  0.000000000000000  0.395568650592725  0.000000000000000  0.000000000000000  0.000000000000000  0.132402291835485  0.000000000000000  0.037525107108913  0.000000000000000  0.200823499189258  0.000000000000000  0.000000000000000  0.979420297586927  0.020660228205353  0.000000000000000  1.000000000000000  0.000000000000000  0.000000000000000  1.000000000000000  0.063504383937106  0.500000000000000  0.498270131413934 
19.0    R  0.176654205485341  0.000000000000000  0.000000000000000  0.037629293163482  0.000000000000000  0.000000000000000  0.000000000000000  0.000000000000000  0.018971795068673  0.037681494615336  0.000000000000000  0.037214276542655  0.038499939795180  0.076574083244042  0.193177637411997  0.096588818705998  0.073454770526236  0.213602435222433  0.000000000000000  0.000000000000000  1.000000000000000  0.000000000000000  0.000000000000000  0.000000000000000  0.000000000000000  1.000000000000000  0.000000000000000  0.063504383937106  1.000000000000000  0.498270131413934 
20.0    P  0.039996012932635  0.034939432842683  0.000000000000000  0.037162722343835  0.000000000000000  0.102592701101312  0.000000000000000  0.000000000000000  0.036957218757629  0.118503370641081  0.052120690239060  0.000000000000000  0.126131454230585  0.098755163982922  0.000000000000000  0.052628934600526  0.087413505171154  0.212715932376635  0.000000000000000  0.000000000000000  0.127273149970578  0.175190931135093  0.697371833175203  0.739693754624419  0.260255399421028  0.000000000000000  0.000000000000000  0.063636574985289  0.412081042476620  1.000000000000000 
21.0    S  0.429878243121503  0.000000000000000  0.000000000000000  0.092461719328052  0.000000000000000  0.077160162930846  0.000000000000000  0.000000000000000  0.000000000000000  0.132585967671027  0.000000000000000  0.000000000000000  0.000000000000000  0.000000000000000  0.000000000000000  0.171942727267468  0.000000000000000  0.095855166229568  0.000000000000000  0.000000000000000  1.000000000000000  0.000000000000000  0.000000000000000  0.000000000000000  0.000000000000000  0.797745239809033  0.201940194402402  0.148547888132117  1.000000000000000  0.208916739730463 
22.0    E  0.023748825881274  0.000000000000000  0.199298119135134  0.356012548899268  0.000000000000000  0.044563303667629  0.000000000000000  0.000000000000000  0.041984482053791  0.000000000000000  0.046714039019842  0.000000000000000  0.000000000000000  0.081446696835206  0.206183387152520  0.000000000000000  0.000000000000000  0.000000000000000  0.000000000000000  0.000000000000000  1.000000000000000  0.000000000000000  0.000000000000000  0.000000000000000  0.000000000000000  1.000000000000000  0.000000000000000  0.073454770526236  1.000000000000000  0.424548123223420 
23.0    A  0.450312989923965  0.000000000000000  0.000000000000000  0.000000000000000  0.000000000000000  0.290780010386963  0.000000000000000  0.000000000000000  0.021108970070869  0.000000000000000  0.000000000000000  0.000000000000000  0.136786712657592  0.000000000000000  0.000000000000000  0.000000000000000  0.100830219902766  0.000000000000000  0.000000000000000  0.000000000000000  1.000000000000000  0.000000000000000  0.000000000000000  0.000000000000000  0.000000000000000  0.000000000000000  0.000000000000000  0.063636574985289  1.000000000000000  1.000000000000000 
24.0    K  0.000000000000000  0.000000000000000  0.000000000000000  0.000000000000000  0.000000000000000  0.000000000000000  0.000000000000000  0.000000000000000  0.619424348891954  0.000000000000000  0.000000000000000  0.026998068356259  0.021108970070869  0.018632951130166  0.313817997820661  0.000000000000000  0.000000000000000  0.000000000000000  0.000000000000000  0.000000000000000  1.000000000000000  0.000000000000000  0.000000000000000  0.000000000000000  0.000000000000000  0.000000000000000  0.000000000000000  0.063636574985289  1.000000000000000  1.000000000000000 
25.0    P  0.021702423996330  0.000000000000000  0.000000000000000  0.000000000000000  0.000000000000000  0.000000000000000  0.000000000000000  0.000000000000000  0.000000000000000  0.017421347167620  0.000000000000000  0.000000000000000  0.861546159712017  0.000000000000000  0.000000000000000  0.071495685825238  0.027584468634083  0.000000000000000  0.000000000000000  0.000000000000000  1.000000000000000  0.000000000000000  0.000000000000000  0.000000000000000  0.000000000000000  0.000000000000000  0.000000000000000  0.063990431276778  1.000000000000000  1.000000000000000 
26.0    G  0.189727406621757  0.000000000000000  0.102663837594008  0.000000000000000  0.000000000000000  0.062326953209504  0.000000000000000  0.036297147872679  0.000000000000000  0.157781504014014  0.098073012237094  0.000000000000000  0.018023212579063  0.000000000000000  0.017421347167620  0.174222154835934  0.021507743774855  0.121919432690955  0.000000000000000  0.000000000000000  0.948026965128645  0.027584468634083  0.024484287092167  1.000000000000000  0.000000000000000  0.000000000000000  0.000000000000000  0.063990431276778  0.496546247718518  1.000000000000000 
27.0    A  0.087111077417967  0.000000000000000  0.096722812096399  0.000000000000000  0.000000000000000  0.000000000000000  0.000000000000000  0.025312608551001  0.000000000000000  0.035060733766578  0.037969899747032  0.000000000000000  0.232129213076682  0.000000000000000  0.000000000000000  0.373971439590597  0.094077921713192  0.017518219969195  0.000000000000000  0.000000000000000  0.965267024871757  0.035060733766578  0.000000000000000  1.000000000000000  0.000000000000000  1.000000000000000  0.000000000000000  0.063724855187387  0.488015880388112  0.497579860910041 
28.0    P  0.019545766876770  0.000000000000000  0.046102858033839  0.000000000000000  0.000000000000000  0.000000000000000  0.000000000000000  0.000000000000000  0.000000000000000  0.000000000000000  0.000000000000000  0.051653144884638  0.282045534364128  0.171110476636480  0.039637231228933  0.292599660368647  0.079494562921473  0.017873921456309  0.000000000000000  0.000000000000000  0.553632292242143  0.446582926176380  0.000000000000000  0.415235012045447  0.584793832025974  1.000000000000000  0.000000000000000  0.066201145917742  0.272060610417701  0.488015880388112 
29.0    P  0.112111019957752  0.000000000000000  0.000000000000000  0.070511383591032  0.000000000000000  0.000000000000000  0.000000000000000  0.000000000000000  0.035085044439800  0.344123900397674  0.000000000000000  0.000000000000000  0.127538082406057  0.242658617442387  0.031730190652170  0.036196650193583  0.000000000000000  0.000000000000000  0.000000000000000  0.000000000000000  1.000000000000000  0.000000000000000  0.000000000000000  0.000000000000000  0.000000000000000  1.000000000000000  0.000000000000000  0.064079202368037  1.000000000000000  0.488354264481114 
30.0    K  0.000000000000000  0.000000000000000  0.000000000000000  0.000000000000000  0.000000000000000  0.000000000000000  0.000000000000000  0.000000000000000  0.247929182684573  0.000000000000000  0.000000000000000  0.000000000000000  0.000000000000000  0.661127302571287  0.019290040732712  0.034530140149997  0.000000000000000  0.037136972033029  0.000000000000000  0.000000000000000  0.962594443101751  0.037136972033029  0.000000000000000  0.333324669272800  0.666649338545599  0.000000000000000  0.000000000000000  0.063990431276778  0.488692883205403  1.000000000000000 
31.0    V  0.117684808067651  0.000000000000000  0.000000000000000  0.000000000000000  0.000000000000000  0.000000000000000  0.000000000000000  0.027584468634083  0.000000000000000  0.000000000000000  0.000000000000000  0.000000000000000  0.094863703310878  0.034530140149997  0.000000000000000  0.473028823362798  0.021702423996330  0.230685623163450  0.000000000000000  0.000000000000000  1.000000000000000  0.000000000000000  0.000000000000000  0.000000000000000  0.000000000000000  0.000000000000000  0.000000000000000  0.063990431276778  1.000000000000000  1.000000000000000 
32.0    P  0.000000000000000  0.000000000000000  0.000000000000000  0.000000000000000  0.062111318332660  0.000000000000000  0.030905341136904  0.000000000000000  0.000000000000000  0.801069877589622  0.000000000000000  0.000000000000000  0.070462525759089  0.000000000000000  0.000000000000000  0.000000000000000  0.000000000000000  0.035353576963934  0.000000000000000  0.000000000000000  1.000000000000000  0.000000000000000  0.000000000000000  0.000000000000000  0.000000000000000  0.000000000000000  0.000000000000000  0.063990431276778  1.000000000000000  1.000000000000000 
33.0    R  0.103234708116965  0.000000000000000  0.000000000000000  0.021507743774855  0.000000000000000  0.000000000000000  0.065743861200242  0.000000000000000  0.144786600774330  0.000000000000000  0.000000000000000  0.000000000000000  0.036625696364829  0.037343475151774  0.387159513926610  0.178872065002864  0.024723040662045  0.000000000000000  0.000000000000000  0.000000000000000  1.000000000000000  0.000000000000000  0.000000000000000  0.000000000000000  0.000000000000000  0.000000000000000  0.000000000000000  0.063990431276778  1.000000000000000  1.000000000000000 
34.0    T  0.109879945113973  0.000000000000000  0.037343475151774  0.085377516047150  0.000000000000000  0.034530140149997  0.000000000000000  0.030905341136904  0.120157616048595  0.000000000000000  0.036297147872679  0.074894313833714  0.018023212579063  0.083968964107581  0.167356907122305  0.147317425976460  0.034770316268276  0.019290040732712  0.000000000000000  0.000000000000000  0.962594443101751  0.037136972033029  0.000000000000000  1.000000000000000  0.000000000000000  0.000000000000000  0.000000000000000  0.063990431276778  0.488692883205403  1.000000000000000 
35.0    P  0.083504629899381  0.000000000000000  0.036625696364829  0.000000000000000  0.024382671255428  0.000000000000000  0.000000000000000  0.035353576963934  0.000000000000000  0.700763724540373  0.000000000000000  0.000000000000000  0.070462525759089  0.030905341136904  0.000000000000000  0.018023212579063  0.000000000000000  0.000000000000000  0.000000000000000  0.000000000000000  0.845572287377516  0.097598311575924  0.057035343033966  0.031511014215456  0.968618189226628  0.000000000000000  0.000000000000000  0.063990431276778  0.451563255075911  1.000000000000000 
36.0    P  0.000000000000000  0.000000000000000  0.000000000000000  0.000000000000000  0.194926210652831  0.000000000000000  0.000000000000000  0.000000000000000  0.000000000000000  0.661127302571287  0.000000000000000  0.000000000000000  0.117603263439223  0.000000000000000  0.000000000000000  0.000000000000000  0.000000000000000  0.000000000000000  0.026589491547079  0.000000000000000  0.934327346883180  0.000000000000000  0.065380308737033  0.000000000000000  0.000000000000000  0.413798408039103  0.586011141837257  0.066523136403335  1.000000000000000  0.478304079045937 
37.0    G  0.000000000000000  0.000000000000000  0.070218743939478  0.279128240495643  0.000000000000000  0.520150133260993  0.000000000000000  0.000000000000000  0.000000000000000  0.000000000000000  0.000000000000000  0.000000000000000  0.000000000000000  0.027834153143959  0.102735023411856  0.000000000000000  0.000000000000000  0.000000000000000  0.000000000000000  0.000000000000000  1.000000000000000  0.000000000000000  0.000000000000000  0.000000000000000  0.000000000000000  0.299784978447778  0.700278160443602  0.070903467808497  1.000000000000000  0.455966582759885 
38.0    E  0.152618314083642  0.000000000000000  0.289372554247531  0.421615555125056  0.000000000000000  0.000000000000000  0.000000000000000  0.000000000000000  0.000000000000000  0.000000000000000  0.000000000000000  0.000000000000000  0.046584699587466  0.034339194299277  0.055629733328281  0.000000000000000  0.000000000000000  0.000000000000000  0.000000000000000  0.000000000000000  1.000000000000000  0.000000000000000  0.000000000000000  0.000000000000000  0.000000000000000  0.000000000000000  1.000000000000000  0.070218743939478  1.000000000000000  0.473028823362798 
39.0    E  0.000000000000000  0.000000000000000  0.000000000000000  0.773246337455317  0.000000000000000  0.000000000000000  0.046584699587466  0.000000000000000  0.000000000000000  0.000000000000000  0.000000000000000  0.075572229739585  0.000000000000000  0.027546254934599  0.077160162930846  0.000000000000000  0.000000000000000  0.000000000000000  0.000000000000000  0.000000000000000  1.000000000000000  0.000000000000000  0.000000000000000  0.000000000000000  0.000000000000000  0.000000000000000  1.000000000000000  0.070218743939478  1.000000000000000  0.473028823362798 
40.0    V  0.080604265665993  0.000000000000000  0.000000000000000  0.000000000000000  0.075572229739585  0.000000000000000  0.000000000000000  0.039445376003504  0.000000000000000  0.504525816922341  0.000000000000000  0.000000000000000  0.000000000000000  0.000000000000000  0.000000000000000  0.114070686067931  0.000000000000000  0.084202098554106  0.000000000000000  0.101672399766516  0.857970530428691  0.142003658098336  0.000000000000000  1.000000000000000  0.000000000000000  0.000000000000000  1.000000000000000  0.070218743939478  0.424548123223420  0.473028823362798 
41.0    A  0.233905874457850  0.000000000000000  0.048428495684948  0.094143154164613  0.000000000000000  0.167009259798762  0.000000000000000  0.000000000000000  0.000000000000000  0.000000000000000  0.000000000000000  0.000000000000000  0.000000000000000  0.000000000000000  0.000000000000000  0.341036958719839  0.115502821555853  0.000000000000000  0.000000000000000  0.000000000000000  1.000000000000000  0.000000000000000  0.000000000000000  0.000000000000000  0.000000000000000  0.695440985854994  0.304602565918798  0.082583650353642  1.000000000000000  0.390663940086159 
42.0    E  0.078128893911576  0.000000000000000  0.040751585476830  0.295657750061036  0.000000000000000  0.016909760070714  0.155178436440764  0.000000000000000  0.027911432886024  0.000000000000000  0.000000000000000  0.000000000000000  0.102592701101312  0.026479138592066  0.038366740122346  0.163119368461120  0.000000000000000  0.054787857582252  0.000000000000000  0.000000000000000  0.857970530428691  0.142003658098336  0.000000000000000  1.000000000000000  0.000000000000000  0.000000000000000  1.000000000000000  0.070218743939478  0.424548123223420  0.473028823362798 
43.0    P  0.079274462457867  0.000000000000000  0.000000000000000  0.000000000000000  0.169106028881284  0.000000000000000  0.000000000000000  0.039336161672027  0.000000000000000  0.138984894689638  0.000000000000000  0.000000000000000  0.075677067746910  0.055629733328281  0.034339194299277  0.114704985288921  0.000000000000000  0.000000000000000  0.000000000000000  0.293005570918628  0.949342120950519  0.027546254934599  0.023179608341268  0.166662334636400  0.833353207159218  0.000000000000000  1.000000000000000  0.070218743939478  0.498270131413934  0.473028823362798 
44.0    Q  0.062240609568404  0.000000000000000  0.000000000000000  0.028359973603661  0.067498534989555  0.000000000000000  0.000000000000000  0.125086673432823  0.000000000000000  0.401090583176243  0.000000000000000  0.000000000000000  0.028478165019911  0.037499105699163  0.000000000000000  0.039445376003504  0.000000000000000  0.115823507736296  0.000000000000000  0.094601049560599  1.000000000000000  0.000000000000000  0.000000000000000  0.000000000000000  0.000000000000000  0.250173346865645  0.750019494642909  0.069975805540890  1.000000000000000  0.459775023075829 
45.0    A  0.235859562723840  0.000000000000000  0.059292769696278  0.227037104430377  0.000000000000000  0.101884041550328  0.000000000000000  0.000000000000000  0.000000000000000  0.123792858991628  0.000000000000000  0.023179608341268  0.022892201165802  0.000000000000000  0.000000000000000  0.107618648542363  0.042688758023575  0.055745532463756  0.000000000000000  0.000000000000000  1.000000000000000  0.000000000000000  0.000000000000000  0.000000000000000  0.000000000000000  0.000000000000000  1.000000000000000  0.070218743939478  1.000000000000000  0.473028823362798 
46.0    A  0.236514411681399  0.000000000000000  0.073812041339346  0.000000000000000  0.000000000000000  0.055629733328281  0.000000000000000  0.000000000000000  0.000000000000000  0.000000000000000  0.000000000000000  0.000000000000000  0.000000000000000  0.000000000000000  0.000000000000000  0.568408486618007  0.065835064747177  0.000000000000000  0.000000000000000  0.000000000000000  0.709561678100191  0.200545291588122  0.089995707407168  0.163572258931876  0.836246399914063  0.000000000000000  1.000000000000000  0.070218743939478  0.391205890868256  0.473028823362798 
47.0    G  0.020531744174209  0.000000000000000  0.242154547306657  0.364249778474503  0.000000000000000  0.256850359844741  0.000000000000000  0.000000000000000  0.000000000000000  0.000000000000000  0.000000000000000  0.045562793088018  0.041063488348418  0.029605314706227  0.000000000000000  0.000000000000000  0.000000000000000  0.000000000000000  0.000000000000000  0.000000000000000  0.971980987981352  0.000000000000000  0.028105572254617  0.000000000000000  0.000000000000000  0.000000000000000  1.000000000000000  0.075415244982548  1.000000000000000  0.425726853874473 
48.0    G  0.000000000000000  0.000000000000000  0.123193667117421  0.530711604474897  0.000000000000000  0.165970644797805  0.000000000000000  0.086629367853151  0.000000000000000  0.000000000000000  0.000000000000000  0.000000000000000  0.000000000000000  0.000000000000000  0.000000000000000  0.093428078039684  0.000000000000000  0.000000000000000  0.000000000000000  0.000000000000000  0.958599438492977  0.000000000000000  0.041694474052430  0.000000000000000  0.000000000000000  0.000000000000000  1.000000000000000  0.076468002570742  1.000000000000000  0.411510172639354 
49.0    G  0.114943755768957  0.021241066279793  0.037812315288103  0.050415109951383  0.000000000000000  0.096054698830501  0.000000000000000  0.000000000000000  0.039609766313576  0.082927821287323  0.031818287492644  0.022655419263732  0.000000000000000  0.019316800951890  0.167240944348264  0.217185546287656  0.098755163982922  0.000000000000000  0.000000000000000  0.000000000000000  1.000000000000000  0.000000000000000  0.000000000000000  0.000000000000000  0.000000000000000  0.383686524000222  0.615999036722878  0.079604842207906  1.000000000000000  0.391477148128271 
50.0    Q  0.144485838319350  0.000000000000000  0.091062444618626  0.314253343630457  0.000000000000000  0.177513419817928  0.000000000000000  0.000000000000000  0.000000000000000  0.000000000000000  0.000000000000000  0.077535456107212  0.000000000000000  0.062068280964815  0.000000000000000  0.028935813203979  0.074016975740852  0.029956232452906  0.000000000000000  0.000000000000000  0.790589116603944  0.209496783666987  0.000000000000000  0.551716870020980  0.448133349784702  0.298127218082658  0.701735863019538  0.073760896458513  0.391205890868256  0.434371092575312 
51.0    K  0.040666932982560  0.000000000000000  0.076786686277853  0.017640068825096  0.000000000000000  0.039010329653175  0.037759932605936  0.000000000000000  0.097530685021713  0.000000000000000  0.058032303269171  0.094339123032535  0.039664715188119  0.036347501298370  0.223446290589197  0.157017797642941  0.000000000000000  0.081729459283547  0.000000000000000  0.000000000000000  0.961927454664775  0.038234001285371  0.000000000000000  0.142892291926755  0.857376036634172  0.000000000000000  1.000000000000000  0.071001829049168  0.492433221447775  0.456915725114700 
52.0    K  0.000000000000000  0.000000000000000  0.094469995519764  0.250000000000000  0.000000000000000  0.202080217201392  0.000000000000000  0.000000000000000  0.097530685021713  0.000000000000000  0.000000000000000  0.031012636708932  0.000000000000000  0.026241609154504  0.298540796768647  0.000000000000000  0.000000000000000  0.000000000000000  0.000000000000000  0.000000000000000  1.000000000000000  0.000000000000000  0.000000000000000  0.000000000000000  0.000000000000000  0.000000000000000  1.000000000000000  0.071001829049168  1.000000000000000  0.456915725114700 
53.0    G  0.181369025979272  0.000000000000000  0.026644840367749  0.000000000000000  0.000000000000000  0.226408495754456  0.039010329653175  0.000000000000000  0.037759932605936  0.130308220105140  0.000000000000000  0.038553349056547  0.092847057541302  0.067311648512066  0.077912574642194  0.081842838942723  0.000000000000000  0.000000000000000  0.000000000000000  0.000000000000000  0.960594863953477  0.039500096826650  0.000000000000000  0.097193254485320  0.902500727462430  0.289172045976322  0.711038705293637  0.071001829049168  0.488354264481114  0.456915725114700 
54.0    D  0.093428078039684  0.000000000000000  0.184028357771022  0.123535706437592  0.000000000000000  0.078183067507079  0.000000000000000  0.057154068093744  0.110951417158687  0.033936933010072  0.000000000000000  0.000000000000000  0.230685623163450  0.047530586038782  0.000000000000000  0.000000000000000  0.040554336466849  0.000000000000000  0.000000000000000  0.000000000000000  0.632439771176968  0.367546834097260  0.000000000000000  0.281069730944654  0.718968266423479  0.000000000000000  1.000000000000000  0.070511383591032  0.326012683814640  0.448444079831007 
55.0    K  0.141806935616994  0.000000000000000  0.091505355996602  0.054787857582252  0.000000000000000  0.044873265956982  0.046102858033839  0.063548417080747  0.123621364547616  0.095259051896236  0.028676246322230  0.045216715183454  0.085792776953432  0.000000000000000  0.027834153143959  0.084905392784309  0.025790794016021  0.040330077826618  0.000000000000000  0.000000000000000  0.915733686418126  0.000000000000000  0.084027187134539  0.000000000000000  0.000000000000000  0.000000000000000  1.000000000000000  0.082870360018666  1.000000000000000  0.371130892657262 
56.0    T  0.112656307826354  0.000000000000000  0.023650262390150  0.030883926609398  0.000000000000000  0.045154074935110  0.000000000000000  0.050415109951383  0.000000000000000  0.065425642623411  0.000000000000000  0.000000000000000  0.301451956922690  0.000000000000000  0.000000000000000  0.144285677189605  0.027469986278493  0.198608600024026  0.000000000000000  0.000000000000000  0.771640087529467  0.000000000000000  0.228457862557350  0.000000000000000  0.000000000000000  0.100551046367739  0.899378312147752  0.087656203165150  1.000000000000000  0.338681244371342 
57.0    P  0.000000000000000  0.000000000000000  0.000000000000000  0.000000000000000  0.000000000000000  0.100342173589494  0.000000000000000  0.051189793616239  0.058476468614463  0.000000000000000  0.000000000000000  0.000000000000000  0.688247800795349  0.000000000000000  0.047202268298838  0.054598305994793  0.000000000000000  0.000000000000000  0.000000000000000  0.000000000000000  0.898755126611030  0.000000000000000  0.101531549544529  0.000000000000000  0.000000000000000  0.122682382981685  0.877213548732822  0.082469244423306  1.000000000000000  0.285784583853509 
58.0    G  0.283613871233989  0.000000000000000  0.000000000000000  0.000000000000000  0.000000000000000  0.287174588749259  0.000000000000000  0.066201145917742  0.000000000000000  0.000000000000000  0.000000000000000  0.000000000000000  0.000000000000000  0.056916864599499  0.113754853010112  0.000000000000000  0.192375902520108  0.000000000000000  0.000000000000000  0.000000000000000  0.881480157907170  0.000000000000000  0.118339203904589  0.000000000000000  0.000000000000000  0.000000000000000  1.000000000000000  0.083331167318200  1.000000000000000  0.286975603463751 
59.0    G  0.190782401120070  0.000000000000000  0.130579470358029  0.000000000000000  0.000000000000000  0.523405140987288  0.000000000000000  0.000000000000000  0.000000000000000  0.000000000000000  0.000000000000000  0.000000000000000  0.085023178275372  0.000000000000000  0.000000000000000  0.069975805540890  0.000000000000000  0.000000000000000  0.000000000000000  0.000000000000000  0.326238736922239  0.215685336135664  0.458184322337676  0.348927691030542  0.651122094784514  0.000000000000000  1.000000000000000  0.089933348750676  0.434371092575312  0.262429170905767 
60.0    G  0.000000000000000  0.000000000000000  0.000000000000000  0.139081265073104  0.000000000000000  0.511923450214221  0.000000000000000  0.000000000000000  0.119079749755492  0.000000000000000  0.000000000000000  0.000000000000000  0.120909541201742  0.000000000000000  0.000000000000000  0.108969779942133  0.000000000000000  0.000000000000000  0.000000000000000  0.000000000000000  1.000000000000000  0.000000000000000  0.000000000000000  0.000000000000000  0.000000000000000  0.041177498491692  0.958599438492977  0.176409480426087  1.000000000000000  0.198470982732913 
61.0    G  0.099029351365621  0.000000000000000  0.000000000000000  0.000000000000000  0.000000000000000  0.901250462610830  0.000000000000000  0.000000000000000  0.000000000000000  0.000000000000000  0.000000000000000  0.000000000000000  0.000000000000000  0.000000000000000  0.000000000000000  0.000000000000000  0.000000000000000  0.000000000000000  0.000000000000000  0.000000000000000  0.445964259710046  0.417254640577705  0.136691932185579  0.127096834161495  0.872967591133763  0.000000000000000  1.000000000000000  0.197921466467818  0.391477148128271  0.205897754316893 
62.0    A  0.615572206672458  0.000000000000000  0.000000000000000  0.000000000000000  0.000000000000000  0.000000000000000  0.000000000000000  0.000000000000000  0.000000000000000  0.167125061925642  0.000000000000000  0.000000000000000  0.000000000000000  0.000000000000000  0.101390894447130  0.000000000000000  0.000000000000000  0.116064606538341  0.000000000000000  0.000000000000000  0.832775770880549  0.094535499830248  0.072644631719882  0.500000000000000  0.500000000000000  0.344123900397674  0.655651007107824  0.230845577682349  0.488354264481114  0.193043783272946 
63.0    N  0.194521294138855  0.000000000000000  0.000000000000000  0.061001985048514  0.000000000000000  0.000000000000000  0.000000000000000  0.000000000000000  0.000000000000000  0.143487801731875  0.000000000000000  0.110567554416443  0.066939426449466  0.000000000000000  0.000000000000000  0.371130892657262  0.052229184932616  0.000000000000000  0.000000000000000  0.000000000000000  0.938871747315452  0.061001985048514  0.000000000000000  0.250000000000000  0.750019494642909  0.057871626407958  0.942131273904809  0.148857106170621  0.488692883205403  0.253138701837623 
64.0    L  0.320634150690562  0.000000000000000  0.000000000000000  0.000000000000000  0.068251284109103  0.000000000000000  0.045562793088018  0.074171049853533  0.000000000000000  0.312299031413344  0.000000000000000  0.000000000000000  0.000000000000000  0.061853541025950  0.000000000000000  0.057551606075315  0.059788009880742  0.000000000000000  0.000000000000000  0.000000000000000  0.839149637106542  0.160762185428825  0.000000000000000  0.233905874457850  0.766309980103892  0.257385020858499  0.742776460330414  0.132310549359392  0.434371092575312  0.263157788677360 
65.0    K  0.150100428435651  0.000000000000000  0.265171935342054  0.045405157799105  0.074686950303549  0.000000000000000  0.052994997789572  0.000000000000000  0.093492859897649  0.037136972033029  0.000000000000000  0.000000000000000  0.000000000000000  0.101320639985664  0.043706752585577  0.045911519789947  0.089995707407168  0.000000000000000  0.000000000000000  0.000000000000000  1.000000000000000  0.000000000000000  0.000000000000000  0.000000000000000  0.000000000000000  0.588453368609384  0.411795508633787  0.092461719328052  1.000000000000000  0.310572070446110 
66.0    G  0.039445376003504  0.000000000000000  0.063153215405423  0.000000000000000  0.000000000000000  0.170518479359919  0.000000000000000  0.024298313621330  0.082070070339009  0.000000000000000  0.000000000000000  0.000000000000000  0.000000000000000  0.148342099707066  0.197510327965844  0.173499089876949  0.101320639985664  0.000000000000000  0.000000000000000  0.000000000000000  1.000000000000000  0.000000000000000  0.000000000000000  0.000000000000000  0.000000000000000  0.457866843209063  0.542238704421532  0.084670311092835  1.000000000000000  0.416099367355762 
67.0    D  0.194251817196012  0.000000000000000  0.108442335894008  0.059128602920350  0.013012121420009  0.026497498894786  0.025207554975691  0.000000000000000  0.069975805540890  0.049206748535575  0.000000000000000  0.000000000000000  0.000000000000000  0.026886019706607  0.036046425158126  0.319082192207238  0.072343138561883  0.000000000000000  0.000000000000000  0.000000000000000  1.000000000000000  0.000000000000000  0.000000000000000  0.000000000000000  0.000000000000000  0.541112322262857  0.459138081150462  0.082698214994258  1.000000000000000  0.458502021602336 
68.0    R  0.223601225445651  0.000000000000000  0.134250558952516  0.114387396015991  0.000000000000000  0.000000000000000  0.000000000000000  0.000000000000000  0.000000000000000  0.000000000000000  0.000000000000000  0.043434944370073  0.000000000000000  0.000000000000000  0.430474594169452  0.035476315692065  0.018198962288570  0.000000000000000  0.000000000000000  0.000000000000000  0.809442216547408  0.094273754792911  0.096521891636473  0.500000000000000  0.500000000000000  0.000000000000000  1.000000000000000  0.082870360018666  0.433769343576034  0.488015880388112 
69.0    S  0.221288441144886  0.000000000000000  0.000000000000000  0.065244495463857  0.000000000000000  0.000000000000000  0.000000000000000  0.019236631458514  0.000000000000000  0.099649059567567  0.058720171825876  0.000000000000000  0.058842404033825  0.000000000000000  0.000000000000000  0.409802303818759  0.000000000000000  0.067358321565229  0.000000000000000  0.000000000000000  0.929804942613162  0.069927318814732  0.000000000000000  0.160205990520024  0.839731492944140  0.777007268784049  0.222827623974243  0.089312133733818  0.433468781757343  0.440129506781575 
70.0    R  0.000000000000000  0.000000000000000  0.105330853687894  0.118093380124651  0.000000000000000  0.034891030061955  0.000000000000000  0.000000000000000  0.000000000000000  0.026830169888680  0.000000000000000  0.000000000000000  0.000000000000000  0.108969779942133  0.556710809114343  0.000000000000000  0.000000000000000  0.049172652834598  0.000000000000000  0.000000000000000  1.000000000000000  0.000000000000000  0.000000000000000  0.000000000000000  0.000000000000000  1.000000000000000  0.000000000000000  0.079715274479909  1.000000000000000  0.497235084336607 
71.0    L  0.032486857349227  0.000000000000000  0.000000000000000  0.000000000000000  0.021035938582450  0.000000000000000  0.024637505439259  0.276624338273068  0.000000000000000  0.396941965465826  0.000000000000000  0.027661055143111  0.073302184326992  0.044625124365158  0.000000000000000  0.084553014440642  0.000000000000000  0.017998244411709  0.000000000000000  0.000000000000000  1.000000000000000  0.000000000000000  0.000000000000000  0.000000000000000  0.000000000000000  0.000000000000000  0.000000000000000  0.081052472165688  1.000000000000000  1.000000000000000 
72.0    L  0.000000000000000  0.000000000000000  0.000000000000000  0.000000000000000  0.000000000000000  0.000000000000000  0.000000000000000  0.057273040292209  0.000000000000000  0.402483068810561  0.312082637225403  0.000000000000000  0.108668070011253  0.078237278665875  0.000000000000000  0.041406469282663  0.000000000000000  0.000000000000000  0.000000000000000  0.000000000000000  0.728499556949005  0.271495464080574  0.000000000000000  0.196690611338391  0.803293996757034  0.000000000000000  0.000000000000000  0.081052472165688  0.326012683814640  1.000000000000000 
73.0    R  0.028047189083352  0.000000000000000  0.000000000000000  0.000000000000000  0.000000000000000  0.025630403474898  0.068251284109103  0.000000000000000  0.017911127902006  0.062760471452436  0.000000000000000  0.000000000000000  0.072142838594802  0.072543994648983  0.652477473844479  0.000000000000000  0.000000000000000  0.000000000000000  0.000000000000000  0.000000000000000  1.000000000000000  0.000000000000000  0.000000000000000  0.000000000000000  0.000000000000000  1.000000000000000  0.000000000000000  0.081842838942723  1.000000000000000  0.496546247718518 
74.0    D  0.071149626817180  0.000000000000000  0.489031736723670  0.116064606538341  0.057273040292209  0.013878543685038  0.000000000000000  0.000000000000000  0.000000000000000  0.000000000000000  0.000000000000000  0.042600081477578  0.032374461361251  0.000000000000000  0.022844647631251  0.057992092279455  0.000000000000000  0.071644511608024  0.000000000000000  0.025277542136304  1.000000000000000  0.000000000000000  0.000000000000000  0.000000000000000  0.000000000000000  0.000000000000000  0.000000000000000  0.081052472165688  1.000000000000000  1.000000000000000 
75.0    L  0.024637505439259  0.000000000000000  0.000000000000000  0.000000000000000  0.061682284117865  0.000000000000000  0.000000000000000  0.196690611338391  0.000000000000000  0.515841589650680  0.000000000000000  0.000000000000000  0.000000000000000  0.078237278665875  0.000000000000000  0.122682382981685  0.000000000000000  0.000000000000000  0.000000000000000  0.000000000000000  0.887611337269498  0.000000000000000  0.112111019957752  0.000000000000000  0.000000000000000  0.000000000000000  0.000000000000000  0.081052472165688  1.000000000000000  1.000000000000000 
76.0    R  0.163912751776956  0.000000000000000  0.000000000000000  0.000000000000000  0.000000000000000  0.058072542140682  0.000000000000000  0.000000000000000  0.000000000000000  0.120742041115606  0.030883926609398  0.000000000000000  0.030564483545229  0.036727385263118  0.559030925482931  0.000000000000000  0.000000000000000  0.000000000000000  0.000000000000000  0.000000000000000  0.969289816935065  0.000000000000000  0.030883926609398  0.000000000000000  0.000000000000000  0.000000000000000  1.000000000000000  0.089933348750676  1.000000000000000  0.393926943024673 
77.0    V  0.099029351365621  0.000000000000000  0.000000000000000  0.000000000000000  0.000000000000000  0.094469995519764  0.038048938083218  0.000000000000000  0.000000000000000  0.167821562847533  0.054598305994793  0.000000000000000  0.273763117698394  0.000000000000000  0.015832139064986  0.102948877158447  0.115823507736296  0.037629293163482  0.000000000000000  0.000000000000000  0.856781954768570  0.143189737247470  0.000000000000000  0.500000000000000  0.500000000000000  0.139660892259028  0.860352630611440  0.092525831125003  0.424548123223420  0.375009747321455 
78.0    D  0.000000000000000  0.000000000000000  0.571173123424273  0.085733330536912  0.000000000000000  0.030039404012149  0.000000000000000  0.000000000000000  0.000000000000000  0.000000000000000  0.000000000000000  0.025934205799687  0.000000000000000  0.000000000000000  0.096254646779509  0.125520942904872  0.000000000000000  0.065154110052570  0.000000000000000  0.000000000000000  1.000000000000000  0.000000000000000  0.000000000000000  0.000000000000000  0.000000000000000  0.000000000000000  1.000000000000000  0.100481373842894  1.000000000000000  0.325335463860483 
79.0    T  0.026442456143759  0.000000000000000  0.000000000000000  0.000000000000000  0.000000000000000  0.156474557331749  0.042659178683911  0.013303964183577  0.029502888098445  0.044780051574159  0.000000000000000  0.036778335538086  0.074068298183849  0.000000000000000  0.064748922722501  0.270181350509838  0.241149546146035  0.000000000000000  0.000000000000000  0.000000000000000  0.882702996290655  0.095589767367673  0.021433332634228  1.000000000000000  0.000000000000000  0.087474116599700  0.912565488543452  0.096054698830501  0.475000191437443  0.325335463860483 
80.0    K  0.043254678626609  0.000000000000000  0.000000000000000  0.057352492644460  0.064793818813733  0.027680234971949  0.000000000000000  0.000000000000000  0.297095776264233  0.086210057614191  0.000000000000000  0.000000000000000  0.000000000000000  0.097463105326415  0.291789525454617  0.034386831542692  0.000000000000000  0.000000000000000  0.000000000000000  0.000000000000000  0.560194607097088  0.439824537961218  0.000000000000000  1.000000000000000  0.000000000000000  0.438302860658018  0.561749951515823  0.091125586176036  0.291789525454617  0.327144517863753 
81.0    S  0.261702570493644  0.000000000000000  0.044347604881262  0.050520054300348  0.000000000000000  0.020025748815003  0.049104532291724  0.000000000000000  0.124308771084152  0.000000000000000  0.000000000000000  0.034963659407366  0.023947186878247  0.028755864082027  0.000000000000000  0.346998179753898  0.015335297872711  0.000000000000000  0.000000000000000  0.000000000000000  1.000000000000000  0.000000000000000  0.000000000000000  0.000000000000000  0.000000000000000  0.000000000000000  1.000000000000000  0.080940187428402  1.000000000000000  0.397492625474487 
82.0    R  0.000000000000000  0.000000000000000  0.069396177101790  0.237171078785113  0.000000000000000  0.015495573917786  0.000000000000000  0.000000000000000  0.039118639332937  0.000000000000000  0.000000000000000  0.000000000000000  0.000000000000000  0.068015152604425  0.439215234119181  0.089560103148319  0.000000000000000  0.000000000000000  0.023438109207591  0.018671737575887  0.943438250895360  0.056523711097568  0.000000000000000  0.500000000000000  0.500000000000000  0.000000000000000  1.000000000000000  0.080660155653236  0.480630464194381  0.397492625474487 
83.0    A  0.305025127568056  0.000000000000000  0.044194173824159  0.000000000000000  0.000000000000000  0.201940194402402  0.000000000000000  0.013175486097658  0.000000000000000  0.000000000000000  0.014874654820274  0.151249261152412  0.038767728053606  0.110337874536332  0.014978116226453  0.079439480581604  0.025880333166705  0.000000000000000  0.000000000000000  0.000000000000000  0.991029563264079  0.009017854824350  0.000000000000000  0.333324669272800  0.666649338545599  0.135841857815757  0.863938187400277  0.080660155653236  0.500000000000000  0.397492625474487 
84.0    A  0.404721108273704  0.000000000000000  0.000000000000000  0.000000000000000  0.000000000000000  0.017530366883289  0.027950153180706  0.011319860582460  0.075310769687174  0.023880883136956  0.076839929203411  0.034149304346905  0.027737854289672  0.000000000000000  0.022250784306204  0.077213664820433  0.053809324271181  0.147419574032652  0.000000000000000  0.000000000000000  0.991029563264079  0.008759109984598  0.000000000000000  0.333324669272800  0.666649338545599  0.000000000000000  1.000000000000000  0.080716084393896  0.499653546495226  0.411510172639354 
85.0    W  0.014792400488074  0.000000000000000  0.000000000000000  0.000000000000000  0.018517074545962  0.000000000000000  0.000000000000000  0.015187202937209  0.000000000000000  0.217185546287656  0.022250784306204  0.000000000000000  0.034891030061955  0.039227249727583  0.102096123888753  0.000000000000000  0.038714021805747  0.016153605253874  0.460093825312437  0.020803931456818  1.000000000000000  0.000000000000000  0.000000000000000  0.000000000000000  0.000000000000000  0.000000000000000  1.000000000000000  0.080716084393896  1.000000000000000  0.411510172639354 
86.0    A  0.200406332349848  0.000000000000000  0.182757181050004  0.031532863557646  0.023847800140009  0.135465745855598  0.000000000000000  0.000000000000000  0.000000000000000  0.077535456107212  0.000000000000000  0.000000000000000  0.041521431690516  0.148444958259176  0.066985841408518  0.018098325096791  0.029852591761951  0.025172634095273  0.000000000000000  0.018389167769043  1.000000000000000  0.000000000000000  0.000000000000000  0.000000000000000  0.000000000000000  0.000000000000000  1.000000000000000  0.080716084393896  1.000000000000000  0.411510172639354 
87.0    R  0.000000000000000  0.000000000000000  0.000000000000000  0.056250120612095  0.034891030061955  0.000000000000000  0.000000000000000  0.000000000000000  0.061298687749284  0.039200068891281  0.000000000000000  0.000000000000000  0.048361406048200  0.040274207202657  0.668500247702567  0.051189793616239  0.000000000000000  0.000000000000000  0.000000000000000  0.000000000000000  1.000000000000000  0.000000000000000  0.000000000000000  0.000000000000000  0.000000000000000  0.000000000000000  1.000000000000000  0.080716084393896  1.000000000000000  0.411510172639354 
88.0    L  0.017542522219900  0.000000000000000  0.000000000000000  0.000000000000000  0.016470178488918  0.000000000000000  0.000000000000000  0.044286168640882  0.000000000000000  0.621574834451970  0.299992845593304  0.000000000000000  0.000000000000000  0.000000000000000  0.000000000000000  0.000000000000000  0.000000000000000  0.000000000000000  0.000000000000000  0.000000000000000  1.000000000000000  0.000000000000000  0.000000000000000  0.000000000000000  0.000000000000000  1.000000000000000  0.000000000000000  0.080716084393896  1.000000000000000  0.411510172639354 
89.0    L  0.016921485086343  0.000000000000000  0.000000000000000  0.000000000000000  0.014427848605147  0.000000000000000  0.000000000000000  0.037214276542655  0.000000000000000  0.576343173399432  0.077320779917948  0.000000000000000  0.000000000000000  0.000000000000000  0.000000000000000  0.000000000000000  0.000000000000000  0.238489887636890  0.039172906888772  0.000000000000000  0.990342871933025  0.009725579963923  0.000000000000000  0.099995016041594  0.900001929793512  0.000000000000000  0.000000000000000  0.075939799494064  0.495171435966512  1.000000000000000 
90.0    H  0.000000000000000  0.000000000000000  0.025068161448515  0.000000000000000  0.000000000000000  0.136124626917013  0.246558176123340  0.000000000000000  0.114070686067931  0.000000000000000  0.000000000000000  0.189858961226816  0.021914050791288  0.058720171825876  0.123279088061670  0.084377374070172  0.000000000000000  0.000000000000000  0.000000000000000  0.000000000000000  0.710546021590680  0.263157788677360  0.026241609154504  1.000000000000000  0.000000000000000  0.000000000000000  0.000000000000000  0.075939799494064  0.362235538638720  1.000000000000000 
91.0    E  0.012603777487846  0.000000000000000  0.429580377473592  0.195874296737335  0.000000000000000  0.077858588473092  0.000000000000000  0.000000000000000  0.077428043611494  0.027776333786455  0.000000000000000  0.000000000000000  0.048260945818237  0.060664654360597  0.042659178683911  0.027469986278493  0.000000000000000  0.000000000000000  0.000000000000000  0.000000000000000  0.963261894020148  0.000000000000000  0.036524289017539  0.000000000000000  0.000000000000000  0.000000000000000  1.000000000000000  0.076574083244042  1.000000000000000  0.462011286223412 
92.0    H  0.099098017076286  0.000000000000000  0.022421086478230  0.070854338298651  0.015050967094065  0.010237448467643  0.166431451654546  0.065425642623411  0.000000000000000  0.076045147414629  0.000000000000000  0.057035343033966  0.039363436873356  0.201800268626191  0.038983299122314  0.000000000000000  0.014884968719437  0.038101721689884  0.000000000000000  0.084318908396231  0.702709350103360  0.231326107009463  0.065972107352373  0.125607977552973  0.874178620410373  0.519429551648832  0.480630464194381  0.079054971397121  0.364249778474503  0.411510172639354 
93.0    P  0.016792955825867  0.000000000000000  0.055398856199679  0.037629293163482  0.000000000000000  0.209496783666987  0.039336161672027  0.000000000000000  0.000000000000000  0.221288441144886  0.033772668813730  0.039774841727373  0.156691627555086  0.061810682273808  0.021597378227009  0.077858588473092  0.013801797679398  0.014761672515581  0.000000000000000  0.000000000000000  0.942131273904809  0.057671405790862  0.000000000000000  0.082354996983384  0.917639882311365  0.573951206927501  0.426317445883978  0.083794536973771  0.463936738235641  0.426613049056034 
94.0    N  0.116629123942101  0.000000000000000  0.155933196489256  0.020517517584752  0.000000000000000  0.194926210652831  0.000000000000000  0.025260027150174  0.000000000000000  0.025559439329931  0.028497911422493  0.137071448573487  0.022892201165802  0.041349107497129  0.000000000000000  0.111336612575835  0.107767943127199  0.012293163208649  0.000000000000000  0.000000000000000  0.820741608810498  0.179244406001978  0.000000000000000  0.936272247434492  0.063416409161305  1.000000000000000  0.000000000000000  0.083042863381032  0.315781815461450  0.475000191437443 
95.0    A  0.187504873660727  0.000000000000000  0.000000000000000  0.000000000000000  0.000000000000000  0.026278012976679  0.013602352551502  0.000000000000000  0.034267862143372  0.015061403245948  0.000000000000000  0.087595465567547  0.176043028364010  0.050415109951383  0.062025273417864  0.267386771971311  0.079825859949712  0.000000000000000  0.000000000000000  0.000000000000000  0.963929807740643  0.000000000000000  0.036246864203295  0.000000000000000  0.000000000000000  0.000000000000000  1.000000000000000  0.075729541276890  1.000000000000000  0.491751037013124 
96.0    R  0.000000000000000  0.000000000000000  0.000000000000000  0.000000000000000  0.000000000000000  0.020193012978711  0.000000000000000  0.000000000000000  0.079881210200191  0.042629619839980  0.000000000000000  0.000000000000000  0.000000000000000  0.078074757853336  0.692554734055462  0.051760666333409  0.034915223064757  0.000000000000000  0.000000000000000  0.000000000000000  1.000000000000000  0.000000000000000  0.000000000000000  1.000000000000000  0.000000000000000  0.599569956895556  0.400534938794811  0.078237278665875  0.500000000000000  0.463615273217731 
97.0    K  0.000000000000000  0.000000000000000  0.025312608551001  0.000000000000000  0.000000000000000  0.000000000000000  0.050380176968310  0.000000000000000  0.222364748384474  0.000000000000000  0.037111239564794  0.000000000000000  0.017241152188156  0.000000000000000  0.581560020773925  0.036146505747040  0.030039404012149  0.000000000000000  0.000000000000000  0.000000000000000  0.899378312147752  0.100551046367739  0.000000000000000  0.537747195228689  0.462011286223412  0.000000000000000  1.000000000000000  0.077643017611527  0.457866843209063  0.493800430722686 
98.0    Y  0.000000000000000  0.000000000000000  0.000000000000000  0.024046987815013  0.120074357994185  0.000000000000000  0.115103212150630  0.009150079540772  0.000000000000000  0.254722799154181  0.010881339692727  0.000000000000000  0.011800567074710  0.097801472717064  0.103163176064082  0.149996422796652  0.000000000000000  0.014130927774392  0.020081349022959  0.069012427947693  0.944092419150250  0.017373111836205  0.038499939795180  0.500000000000000  0.500000000000000  0.000000000000000  1.000000000000000  0.077750728331154  0.488692883205403  0.493800430722686 
99.0    K  0.035574813408590  0.000000000000000  0.000000000000000  0.061725053840336  0.052958277184132  0.021838233935173  0.000000000000000  0.000000000000000  0.324659650682471  0.000000000000000  0.014823192424070  0.013202912256446  0.047927583114784  0.120742041115606  0.147624082678691  0.011501772360689  0.000000000000000  0.000000000000000  0.147624082678691  0.000000000000000  0.988285651500733  0.011702819800189  0.000000000000000  1.000000000000000  0.000000000000000  0.000000000000000  1.000000000000000  0.080492601844364  0.500000000000000  0.453130969133667 
100.0    G  0.013878543685038  0.000000000000000  0.127892183716804  0.074998211398326  0.000000000000000  0.361232599480881  0.000000000000000  0.000000000000000  0.037499105699163  0.054863862350595  0.000000000000000  0.014308338850283  0.048093975630027  0.029997789407466  0.074946244611945  0.108067153913483  0.054409410206008  0.000000000000000  0.000000000000000  0.000000000000000  0.962594443101751  0.037707622491274  0.000000000000000  0.333324669272800  0.666649338545599  0.726482524785685  0.273383864371158  0.080492601844364  0.492092011016900  0.453130969133667 
101.0    G  0.024063661694877  0.000000000000000  0.000000000000000  0.051545846788130  0.000000000000000  0.123964591342287  0.000000000000000  0.041868237575870  0.056680645558321  0.179617522068008  0.000000000000000  0.013687473672924  0.055900306361413  0.000000000000000  0.380772184925815  0.032712821311705  0.000000000000000  0.039145763707004  0.000000000000000  0.000000000000000  0.949342120950519  0.050695447223565  0.000000000000000  0.519429551648832  0.480630464194381  0.000000000000000  1.000000000000000  0.077160162930846  0.466193243218416  0.497235084336607 
102.0    N  0.240481863666194  0.000000000000000  0.037369368649254  0.019915009801863  0.054183597719668  0.038366740122346  0.011335564123705  0.011226095129250  0.029605314706227  0.011767894270577  0.000000000000000  0.082870360018666  0.057871626407958  0.000000000000000  0.063284675459406  0.193311584363829  0.098277161517541  0.038633601903780  0.000000000000000  0.011501772360689  0.974004268543241  0.026187097958373  0.000000000000000  1.000000000000000  0.000000000000000  0.604158921694971  0.395842932935636  0.077320779917948  0.466839972457657  0.471392267959120 
103.0    K  0.000000000000000  0.000000000000000  0.000000000000000  0.000000000000000  0.000000000000000  0.056602123938614  0.000000000000000  0.000000000000000  0.704172113456040  0.000000000000000  0.000000000000000  0.016481598704188  0.019183370061173  0.000000000000000  0.125695072549809  0.038875364165577  0.000000000000000  0.000000000000000  0.039064446955788  0.000000000000000  1.000000000000000  0.000000000000000  0.000000000000000  0.000000000000000  0.000000000000000  0.000000000000000  1.000000000000000  0.077160162930846  1.000000000000000  0.497235084336607 
104.0    K  0.000000000000000  0.000000000000000  0.025033433674676  0.059705183523902  0.000000000000000  0.031576607702711  0.000000000000000  0.000000000000000  0.632001549226403  0.026904662135591  0.068203992315933  0.000000000000000  0.023997035464095  0.000000000000000  0.107992273425035  0.000000000000000  0.000000000000000  0.024569290379385  0.000000000000000  0.000000000000000  0.937571096457110  0.062111318332660  0.000000000000000  0.706616821941365  0.293412044570338  0.000000000000000  1.000000000000000  0.077160162930846  0.476318999021969  0.497235084336607 
105.0    G  0.184155960727060  0.000000000000000  0.032509383328812  0.000000000000000  0.000000000000000  0.564091068728256  0.000000000000000  0.000000000000000  0.025033433674676  0.000000000000000  0.023067412588794  0.000000000000000  0.035060733766578  0.011621982519020  0.009466192659611  0.019668080836013  0.000000000000000  0.058072542140682  0.000000000000000  0.037111239564794  0.985549336939371  0.000000000000000  0.014189819026899  0.000000000000000  0.000000000000000  0.000000000000000  1.000000000000000  0.077160162930846  1.000000000000000  0.497235084336607 
106.0    L  0.054598305994793  0.000000000000000  0.016333751565706  0.035280137650192  0.022781396544009  0.185822873053877  0.021959667190730  0.000000000000000  0.041752314949691  0.185308376225354  0.032106294980593  0.000000000000000  0.079384436408674  0.050380176968310  0.023163547028169  0.061596833558711  0.023019495090883  0.065607292726442  0.087111077417967  0.013840117485974  1.000000000000000  0.000000000000000  0.000000000000000  0.000000000000000  0.000000000000000  0.671286251390132  0.328507906787343  0.076999879590360  1.000000000000000  0.488692883205403 
107.0    S  0.054221167947004  0.000000000000000  0.022561393680039  0.000000000000000  0.025952188252840  0.283417353194606  0.031315050158739  0.000000000000000  0.000000000000000  0.115183023274838  0.013452331067795  0.106284270008024  0.059333882559407  0.000000000000000  0.000000000000000  0.249135065706967  0.025612643988672  0.013470992890900  0.000000000000000  0.000000000000000  0.857970530428691  0.141905262768258  0.000000000000000  0.280097303548544  0.719965659257343  1.000000000000000  0.000000000000000  0.074531804520664  0.386891248385597  0.500000000000000 
108.0    K  0.000000000000000  0.000000000000000  0.119991157629863  0.021344379011787  0.000000000000000  0.033725882390763  0.000000000000000  0.034722147770472  0.172898828626371  0.000000000000000  0.000000000000000  0.080940187428402  0.000000000000000  0.000000000000000  0.358986127655859  0.177390419525048  0.000000000000000  0.000000000000000  0.000000000000000  0.000000000000000  0.990342871933025  0.009786440926751  0.000000000000000  1.000000000000000  0.000000000000000  0.000000000000000  0.000000000000000  0.074635199192162  0.500000000000000  1.000000000000000 
109.0    G  0.000000000000000  0.000000000000000  0.000000000000000  0.000000000000000  0.000000000000000  0.767905134851049  0.000000000000000  0.000000000000000  0.000000000000000  0.000000000000000  0.000000000000000  0.031185084968720  0.000000000000000  0.000000000000000  0.014229216149875  0.186726682139043  0.000000000000000  0.000000000000000  0.000000000000000  0.000000000000000  1.000000000000000  0.000000000000000  0.000000000000000  0.000000000000000  0.000000000000000  0.000000000000000  0.000000000000000  0.074635199192162  1.000000000000000  1.000000000000000 
110.0    C  0.000000000000000  1.000000000000000  0.000000000000000  0.000000000000000  0.000000000000000  0.000000000000000  0.000000000000000  0.000000000000000  0.000000000000000  0.000000000000000  0.000000000000000  0.000000000000000  0.000000000000000  0.000000000000000  0.000000000000000  0.000000000000000  0.000000000000000  0.000000000000000  0.000000000000000  0.000000000000000  1.000000000000000  0.000000000000000  0.000000000000000  0.000000000000000  0.000000000000000  0.000000000000000  0.000000000000000  0.074635199192162  1.000000000000000  1.000000000000000 
111.0    F  0.000000000000000  0.000000000000000  0.000000000000000  0.000000000000000  1.000000000000000  0.000000000000000  0.000000000000000  0.000000000000000  0.000000000000000  0.000000000000000  0.000000000000000  0.000000000000000  0.000000000000000  0.000000000000000  0.000000000000000  0.000000000000000  0.000000000000000  0.000000000000000  0.000000000000000  0.000000000000000  1.000000000000000  0.000000000000000  0.000000000000000  0.000000000000000  0.000000000000000  0.000000000000000  0.000000000000000  0.074635199192162  1.000000000000000  1.000000000000000 
112.0    G  0.000000000000000  0.000000000000000  0.034722147770472  0.000000000000000  0.000000000000000  0.965267024871757  0.000000000000000  0.000000000000000  0.000000000000000  0.000000000000000  0.000000000000000  0.000000000000000  0.000000000000000  0.000000000000000  0.000000000000000  0.000000000000000  0.000000000000000  0.000000000000000  0.000000000000000  0.000000000000000  1.000000000000000  0.000000000000000  0.000000000000000  0.000000000000000  0.000000000000000  0.000000000000000  0.000000000000000  0.074635199192162  1.000000000000000  1.000000000000000 
113.0    L  0.000000000000000  0.000000000000000  0.000000000000000  0.000000000000000  0.000000000000000  0.000000000000000  0.103163176064082  0.000000000000000  0.034698088550895  0.300200856871302  0.092077980363530  0.021344379011787  0.000000000000000  0.086749544938474  0.088388347648318  0.024535253708549  0.025772923394065  0.223136742868244  0.000000000000000  0.000000000000000  1.000000000000000  0.000000000000000  0.000000000000000  0.000000000000000  0.000000000000000  0.000000000000000  0.000000000000000  0.074635199192162  1.000000000000000  1.000000000000000 
114.0    K  0.000000000000000  0.000000000000000  0.000000000000000  0.000000000000000  0.000000000000000  0.000000000000000  0.000000000000000  0.000000000000000  0.735093668194520  0.000000000000000  0.000000000000000  0.000000000000000  0.015345931175990  0.000000000000000  0.249826773247613  0.000000000000000  0.000000000000000  0.000000000000000  0.000000000000000  0.000000000000000  1.000000000000000  0.000000000000000  0.000000000000000  0.000000000000000  0.000000000000000  0.000000000000000  0.000000000000000  0.074635199192162  1.000000000000000  1.000000000000000 
115.0    L  0.000000000000000  0.000000000000000  0.000000000000000  0.000000000000000  0.000000000000000  0.000000000000000  0.000000000000000  0.254722799154181  0.000000000000000  0.554784736033923  0.167009259798762  0.000000000000000  0.000000000000000  0.000000000000000  0.000000000000000  0.000000000000000  0.000000000000000  0.023405639600378  0.000000000000000  0.000000000000000  1.000000000000000  0.000000000000000  0.000000000000000  0.000000000000000  0.000000000000000  0.000000000000000  0.000000000000000  0.074635199192162  1.000000000000000  1.000000000000000 
116.0    D  0.022266212721075  0.000000000000000  0.865136690584988  0.112578247480991  0.000000000000000  0.000000000000000  0.000000000000000  0.000000000000000  0.000000000000000  0.000000000000000  0.000000000000000  0.000000000000000  0.000000000000000  0.000000000000000  0.000000000000000  0.000000000000000  0.000000000000000  0.000000000000000  0.000000000000000  0.000000000000000  1.000000000000000  0.000000000000000  0.000000000000000  0.000000000000000  0.000000000000000  0.000000000000000  0.000000000000000  0.074635199192162  1.000000000000000  1.000000000000000 
117.0    R  0.000000000000000  0.000000000000000  0.000000000000000  0.000000000000000  0.000000000000000  0.000000000000000  0.000000000000000  0.000000000000000  0.000000000000000  0.000000000000000  0.000000000000000  0.000000000000000  0.000000000000000  0.000000000000000  1.000000000000000  0.000000000000000  0.000000000000000  0.000000000000000  0.000000000000000  0.000000000000000  1.000000000000000  0.000000000000000  0.000000000000000  0.000000000000000  0.000000000000000  0.000000000000000  0.000000000000000  0.074635199192162  1.000000000000000  1.000000000000000 
118.0    I  0.000000000000000  0.000000000000000  0.000000000000000  0.000000000000000  0.000000000000000  0.000000000000000  0.000000000000000  0.964598184584138  0.000000000000000  0.000000000000000  0.000000000000000  0.000000000000000  0.000000000000000  0.000000000000000  0.000000000000000  0.000000000000000  0.000000000000000  0.035599480538191  0.000000000000000  0.000000000000000  1.000000000000000  0.000000000000000  0.000000000000000  0.000000000000000  0.000000000000000  0.000000000000000  0.000000000000000  0.074635199192162  1.000000000000000  1.000000000000000 
119.0    G  0.000000000000000  0.021597378227009  0.000000000000000  0.000000000000000  0.000000000000000  0.842062953608416  0.000000000000000  0.000000000000000  0.000000000000000  0.000000000000000  0.000000000000000  0.034698088550895  0.000000000000000  0.000000000000000  0.000000000000000  0.101954686667376  0.000000000000000  0.000000000000000  0.000000000000000  0.000000000000000  1.000000000000000  0.000000000000000  0.000000000000000  0.000000000000000  0.000000000000000  0.000000000000000  0.000000000000000  0.074635199192162  1.000000000000000  1.000000000000000 
120.0    S  0.194117218750260  0.000000000000000  0.021344379011787  0.000000000000000  0.000000000000000  0.000000000000000  0.086990399489444  0.000000000000000  0.000000000000000  0.000000000000000  0.000000000000000  0.021597378227009  0.000000000000000  0.000000000000000  0.000000000000000  0.481630947010074  0.172300644121954  0.022127741222102  0.000000000000000  0.000000000000000  0.965267024871757  0.000000000000000  0.034698088550895  0.000000000000000  0.000000000000000  0.000000000000000  0.000000000000000  0.074635199192162  1.000000000000000  1.000000000000000 
121.0    M  0.000000000000000  0.000000000000000  0.000000000000000  0.000000000000000  0.126832818322610  0.000000000000000  0.000000000000000  0.132954084111648  0.000000000000000  0.085495956493906  0.353308410970682  0.000000000000000  0.000000000000000  0.026187097958373  0.000000000000000  0.120324305387719  0.063328556259943  0.091632297324326  0.000000000000000  0.000000000000000  1.000000000000000  0.000000000000000  0.000000000000000  0.000000000000000  0.000000000000000  0.000000000000000  1.000000000000000  0.078237278665875  1.000000000000000  0.493800430722686 
122.0    S  0.000000000000000  0.000000000000000  0.000000000000000  0.000000000000000  0.000000000000000  0.000000000000000  0.000000000000000  0.000000000000000  0.000000000000000  0.000000000000000  0.000000000000000  0.000000000000000  0.000000000000000  0.000000000000000  0.000000000000000  0.892546971472977  0.107693269964002  0.000000000000000  0.000000000000000  0.000000000000000  1.000000000000000  0.000000000000000  0.000000000000000  0.000000000000000  0.000000000000000  1.000000000000000  0.000000000000000  0.078237278665875  1.000000000000000  0.493800430722686 
123.0    G  0.000000000000000  0.000000000000000  0.065880713955671  0.000000000000000  0.000000000000000  0.909408251800733  0.000000000000000  0.000000000000000  0.000000000000000  0.000000000000000  0.000000000000000  0.000000000000000  0.000000000000000  0.000000000000000  0.000000000000000  0.024535253708549  0.000000000000000  0.000000000000000  0.000000000000000  0.000000000000000  0.929804942613162  0.070462525759089  0.000000000000000  0.500000000000000  0.500000000000000  0.000000000000000  0.000000000000000  0.074635199192162  0.424548123223420  1.000000000000000 
124.0    L  0.000000000000000  0.000000000000000  0.000000000000000  0.000000000000000  0.036372704200067  0.000000000000000  0.000000000000000  0.000000000000000  0.000000000000000  0.695923195915551  0.267572174606656  0.000000000000000  0.000000000000000  0.000000000000000  0.000000000000000  0.000000000000000  0.000000000000000  0.000000000000000  0.000000000000000  0.000000000000000  0.985549336939371  0.000000000000000  0.014498023069864  0.000000000000000  0.000000000000000  0.000000000000000  1.000000000000000  0.076839929203411  1.000000000000000  0.424548123223420 
125.0    G  0.000000000000000  0.000000000000000  0.000000000000000  0.000000000000000  0.000000000000000  1.000000000000000  0.000000000000000  0.000000000000000  0.000000000000000  0.000000000000000  0.000000000000000  0.000000000000000  0.000000000000000  0.000000000000000  0.000000000000000  0.000000000000000  0.000000000000000  0.000000000000000  0.000000000000000  0.000000000000000  1.000000000000000  0.000000000000000  0.000000000000000  1.000000000000000  0.000000000000000  1.000000000000000  0.000000000000000  0.077428043611494  0.500000000000000  0.417543959714185 
126.0    C  0.000000000000000  1.000000000000000  0.000000000000000  0.000000000000000  0.000000000000000  0.000000000000000  0.000000000000000  0.000000000000000  0.000000000000000  0.000000000000000  0.000000000000000  0.000000000000000  0.000000000000000  0.000000000000000  0.000000000000000  0.000000000000000  0.000000000000000  0.000000000000000  0.000000000000000  0.000000000000000  1.000000000000000  0.000000000000000  0.000000000000000  1.000000000000000  0.000000000000000  0.000000000000000  0.000000000000000  0.074119656213184  1.000000000000000  1.000000000000000 
