No:  residues  hmm_col_1  hmm_col_2  hmm_col_3  hmm_col_4  hmm_col_5  hmm_col_6  hmm_col_7  hmm_col_8  hmm_col_9  hmm_col_10  hmm_col_11  hmm_col_12  hmm_col_13  hmm_col_14  hmm_col_15  hmm_col_16  hmm_col_17  hmm_col_18  hmm_col_19  hmm_col_20  hmm_col_21   hmm_col_22   hmm_col_23   hmm_col_24   hmm_col_25   hmm_col_26   hmm_col_27   hmm_col_28   hmm_col_29   hmm_col_30   
1.0    M  0.000000000000000  0.000000000000000  0.000000000000000  0.000000000000000  0.000000000000000  0.000000000000000  0.000000000000000  0.000000000000000  0.000000000000000  0.000000000000000  1.000000000000000  0.000000000000000  0.000000000000000  0.000000000000000  0.000000000000000  0.000000000000000  0.000000000000000  0.000000000000000  0.000000000000000  0.000000000000000  1.000000000000000  0.000000000000000  0.000000000000000  0.000000000000000  0.000000000000000  0.000000000000000  0.000000000000000  0.500000000000000  1.000000000000000  1.000000000000000 
2.0    M  0.000000000000000  0.000000000000000  0.000000000000000  0.000000000000000  0.000000000000000  0.000000000000000  0.000000000000000  0.000000000000000  0.000000000000000  0.000000000000000  1.000000000000000  0.000000000000000  0.000000000000000  0.000000000000000  0.000000000000000  0.000000000000000  0.000000000000000  0.000000000000000  0.000000000000000  0.000000000000000  1.000000000000000  0.000000000000000  0.000000000000000  0.000000000000000  0.000000000000000  0.000000000000000  0.000000000000000  0.500000000000000  1.000000000000000  1.000000000000000 
3.0    N  0.000000000000000  0.000000000000000  0.000000000000000  0.000000000000000  0.000000000000000  0.000000000000000  0.000000000000000  0.000000000000000  0.000000000000000  0.000000000000000  0.000000000000000  1.000000000000000  0.000000000000000  0.000000000000000  0.000000000000000  0.000000000000000  0.000000000000000  0.000000000000000  0.000000000000000  0.000000000000000  1.000000000000000  0.000000000000000  0.000000000000000  0.000000000000000  0.000000000000000  0.000000000000000  0.000000000000000  0.500000000000000  1.000000000000000  1.000000000000000 
4.0    Y  0.000000000000000  0.000000000000000  0.000000000000000  0.000000000000000  0.000000000000000  0.000000000000000  0.000000000000000  0.000000000000000  0.000000000000000  0.000000000000000  0.500000000000000  0.000000000000000  0.000000000000000  0.000000000000000  0.000000000000000  0.000000000000000  0.000000000000000  0.000000000000000  0.000000000000000  0.500000000000000  1.000000000000000  0.000000000000000  0.000000000000000  0.000000000000000  0.000000000000000  0.000000000000000  0.000000000000000  0.414085330667273  1.000000000000000  1.000000000000000 
5.0    N  0.000000000000000  0.000000000000000  0.000000000000000  0.000000000000000  0.000000000000000  0.000000000000000  0.000000000000000  0.000000000000000  0.000000000000000  0.000000000000000  0.000000000000000  0.500000000000000  0.000000000000000  0.000000000000000  0.000000000000000  0.500000000000000  0.000000000000000  0.000000000000000  0.000000000000000  0.000000000000000  1.000000000000000  0.000000000000000  0.000000000000000  0.000000000000000  0.000000000000000  0.000000000000000  0.000000000000000  0.414085330667273  1.000000000000000  1.000000000000000 
6.0    D  0.000000000000000  0.000000000000000  0.500000000000000  0.000000000000000  0.000000000000000  0.000000000000000  0.000000000000000  0.000000000000000  0.000000000000000  0.000000000000000  0.000000000000000  0.500000000000000  0.000000000000000  0.000000000000000  0.000000000000000  0.000000000000000  0.000000000000000  0.000000000000000  0.000000000000000  0.000000000000000  1.000000000000000  0.000000000000000  0.000000000000000  0.000000000000000  0.000000000000000  0.000000000000000  0.000000000000000  0.414085330667273  1.000000000000000  1.000000000000000 
7.0    M  0.000000000000000  0.000000000000000  0.000000000000000  0.000000000000000  0.000000000000000  0.000000000000000  0.000000000000000  0.000000000000000  0.000000000000000  0.000000000000000  0.500000000000000  0.000000000000000  0.000000000000000  0.000000000000000  0.000000000000000  0.000000000000000  0.500000000000000  0.000000000000000  0.000000000000000  0.000000000000000  1.000000000000000  0.000000000000000  0.000000000000000  0.000000000000000  0.000000000000000  0.000000000000000  0.000000000000000  0.414085330667273  1.000000000000000  1.000000000000000 
8.0    M  0.000000000000000  0.000000000000000  0.000000000000000  0.000000000000000  0.000000000000000  0.000000000000000  0.000000000000000  0.500000000000000  0.000000000000000  0.000000000000000  0.500000000000000  0.000000000000000  0.000000000000000  0.000000000000000  0.000000000000000  0.000000000000000  0.000000000000000  0.000000000000000  0.000000000000000  0.000000000000000  1.000000000000000  0.000000000000000  0.000000000000000  0.000000000000000  0.000000000000000  0.000000000000000  0.000000000000000  0.414085330667273  1.000000000000000  1.000000000000000 
9.0    D  0.000000000000000  0.000000000000000  1.000000000000000  0.000000000000000  0.000000000000000  0.000000000000000  0.000000000000000  0.000000000000000  0.000000000000000  0.000000000000000  0.000000000000000  0.000000000000000  0.000000000000000  0.000000000000000  0.000000000000000  0.000000000000000  0.000000000000000  0.000000000000000  0.000000000000000  0.000000000000000  1.000000000000000  0.000000000000000  0.000000000000000  0.000000000000000  0.000000000000000  0.000000000000000  0.000000000000000  0.414085330667273  1.000000000000000  1.000000000000000 
10.0    S  0.000000000000000  0.000000000000000  0.000000000000000  0.000000000000000  0.000000000000000  0.000000000000000  0.000000000000000  0.000000000000000  0.000000000000000  0.000000000000000  0.000000000000000  0.000000000000000  0.000000000000000  0.000000000000000  0.000000000000000  0.500000000000000  0.500000000000000  0.000000000000000  0.000000000000000  0.000000000000000  1.000000000000000  0.000000000000000  0.000000000000000  0.000000000000000  0.000000000000000  0.000000000000000  0.000000000000000  0.414085330667273  1.000000000000000  1.000000000000000 
11.0    T  0.000000000000000  0.000000000000000  0.000000000000000  0.000000000000000  0.000000000000000  0.000000000000000  0.000000000000000  0.000000000000000  0.000000000000000  0.000000000000000  0.000000000000000  0.000000000000000  0.000000000000000  0.000000000000000  0.000000000000000  0.000000000000000  1.000000000000000  0.000000000000000  0.000000000000000  0.000000000000000  1.000000000000000  0.000000000000000  0.000000000000000  0.000000000000000  0.000000000000000  0.000000000000000  0.000000000000000  0.414085330667273  1.000000000000000  1.000000000000000 
12.0    L  0.000000000000000  0.000000000000000  0.000000000000000  0.000000000000000  0.000000000000000  0.000000000000000  0.000000000000000  0.000000000000000  0.000000000000000  1.000000000000000  0.000000000000000  0.000000000000000  0.000000000000000  0.000000000000000  0.000000000000000  0.000000000000000  0.000000000000000  0.000000000000000  0.000000000000000  0.000000000000000  1.000000000000000  0.000000000000000  0.000000000000000  0.000000000000000  0.000000000000000  0.000000000000000  0.000000000000000  0.414085330667273  1.000000000000000  1.000000000000000 
13.0    F  0.000000000000000  0.000000000000000  0.000000000000000  0.000000000000000  1.000000000000000  0.000000000000000  0.000000000000000  0.000000000000000  0.000000000000000  0.000000000000000  0.000000000000000  0.000000000000000  0.000000000000000  0.000000000000000  0.000000000000000  0.000000000000000  0.000000000000000  0.000000000000000  0.000000000000000  0.000000000000000  1.000000000000000  0.000000000000000  0.000000000000000  0.000000000000000  0.000000000000000  0.000000000000000  0.000000000000000  0.414085330667273  1.000000000000000  1.000000000000000 
14.0    E  0.000000000000000  0.000000000000000  0.000000000000000  0.500000000000000  0.000000000000000  0.500000000000000  0.000000000000000  0.000000000000000  0.000000000000000  0.000000000000000  0.000000000000000  0.000000000000000  0.000000000000000  0.000000000000000  0.000000000000000  0.000000000000000  0.000000000000000  0.000000000000000  0.000000000000000  0.000000000000000  1.000000000000000  0.000000000000000  0.000000000000000  0.000000000000000  0.000000000000000  0.000000000000000  0.000000000000000  0.414085330667273  1.000000000000000  1.000000000000000 
15.0    S  0.000000000000000  0.000000000000000  0.000000000000000  0.000000000000000  0.000000000000000  0.000000000000000  0.000000000000000  0.000000000000000  0.000000000000000  0.000000000000000  0.000000000000000  0.000000000000000  0.000000000000000  0.000000000000000  0.000000000000000  1.000000000000000  0.000000000000000  0.000000000000000  0.000000000000000  0.000000000000000  1.000000000000000  0.000000000000000  0.000000000000000  0.000000000000000  0.000000000000000  0.000000000000000  0.000000000000000  0.414085330667273  1.000000000000000  1.000000000000000 
16.0    F  0.000000000000000  0.000000000000000  0.000000000000000  0.000000000000000  0.492092011016900  0.508035071496851  0.000000000000000  0.000000000000000  0.000000000000000  0.000000000000000  0.000000000000000  0.000000000000000  0.000000000000000  0.000000000000000  0.000000000000000  0.000000000000000  0.000000000000000  0.000000000000000  0.000000000000000  0.000000000000000  1.000000000000000  0.000000000000000  0.000000000000000  0.000000000000000  0.000000000000000  0.000000000000000  0.000000000000000  0.281654807124320  1.000000000000000  1.000000000000000 
17.0    D  0.000000000000000  0.000000000000000  0.756283998641981  0.000000000000000  0.000000000000000  0.000000000000000  0.000000000000000  0.000000000000000  0.000000000000000  0.000000000000000  0.243669907722887  0.000000000000000  0.000000000000000  0.000000000000000  0.000000000000000  0.000000000000000  0.000000000000000  0.000000000000000  0.000000000000000  0.000000000000000  1.000000000000000  0.000000000000000  0.000000000000000  0.000000000000000  0.000000000000000  0.000000000000000  0.000000000000000  0.281654807124320  1.000000000000000  1.000000000000000 
18.0    D  0.000000000000000  0.000000000000000  0.489031736723670  0.000000000000000  0.000000000000000  0.000000000000000  0.000000000000000  0.000000000000000  0.000000000000000  0.000000000000000  0.000000000000000  0.246900215361343  0.000000000000000  0.000000000000000  0.000000000000000  0.264254510140345  0.000000000000000  0.000000000000000  0.000000000000000  0.000000000000000  1.000000000000000  0.000000000000000  0.000000000000000  0.000000000000000  0.000000000000000  0.000000000000000  0.000000000000000  0.281654807124320  1.000000000000000  1.000000000000000 
19.0    L  0.000000000000000  0.000000000000000  0.000000000000000  0.000000000000000  0.000000000000000  0.000000000000000  0.000000000000000  0.000000000000000  0.000000000000000  0.492092011016900  0.000000000000000  0.000000000000000  0.000000000000000  0.000000000000000  0.000000000000000  0.000000000000000  0.243669907722887  0.264254510140345  0.000000000000000  0.000000000000000  1.000000000000000  0.000000000000000  0.000000000000000  0.000000000000000  0.000000000000000  0.000000000000000  0.000000000000000  0.281654807124320  1.000000000000000  1.000000000000000 
20.0    K  0.000000000000000  0.000000000000000  0.000000000000000  0.000000000000000  0.000000000000000  0.000000000000000  0.000000000000000  0.000000000000000  1.000000000000000  0.000000000000000  0.000000000000000  0.000000000000000  0.000000000000000  0.000000000000000  0.000000000000000  0.000000000000000  0.000000000000000  0.000000000000000  0.000000000000000  0.000000000000000  1.000000000000000  0.000000000000000  0.000000000000000  0.000000000000000  0.000000000000000  0.000000000000000  0.000000000000000  0.281654807124320  1.000000000000000  1.000000000000000 
21.0    E  0.000000000000000  0.000000000000000  0.754712984260280  0.245194750997138  0.000000000000000  0.000000000000000  0.000000000000000  0.000000000000000  0.000000000000000  0.000000000000000  0.000000000000000  0.000000000000000  0.000000000000000  0.000000000000000  0.000000000000000  0.000000000000000  0.000000000000000  0.000000000000000  0.000000000000000  0.000000000000000  1.000000000000000  0.000000000000000  0.000000000000000  0.000000000000000  0.000000000000000  0.000000000000000  0.000000000000000  0.281654807124320  1.000000000000000  1.000000000000000 
22.0    V  0.000000000000000  0.000000000000000  0.000000000000000  0.000000000000000  0.000000000000000  0.000000000000000  0.000000000000000  0.246900215361343  0.000000000000000  0.000000000000000  0.508035071496851  0.000000000000000  0.000000000000000  0.000000000000000  0.000000000000000  0.000000000000000  0.000000000000000  0.245194750997138  0.000000000000000  0.000000000000000  1.000000000000000  0.000000000000000  0.000000000000000  0.000000000000000  0.000000000000000  0.000000000000000  0.000000000000000  0.281654807124320  1.000000000000000  1.000000000000000 
23.0    L  0.000000000000000  0.000000000000000  0.000000000000000  0.000000000000000  0.000000000000000  0.000000000000000  0.000000000000000  0.000000000000000  0.000000000000000  1.000000000000000  0.000000000000000  0.000000000000000  0.000000000000000  0.000000000000000  0.000000000000000  0.000000000000000  0.000000000000000  0.000000000000000  0.000000000000000  0.000000000000000  1.000000000000000  0.000000000000000  0.000000000000000  0.000000000000000  0.000000000000000  0.000000000000000  0.000000000000000  0.281654807124320  1.000000000000000  1.000000000000000 
24.0    V  0.000000000000000  0.000000000000000  0.000000000000000  0.000000000000000  0.000000000000000  0.243669907722887  0.000000000000000  0.264254510140345  0.000000000000000  0.000000000000000  0.000000000000000  0.000000000000000  0.000000000000000  0.000000000000000  0.000000000000000  0.000000000000000  0.000000000000000  0.492092011016900  0.000000000000000  0.000000000000000  1.000000000000000  0.000000000000000  0.000000000000000  0.000000000000000  0.000000000000000  0.000000000000000  0.000000000000000  0.281654807124320  1.000000000000000  1.000000000000000 
25.0    F  0.000000000000000  0.000000000000000  0.000000000000000  0.000000000000000  0.492092011016900  0.000000000000000  0.000000000000000  0.000000000000000  0.000000000000000  0.508035071496851  0.000000000000000  0.000000000000000  0.000000000000000  0.000000000000000  0.000000000000000  0.000000000000000  0.000000000000000  0.000000000000000  0.000000000000000  0.000000000000000  1.000000000000000  0.000000000000000  0.000000000000000  0.000000000000000  0.000000000000000  0.000000000000000  0.000000000000000  0.281654807124320  1.000000000000000  1.000000000000000 
26.0    Y  0.000000000000000  0.000000000000000  0.000000000000000  0.000000000000000  0.000000000000000  0.000000000000000  0.000000000000000  0.000000000000000  0.000000000000000  0.000000000000000  0.000000000000000  0.000000000000000  0.000000000000000  0.000000000000000  0.000000000000000  0.000000000000000  0.000000000000000  0.000000000000000  0.000000000000000  1.000000000000000  1.000000000000000  0.000000000000000  0.000000000000000  0.000000000000000  0.000000000000000  0.000000000000000  0.000000000000000  0.281654807124320  1.000000000000000  1.000000000000000 
27.0    S  0.000000000000000  0.000000000000000  0.000000000000000  0.000000000000000  0.000000000000000  0.000000000000000  0.000000000000000  0.000000000000000  0.000000000000000  0.000000000000000  0.000000000000000  0.000000000000000  0.000000000000000  0.000000000000000  0.000000000000000  1.000000000000000  0.000000000000000  0.000000000000000  0.000000000000000  0.000000000000000  1.000000000000000  0.000000000000000  0.000000000000000  0.000000000000000  0.000000000000000  0.000000000000000  0.000000000000000  0.281654807124320  1.000000000000000  1.000000000000000 
28.0    T  0.000000000000000  0.000000000000000  0.000000000000000  0.000000000000000  0.000000000000000  0.000000000000000  0.000000000000000  0.000000000000000  0.000000000000000  0.000000000000000  0.000000000000000  0.000000000000000  0.000000000000000  0.000000000000000  0.000000000000000  0.243669907722887  0.756283998641981  0.000000000000000  0.000000000000000  0.000000000000000  1.000000000000000  0.000000000000000  0.000000000000000  0.000000000000000  0.000000000000000  0.000000000000000  0.000000000000000  0.281654807124320  1.000000000000000  1.000000000000000 
29.0    L  0.000000000000000  0.000000000000000  0.000000000000000  0.000000000000000  0.000000000000000  0.000000000000000  0.000000000000000  0.246900215361343  0.000000000000000  0.753145233316906  0.000000000000000  0.000000000000000  0.000000000000000  0.000000000000000  0.000000000000000  0.000000000000000  0.000000000000000  0.000000000000000  0.000000000000000  0.000000000000000  1.000000000000000  0.000000000000000  0.000000000000000  0.000000000000000  0.000000000000000  0.000000000000000  0.000000000000000  0.281654807124320  1.000000000000000  1.000000000000000 
30.0    I  0.000000000000000  0.000000000000000  0.000000000000000  0.000000000000000  0.000000000000000  0.000000000000000  0.000000000000000  0.492092011016900  0.000000000000000  0.000000000000000  0.000000000000000  0.000000000000000  0.000000000000000  0.000000000000000  0.000000000000000  0.000000000000000  0.000000000000000  0.508035071496851  0.000000000000000  0.000000000000000  1.000000000000000  0.000000000000000  0.000000000000000  0.000000000000000  0.000000000000000  0.000000000000000  0.000000000000000  0.281654807124320  1.000000000000000  1.000000000000000 
31.0    G  0.000000000000000  0.000000000000000  0.000000000000000  0.000000000000000  0.000000000000000  1.000000000000000  0.000000000000000  0.000000000000000  0.000000000000000  0.000000000000000  0.000000000000000  0.000000000000000  0.000000000000000  0.000000000000000  0.000000000000000  0.000000000000000  0.000000000000000  0.000000000000000  0.000000000000000  0.000000000000000  0.492092011016900  0.508035071496851  0.000000000000000  1.000000000000000  0.000000000000000  0.000000000000000  0.000000000000000  0.281654807124320  0.455966582759885  1.000000000000000 
32.0    N  0.000000000000000  0.000000000000000  0.000000000000000  0.000000000000000  0.000000000000000  0.000000000000000  0.000000000000000  0.000000000000000  0.000000000000000  0.000000000000000  0.000000000000000  1.000000000000000  0.000000000000000  0.000000000000000  0.000000000000000  0.000000000000000  0.000000000000000  0.000000000000000  0.000000000000000  0.000000000000000  1.000000000000000  0.000000000000000  0.000000000000000  0.000000000000000  0.000000000000000  0.000000000000000  0.000000000000000  0.281654807124320  1.000000000000000  1.000000000000000 
33.0    T  0.000000000000000  0.000000000000000  0.000000000000000  0.000000000000000  0.000000000000000  0.000000000000000  0.000000000000000  0.000000000000000  0.000000000000000  0.000000000000000  0.000000000000000  0.000000000000000  0.000000000000000  0.000000000000000  0.000000000000000  0.000000000000000  1.000000000000000  0.000000000000000  0.000000000000000  0.000000000000000  1.000000000000000  0.000000000000000  0.000000000000000  0.000000000000000  0.000000000000000  0.000000000000000  0.000000000000000  0.281654807124320  1.000000000000000  1.000000000000000 
34.0    H  0.000000000000000  0.000000000000000  0.000000000000000  0.000000000000000  0.000000000000000  0.000000000000000  0.245194750997138  0.000000000000000  0.000000000000000  0.000000000000000  0.000000000000000  0.000000000000000  0.243669907722887  0.000000000000000  0.000000000000000  0.264254510140345  0.246900215361343  0.000000000000000  0.000000000000000  0.000000000000000  1.000000000000000  0.000000000000000  0.000000000000000  0.000000000000000  0.000000000000000  0.000000000000000  0.000000000000000  0.281654807124320  1.000000000000000  1.000000000000000 
35.0    I  0.264254510140345  0.000000000000000  0.000000000000000  0.000000000000000  0.000000000000000  0.000000000000000  0.000000000000000  0.492092011016900  0.243669907722887  0.000000000000000  0.000000000000000  0.000000000000000  0.000000000000000  0.000000000000000  0.000000000000000  0.000000000000000  0.000000000000000  0.000000000000000  0.000000000000000  0.000000000000000  1.000000000000000  0.000000000000000  0.000000000000000  0.000000000000000  0.000000000000000  0.000000000000000  0.000000000000000  0.281654807124320  1.000000000000000  1.000000000000000 
36.0    D  0.000000000000000  0.000000000000000  0.492092011016900  0.508035071496851  0.000000000000000  0.000000000000000  0.000000000000000  0.000000000000000  0.000000000000000  0.000000000000000  0.000000000000000  0.000000000000000  0.000000000000000  0.000000000000000  0.000000000000000  0.000000000000000  0.000000000000000  0.000000000000000  0.000000000000000  0.000000000000000  1.000000000000000  0.000000000000000  0.000000000000000  0.000000000000000  0.000000000000000  0.000000000000000  0.000000000000000  0.281654807124320  1.000000000000000  1.000000000000000 
37.0    E  0.000000000000000  0.000000000000000  0.000000000000000  1.000000000000000  0.000000000000000  0.000000000000000  0.000000000000000  0.000000000000000  0.000000000000000  0.000000000000000  0.000000000000000  0.000000000000000  0.000000000000000  0.000000000000000  0.000000000000000  0.000000000000000  0.000000000000000  0.000000000000000  0.000000000000000  0.000000000000000  1.000000000000000  0.000000000000000  0.000000000000000  0.000000000000000  0.000000000000000  0.000000000000000  0.000000000000000  0.281654807124320  1.000000000000000  1.000000000000000 
38.0    Q  0.000000000000000  0.000000000000000  0.000000000000000  0.243669907722887  0.000000000000000  0.000000000000000  0.000000000000000  0.000000000000000  0.000000000000000  0.000000000000000  0.000000000000000  0.000000000000000  0.000000000000000  0.492092011016900  0.000000000000000  0.000000000000000  0.264254510140345  0.000000000000000  0.000000000000000  0.000000000000000  1.000000000000000  0.000000000000000  0.000000000000000  0.000000000000000  0.000000000000000  0.000000000000000  0.000000000000000  0.281654807124320  1.000000000000000  1.000000000000000 
39.0    I  0.243669907722887  0.000000000000000  0.000000000000000  0.264254510140345  0.000000000000000  0.000000000000000  0.000000000000000  0.245194750997138  0.000000000000000  0.000000000000000  0.000000000000000  0.000000000000000  0.000000000000000  0.000000000000000  0.000000000000000  0.000000000000000  0.246900215361343  0.000000000000000  0.000000000000000  0.000000000000000  1.000000000000000  0.000000000000000  0.000000000000000  0.000000000000000  0.000000000000000  0.000000000000000  0.000000000000000  0.281654807124320  1.000000000000000  1.000000000000000 
40.0    K  0.000000000000000  0.000000000000000  0.000000000000000  0.243669907722887  0.000000000000000  0.000000000000000  0.264254510140345  0.000000000000000  0.492092011016900  0.000000000000000  0.000000000000000  0.000000000000000  0.000000000000000  0.000000000000000  0.000000000000000  0.000000000000000  0.000000000000000  0.000000000000000  0.000000000000000  0.000000000000000  1.000000000000000  0.000000000000000  0.000000000000000  0.000000000000000  0.000000000000000  0.000000000000000  0.000000000000000  0.281654807124320  1.000000000000000  1.000000000000000 
41.0    L  0.000000000000000  0.000000000000000  0.000000000000000  0.000000000000000  0.000000000000000  0.000000000000000  0.000000000000000  0.000000000000000  0.000000000000000  1.000000000000000  0.000000000000000  0.000000000000000  0.000000000000000  0.000000000000000  0.000000000000000  0.000000000000000  0.000000000000000  0.000000000000000  0.000000000000000  0.000000000000000  1.000000000000000  0.000000000000000  0.000000000000000  0.000000000000000  0.000000000000000  0.000000000000000  0.000000000000000  0.281654807124320  1.000000000000000  1.000000000000000 
42.0    F  0.000000000000000  0.000000000000000  0.000000000000000  0.000000000000000  1.000000000000000  0.000000000000000  0.000000000000000  0.000000000000000  0.000000000000000  0.000000000000000  0.000000000000000  0.000000000000000  0.000000000000000  0.000000000000000  0.000000000000000  0.000000000000000  0.000000000000000  0.000000000000000  0.000000000000000  0.000000000000000  1.000000000000000  0.000000000000000  0.000000000000000  0.000000000000000  0.000000000000000  0.000000000000000  0.000000000000000  0.281654807124320  1.000000000000000  1.000000000000000 
43.0    R  0.000000000000000  0.000000000000000  0.000000000000000  0.000000000000000  0.000000000000000  0.000000000000000  0.000000000000000  0.000000000000000  0.264254510140345  0.000000000000000  0.000000000000000  0.000000000000000  0.000000000000000  0.000000000000000  0.489031736723670  0.246900215361343  0.000000000000000  0.000000000000000  0.000000000000000  0.000000000000000  1.000000000000000  0.000000000000000  0.000000000000000  0.000000000000000  0.000000000000000  0.000000000000000  0.000000000000000  0.281654807124320  1.000000000000000  1.000000000000000 
44.0    L  0.000000000000000  0.000000000000000  0.000000000000000  0.000000000000000  0.000000000000000  0.000000000000000  0.000000000000000  0.000000000000000  0.264254510140345  0.492092011016900  0.000000000000000  0.000000000000000  0.000000000000000  0.000000000000000  0.000000000000000  0.243669907722887  0.000000000000000  0.000000000000000  0.000000000000000  0.000000000000000  1.000000000000000  0.000000000000000  0.000000000000000  0.000000000000000  0.000000000000000  0.000000000000000  0.000000000000000  0.281654807124320  1.000000000000000  1.000000000000000 
45.0    L  0.000000000000000  0.000000000000000  0.000000000000000  0.000000000000000  0.000000000000000  0.000000000000000  0.000000000000000  0.000000000000000  0.000000000000000  1.000000000000000  0.000000000000000  0.000000000000000  0.000000000000000  0.000000000000000  0.000000000000000  0.000000000000000  0.000000000000000  0.000000000000000  0.000000000000000  0.000000000000000  1.000000000000000  0.000000000000000  0.000000000000000  0.000000000000000  0.000000000000000  0.000000000000000  0.000000000000000  0.281654807124320  1.000000000000000  1.000000000000000 
46.0    K  0.000000000000000  0.000000000000000  0.000000000000000  0.000000000000000  0.000000000000000  0.000000000000000  0.000000000000000  0.000000000000000  0.492092011016900  0.000000000000000  0.000000000000000  0.000000000000000  0.000000000000000  0.000000000000000  0.243669907722887  0.000000000000000  0.000000000000000  0.264254510140345  0.000000000000000  0.000000000000000  1.000000000000000  0.000000000000000  0.000000000000000  0.000000000000000  0.000000000000000  0.000000000000000  0.000000000000000  0.281654807124320  1.000000000000000  1.000000000000000 
47.0    E  0.000000000000000  0.000000000000000  0.000000000000000  0.753145233316906  0.000000000000000  0.000000000000000  0.000000000000000  0.000000000000000  0.246900215361343  0.000000000000000  0.000000000000000  0.000000000000000  0.000000000000000  0.000000000000000  0.000000000000000  0.000000000000000  0.000000000000000  0.000000000000000  0.000000000000000  0.000000000000000  1.000000000000000  0.000000000000000  0.000000000000000  0.000000000000000  0.000000000000000  0.000000000000000  0.000000000000000  0.281654807124320  1.000000000000000  1.000000000000000 
48.0    A  0.492092011016900  0.000000000000000  0.000000000000000  0.243669907722887  0.000000000000000  0.000000000000000  0.000000000000000  0.000000000000000  0.000000000000000  0.000000000000000  0.000000000000000  0.000000000000000  0.000000000000000  0.000000000000000  0.000000000000000  0.264254510140345  0.000000000000000  0.000000000000000  0.000000000000000  0.000000000000000  1.000000000000000  0.000000000000000  0.000000000000000  0.000000000000000  0.000000000000000  0.000000000000000  0.000000000000000  0.281654807124320  1.000000000000000  1.000000000000000 
49.0    V  0.000000000000000  0.000000000000000  0.000000000000000  0.000000000000000  0.000000000000000  0.000000000000000  0.000000000000000  0.000000000000000  0.000000000000000  0.000000000000000  0.000000000000000  0.000000000000000  0.000000000000000  0.000000000000000  0.000000000000000  0.000000000000000  0.000000000000000  0.756283998641981  0.000000000000000  0.243669907722887  1.000000000000000  0.000000000000000  0.000000000000000  0.000000000000000  0.000000000000000  0.000000000000000  0.000000000000000  0.281654807124320  1.000000000000000  1.000000000000000 
50.0    E  0.246900215361343  0.000000000000000  0.000000000000000  0.245194750997138  0.000000000000000  0.000000000000000  0.000000000000000  0.000000000000000  0.000000000000000  0.000000000000000  0.000000000000000  0.243669907722887  0.000000000000000  0.264254510140345  0.000000000000000  0.000000000000000  0.000000000000000  0.000000000000000  0.000000000000000  0.000000000000000  1.000000000000000  0.000000000000000  0.000000000000000  0.000000000000000  0.000000000000000  0.000000000000000  0.000000000000000  0.281654807124320  1.000000000000000  1.000000000000000 
51.0    R  0.264254510140345  0.000000000000000  0.000000000000000  0.000000000000000  0.000000000000000  0.000000000000000  0.000000000000000  0.000000000000000  0.243669907722887  0.000000000000000  0.000000000000000  0.000000000000000  0.000000000000000  0.000000000000000  0.492092011016900  0.000000000000000  0.000000000000000  0.000000000000000  0.000000000000000  0.000000000000000  1.000000000000000  0.000000000000000  0.000000000000000  0.000000000000000  0.000000000000000  0.000000000000000  0.000000000000000  0.281654807124320  1.000000000000000  1.000000000000000 
52.0    I  0.000000000000000  0.000000000000000  0.000000000000000  0.000000000000000  0.000000000000000  0.000000000000000  0.000000000000000  0.509445598308361  0.000000000000000  0.000000000000000  0.000000000000000  0.000000000000000  0.000000000000000  0.000000000000000  0.000000000000000  0.000000000000000  0.243669907722887  0.246900215361343  0.000000000000000  0.000000000000000  1.000000000000000  0.000000000000000  0.000000000000000  0.000000000000000  0.000000000000000  0.000000000000000  0.000000000000000  0.281654807124320  1.000000000000000  1.000000000000000 
53.0    D  0.000000000000000  0.000000000000000  0.756283998641981  0.000000000000000  0.000000000000000  0.000000000000000  0.000000000000000  0.000000000000000  0.000000000000000  0.000000000000000  0.000000000000000  0.243669907722887  0.000000000000000  0.000000000000000  0.000000000000000  0.000000000000000  0.000000000000000  0.000000000000000  0.000000000000000  0.000000000000000  1.000000000000000  0.000000000000000  0.000000000000000  0.000000000000000  0.000000000000000  0.000000000000000  0.000000000000000  0.281654807124320  1.000000000000000  1.000000000000000 
54.0    P  0.000000000000000  0.000000000000000  0.000000000000000  0.000000000000000  0.000000000000000  0.000000000000000  0.000000000000000  0.000000000000000  0.000000000000000  0.000000000000000  0.000000000000000  0.000000000000000  1.000000000000000  0.000000000000000  0.000000000000000  0.000000000000000  0.000000000000000  0.000000000000000  0.000000000000000  0.000000000000000  1.000000000000000  0.000000000000000  0.000000000000000  0.000000000000000  0.000000000000000  0.000000000000000  0.000000000000000  0.281654807124320  1.000000000000000  1.000000000000000 
55.0    E  0.000000000000000  0.000000000000000  0.511214265304961  0.489031736723670  0.000000000000000  0.000000000000000  0.000000000000000  0.000000000000000  0.000000000000000  0.000000000000000  0.000000000000000  0.000000000000000  0.000000000000000  0.000000000000000  0.000000000000000  0.000000000000000  0.000000000000000  0.000000000000000  0.000000000000000  0.000000000000000  0.756283998641981  0.243669907722887  0.000000000000000  1.000000000000000  0.000000000000000  0.000000000000000  0.000000000000000  0.281654807124320  0.498270131413934  1.000000000000000 
56.0    F  0.000000000000000  0.000000000000000  0.000000000000000  0.000000000000000  1.000000000000000  0.000000000000000  0.000000000000000  0.000000000000000  0.000000000000000  0.000000000000000  0.000000000000000  0.000000000000000  0.000000000000000  0.000000000000000  0.000000000000000  0.000000000000000  0.000000000000000  0.000000000000000  0.000000000000000  0.000000000000000  1.000000000000000  0.000000000000000  0.000000000000000  0.000000000000000  0.000000000000000  0.000000000000000  1.000000000000000  0.329419987933535  1.000000000000000  0.498270131413934 
57.0    S  0.000000000000000  0.000000000000000  0.000000000000000  0.000000000000000  0.000000000000000  0.000000000000000  0.000000000000000  0.000000000000000  0.000000000000000  0.000000000000000  0.000000000000000  0.000000000000000  0.000000000000000  0.000000000000000  0.000000000000000  0.316658563430804  0.311866392978511  0.371388230165207  0.000000000000000  0.000000000000000  1.000000000000000  0.000000000000000  0.000000000000000  0.000000000000000  0.000000000000000  0.000000000000000  1.000000000000000  0.329419987933535  1.000000000000000  0.498270131413934 
58.0    F  0.000000000000000  0.000000000000000  0.000000000000000  0.000000000000000  0.628506687260914  0.000000000000000  0.000000000000000  0.000000000000000  0.000000000000000  0.000000000000000  0.000000000000000  0.000000000000000  0.371388230165207  0.000000000000000  0.000000000000000  0.000000000000000  0.000000000000000  0.000000000000000  0.000000000000000  0.000000000000000  1.000000000000000  0.000000000000000  0.000000000000000  0.000000000000000  0.000000000000000  1.000000000000000  0.000000000000000  0.329419987933535  1.000000000000000  0.498270131413934 
59.0    D  0.000000000000000  0.000000000000000  0.492092011016900  0.243669907722887  0.000000000000000  0.000000000000000  0.264254510140345  0.000000000000000  0.000000000000000  0.000000000000000  0.000000000000000  0.000000000000000  0.000000000000000  0.000000000000000  0.000000000000000  0.000000000000000  0.000000000000000  0.000000000000000  0.000000000000000  0.000000000000000  1.000000000000000  0.000000000000000  0.000000000000000  0.000000000000000  0.000000000000000  0.000000000000000  0.000000000000000  0.281654807124320  1.000000000000000  1.000000000000000 
60.0    H  0.000000000000000  0.000000000000000  0.000000000000000  0.000000000000000  0.000000000000000  0.000000000000000  0.245194750997138  0.000000000000000  0.000000000000000  0.508035071496851  0.000000000000000  0.000000000000000  0.000000000000000  0.000000000000000  0.246900215361343  0.000000000000000  0.000000000000000  0.000000000000000  0.000000000000000  0.000000000000000  1.000000000000000  0.000000000000000  0.000000000000000  0.000000000000000  0.000000000000000  0.000000000000000  0.000000000000000  0.281654807124320  1.000000000000000  1.000000000000000 
61.0    D  0.000000000000000  0.000000000000000  0.492092011016900  0.000000000000000  0.000000000000000  0.508035071496851  0.000000000000000  0.000000000000000  0.000000000000000  0.000000000000000  0.000000000000000  0.000000000000000  0.000000000000000  0.000000000000000  0.000000000000000  0.000000000000000  0.000000000000000  0.000000000000000  0.000000000000000  0.000000000000000  1.000000000000000  0.000000000000000  0.000000000000000  0.000000000000000  0.000000000000000  0.000000000000000  0.000000000000000  0.281654807124320  1.000000000000000  1.000000000000000 
62.0    E  0.000000000000000  0.000000000000000  0.246900215361343  0.245194750997138  0.000000000000000  0.000000000000000  0.000000000000000  0.000000000000000  0.000000000000000  0.000000000000000  0.000000000000000  0.000000000000000  0.243669907722887  0.000000000000000  0.000000000000000  0.000000000000000  0.264254510140345  0.000000000000000  0.000000000000000  0.000000000000000  0.756283998641981  0.243669907722887  0.000000000000000  1.000000000000000  0.000000000000000  0.000000000000000  0.000000000000000  0.281654807124320  0.498270131413934  1.000000000000000 
63.0    P  0.000000000000000  0.000000000000000  0.000000000000000  0.000000000000000  0.000000000000000  0.000000000000000  0.000000000000000  0.000000000000000  0.000000000000000  0.000000000000000  0.000000000000000  0.000000000000000  0.628506687260914  0.000000000000000  0.000000000000000  0.371388230165207  0.000000000000000  0.000000000000000  0.000000000000000  0.000000000000000  1.000000000000000  0.000000000000000  0.000000000000000  1.000000000000000  0.000000000000000  1.000000000000000  0.000000000000000  0.329419987933535  0.498270131413934  0.498270131413934 
64.0    P  0.000000000000000  0.000000000000000  0.000000000000000  0.000000000000000  0.000000000000000  0.000000000000000  0.000000000000000  0.000000000000000  0.000000000000000  0.508035071496851  0.000000000000000  0.000000000000000  0.492092011016900  0.000000000000000  0.000000000000000  0.000000000000000  0.000000000000000  0.000000000000000  0.000000000000000  0.000000000000000  1.000000000000000  0.000000000000000  0.000000000000000  0.000000000000000  0.000000000000000  0.000000000000000  0.000000000000000  0.281654807124320  1.000000000000000  1.000000000000000 
65.0    T  0.000000000000000  0.000000000000000  0.000000000000000  0.000000000000000  0.000000000000000  0.000000000000000  0.000000000000000  0.000000000000000  0.188809073195353  0.000000000000000  0.000000000000000  0.000000000000000  0.000000000000000  0.000000000000000  0.000000000000000  0.000000000000000  0.811127155577043  0.000000000000000  0.000000000000000  0.000000000000000  1.000000000000000  0.000000000000000  0.000000000000000  0.000000000000000  0.000000000000000  0.000000000000000  0.000000000000000  0.291991848653279  1.000000000000000  1.000000000000000 
66.0    A  0.805524291048750  0.000000000000000  0.000000000000000  0.000000000000000  0.000000000000000  0.000000000000000  0.000000000000000  0.000000000000000  0.000000000000000  0.000000000000000  0.000000000000000  0.000000000000000  0.000000000000000  0.000000000000000  0.000000000000000  0.194251817196012  0.000000000000000  0.000000000000000  0.000000000000000  0.000000000000000  1.000000000000000  0.000000000000000  0.000000000000000  0.000000000000000  0.000000000000000  0.000000000000000  0.000000000000000  0.291991848653279  1.000000000000000  1.000000000000000 
67.0    Y  0.000000000000000  0.000000000000000  0.000000000000000  0.000000000000000  0.188809073195353  0.000000000000000  0.000000000000000  0.000000000000000  0.000000000000000  0.000000000000000  0.000000000000000  0.000000000000000  0.000000000000000  0.000000000000000  0.000000000000000  0.000000000000000  0.000000000000000  0.000000000000000  0.000000000000000  0.811127155577043  1.000000000000000  0.000000000000000  0.000000000000000  0.000000000000000  0.000000000000000  0.000000000000000  0.000000000000000  0.291991848653279  1.000000000000000  1.000000000000000 
68.0    E  0.000000000000000  0.000000000000000  0.000000000000000  0.805524291048750  0.000000000000000  0.000000000000000  0.000000000000000  0.000000000000000  0.000000000000000  0.000000000000000  0.000000000000000  0.000000000000000  0.000000000000000  0.194251817196012  0.000000000000000  0.000000000000000  0.000000000000000  0.000000000000000  0.000000000000000  0.000000000000000  1.000000000000000  0.000000000000000  0.000000000000000  0.000000000000000  0.000000000000000  0.000000000000000  0.000000000000000  0.291991848653279  1.000000000000000  1.000000000000000 
69.0    I  0.559418550517856  0.000000000000000  0.000000000000000  0.000000000000000  0.000000000000000  0.000000000000000  0.000000000000000  0.440740078953585  0.000000000000000  0.000000000000000  0.000000000000000  0.000000000000000  0.000000000000000  0.000000000000000  0.000000000000000  0.000000000000000  0.000000000000000  0.000000000000000  0.000000000000000  0.000000000000000  1.000000000000000  0.000000000000000  0.000000000000000  0.000000000000000  0.000000000000000  0.000000000000000  0.000000000000000  0.291991848653279  1.000000000000000  1.000000000000000 
70.0    F  0.000000000000000  0.000000000000000  0.000000000000000  0.000000000000000  1.000000000000000  0.000000000000000  0.000000000000000  0.000000000000000  0.000000000000000  0.000000000000000  0.000000000000000  0.000000000000000  0.000000000000000  0.000000000000000  0.000000000000000  0.000000000000000  0.000000000000000  0.000000000000000  0.000000000000000  0.000000000000000  1.000000000000000  0.000000000000000  0.000000000000000  0.000000000000000  0.000000000000000  0.000000000000000  0.000000000000000  0.291991848653279  1.000000000000000  1.000000000000000 
71.0    L  0.000000000000000  0.194251817196012  0.000000000000000  0.000000000000000  0.000000000000000  0.000000000000000  0.000000000000000  0.000000000000000  0.000000000000000  0.805524291048750  0.000000000000000  0.000000000000000  0.000000000000000  0.000000000000000  0.000000000000000  0.000000000000000  0.000000000000000  0.000000000000000  0.000000000000000  0.000000000000000  1.000000000000000  0.000000000000000  0.000000000000000  0.000000000000000  0.000000000000000  0.000000000000000  0.000000000000000  0.291991848653279  1.000000000000000  1.000000000000000 
72.0    I  0.000000000000000  0.000000000000000  0.000000000000000  0.000000000000000  0.000000000000000  0.000000000000000  0.000000000000000  0.635075491269395  0.000000000000000  0.365008002663630  0.000000000000000  0.000000000000000  0.000000000000000  0.000000000000000  0.000000000000000  0.000000000000000  0.000000000000000  0.000000000000000  0.000000000000000  0.000000000000000  1.000000000000000  0.000000000000000  0.000000000000000  0.000000000000000  0.000000000000000  0.000000000000000  0.000000000000000  0.291991848653279  1.000000000000000  1.000000000000000 
73.0    V  0.383154990051946  0.000000000000000  0.000000000000000  0.000000000000000  0.000000000000000  0.000000000000000  0.000000000000000  0.000000000000000  0.000000000000000  0.000000000000000  0.000000000000000  0.000000000000000  0.000000000000000  0.000000000000000  0.000000000000000  0.000000000000000  0.000000000000000  0.616853584904748  0.000000000000000  0.000000000000000  1.000000000000000  0.000000000000000  0.000000000000000  0.000000000000000  0.000000000000000  0.000000000000000  0.000000000000000  0.291991848653279  1.000000000000000  1.000000000000000 
74.0    E  0.000000000000000  0.000000000000000  0.000000000000000  0.805524291048750  0.000000000000000  0.000000000000000  0.000000000000000  0.000000000000000  0.000000000000000  0.000000000000000  0.000000000000000  0.000000000000000  0.000000000000000  0.000000000000000  0.000000000000000  0.000000000000000  0.194251817196012  0.000000000000000  0.000000000000000  0.000000000000000  0.805524291048750  0.194251817196012  0.000000000000000  0.111105335145821  0.888842681166570  0.000000000000000  0.000000000000000  0.291991848653279  0.498270131413934  1.000000000000000 
75.0    K  0.000000000000000  0.000000000000000  0.000000000000000  0.000000000000000  0.000000000000000  0.000000000000000  0.000000000000000  0.000000000000000  1.000000000000000  0.000000000000000  0.000000000000000  0.000000000000000  0.000000000000000  0.000000000000000  0.000000000000000  0.000000000000000  0.000000000000000  0.000000000000000  0.000000000000000  0.000000000000000  1.000000000000000  0.000000000000000  0.000000000000000  0.000000000000000  0.000000000000000  0.000000000000000  1.000000000000000  0.323760749713606  1.000000000000000  0.498270131413934 
76.0    L  0.000000000000000  0.000000000000000  0.224688781652757  0.000000000000000  0.000000000000000  0.000000000000000  0.000000000000000  0.257385020858499  0.000000000000000  0.275285399524491  0.000000000000000  0.242490477585434  0.000000000000000  0.000000000000000  0.000000000000000  0.000000000000000  0.000000000000000  0.000000000000000  0.000000000000000  0.000000000000000  1.000000000000000  0.000000000000000  0.000000000000000  0.000000000000000  0.000000000000000  0.000000000000000  1.000000000000000  0.323760749713606  1.000000000000000  0.498270131413934 
77.0    S  0.000000000000000  0.000000000000000  0.257385020858499  0.000000000000000  0.000000000000000  0.000000000000000  0.000000000000000  0.000000000000000  0.000000000000000  0.000000000000000  0.000000000000000  0.000000000000000  0.000000000000000  0.000000000000000  0.000000000000000  0.275285399524491  0.467163673441590  0.000000000000000  0.000000000000000  0.000000000000000  1.000000000000000  0.000000000000000  0.000000000000000  0.000000000000000  0.000000000000000  0.000000000000000  1.000000000000000  0.323760749713606  1.000000000000000  0.498270131413934 
78.0    T  0.000000000000000  0.000000000000000  0.000000000000000  0.000000000000000  0.000000000000000  0.000000000000000  0.242490477585434  0.000000000000000  0.000000000000000  0.000000000000000  0.000000000000000  0.257385020858499  0.000000000000000  0.000000000000000  0.000000000000000  0.000000000000000  0.275285399524491  0.000000000000000  0.000000000000000  0.224688781652757  1.000000000000000  0.000000000000000  0.000000000000000  0.000000000000000  0.000000000000000  0.000000000000000  1.000000000000000  0.323760749713606  1.000000000000000  0.498270131413934 
79.0    S  0.000000000000000  0.000000000000000  0.000000000000000  0.000000000000000  0.000000000000000  0.000000000000000  0.000000000000000  0.000000000000000  0.000000000000000  0.000000000000000  0.000000000000000  0.000000000000000  0.000000000000000  0.000000000000000  0.000000000000000  1.000000000000000  0.000000000000000  0.000000000000000  0.000000000000000  0.000000000000000  1.000000000000000  0.000000000000000  0.000000000000000  0.000000000000000  0.000000000000000  0.000000000000000  1.000000000000000  0.323760749713606  1.000000000000000  0.498270131413934 
80.0    I  0.000000000000000  0.000000000000000  0.000000000000000  0.000000000000000  0.000000000000000  0.467163673441590  0.000000000000000  0.275285399524491  0.000000000000000  0.257385020858499  0.000000000000000  0.000000000000000  0.000000000000000  0.000000000000000  0.000000000000000  0.000000000000000  0.000000000000000  0.000000000000000  0.000000000000000  0.000000000000000  1.000000000000000  0.000000000000000  0.000000000000000  0.000000000000000  0.000000000000000  0.000000000000000  1.000000000000000  0.323760749713606  1.000000000000000  0.498270131413934 
81.0    S  0.000000000000000  0.000000000000000  0.000000000000000  0.000000000000000  0.000000000000000  0.000000000000000  0.000000000000000  0.000000000000000  0.000000000000000  0.000000000000000  0.000000000000000  0.467163673441590  0.257385020858499  0.000000000000000  0.000000000000000  0.275285399524491  0.000000000000000  0.000000000000000  0.000000000000000  0.000000000000000  1.000000000000000  0.000000000000000  0.000000000000000  0.000000000000000  0.000000000000000  0.000000000000000  1.000000000000000  0.323760749713606  1.000000000000000  0.498270131413934 
82.0    L  0.000000000000000  0.257385020858499  0.000000000000000  0.000000000000000  0.000000000000000  0.000000000000000  0.000000000000000  0.000000000000000  0.000000000000000  0.275285399524491  0.000000000000000  0.000000000000000  0.000000000000000  0.000000000000000  0.000000000000000  0.000000000000000  0.000000000000000  0.467163673441590  0.000000000000000  0.000000000000000  1.000000000000000  0.000000000000000  0.000000000000000  0.000000000000000  0.000000000000000  0.000000000000000  1.000000000000000  0.323760749713606  1.000000000000000  0.498270131413934 
83.0    E  0.000000000000000  0.000000000000000  0.000000000000000  0.532554101696709  0.000000000000000  0.000000000000000  0.000000000000000  0.000000000000000  0.000000000000000  0.000000000000000  0.000000000000000  0.000000000000000  0.000000000000000  0.000000000000000  0.000000000000000  0.000000000000000  0.467163673441590  0.000000000000000  0.000000000000000  0.000000000000000  1.000000000000000  0.000000000000000  0.000000000000000  0.000000000000000  0.000000000000000  0.000000000000000  1.000000000000000  0.323760749713606  1.000000000000000  0.498270131413934 
84.0    T  0.467163673441590  0.000000000000000  0.000000000000000  0.000000000000000  0.000000000000000  0.000000000000000  0.000000000000000  0.000000000000000  0.000000000000000  0.000000000000000  0.000000000000000  0.000000000000000  0.000000000000000  0.000000000000000  0.000000000000000  0.000000000000000  0.532554101696709  0.000000000000000  0.000000000000000  0.000000000000000  0.532554101696709  0.467163673441590  0.000000000000000  1.000000000000000  0.000000000000000  1.000000000000000  0.000000000000000  0.323760749713606  0.427204870444866  0.498270131413934 
85.0    F  0.000000000000000  0.000000000000000  0.000000000000000  0.000000000000000  0.440740078953585  0.000000000000000  0.000000000000000  0.000000000000000  0.000000000000000  0.365008002663630  0.000000000000000  0.194251817196012  0.000000000000000  0.000000000000000  0.000000000000000  0.000000000000000  0.000000000000000  0.000000000000000  0.000000000000000  0.000000000000000  1.000000000000000  0.000000000000000  0.000000000000000  0.000000000000000  0.000000000000000  0.000000000000000  0.000000000000000  0.291991848653279  1.000000000000000  1.000000000000000 
86.0    E  0.000000000000000  0.000000000000000  0.213158722941989  0.227509706020225  0.000000000000000  0.365008002663630  0.000000000000000  0.000000000000000  0.000000000000000  0.000000000000000  0.000000000000000  0.000000000000000  0.000000000000000  0.194251817196012  0.000000000000000  0.000000000000000  0.000000000000000  0.000000000000000  0.000000000000000  0.000000000000000  1.000000000000000  0.000000000000000  0.000000000000000  0.000000000000000  0.000000000000000  0.000000000000000  0.000000000000000  0.291991848653279  1.000000000000000  1.000000000000000 
87.0    S  0.000000000000000  0.000000000000000  0.365008002663630  0.000000000000000  0.000000000000000  0.000000000000000  0.000000000000000  0.000000000000000  0.000000000000000  0.000000000000000  0.000000000000000  0.000000000000000  0.000000000000000  0.000000000000000  0.000000000000000  0.440740078953585  0.194251817196012  0.000000000000000  0.000000000000000  0.000000000000000  1.000000000000000  0.000000000000000  0.000000000000000  0.000000000000000  0.000000000000000  0.000000000000000  0.000000000000000  0.291991848653279  1.000000000000000  1.000000000000000 
88.0    P  0.000000000000000  0.000000000000000  0.000000000000000  0.000000000000000  0.000000000000000  0.000000000000000  0.000000000000000  0.559418550517856  0.000000000000000  0.000000000000000  0.000000000000000  0.000000000000000  0.440740078953585  0.000000000000000  0.000000000000000  0.000000000000000  0.000000000000000  0.000000000000000  0.000000000000000  0.000000000000000  1.000000000000000  0.000000000000000  0.000000000000000  0.000000000000000  0.000000000000000  0.000000000000000  0.000000000000000  0.291991848653279  1.000000000000000  1.000000000000000 
89.0    D  0.000000000000000  0.000000000000000  0.421907898065009  0.578344091952644  0.000000000000000  0.000000000000000  0.000000000000000  0.000000000000000  0.000000000000000  0.000000000000000  0.000000000000000  0.000000000000000  0.000000000000000  0.000000000000000  0.000000000000000  0.000000000000000  0.000000000000000  0.000000000000000  0.000000000000000  0.000000000000000  1.000000000000000  0.000000000000000  0.000000000000000  0.000000000000000  0.000000000000000  0.000000000000000  0.000000000000000  0.291991848653279  1.000000000000000  1.000000000000000 
90.0    G  0.000000000000000  0.000000000000000  0.000000000000000  0.000000000000000  0.000000000000000  1.000000000000000  0.000000000000000  0.000000000000000  0.000000000000000  0.000000000000000  0.000000000000000  0.000000000000000  0.000000000000000  0.000000000000000  0.000000000000000  0.000000000000000  0.000000000000000  0.000000000000000  0.000000000000000  0.000000000000000  1.000000000000000  0.000000000000000  0.000000000000000  0.000000000000000  0.000000000000000  0.000000000000000  0.000000000000000  0.291991848653279  1.000000000000000  1.000000000000000 
91.0    Y  0.000000000000000  0.000000000000000  0.000000000000000  0.000000000000000  0.194251817196012  0.000000000000000  0.000000000000000  0.000000000000000  0.000000000000000  0.000000000000000  0.000000000000000  0.000000000000000  0.000000000000000  0.000000000000000  0.000000000000000  0.000000000000000  0.000000000000000  0.000000000000000  0.000000000000000  0.805524291048750  1.000000000000000  0.000000000000000  0.000000000000000  0.000000000000000  0.000000000000000  0.000000000000000  0.000000000000000  0.291991848653279  1.000000000000000  1.000000000000000 
92.0    Y  0.000000000000000  0.000000000000000  0.000000000000000  0.194251817196012  0.000000000000000  0.000000000000000  0.000000000000000  0.000000000000000  0.000000000000000  0.000000000000000  0.000000000000000  0.000000000000000  0.000000000000000  0.000000000000000  0.000000000000000  0.000000000000000  0.365008002663630  0.000000000000000  0.000000000000000  0.440740078953585  1.000000000000000  0.000000000000000  0.000000000000000  0.000000000000000  0.000000000000000  0.000000000000000  0.000000000000000  0.291991848653279  1.000000000000000  1.000000000000000 
93.0    D  0.000000000000000  0.000000000000000  1.000000000000000  0.000000000000000  0.000000000000000  0.000000000000000  0.000000000000000  0.000000000000000  0.000000000000000  0.000000000000000  0.000000000000000  0.000000000000000  0.000000000000000  0.000000000000000  0.000000000000000  0.000000000000000  0.000000000000000  0.000000000000000  0.000000000000000  0.000000000000000  1.000000000000000  0.000000000000000  0.000000000000000  0.000000000000000  0.000000000000000  0.000000000000000  0.000000000000000  0.291991848653279  1.000000000000000  1.000000000000000 
94.0    D  0.000000000000000  0.000000000000000  0.227509706020225  0.000000000000000  0.000000000000000  0.000000000000000  0.000000000000000  0.000000000000000  0.000000000000000  0.000000000000000  0.000000000000000  0.213158722941989  0.000000000000000  0.000000000000000  0.000000000000000  0.194251817196012  0.365008002663630  0.000000000000000  0.000000000000000  0.000000000000000  1.000000000000000  0.000000000000000  0.000000000000000  0.000000000000000  0.000000000000000  0.000000000000000  0.000000000000000  0.291991848653279  1.000000000000000  1.000000000000000 
95.0    S  0.000000000000000  0.000000000000000  0.000000000000000  0.000000000000000  0.000000000000000  0.000000000000000  0.000000000000000  0.000000000000000  0.000000000000000  0.000000000000000  0.000000000000000  0.000000000000000  0.000000000000000  0.000000000000000  0.000000000000000  0.227509706020225  0.772710549647987  0.000000000000000  0.000000000000000  0.000000000000000  1.000000000000000  0.000000000000000  0.000000000000000  0.000000000000000  0.000000000000000  0.000000000000000  0.000000000000000  0.291991848653279  1.000000000000000  1.000000000000000 
96.0    M  0.000000000000000  0.000000000000000  0.000000000000000  0.000000000000000  0.000000000000000  0.000000000000000  0.000000000000000  0.000000000000000  0.000000000000000  0.000000000000000  1.000000000000000  0.000000000000000  0.000000000000000  0.000000000000000  0.000000000000000  0.000000000000000  0.000000000000000  0.000000000000000  0.000000000000000  0.000000000000000  1.000000000000000  0.000000000000000  0.000000000000000  0.000000000000000  0.000000000000000  0.000000000000000  0.000000000000000  0.291991848653279  1.000000000000000  1.000000000000000 
97.0    E  0.000000000000000  0.000000000000000  0.000000000000000  1.000000000000000  0.000000000000000  0.000000000000000  0.000000000000000  0.000000000000000  0.000000000000000  0.000000000000000  0.000000000000000  0.000000000000000  0.000000000000000  0.000000000000000  0.000000000000000  0.000000000000000  0.000000000000000  0.000000000000000  0.000000000000000  0.000000000000000  1.000000000000000  0.000000000000000  0.000000000000000  0.000000000000000  0.000000000000000  0.000000000000000  0.000000000000000  0.291991848653279  1.000000000000000  1.000000000000000 
98.0    F  0.000000000000000  0.000000000000000  0.000000000000000  0.000000000000000  0.440740078953585  0.000000000000000  0.000000000000000  0.000000000000000  0.000000000000000  0.000000000000000  0.000000000000000  0.000000000000000  0.000000000000000  0.000000000000000  0.000000000000000  0.000000000000000  0.000000000000000  0.000000000000000  0.000000000000000  0.559418550517856  1.000000000000000  0.000000000000000  0.000000000000000  0.000000000000000  0.000000000000000  0.000000000000000  0.000000000000000  0.291991848653279  1.000000000000000  1.000000000000000 
99.0    S  0.000000000000000  0.000000000000000  0.000000000000000  0.000000000000000  0.000000000000000  0.000000000000000  0.000000000000000  0.000000000000000  0.000000000000000  0.000000000000000  0.000000000000000  0.000000000000000  0.000000000000000  0.000000000000000  0.000000000000000  0.227509706020225  0.772710549647987  0.000000000000000  0.000000000000000  0.000000000000000  1.000000000000000  0.000000000000000  0.000000000000000  0.000000000000000  0.000000000000000  0.000000000000000  0.000000000000000  0.291991848653279  1.000000000000000  1.000000000000000 
100.0    L  0.000000000000000  0.000000000000000  0.000000000000000  0.000000000000000  0.000000000000000  0.000000000000000  0.000000000000000  0.000000000000000  0.000000000000000  0.227509706020225  0.000000000000000  0.000000000000000  0.194251817196012  0.000000000000000  0.000000000000000  0.000000000000000  0.000000000000000  0.578344091952644  0.000000000000000  0.000000000000000  1.000000000000000  0.000000000000000  0.000000000000000  0.000000000000000  0.000000000000000  0.000000000000000  0.000000000000000  0.291991848653279  1.000000000000000  1.000000000000000 
101.0    W  0.000000000000000  0.000000000000000  0.000000000000000  0.000000000000000  0.000000000000000  0.000000000000000  0.000000000000000  0.000000000000000  0.000000000000000  0.000000000000000  0.000000000000000  0.000000000000000  0.000000000000000  0.000000000000000  0.000000000000000  0.000000000000000  0.000000000000000  0.000000000000000  1.000000000000000  0.000000000000000  1.000000000000000  0.000000000000000  0.000000000000000  0.000000000000000  0.000000000000000  0.000000000000000  0.000000000000000  0.291991848653279  1.000000000000000  1.000000000000000 
102.0    D  0.000000000000000  0.000000000000000  1.000000000000000  0.000000000000000  0.000000000000000  0.000000000000000  0.000000000000000  0.000000000000000  0.000000000000000  0.000000000000000  0.000000000000000  0.000000000000000  0.000000000000000  0.000000000000000  0.000000000000000  0.000000000000000  0.000000000000000  0.000000000000000  0.000000000000000  0.000000000000000  1.000000000000000  0.000000000000000  0.000000000000000  0.000000000000000  0.000000000000000  0.000000000000000  0.000000000000000  0.291991848653279  1.000000000000000  1.000000000000000 
103.0    P  0.000000000000000  0.000000000000000  0.000000000000000  0.000000000000000  0.000000000000000  0.000000000000000  0.000000000000000  0.000000000000000  0.000000000000000  0.000000000000000  0.000000000000000  0.000000000000000  1.000000000000000  0.000000000000000  0.000000000000000  0.000000000000000  0.000000000000000  0.000000000000000  0.000000000000000  0.000000000000000  1.000000000000000  0.000000000000000  0.000000000000000  0.000000000000000  0.000000000000000  0.000000000000000  0.000000000000000  0.291991848653279  1.000000000000000  1.000000000000000 
104.0    M  0.000000000000000  0.000000000000000  0.000000000000000  0.000000000000000  0.000000000000000  0.000000000000000  0.000000000000000  0.176165094392752  0.000000000000000  0.407536166201313  0.227509706020225  0.000000000000000  0.000000000000000  0.000000000000000  0.000000000000000  0.000000000000000  0.000000000000000  0.188809073195353  0.000000000000000  0.000000000000000  1.000000000000000  0.000000000000000  0.000000000000000  0.000000000000000  0.000000000000000  0.000000000000000  0.000000000000000  0.291991848653279  1.000000000000000  1.000000000000000 
105.0    N  0.000000000000000  0.000000000000000  0.000000000000000  0.000000000000000  0.000000000000000  0.000000000000000  0.000000000000000  0.383154990051946  0.213158722941989  0.000000000000000  0.000000000000000  0.227509706020225  0.000000000000000  0.000000000000000  0.000000000000000  0.000000000000000  0.000000000000000  0.176165094392752  0.000000000000000  0.000000000000000  1.000000000000000  0.000000000000000  0.000000000000000  0.000000000000000  0.000000000000000  0.000000000000000  0.000000000000000  0.291991848653279  1.000000000000000  1.000000000000000 
106.0    P  0.000000000000000  0.000000000000000  0.000000000000000  0.000000000000000  0.000000000000000  0.000000000000000  0.000000000000000  0.000000000000000  0.000000000000000  0.000000000000000  0.000000000000000  0.000000000000000  1.000000000000000  0.000000000000000  0.000000000000000  0.000000000000000  0.000000000000000  0.000000000000000  0.000000000000000  0.000000000000000  1.000000000000000  0.000000000000000  0.000000000000000  0.000000000000000  0.000000000000000  0.000000000000000  0.000000000000000  0.291991848653279  1.000000000000000  1.000000000000000 
107.0    I  0.000000000000000  0.000000000000000  0.000000000000000  0.000000000000000  0.000000000000000  0.000000000000000  0.000000000000000  0.440740078953585  0.000000000000000  0.000000000000000  0.000000000000000  0.000000000000000  0.000000000000000  0.000000000000000  0.000000000000000  0.000000000000000  0.000000000000000  0.559418550517856  0.000000000000000  0.000000000000000  1.000000000000000  0.000000000000000  0.000000000000000  0.000000000000000  0.000000000000000  0.000000000000000  0.000000000000000  0.291991848653279  1.000000000000000  1.000000000000000 
108.0    D  0.000000000000000  0.000000000000000  1.000000000000000  0.000000000000000  0.000000000000000  0.000000000000000  0.000000000000000  0.000000000000000  0.000000000000000  0.000000000000000  0.000000000000000  0.000000000000000  0.000000000000000  0.000000000000000  0.000000000000000  0.000000000000000  0.000000000000000  0.000000000000000  0.000000000000000  0.000000000000000  1.000000000000000  0.000000000000000  0.000000000000000  0.000000000000000  0.000000000000000  0.000000000000000  0.000000000000000  0.291991848653279  1.000000000000000  1.000000000000000 
109.0    D  0.000000000000000  0.000000000000000  1.000000000000000  0.000000000000000  0.000000000000000  0.000000000000000  0.000000000000000  0.000000000000000  0.000000000000000  0.000000000000000  0.000000000000000  0.000000000000000  0.000000000000000  0.000000000000000  0.000000000000000  0.000000000000000  0.000000000000000  0.000000000000000  0.000000000000000  0.000000000000000  1.000000000000000  0.000000000000000  0.000000000000000  0.000000000000000  0.000000000000000  0.000000000000000  0.000000000000000  0.291991848653279  1.000000000000000  1.000000000000000 
110.0    T  0.000000000000000  0.000000000000000  0.000000000000000  0.000000000000000  0.000000000000000  0.000000000000000  0.000000000000000  0.000000000000000  0.000000000000000  0.000000000000000  0.000000000000000  0.000000000000000  0.000000000000000  0.000000000000000  0.000000000000000  0.000000000000000  1.000000000000000  0.000000000000000  0.000000000000000  0.000000000000000  1.000000000000000  0.000000000000000  0.000000000000000  0.000000000000000  0.000000000000000  0.000000000000000  0.000000000000000  0.291991848653279  1.000000000000000  1.000000000000000 
111.0    E  0.000000000000000  0.000000000000000  0.000000000000000  0.440740078953585  0.000000000000000  0.000000000000000  0.000000000000000  0.000000000000000  0.000000000000000  0.000000000000000  0.000000000000000  0.000000000000000  0.000000000000000  0.559418550517856  0.000000000000000  0.000000000000000  0.000000000000000  0.000000000000000  0.000000000000000  0.000000000000000  1.000000000000000  0.000000000000000  0.000000000000000  0.000000000000000  0.000000000000000  0.000000000000000  0.000000000000000  0.291991848653279  1.000000000000000  1.000000000000000 
112.0    Q  0.000000000000000  0.000000000000000  0.000000000000000  0.000000000000000  0.000000000000000  0.000000000000000  0.000000000000000  0.000000000000000  0.000000000000000  0.000000000000000  0.000000000000000  0.000000000000000  0.000000000000000  1.000000000000000  0.000000000000000  0.000000000000000  0.000000000000000  0.000000000000000  0.000000000000000  0.000000000000000  1.000000000000000  0.000000000000000  0.000000000000000  0.000000000000000  0.000000000000000  0.000000000000000  0.000000000000000  0.291991848653279  1.000000000000000  1.000000000000000 
113.0    Y  0.000000000000000  0.000000000000000  0.000000000000000  0.000000000000000  0.213158722941989  0.000000000000000  0.000000000000000  0.000000000000000  0.000000000000000  0.000000000000000  0.000000000000000  0.000000000000000  0.000000000000000  0.000000000000000  0.000000000000000  0.000000000000000  0.000000000000000  0.000000000000000  0.000000000000000  0.786762445353566  1.000000000000000  0.000000000000000  0.000000000000000  0.000000000000000  0.000000000000000  0.000000000000000  0.000000000000000  0.291991848653279  1.000000000000000  1.000000000000000 
114.0    P  0.000000000000000  0.000000000000000  0.000000000000000  0.000000000000000  0.000000000000000  0.000000000000000  0.000000000000000  0.000000000000000  0.000000000000000  0.000000000000000  0.000000000000000  0.000000000000000  1.000000000000000  0.000000000000000  0.000000000000000  0.000000000000000  0.000000000000000  0.000000000000000  0.000000000000000  0.000000000000000  1.000000000000000  0.000000000000000  0.000000000000000  0.000000000000000  0.000000000000000  0.000000000000000  0.000000000000000  0.291991848653279  1.000000000000000  1.000000000000000 
115.0    D  0.000000000000000  0.000000000000000  0.805524291048750  0.000000000000000  0.000000000000000  0.194251817196012  0.000000000000000  0.000000000000000  0.000000000000000  0.000000000000000  0.000000000000000  0.000000000000000  0.000000000000000  0.000000000000000  0.000000000000000  0.000000000000000  0.000000000000000  0.000000000000000  0.000000000000000  0.000000000000000  1.000000000000000  0.000000000000000  0.000000000000000  0.000000000000000  0.000000000000000  0.000000000000000  0.000000000000000  0.291991848653279  1.000000000000000  1.000000000000000 
116.0    T  0.000000000000000  0.000000000000000  0.559418550517856  0.000000000000000  0.000000000000000  0.000000000000000  0.000000000000000  0.000000000000000  0.000000000000000  0.000000000000000  0.213158722941989  0.000000000000000  0.000000000000000  0.000000000000000  0.000000000000000  0.000000000000000  0.227509706020225  0.000000000000000  0.000000000000000  0.000000000000000  1.000000000000000  0.000000000000000  0.000000000000000  0.000000000000000  0.000000000000000  0.000000000000000  0.000000000000000  0.291991848653279  1.000000000000000  1.000000000000000 
117.0    K  0.000000000000000  0.000000000000000  0.213158722941989  0.559418550517856  0.000000000000000  0.000000000000000  0.000000000000000  0.000000000000000  0.227509706020225  0.000000000000000  0.000000000000000  0.000000000000000  0.000000000000000  0.000000000000000  0.000000000000000  0.000000000000000  0.000000000000000  0.000000000000000  0.000000000000000  0.000000000000000  1.000000000000000  0.000000000000000  0.000000000000000  0.000000000000000  0.000000000000000  0.000000000000000  0.000000000000000  0.291991848653279  1.000000000000000  1.000000000000000 
118.0    C  0.000000000000000  1.000000000000000  0.000000000000000  0.000000000000000  0.000000000000000  0.000000000000000  0.000000000000000  0.000000000000000  0.000000000000000  0.000000000000000  0.000000000000000  0.000000000000000  0.000000000000000  0.000000000000000  0.000000000000000  0.000000000000000  0.000000000000000  0.000000000000000  0.000000000000000  0.000000000000000  1.000000000000000  0.000000000000000  0.000000000000000  0.000000000000000  0.000000000000000  0.000000000000000  0.000000000000000  0.291991848653279  1.000000000000000  1.000000000000000 
119.0    V  0.000000000000000  0.000000000000000  0.000000000000000  0.000000000000000  0.000000000000000  0.000000000000000  0.000000000000000  0.000000000000000  0.000000000000000  0.000000000000000  0.000000000000000  0.000000000000000  0.000000000000000  0.000000000000000  0.000000000000000  0.000000000000000  0.000000000000000  1.000000000000000  0.000000000000000  0.000000000000000  1.000000000000000  0.000000000000000  0.000000000000000  0.000000000000000  0.000000000000000  0.000000000000000  0.000000000000000  0.291991848653279  1.000000000000000  1.000000000000000 
120.0    F  0.000000000000000  0.000000000000000  0.000000000000000  0.365008002663630  0.227509706020225  0.000000000000000  0.000000000000000  0.000000000000000  0.000000000000000  0.000000000000000  0.000000000000000  0.000000000000000  0.194251817196012  0.000000000000000  0.000000000000000  0.213158722941989  0.000000000000000  0.000000000000000  0.000000000000000  0.000000000000000  1.000000000000000  0.000000000000000  0.000000000000000  0.000000000000000  0.000000000000000  0.000000000000000  0.000000000000000  0.291991848653279  1.000000000000000  1.000000000000000 
121.0    M  0.000000000000000  0.000000000000000  0.000000000000000  0.000000000000000  0.000000000000000  0.000000000000000  0.000000000000000  0.000000000000000  0.000000000000000  0.000000000000000  0.323088207659373  0.000000000000000  0.000000000000000  0.000000000000000  0.367037659008526  0.000000000000000  0.309926924984747  0.000000000000000  0.000000000000000  0.000000000000000  1.000000000000000  0.000000000000000  0.000000000000000  0.000000000000000  0.000000000000000  0.000000000000000  0.000000000000000  0.324209888662752  1.000000000000000  1.000000000000000 
122.0    E  0.000000000000000  0.000000000000000  0.000000000000000  0.500000000000000  0.000000000000000  0.000000000000000  0.000000000000000  0.000000000000000  0.500000000000000  0.000000000000000  0.000000000000000  0.000000000000000  0.000000000000000  0.000000000000000  0.000000000000000  0.000000000000000  0.000000000000000  0.000000000000000  0.000000000000000  0.000000000000000  1.000000000000000  0.000000000000000  0.000000000000000  0.000000000000000  0.000000000000000  0.000000000000000  0.000000000000000  0.414085330667273  1.000000000000000  1.000000000000000 
123.0    N  0.000000000000000  0.000000000000000  0.500000000000000  0.000000000000000  0.000000000000000  0.000000000000000  0.000000000000000  0.000000000000000  0.000000000000000  0.000000000000000  0.000000000000000  0.500000000000000  0.000000000000000  0.000000000000000  0.000000000000000  0.000000000000000  0.000000000000000  0.000000000000000  0.000000000000000  0.000000000000000  1.000000000000000  0.000000000000000  0.000000000000000  0.000000000000000  0.000000000000000  0.000000000000000  0.000000000000000  0.414085330667273  1.000000000000000  1.000000000000000 
124.0    R  0.000000000000000  0.000000000000000  0.000000000000000  0.000000000000000  0.000000000000000  0.000000000000000  0.000000000000000  0.000000000000000  0.000000000000000  0.000000000000000  0.000000000000000  0.000000000000000  0.000000000000000  0.000000000000000  1.000000000000000  0.000000000000000  0.000000000000000  0.000000000000000  0.000000000000000  0.000000000000000  1.000000000000000  0.000000000000000  0.000000000000000  0.000000000000000  0.000000000000000  0.000000000000000  0.000000000000000  0.414085330667273  1.000000000000000  1.000000000000000 
125.0    I  0.000000000000000  0.000000000000000  0.000000000000000  0.000000000000000  0.000000000000000  0.000000000000000  0.000000000000000  1.000000000000000  0.000000000000000  0.000000000000000  0.000000000000000  0.000000000000000  0.000000000000000  0.000000000000000  0.000000000000000  0.000000000000000  0.000000000000000  0.000000000000000  0.000000000000000  0.000000000000000  1.000000000000000  0.000000000000000  0.000000000000000  0.000000000000000  0.000000000000000  0.000000000000000  0.000000000000000  0.500000000000000  1.000000000000000  1.000000000000000 
126.0    S  0.000000000000000  0.000000000000000  0.000000000000000  0.000000000000000  0.000000000000000  0.000000000000000  0.000000000000000  0.000000000000000  0.000000000000000  0.000000000000000  0.000000000000000  0.000000000000000  0.000000000000000  0.000000000000000  0.000000000000000  1.000000000000000  0.000000000000000  0.000000000000000  0.000000000000000  0.000000000000000  1.000000000000000  0.000000000000000  0.000000000000000  1.000000000000000  0.000000000000000  0.000000000000000  0.000000000000000  0.500000000000000  1.000000000000000  1.000000000000000 
