No:  residues  hmm_col_1  hmm_col_2  hmm_col_3  hmm_col_4  hmm_col_5  hmm_col_6  hmm_col_7  hmm_col_8  hmm_col_9  hmm_col_10  hmm_col_11  hmm_col_12  hmm_col_13  hmm_col_14  hmm_col_15  hmm_col_16  hmm_col_17  hmm_col_18  hmm_col_19  hmm_col_20  hmm_col_21   hmm_col_22   hmm_col_23   hmm_col_24   hmm_col_25   hmm_col_26   hmm_col_27   hmm_col_28   hmm_col_29   hmm_col_30   
1.0    M  0.000000000000000  0.000000000000000  0.000000000000000  0.000000000000000  0.000000000000000  0.000000000000000  0.000000000000000  0.000000000000000  0.000000000000000  0.000000000000000  1.000000000000000  0.000000000000000  0.000000000000000  0.000000000000000  0.000000000000000  0.000000000000000  0.000000000000000  0.000000000000000  0.000000000000000  0.000000000000000  1.000000000000000  0.000000000000000  0.000000000000000  0.000000000000000  0.000000000000000  0.000000000000000  0.000000000000000  0.261340025051291  1.000000000000000  1.000000000000000 
2.0    K  0.000000000000000  0.000000000000000  0.000000000000000  0.000000000000000  0.000000000000000  0.000000000000000  0.000000000000000  0.000000000000000  0.787307976569203  0.000000000000000  0.000000000000000  0.212568540016049  0.000000000000000  0.000000000000000  0.000000000000000  0.000000000000000  0.000000000000000  0.000000000000000  0.000000000000000  0.000000000000000  1.000000000000000  0.000000000000000  0.000000000000000  0.000000000000000  0.000000000000000  0.000000000000000  0.000000000000000  0.261340025051291  1.000000000000000  1.000000000000000 
3.0    D  0.000000000000000  0.000000000000000  0.576742802530011  0.000000000000000  0.000000000000000  0.423372656181264  0.000000000000000  0.000000000000000  0.000000000000000  0.000000000000000  0.000000000000000  0.000000000000000  0.000000000000000  0.000000000000000  0.000000000000000  0.000000000000000  0.000000000000000  0.000000000000000  0.000000000000000  0.000000000000000  1.000000000000000  0.000000000000000  0.000000000000000  0.000000000000000  0.000000000000000  0.000000000000000  0.000000000000000  0.261340025051291  1.000000000000000  1.000000000000000 
4.0    P  0.000000000000000  0.000000000000000  0.000000000000000  0.000000000000000  0.000000000000000  0.000000000000000  0.000000000000000  0.000000000000000  0.000000000000000  0.000000000000000  0.000000000000000  0.000000000000000  0.787307976569203  0.000000000000000  0.000000000000000  0.212568540016049  0.000000000000000  0.000000000000000  0.000000000000000  0.000000000000000  1.000000000000000  0.000000000000000  0.000000000000000  0.000000000000000  0.000000000000000  0.000000000000000  0.000000000000000  0.261340025051291  1.000000000000000  1.000000000000000 
5.0    S  0.000000000000000  0.000000000000000  0.000000000000000  0.000000000000000  0.000000000000000  0.000000000000000  0.000000000000000  0.210807777562528  0.000000000000000  0.000000000000000  0.000000000000000  0.108668070011253  0.000000000000000  0.147419574032652  0.000000000000000  0.532923368033971  0.000000000000000  0.000000000000000  0.000000000000000  0.000000000000000  1.000000000000000  0.000000000000000  0.000000000000000  0.000000000000000  0.000000000000000  0.000000000000000  0.000000000000000  0.261340025051291  1.000000000000000  1.000000000000000 
6.0    R  0.000000000000000  0.000000000000000  0.000000000000000  0.210807777562528  0.000000000000000  0.000000000000000  0.000000000000000  0.000000000000000  0.000000000000000  0.000000000000000  0.108668070011253  0.000000000000000  0.000000000000000  0.000000000000000  0.429282718218877  0.000000000000000  0.147419574032652  0.103880732699206  0.000000000000000  0.000000000000000  1.000000000000000  0.000000000000000  0.000000000000000  0.000000000000000  0.000000000000000  0.000000000000000  0.000000000000000  0.261340025051291  1.000000000000000  1.000000000000000 
7.0    S  0.212568540016049  0.000000000000000  0.000000000000000  0.000000000000000  0.000000000000000  0.000000000000000  0.000000000000000  0.258457684061991  0.000000000000000  0.000000000000000  0.000000000000000  0.000000000000000  0.000000000000000  0.000000000000000  0.000000000000000  0.318198733818986  0.000000000000000  0.210807777562528  0.000000000000000  0.000000000000000  1.000000000000000  0.000000000000000  0.000000000000000  0.000000000000000  0.000000000000000  0.000000000000000  0.000000000000000  0.261340025051291  1.000000000000000  1.000000000000000 
8.0    S  0.000000000000000  0.147419574032652  0.000000000000000  0.000000000000000  0.000000000000000  0.000000000000000  0.000000000000000  0.000000000000000  0.000000000000000  0.000000000000000  0.000000000000000  0.367292158319577  0.000000000000000  0.000000000000000  0.000000000000000  0.274523203446762  0.000000000000000  0.210807777562528  0.000000000000000  0.000000000000000  1.000000000000000  0.000000000000000  0.000000000000000  0.000000000000000  0.000000000000000  0.000000000000000  0.000000000000000  0.261340025051291  1.000000000000000  1.000000000000000 
9.0    T  0.087171479146900  0.000000000000000  0.000000000000000  0.000000000000000  0.000000000000000  0.000000000000000  0.000000000000000  0.147419574032652  0.000000000000000  0.000000000000000  0.000000000000000  0.469435873657726  0.000000000000000  0.000000000000000  0.000000000000000  0.000000000000000  0.296067902963408  0.000000000000000  0.000000000000000  0.000000000000000  1.000000000000000  0.000000000000000  0.000000000000000  0.000000000000000  0.000000000000000  0.000000000000000  0.000000000000000  0.261340025051291  1.000000000000000  1.000000000000000 
10.0    S  0.092782723164316  0.000000000000000  0.000000000000000  0.000000000000000  0.000000000000000  0.000000000000000  0.000000000000000  0.000000000000000  0.000000000000000  0.000000000000000  0.000000000000000  0.000000000000000  0.000000000000000  0.000000000000000  0.000000000000000  0.594191552528466  0.165740720037332  0.147419574032652  0.000000000000000  0.000000000000000  1.000000000000000  0.000000000000000  0.000000000000000  0.000000000000000  0.000000000000000  0.000000000000000  0.000000000000000  0.261340025051291  1.000000000000000  1.000000000000000 
11.0    P  0.000000000000000  0.000000000000000  0.000000000000000  0.000000000000000  0.000000000000000  0.000000000000000  0.000000000000000  0.000000000000000  0.000000000000000  0.000000000000000  0.000000000000000  0.000000000000000  0.696405740334518  0.210807777562528  0.000000000000000  0.092782723164316  0.000000000000000  0.000000000000000  0.000000000000000  0.000000000000000  1.000000000000000  0.000000000000000  0.000000000000000  0.000000000000000  0.000000000000000  0.000000000000000  0.000000000000000  0.261340025051291  1.000000000000000  1.000000000000000 
12.0    S  0.224377512666815  0.000000000000000  0.000000000000000  0.000000000000000  0.000000000000000  0.119079749755492  0.000000000000000  0.000000000000000  0.000000000000000  0.000000000000000  0.000000000000000  0.064973714698455  0.000000000000000  0.000000000000000  0.106727214298906  0.484980955170867  0.000000000000000  0.000000000000000  0.000000000000000  0.000000000000000  1.000000000000000  0.000000000000000  0.000000000000000  0.000000000000000  0.000000000000000  0.000000000000000  0.000000000000000  0.242826873885408  1.000000000000000  1.000000000000000 
13.0    I  0.000000000000000  0.000000000000000  0.000000000000000  0.000000000000000  0.000000000000000  0.000000000000000  0.000000000000000  0.201381072762188  0.229728220869763  0.123707082051901  0.118667765118815  0.000000000000000  0.061982295671143  0.051724801004888  0.000000000000000  0.106727214298906  0.000000000000000  0.106137030805855  0.000000000000000  0.000000000000000  1.000000000000000  0.000000000000000  0.000000000000000  0.000000000000000  0.000000000000000  0.000000000000000  0.000000000000000  0.242826873885408  1.000000000000000  1.000000000000000 
14.0    I  0.000000000000000  0.000000000000000  0.000000000000000  0.067358321565229  0.000000000000000  0.113676031475092  0.000000000000000  0.201381072762188  0.106137030805855  0.000000000000000  0.000000000000000  0.000000000000000  0.000000000000000  0.000000000000000  0.000000000000000  0.511568734867216  0.000000000000000  0.000000000000000  0.000000000000000  0.000000000000000  0.772710549647987  0.171110476636480  0.056133273305246  1.000000000000000  0.000000000000000  0.000000000000000  0.000000000000000  0.242826873885408  0.467487598875728  1.000000000000000 
15.0    N  0.000000000000000  0.000000000000000  0.090810315598211  0.000000000000000  0.000000000000000  0.060329189054485  0.000000000000000  0.000000000000000  0.293208737307970  0.000000000000000  0.000000000000000  0.455650640318571  0.000000000000000  0.000000000000000  0.000000000000000  0.100064351332038  0.000000000000000  0.000000000000000  0.000000000000000  0.000000000000000  0.944747040997206  0.000000000000000  0.055207190717592  1.000000000000000  0.000000000000000  1.000000000000000  0.000000000000000  0.202781788894261  0.487002134271620  0.487002134271620 
16.0    E  0.000000000000000  0.000000000000000  0.047530586038782  0.502431910211893  0.000000000000000  0.000000000000000  0.093040328447909  0.192642777089602  0.061939347704005  0.000000000000000  0.000000000000000  0.053697547184199  0.000000000000000  0.000000000000000  0.000000000000000  0.048799155787962  0.000000000000000  0.000000000000000  0.000000000000000  0.000000000000000  0.906890328933143  0.000000000000000  0.093040328447909  0.000000000000000  0.000000000000000  1.000000000000000  0.000000000000000  0.202080217201392  1.000000000000000  0.500000000000000 
17.0    D  0.000000000000000  0.000000000000000  0.654742711541783  0.252963300256732  0.000000000000000  0.000000000000000  0.000000000000000  0.000000000000000  0.000000000000000  0.000000000000000  0.000000000000000  0.092141826080694  0.000000000000000  0.000000000000000  0.000000000000000  0.000000000000000  0.000000000000000  0.000000000000000  0.000000000000000  0.000000000000000  0.799960128332753  0.000000000000000  0.199712979112287  0.000000000000000  0.000000000000000  1.000000000000000  0.000000000000000  0.214195488692142  1.000000000000000  0.489031736723670 
18.0    V  0.000000000000000  0.000000000000000  0.000000000000000  0.000000000000000  0.000000000000000  0.000000000000000  0.050906722691888  0.000000000000000  0.000000000000000  0.177759676323409  0.216884671788017  0.104169150894902  0.062456693311903  0.197921466467818  0.000000000000000  0.000000000000000  0.000000000000000  0.189727406621757  0.000000000000000  0.000000000000000  1.000000000000000  0.000000000000000  0.000000000000000  0.000000000000000  0.000000000000000  1.000000000000000  0.000000000000000  0.239483804555674  1.000000000000000  0.480630464194381 
19.0    I  0.000000000000000  0.000000000000000  0.000000000000000  0.000000000000000  0.000000000000000  0.078781461973937  0.000000000000000  0.341983825975623  0.000000000000000  0.085911793473252  0.000000000000000  0.180491149440312  0.000000000000000  0.000000000000000  0.000000000000000  0.000000000000000  0.000000000000000  0.312949114663499  0.000000000000000  0.000000000000000  1.000000000000000  0.000000000000000  0.000000000000000  0.000000000000000  0.000000000000000  0.000000000000000  0.000000000000000  0.199298119135134  1.000000000000000  1.000000000000000 
20.0    I  0.149788627667427  0.000000000000000  0.000000000000000  0.000000000000000  0.000000000000000  0.000000000000000  0.000000000000000  0.042188687035086  0.000000000000000  0.306508715013289  0.000000000000000  0.084143754329799  0.000000000000000  0.000000000000000  0.000000000000000  0.188939991039528  0.000000000000000  0.228299562502998  0.000000000000000  0.000000000000000  0.856781954768570  0.050765774772265  0.092654188112677  1.000000000000000  0.000000000000000  0.000000000000000  0.000000000000000  0.199298119135134  0.500000000000000  1.000000000000000 
21.0    N  0.000000000000000  0.000000000000000  0.000000000000000  0.079494562921473  0.000000000000000  0.000000000000000  0.085733330536912  0.000000000000000  0.000000000000000  0.000000000000000  0.000000000000000  0.754712984260280  0.000000000000000  0.000000000000000  0.000000000000000  0.037317599596081  0.042718357873182  0.000000000000000  0.000000000000000  0.000000000000000  0.846158596600290  0.074325444687670  0.079494562921473  0.199990032083188  0.799960128332753  0.000000000000000  1.000000000000000  0.174342958293801  0.483303048532487  0.500000000000000 
22.0    G  0.000000000000000  0.000000000000000  0.000000000000000  0.000000000000000  0.000000000000000  0.723467442935263  0.000000000000000  0.000000000000000  0.000000000000000  0.000000000000000  0.000000000000000  0.195874296737335  0.000000000000000  0.000000000000000  0.000000000000000  0.000000000000000  0.080716084393896  0.000000000000000  0.000000000000000  0.000000000000000  1.000000000000000  0.000000000000000  0.000000000000000  0.000000000000000  0.000000000000000  1.000000000000000  0.000000000000000  0.186080656895817  1.000000000000000  0.470087101254563 
23.0    H  0.000000000000000  0.000000000000000  0.000000000000000  0.133600748901376  0.000000000000000  0.161880374856803  0.357744130005728  0.000000000000000  0.000000000000000  0.068156733291579  0.000000000000000  0.046908721797324  0.000000000000000  0.199160024071396  0.032531924927628  0.000000000000000  0.000000000000000  0.000000000000000  0.000000000000000  0.000000000000000  0.929804942613162  0.000000000000000  0.070170088879601  0.000000000000000  0.000000000000000  0.000000000000000  0.000000000000000  0.168404197108211  1.000000000000000  1.000000000000000 
24.0    S  0.071446145963377  0.000000000000000  0.068015152604425  0.079274462457867  0.105403888781264  0.213454428597811  0.000000000000000  0.000000000000000  0.071793647187315  0.000000000000000  0.000000000000000  0.000000000000000  0.191444749636798  0.070364911633548  0.000000000000000  0.128871039849349  0.000000000000000  0.000000000000000  0.000000000000000  0.000000000000000  0.886381699194867  0.113439894414645  0.000000000000000  1.000000000000000  0.000000000000000  1.000000000000000  0.000000000000000  0.181998693624886  0.471392267959120  0.485653747770817 
25.0    H  0.091188771515011  0.000000000000000  0.030841142058933  0.259354984141403  0.000000000000000  0.000000000000000  0.137738139484576  0.036906020669673  0.000000000000000  0.000000000000000  0.209061599978516  0.000000000000000  0.170755032094299  0.064168096607500  0.000000000000000  0.000000000000000  0.000000000000000  0.000000000000000  0.000000000000000  0.000000000000000  1.000000000000000  0.000000000000000  0.000000000000000  0.000000000000000  0.000000000000000  1.000000000000000  0.000000000000000  0.170164264562434  1.000000000000000  0.487002134271620 
26.0    E  0.000000000000000  0.000000000000000  0.000000000000000  0.146401272652351  0.000000000000000  0.088941466327162  0.000000000000000  0.000000000000000  0.180992271547445  0.000000000000000  0.070609200910633  0.458502021602336  0.000000000000000  0.000000000000000  0.000000000000000  0.000000000000000  0.000000000000000  0.000000000000000  0.000000000000000  0.054409410206008  1.000000000000000  0.000000000000000  0.000000000000000  0.000000000000000  0.000000000000000  0.000000000000000  0.000000000000000  0.162667731930242  1.000000000000000  1.000000000000000 
27.0    D  0.110874538144019  0.000000000000000  0.241651524266243  0.292802545304702  0.000000000000000  0.000000000000000  0.000000000000000  0.000000000000000  0.044470733163581  0.060120465916548  0.000000000000000  0.000000000000000  0.072142838594802  0.051048061944376  0.000000000000000  0.000000000000000  0.064704057740086  0.000000000000000  0.000000000000000  0.062068280964815  1.000000000000000  0.000000000000000  0.000000000000000  0.000000000000000  0.000000000000000  0.000000000000000  0.000000000000000  0.156908998910330  1.000000000000000  1.000000000000000 
28.0    D  0.074738737298508  0.000000000000000  0.353553390593274  0.178624267467637  0.000000000000000  0.000000000000000  0.000000000000000  0.000000000000000  0.000000000000000  0.000000000000000  0.051225287977345  0.056877426505056  0.058924033494890  0.128692510429250  0.000000000000000  0.075624630576206  0.000000000000000  0.021747599872361  0.000000000000000  0.000000000000000  0.948026965128645  0.051832471613403  0.000000000000000  0.228616272374975  0.771105412703970  0.000000000000000  0.000000000000000  0.145390005193481  0.490729531926740  1.000000000000000 
29.0    N  0.000000000000000  0.000000000000000  0.210807777562528  0.113125807860363  0.000000000000000  0.111955708761356  0.000000000000000  0.000000000000000  0.000000000000000  0.000000000000000  0.000000000000000  0.400534938794811  0.039582320428851  0.067732872927799  0.000000000000000  0.056055509978876  0.000000000000000  0.000000000000000  0.000000000000000  0.000000000000000  1.000000000000000  0.000000000000000  0.000000000000000  0.000000000000000  0.000000000000000  0.000000000000000  0.000000000000000  0.131944214704746  1.000000000000000  1.000000000000000 
30.0    P  0.000000000000000  0.000000000000000  0.389312345530831  0.000000000000000  0.000000000000000  0.034891030061955  0.000000000000000  0.000000000000000  0.000000000000000  0.084143754329799  0.000000000000000  0.000000000000000  0.491751037013124  0.000000000000000  0.000000000000000  0.000000000000000  0.000000000000000  0.000000000000000  0.000000000000000  0.000000000000000  1.000000000000000  0.000000000000000  0.000000000000000  0.000000000000000  0.000000000000000  0.000000000000000  0.000000000000000  0.125347054487635  1.000000000000000  1.000000000000000 
31.0    F  0.000000000000000  0.000000000000000  0.000000000000000  0.000000000000000  0.859160754947185  0.000000000000000  0.000000000000000  0.000000000000000  0.000000000000000  0.084143754329799  0.000000000000000  0.000000000000000  0.000000000000000  0.000000000000000  0.000000000000000  0.000000000000000  0.000000000000000  0.000000000000000  0.000000000000000  0.056602123938614  1.000000000000000  0.000000000000000  0.000000000000000  0.000000000000000  0.000000000000000  0.000000000000000  0.000000000000000  0.125347054487635  1.000000000000000  1.000000000000000 
32.0    A  0.393926943024673  0.000000000000000  0.000000000000000  0.265171935342054  0.000000000000000  0.000000000000000  0.000000000000000  0.000000000000000  0.000000000000000  0.000000000000000  0.000000000000000  0.000000000000000  0.000000000000000  0.000000000000000  0.000000000000000  0.341036958719839  0.000000000000000  0.000000000000000  0.000000000000000  0.000000000000000  1.000000000000000  0.000000000000000  0.000000000000000  0.000000000000000  0.000000000000000  0.000000000000000  0.000000000000000  0.125347054487635  1.000000000000000  1.000000000000000 
33.0    E  0.000000000000000  0.000000000000000  0.165167300707283  0.750539548757186  0.000000000000000  0.000000000000000  0.000000000000000  0.000000000000000  0.000000000000000  0.000000000000000  0.000000000000000  0.000000000000000  0.000000000000000  0.084143754329799  0.000000000000000  0.000000000000000  0.000000000000000  0.000000000000000  0.000000000000000  0.000000000000000  1.000000000000000  0.000000000000000  0.000000000000000  0.000000000000000  0.000000000000000  0.000000000000000  0.000000000000000  0.125347054487635  1.000000000000000  1.000000000000000 
34.0    Y  0.000000000000000  0.000000000000000  0.000000000000000  0.000000000000000  0.034891030061955  0.000000000000000  0.000000000000000  0.000000000000000  0.000000000000000  0.000000000000000  0.000000000000000  0.000000000000000  0.000000000000000  0.000000000000000  0.000000000000000  0.000000000000000  0.000000000000000  0.000000000000000  0.000000000000000  0.965267024871757  1.000000000000000  0.000000000000000  0.000000000000000  0.000000000000000  0.000000000000000  0.000000000000000  0.000000000000000  0.125347054487635  1.000000000000000  1.000000000000000 
35.0    M  0.000000000000000  0.000000000000000  0.000000000000000  0.000000000000000  0.000000000000000  0.000000000000000  0.000000000000000  0.000000000000000  0.000000000000000  0.286578046432095  0.629378586752429  0.000000000000000  0.000000000000000  0.000000000000000  0.000000000000000  0.084143754329799  0.000000000000000  0.000000000000000  0.000000000000000  0.000000000000000  1.000000000000000  0.000000000000000  0.000000000000000  0.000000000000000  0.000000000000000  0.000000000000000  0.000000000000000  0.125347054487635  1.000000000000000  1.000000000000000 
36.0    W  0.000000000000000  0.000000000000000  0.000000000000000  0.000000000000000  0.000000000000000  0.000000000000000  0.000000000000000  0.000000000000000  0.000000000000000  0.000000000000000  0.000000000000000  0.000000000000000  0.000000000000000  0.000000000000000  0.000000000000000  0.000000000000000  0.000000000000000  0.000000000000000  1.000000000000000  0.000000000000000  1.000000000000000  0.000000000000000  0.000000000000000  0.000000000000000  0.000000000000000  0.000000000000000  0.000000000000000  0.125347054487635  1.000000000000000  1.000000000000000 
37.0    M  0.000000000000000  0.000000000000000  0.000000000000000  0.000000000000000  0.000000000000000  0.000000000000000  0.000000000000000  0.000000000000000  0.000000000000000  0.000000000000000  1.000000000000000  0.000000000000000  0.000000000000000  0.000000000000000  0.000000000000000  0.000000000000000  0.000000000000000  0.000000000000000  0.000000000000000  0.000000000000000  1.000000000000000  0.000000000000000  0.000000000000000  0.000000000000000  0.000000000000000  0.000000000000000  0.000000000000000  0.125347054487635  1.000000000000000  1.000000000000000 
38.0    E  0.125086673432823  0.000000000000000  0.000000000000000  0.774855930959171  0.000000000000000  0.099925728794059  0.000000000000000  0.000000000000000  0.000000000000000  0.000000000000000  0.000000000000000  0.000000000000000  0.000000000000000  0.000000000000000  0.000000000000000  0.000000000000000  0.000000000000000  0.000000000000000  0.000000000000000  0.000000000000000  1.000000000000000  0.000000000000000  0.000000000000000  0.000000000000000  0.000000000000000  0.000000000000000  0.000000000000000  0.125347054487635  1.000000000000000  1.000000000000000 
39.0    N  0.000000000000000  0.000000000000000  0.000000000000000  0.225000482448378  0.000000000000000  0.000000000000000  0.036524289017539  0.000000000000000  0.000000000000000  0.000000000000000  0.000000000000000  0.738669031791280  0.000000000000000  0.000000000000000  0.000000000000000  0.000000000000000  0.000000000000000  0.000000000000000  0.000000000000000  0.000000000000000  1.000000000000000  0.000000000000000  0.000000000000000  0.000000000000000  0.000000000000000  0.000000000000000  0.000000000000000  0.125347054487635  1.000000000000000  1.000000000000000 
40.0    E  0.084143754329799  0.000000000000000  0.000000000000000  0.742261785314525  0.000000000000000  0.000000000000000  0.000000000000000  0.000000000000000  0.000000000000000  0.000000000000000  0.091950421615984  0.000000000000000  0.000000000000000  0.040723348417603  0.000000000000000  0.000000000000000  0.000000000000000  0.040921419471361  0.000000000000000  0.000000000000000  1.000000000000000  0.000000000000000  0.000000000000000  0.000000000000000  0.000000000000000  0.000000000000000  0.000000000000000  0.125347054487635  1.000000000000000  1.000000000000000 
41.0    E  0.000000000000000  0.000000000000000  0.075729541276890  0.924022572446823  0.000000000000000  0.000000000000000  0.000000000000000  0.000000000000000  0.000000000000000  0.000000000000000  0.000000000000000  0.000000000000000  0.000000000000000  0.000000000000000  0.000000000000000  0.000000000000000  0.000000000000000  0.000000000000000  0.000000000000000  0.000000000000000  0.943438250895360  0.056602123938614  0.000000000000000  1.000000000000000  0.000000000000000  0.000000000000000  0.000000000000000  0.125347054487635  0.495514781632040  1.000000000000000 
42.0    E  0.000000000000000  0.000000000000000  0.195196623151848  0.777007268784049  0.000000000000000  0.000000000000000  0.000000000000000  0.000000000000000  0.000000000000000  0.000000000000000  0.000000000000000  0.000000000000000  0.000000000000000  0.000000000000000  0.000000000000000  0.000000000000000  0.000000000000000  0.027565355162412  0.000000000000000  0.000000000000000  1.000000000000000  0.000000000000000  0.000000000000000  0.000000000000000  0.000000000000000  0.000000000000000  0.000000000000000  0.125347054487635  1.000000000000000  1.000000000000000 
43.0    F  0.000000000000000  0.000000000000000  0.000000000000000  0.000000000000000  0.835087919428369  0.000000000000000  0.000000000000000  0.000000000000000  0.000000000000000  0.000000000000000  0.000000000000000  0.000000000000000  0.000000000000000  0.000000000000000  0.000000000000000  0.000000000000000  0.000000000000000  0.000000000000000  0.000000000000000  0.165167300707283  1.000000000000000  0.000000000000000  0.000000000000000  0.000000000000000  0.000000000000000  0.000000000000000  0.000000000000000  0.125347054487635  1.000000000000000  1.000000000000000 
44.0    N  0.000000000000000  0.000000000000000  0.641268301381124  0.056602123938614  0.000000000000000  0.000000000000000  0.000000000000000  0.000000000000000  0.000000000000000  0.000000000000000  0.000000000000000  0.302288918958340  0.000000000000000  0.000000000000000  0.000000000000000  0.000000000000000  0.000000000000000  0.000000000000000  0.000000000000000  0.000000000000000  1.000000000000000  0.000000000000000  0.000000000000000  0.000000000000000  0.000000000000000  0.000000000000000  0.000000000000000  0.125347054487635  1.000000000000000  1.000000000000000 
45.0    R  0.000000000000000  0.000000000000000  0.000000000000000  0.000000000000000  0.000000000000000  0.000000000000000  0.000000000000000  0.000000000000000  0.314907494986850  0.040723348417603  0.048160694272400  0.000000000000000  0.000000000000000  0.167009259798762  0.429282718218877  0.000000000000000  0.000000000000000  0.000000000000000  0.000000000000000  0.000000000000000  1.000000000000000  0.000000000000000  0.000000000000000  0.000000000000000  0.000000000000000  0.000000000000000  0.000000000000000  0.125347054487635  1.000000000000000  1.000000000000000 
46.0    Q  0.000000000000000  0.000000000000000  0.056602123938614  0.144886993988057  0.000000000000000  0.000000000000000  0.036524289017539  0.030206440533280  0.040921419471361  0.000000000000000  0.000000000000000  0.037943590137345  0.000000000000000  0.652929893544459  0.000000000000000  0.000000000000000  0.000000000000000  0.000000000000000  0.000000000000000  0.000000000000000  1.000000000000000  0.000000000000000  0.000000000000000  0.000000000000000  0.000000000000000  0.000000000000000  0.000000000000000  0.125347054487635  1.000000000000000  1.000000000000000 
47.0    I  0.000000000000000  0.000000000000000  0.000000000000000  0.185951720304313  0.020963159763785  0.000000000000000  0.000000000000000  0.138792354203580  0.000000000000000  0.000000000000000  0.000000000000000  0.000000000000000  0.000000000000000  0.000000000000000  0.000000000000000  0.000000000000000  0.000000000000000  0.654289035727505  0.000000000000000  0.000000000000000  0.957271458195298  0.042955896736626  0.000000000000000  0.250000000000000  0.750019494642909  0.000000000000000  0.000000000000000  0.128692510429250  0.498270131413934  1.000000000000000 
48.0    E  0.000000000000000  0.000000000000000  0.000000000000000  0.392564059336786  0.000000000000000  0.000000000000000  0.000000000000000  0.052701944390632  0.000000000000000  0.236350529187686  0.318419368831625  0.000000000000000  0.000000000000000  0.000000000000000  0.000000000000000  0.000000000000000  0.000000000000000  0.000000000000000  0.000000000000000  0.000000000000000  1.000000000000000  0.000000000000000  0.000000000000000  0.000000000000000  0.000000000000000  0.000000000000000  0.000000000000000  0.128692510429250  1.000000000000000  1.000000000000000 
49.0    E  0.056995822844986  0.000000000000000  0.022686848123498  0.493800430722686  0.000000000000000  0.000000000000000  0.000000000000000  0.000000000000000  0.067358321565229  0.000000000000000  0.000000000000000  0.000000000000000  0.000000000000000  0.359235044136016  0.000000000000000  0.000000000000000  0.000000000000000  0.000000000000000  0.000000000000000  0.000000000000000  1.000000000000000  0.000000000000000  0.000000000000000  0.000000000000000  0.000000000000000  0.000000000000000  0.000000000000000  0.128692510429250  1.000000000000000  1.000000000000000 
50.0    E  0.000000000000000  0.000000000000000  0.000000000000000  0.460732093099352  0.000000000000000  0.000000000000000  0.000000000000000  0.000000000000000  0.000000000000000  0.000000000000000  0.000000000000000  0.000000000000000  0.000000000000000  0.303759197976254  0.235696133979560  0.000000000000000  0.000000000000000  0.000000000000000  0.000000000000000  0.000000000000000  1.000000000000000  0.000000000000000  0.000000000000000  0.000000000000000  0.000000000000000  0.000000000000000  0.000000000000000  0.128692510429250  1.000000000000000  1.000000000000000 
51.0    L  0.000000000000000  0.000000000000000  0.000000000000000  0.000000000000000  0.042955896736626  0.000000000000000  0.000000000000000  0.084553014440642  0.000000000000000  0.872362705770759  0.000000000000000  0.000000000000000  0.000000000000000  0.000000000000000  0.000000000000000  0.000000000000000  0.000000000000000  0.000000000000000  0.000000000000000  0.000000000000000  1.000000000000000  0.000000000000000  0.000000000000000  0.000000000000000  0.000000000000000  0.000000000000000  0.000000000000000  0.128692510429250  1.000000000000000  1.000000000000000 
52.0    W  0.000000000000000  0.000000000000000  0.000000000000000  0.395842932935636  0.000000000000000  0.000000000000000  0.065607292726442  0.047366142703450  0.084553014440642  0.065835064747177  0.052701944390632  0.000000000000000  0.000000000000000  0.132585967671027  0.000000000000000  0.000000000000000  0.000000000000000  0.000000000000000  0.155501456662309  0.000000000000000  1.000000000000000  0.000000000000000  0.000000000000000  0.000000000000000  0.000000000000000  0.000000000000000  0.000000000000000  0.128692510429250  1.000000000000000  1.000000000000000 
53.0    E  0.000000000000000  0.000000000000000  0.000000000000000  0.915733686418126  0.000000000000000  0.000000000000000  0.000000000000000  0.000000000000000  0.000000000000000  0.000000000000000  0.000000000000000  0.000000000000000  0.000000000000000  0.084553014440642  0.000000000000000  0.000000000000000  0.000000000000000  0.000000000000000  0.000000000000000  0.000000000000000  1.000000000000000  0.000000000000000  0.000000000000000  0.000000000000000  0.000000000000000  0.000000000000000  0.000000000000000  0.128692510429250  1.000000000000000  1.000000000000000 
54.0    E  0.000000000000000  0.000000000000000  0.000000000000000  0.799960128332753  0.000000000000000  0.000000000000000  0.000000000000000  0.000000000000000  0.041120453907157  0.000000000000000  0.000000000000000  0.000000000000000  0.000000000000000  0.158989125842947  0.000000000000000  0.000000000000000  0.000000000000000  0.000000000000000  0.000000000000000  0.000000000000000  1.000000000000000  0.000000000000000  0.000000000000000  0.000000000000000  0.000000000000000  0.000000000000000  0.000000000000000  0.128692510429250  1.000000000000000  1.000000000000000 
55.0    E  0.145087989297965  0.000000000000000  0.169223284881557  0.642603168734686  0.000000000000000  0.000000000000000  0.000000000000000  0.000000000000000  0.000000000000000  0.000000000000000  0.000000000000000  0.000000000000000  0.000000000000000  0.042955896736626  0.000000000000000  0.000000000000000  0.000000000000000  0.000000000000000  0.000000000000000  0.000000000000000  1.000000000000000  0.000000000000000  0.000000000000000  0.000000000000000  0.000000000000000  0.000000000000000  0.000000000000000  0.128692510429250  1.000000000000000  1.000000000000000 
56.0    F  0.000000000000000  0.000000000000000  0.000000000000000  0.000000000000000  0.523768063549899  0.000000000000000  0.000000000000000  0.038499939795180  0.000000000000000  0.353063601096189  0.000000000000000  0.000000000000000  0.000000000000000  0.000000000000000  0.000000000000000  0.000000000000000  0.000000000000000  0.000000000000000  0.000000000000000  0.084553014440642  1.000000000000000  0.000000000000000  0.000000000000000  0.000000000000000  0.000000000000000  0.000000000000000  0.000000000000000  0.128692510429250  1.000000000000000  1.000000000000000 
57.0    I  0.000000000000000  0.000000000000000  0.000000000000000  0.000000000000000  0.000000000000000  0.000000000000000  0.000000000000000  0.295452886733591  0.000000000000000  0.273573425315185  0.378404198242395  0.000000000000000  0.000000000000000  0.000000000000000  0.000000000000000  0.000000000000000  0.052701944390632  0.000000000000000  0.000000000000000  0.000000000000000  1.000000000000000  0.000000000000000  0.000000000000000  0.000000000000000  0.000000000000000  0.000000000000000  0.000000000000000  0.128692510429250  1.000000000000000  1.000000000000000 
58.0    E  0.000000000000000  0.000000000000000  0.140729823267095  0.658839975867070  0.000000000000000  0.000000000000000  0.000000000000000  0.000000000000000  0.071743900865938  0.000000000000000  0.042955896736626  0.000000000000000  0.000000000000000  0.038499939795180  0.047366142703450  0.000000000000000  0.000000000000000  0.000000000000000  0.000000000000000  0.000000000000000  1.000000000000000  0.000000000000000  0.000000000000000  0.000000000000000  0.000000000000000  0.000000000000000  0.000000000000000  0.128692510429250  1.000000000000000  1.000000000000000 
59.0    R  0.039445376003504  0.000000000000000  0.000000000000000  0.248617542168304  0.000000000000000  0.000000000000000  0.000000000000000  0.000000000000000  0.000000000000000  0.000000000000000  0.000000000000000  0.047366142703450  0.000000000000000  0.299162240807679  0.265539796623843  0.042955896736626  0.000000000000000  0.000000000000000  0.000000000000000  0.056995822844986  1.000000000000000  0.000000000000000  0.000000000000000  0.000000000000000  0.000000000000000  0.000000000000000  0.000000000000000  0.128692510429250  1.000000000000000  1.000000000000000 
60.0    C  0.000000000000000  1.000000000000000  0.000000000000000  0.000000000000000  0.000000000000000  0.000000000000000  0.000000000000000  0.000000000000000  0.000000000000000  0.000000000000000  0.000000000000000  0.000000000000000  0.000000000000000  0.000000000000000  0.000000000000000  0.000000000000000  0.000000000000000  0.000000000000000  0.000000000000000  0.000000000000000  1.000000000000000  0.000000000000000  0.000000000000000  0.000000000000000  0.000000000000000  0.000000000000000  0.000000000000000  0.128692510429250  1.000000000000000  1.000000000000000 
61.0    F  0.000000000000000  0.000000000000000  0.000000000000000  0.000000000000000  0.442270217665770  0.000000000000000  0.000000000000000  0.352086056728020  0.000000000000000  0.129677492070701  0.039445376003504  0.000000000000000  0.000000000000000  0.000000000000000  0.000000000000000  0.000000000000000  0.000000000000000  0.036347501298370  0.000000000000000  0.000000000000000  1.000000000000000  0.000000000000000  0.000000000000000  0.000000000000000  0.000000000000000  0.000000000000000  0.000000000000000  0.128692510429250  1.000000000000000  1.000000000000000 
62.0    Q  0.000000000000000  0.000000000000000  0.030628106729433  0.522680050102582  0.000000000000000  0.000000000000000  0.000000000000000  0.000000000000000  0.052701944390632  0.036347501298370  0.000000000000000  0.000000000000000  0.000000000000000  0.357744130005728  0.000000000000000  0.000000000000000  0.000000000000000  0.000000000000000  0.000000000000000  0.000000000000000  1.000000000000000  0.000000000000000  0.000000000000000  0.000000000000000  0.000000000000000  0.000000000000000  0.000000000000000  0.128692510429250  1.000000000000000  1.000000000000000 
63.0    E  0.391477148128271  0.000000000000000  0.141512362763834  0.376572616658453  0.000000000000000  0.000000000000000  0.000000000000000  0.000000000000000  0.000000000000000  0.000000000000000  0.000000000000000  0.000000000000000  0.000000000000000  0.090308149870220  0.000000000000000  0.000000000000000  0.000000000000000  0.000000000000000  0.000000000000000  0.000000000000000  1.000000000000000  0.000000000000000  0.000000000000000  0.000000000000000  0.000000000000000  0.000000000000000  0.000000000000000  0.128692510429250  1.000000000000000  1.000000000000000 
64.0    M  0.000000000000000  0.000000000000000  0.000000000000000  0.000000000000000  0.000000000000000  0.000000000000000  0.000000000000000  0.000000000000000  0.000000000000000  0.126657112519886  0.873572895916694  0.000000000000000  0.000000000000000  0.000000000000000  0.000000000000000  0.000000000000000  0.000000000000000  0.000000000000000  0.000000000000000  0.000000000000000  1.000000000000000  0.000000000000000  0.000000000000000  0.000000000000000  0.000000000000000  0.000000000000000  0.000000000000000  0.128692510429250  1.000000000000000  1.000000000000000 
65.0    L  0.000000000000000  0.000000000000000  0.000000000000000  0.000000000000000  0.000000000000000  0.000000000000000  0.000000000000000  0.000000000000000  0.000000000000000  0.684916489982783  0.178006274449634  0.000000000000000  0.000000000000000  0.000000000000000  0.000000000000000  0.000000000000000  0.000000000000000  0.000000000000000  0.137261601723381  0.000000000000000  1.000000000000000  0.000000000000000  0.000000000000000  0.000000000000000  0.000000000000000  0.000000000000000  0.000000000000000  0.128692510429250  1.000000000000000  1.000000000000000 
66.0    E  0.049721030234682  0.000000000000000  0.226408495754456  0.448133349784702  0.000000000000000  0.000000000000000  0.034939432842683  0.000000000000000  0.000000000000000  0.039445376003504  0.047596523115727  0.084553014440642  0.000000000000000  0.069156084568267  0.000000000000000  0.000000000000000  0.000000000000000  0.000000000000000  0.000000000000000  0.000000000000000  0.808881348361739  0.000000000000000  0.191179534735346  0.000000000000000  0.000000000000000  0.000000000000000  0.000000000000000  0.128692510429250  1.000000000000000  1.000000000000000 
67.0    E  0.000000000000000  0.000000000000000  0.369846877312209  0.630251695791493  0.000000000000000  0.000000000000000  0.000000000000000  0.000000000000000  0.000000000000000  0.000000000000000  0.000000000000000  0.000000000000000  0.000000000000000  0.000000000000000  0.000000000000000  0.000000000000000  0.000000000000000  0.000000000000000  0.000000000000000  0.000000000000000  1.000000000000000  0.000000000000000  0.000000000000000  0.000000000000000  0.000000000000000  1.000000000000000  0.000000000000000  0.116225617826645  1.000000000000000  0.381036207584942 
68.0    E  0.000000000000000  0.000000000000000  0.000000000000000  1.000000000000000  0.000000000000000  0.000000000000000  0.000000000000000  0.000000000000000  0.000000000000000  0.000000000000000  0.000000000000000  0.000000000000000  0.000000000000000  0.000000000000000  0.000000000000000  0.000000000000000  0.000000000000000  0.000000000000000  0.000000000000000  0.000000000000000  0.861546159712017  0.000000000000000  0.138216331665034  0.000000000000000  0.000000000000000  0.000000000000000  0.000000000000000  0.128692510429250  1.000000000000000  1.000000000000000 
69.0    E  0.097869287032068  0.000000000000000  0.000000000000000  0.497235084336607  0.000000000000000  0.000000000000000  0.000000000000000  0.036423162441705  0.000000000000000  0.113597264556065  0.052192994964273  0.042247213532129  0.025155191800660  0.049172652834598  0.086269834587289  0.000000000000000  0.000000000000000  0.000000000000000  0.000000000000000  0.000000000000000  0.932386486436833  0.000000000000000  0.067405026980903  0.000000000000000  0.000000000000000  1.000000000000000  0.000000000000000  0.139177702278586  1.000000000000000  0.426317445883978 
70.0    E  0.148857106170621  0.000000000000000  0.277969789379277  0.302708270987638  0.000000000000000  0.000000000000000  0.045436641166260  0.000000000000000  0.000000000000000  0.000000000000000  0.000000000000000  0.000000000000000  0.000000000000000  0.138024855895387  0.087050717541815  0.000000000000000  0.000000000000000  0.000000000000000  0.000000000000000  0.000000000000000  0.923382310729395  0.076362068854594  0.000000000000000  0.333324669272800  0.666649338545599  0.511568734867216  0.488354264481114  0.133046272806670  0.479632059662632  0.473356815618357 
71.0    H  0.110261420649647  0.034963659407366  0.000000000000000  0.000000000000000  0.000000000000000  0.000000000000000  0.145793671223558  0.000000000000000  0.021823102069803  0.044470733163581  0.000000000000000  0.098686735837569  0.000000000000000  0.221749076288037  0.055822865772048  0.108668070011253  0.000000000000000  0.086210057614191  0.044132950137024  0.027546254934599  0.946713631236714  0.053474689105163  0.000000000000000  1.000000000000000  0.000000000000000  0.000000000000000  1.000000000000000  0.105989995579143  0.497235084336607  0.497235084336607 
72.0    E  0.000000000000000  0.000000000000000  0.223911417522712  0.463615273217731  0.000000000000000  0.044470733163581  0.000000000000000  0.000000000000000  0.000000000000000  0.000000000000000  0.000000000000000  0.000000000000000  0.000000000000000  0.075939799494064  0.000000000000000  0.032826392000336  0.032195436050627  0.126920762608679  0.000000000000000  0.000000000000000  0.917004043204671  0.082698214994258  0.000000000000000  0.100203166174924  0.900001929793512  0.000000000000000  1.000000000000000  0.105989995579143  0.480630464194381  0.497235084336607 
73.0    W  0.081842838942723  0.000000000000000  0.000000000000000  0.000000000000000  0.000000000000000  0.089622203000989  0.000000000000000  0.000000000000000  0.033749267494778  0.047894373756493  0.000000000000000  0.000000000000000  0.000000000000000  0.000000000000000  0.141022767182064  0.000000000000000  0.061171353149840  0.056406295466402  0.488354264481114  0.000000000000000  1.000000000000000  0.000000000000000  0.000000000000000  0.000000000000000  0.000000000000000  0.000000000000000  1.000000000000000  0.107842668067832  1.000000000000000  0.497235084336607 
74.0    F  0.000000000000000  0.000000000000000  0.000000000000000  0.046038990181765  0.423079298300145  0.000000000000000  0.089622203000989  0.000000000000000  0.000000000000000  0.000000000000000  0.115342811581725  0.086930123231874  0.000000000000000  0.069492447344819  0.000000000000000  0.056406295466402  0.040274207202657  0.041579032533771  0.000000000000000  0.031423768137452  0.879649075922436  0.120658378108970  0.000000000000000  0.065244495463857  0.934975197751455  0.000000000000000  1.000000000000000  0.107842668067832  0.462973011263662  0.497235084336607 
75.0    I  0.056250120612095  0.000000000000000  0.043105028807096  0.041955390711883  0.000000000000000  0.000000000000000  0.000000000000000  0.435577096071128  0.086210057614191  0.000000000000000  0.000000000000000  0.092141826080694  0.000000000000000  0.000000000000000  0.000000000000000  0.212126975426474  0.000000000000000  0.000000000000000  0.000000000000000  0.032735503971869  0.913831450229400  0.000000000000000  0.086210057614191  0.000000000000000  0.000000000000000  0.000000000000000  1.000000000000000  0.110261420649647  1.000000000000000  0.478635729097649 
76.0    P  0.070854338298651  0.000000000000000  0.000000000000000  0.000000000000000  0.000000000000000  0.000000000000000  0.000000000000000  0.000000000000000  0.000000000000000  0.000000000000000  0.000000000000000  0.063901783163120  0.603321959860381  0.000000000000000  0.000000000000000  0.160094982666221  0.101742898133804  0.000000000000000  0.000000000000000  0.000000000000000  0.837987134667949  0.063240825064183  0.098481735756168  0.333324669272800  0.666649338545599  0.493458272942921  0.506277403675246  0.115103212150630  0.497235084336607  0.440740078953585 
77.0    A  0.446582926176380  0.000000000000000  0.000000000000000  0.071001829049168  0.000000000000000  0.000000000000000  0.062068280964815  0.000000000000000  0.000000000000000  0.000000000000000  0.000000000000000  0.000000000000000  0.107395094368398  0.000000000000000  0.000000000000000  0.182757181050004  0.069588851139293  0.060496689180859  0.000000000000000  0.000000000000000  0.940826107513788  0.000000000000000  0.059210629412454  0.000000000000000  0.000000000000000  0.000000000000000  1.000000000000000  0.127538082406057  1.000000000000000  0.437999157533563 
78.0    R  0.000000000000000  0.000000000000000  0.000000000000000  0.072896835611779  0.000000000000000  0.100411749594629  0.000000000000000  0.000000000000000  0.149063609041329  0.000000000000000  0.000000000000000  0.000000000000000  0.000000000000000  0.000000000000000  0.518350550509860  0.000000000000000  0.098413497071150  0.061001985048514  0.000000000000000  0.000000000000000  1.000000000000000  0.000000000000000  0.000000000000000  0.000000000000000  0.000000000000000  0.225781627537956  0.774319027853220  0.147113342152346  1.000000000000000  0.416676603579609 
79.0    D  0.000000000000000  0.000000000000000  0.467163673441590  0.086749544938474  0.000000000000000  0.043164826504496  0.000000000000000  0.069588851139293  0.000000000000000  0.000000000000000  0.000000000000000  0.165052855126875  0.059210629412454  0.000000000000000  0.000000000000000  0.056602123938614  0.052337905469277  0.000000000000000  0.000000000000000  0.000000000000000  0.901250462610830  0.000000000000000  0.098686735837569  0.000000000000000  0.000000000000000  0.000000000000000  1.000000000000000  0.127538082406057  1.000000000000000  0.437999157533563 
80.0    L  0.000000000000000  0.000000000000000  0.000000000000000  0.000000000000000  0.000000000000000  0.068630800861691  0.000000000000000  0.139467415290621  0.000000000000000  0.615145672375572  0.060706718471352  0.000000000000000  0.000000000000000  0.000000000000000  0.000000000000000  0.000000000000000  0.049446081324091  0.066661611301985  0.000000000000000  0.000000000000000  0.920187650624875  0.000000000000000  0.079660039207454  0.000000000000000  0.000000000000000  0.000000000000000  1.000000000000000  0.152512563784028  1.000000000000000  0.403880388804804 
81.0    P  0.034530140149997  0.116306207212877  0.000000000000000  0.000000000000000  0.000000000000000  0.000000000000000  0.000000000000000  0.000000000000000  0.000000000000000  0.000000000000000  0.000000000000000  0.000000000000000  0.774855930959171  0.000000000000000  0.000000000000000  0.000000000000000  0.000000000000000  0.074583483939483  0.000000000000000  0.000000000000000  0.941478464541206  0.058638824781292  0.000000000000000  1.000000000000000  0.000000000000000  0.151459082553780  0.848507901705896  0.166777896209721  0.489031736723670  0.383420664918273 
82.0    Q  0.000000000000000  0.000000000000000  0.117521775313641  0.117603263439223  0.000000000000000  0.000000000000000  0.000000000000000  0.000000000000000  0.000000000000000  0.000000000000000  0.000000000000000  0.000000000000000  0.067873866020143  0.331941289595609  0.068916822691807  0.242490477585434  0.000000000000000  0.000000000000000  0.000000000000000  0.053734780390188  0.911933165519769  0.048765342510856  0.039554893561571  1.000000000000000  0.000000000000000  0.000000000000000  1.000000000000000  0.159873197659679  0.500000000000000  0.401368694357977 
83.0    T  0.196418129166895  0.000000000000000  0.070364911633548  0.070560275300383  0.000000000000000  0.193445624192799  0.000000000000000  0.000000000000000  0.000000000000000  0.000000000000000  0.000000000000000  0.111878133865997  0.000000000000000  0.000000000000000  0.020460709735681  0.065380308737033  0.212126975426474  0.059251685320540  0.000000000000000  0.000000000000000  0.929160674250913  0.000000000000000  0.070560275300383  0.000000000000000  0.000000000000000  0.106431713468618  0.893785162356787  0.161432168787792  1.000000000000000  0.389312345530831 
84.0    M  0.053772039413215  0.000000000000000  0.000000000000000  0.000000000000000  0.060664654360597  0.064079202368037  0.000000000000000  0.095193046231454  0.000000000000000  0.256672386430000  0.113125807860363  0.079604842207906  0.000000000000000  0.000000000000000  0.000000000000000  0.000000000000000  0.000000000000000  0.277008086966231  0.000000000000000  0.000000000000000  1.000000000000000  0.000000000000000  0.000000000000000  0.000000000000000  0.000000000000000  0.418123199957031  0.581963267201068  0.168754748140343  1.000000000000000  0.383420664918273 
85.0    D  0.147931377719071  0.000000000000000  0.122767449407924  0.055398856199679  0.000000000000000  0.255961725107111  0.000000000000000  0.000000000000000  0.000000000000000  0.000000000000000  0.000000000000000  0.111878133865997  0.000000000000000  0.000000000000000  0.034698088550895  0.271495464080574  0.000000000000000  0.000000000000000  0.000000000000000  0.000000000000000  1.000000000000000  0.000000000000000  0.000000000000000  0.000000000000000  0.000000000000000  0.000000000000000  1.000000000000000  0.149477474597016  1.000000000000000  0.435275281648062 
86.0    Q  0.000000000000000  0.000000000000000  0.000000000000000  0.325335463860483  0.000000000000000  0.062456693311903  0.026187097958373  0.000000000000000  0.000000000000000  0.000000000000000  0.000000000000000  0.056916864599499  0.000000000000000  0.393926943024673  0.038393343138927  0.049104532291724  0.047662551664259  0.000000000000000  0.000000000000000  0.000000000000000  1.000000000000000  0.000000000000000  0.000000000000000  0.000000000000000  0.000000000000000  0.789493886700555  0.210369870571345  0.155933196489256  1.000000000000000  0.435275281648062 
87.0    I  0.062111318332660  0.000000000000000  0.000000000000000  0.000000000000000  0.000000000000000  0.000000000000000  0.000000000000000  0.365261094636419  0.000000000000000  0.491410299272626  0.000000000000000  0.000000000000000  0.000000000000000  0.048060650977196  0.000000000000000  0.000000000000000  0.000000000000000  0.033146491917757  0.000000000000000  0.000000000000000  1.000000000000000  0.000000000000000  0.000000000000000  0.000000000000000  0.000000000000000  0.000000000000000  1.000000000000000  0.124136561929630  1.000000000000000  0.500000000000000 
88.0    Q  0.000000000000000  0.087352935740692  0.000000000000000  0.000000000000000  0.000000000000000  0.000000000000000  0.000000000000000  0.000000000000000  0.000000000000000  0.000000000000000  0.053437636118248  0.187245116803023  0.000000000000000  0.619424348891954  0.000000000000000  0.052519609514580  0.000000000000000  0.000000000000000  0.000000000000000  0.000000000000000  1.000000000000000  0.000000000000000  0.000000000000000  0.000000000000000  0.000000000000000  0.000000000000000  1.000000000000000  0.124136561929630  1.000000000000000  0.500000000000000 
89.0    D  0.039091533753540  0.000000000000000  0.185051662250006  0.000000000000000  0.000000000000000  0.000000000000000  0.000000000000000  0.000000000000000  0.000000000000000  0.000000000000000  0.000000000000000  0.154427329640866  0.000000000000000  0.393108646070166  0.000000000000000  0.100133734698703  0.048060650977196  0.080158537672641  0.000000000000000  0.000000000000000  0.960594863953477  0.000000000000000  0.039336161672027  0.000000000000000  0.000000000000000  0.000000000000000  1.000000000000000  0.124136561929630  1.000000000000000  0.500000000000000 
90.0    Q  0.091568804663209  0.000000000000000  0.000000000000000  0.102663837594008  0.000000000000000  0.000000000000000  0.000000000000000  0.056956330039821  0.063724855187387  0.000000000000000  0.054674047806614  0.000000000000000  0.000000000000000  0.630251695791493  0.000000000000000  0.000000000000000  0.000000000000000  0.000000000000000  0.000000000000000  0.000000000000000  1.000000000000000  0.000000000000000  0.000000000000000  0.000000000000000  0.000000000000000  0.509798841499095  0.490049707670935  0.125869443757090  1.000000000000000  0.482299092292069 
91.0    F  0.000000000000000  0.000000000000000  0.000000000000000  0.000000000000000  0.082755556899712  0.000000000000000  0.000000000000000  0.097801472717064  0.000000000000000  0.590905773467183  0.000000000000000  0.000000000000000  0.000000000000000  0.000000000000000  0.000000000000000  0.040808118346529  0.139467415290621  0.048495678392179  0.000000000000000  0.000000000000000  1.000000000000000  0.000000000000000  0.000000000000000  0.000000000000000  0.000000000000000  0.000000000000000  1.000000000000000  0.124136561929630  1.000000000000000  0.500000000000000 
92.0    N  0.000000000000000  0.000000000000000  0.100133734698703  0.062111318332660  0.000000000000000  0.000000000000000  0.028399316139016  0.000000000000000  0.039336161672027  0.000000000000000  0.000000000000000  0.400257405328151  0.000000000000000  0.000000000000000  0.000000000000000  0.321078952247356  0.048495678392179  0.000000000000000  0.000000000000000  0.000000000000000  1.000000000000000  0.000000000000000  0.000000000000000  0.000000000000000  0.000000000000000  0.000000000000000  1.000000000000000  0.124136561929630  1.000000000000000  0.500000000000000 
93.0    D  0.148136596367698  0.000000000000000  0.144786600774330  0.000000000000000  0.000000000000000  0.243669907722887  0.000000000000000  0.000000000000000  0.000000000000000  0.075102253095428  0.000000000000000  0.149166967878965  0.000000000000000  0.000000000000000  0.000000000000000  0.193848301586751  0.000000000000000  0.045248067886861  0.000000000000000  0.000000000000000  0.951318276331799  0.048495678392179  0.000000000000000  0.199990032083188  0.799960128332753  0.000000000000000  1.000000000000000  0.124136561929630  0.497235084336607  0.500000000000000 
94.0    L  0.000000000000000  0.000000000000000  0.000000000000000  0.000000000000000  0.000000000000000  0.000000000000000  0.000000000000000  0.000000000000000  0.000000000000000  0.709070017839729  0.062111318332660  0.000000000000000  0.040808118346529  0.039336161672027  0.000000000000000  0.000000000000000  0.100133734698703  0.048495678392179  0.000000000000000  0.000000000000000  0.919550046151658  0.000000000000000  0.080158537672641  0.000000000000000  0.000000000000000  0.000000000000000  1.000000000000000  0.124136561929630  1.000000000000000  0.500000000000000 
95.0    V  0.192375902520108  0.051367511705928  0.000000000000000  0.000000000000000  0.000000000000000  0.025418099941629  0.000000000000000  0.000000000000000  0.177267504459932  0.000000000000000  0.000000000000000  0.000000000000000  0.054371709544291  0.064079202368037  0.043949787497285  0.226251615720726  0.024163948045479  0.140729823267095  0.000000000000000  0.000000000000000  1.000000000000000  0.000000000000000  0.000000000000000  0.000000000000000  0.000000000000000  0.000000000000000  1.000000000000000  0.130127699710514  1.000000000000000  0.462652214018926 
96.0    I  0.000000000000000  0.000000000000000  0.000000000000000  0.000000000000000  0.000000000000000  0.000000000000000  0.000000000000000  0.326464946772229  0.054371709544291  0.222056698960601  0.095325103328518  0.000000000000000  0.000000000000000  0.000000000000000  0.000000000000000  0.000000000000000  0.000000000000000  0.301660979930191  0.000000000000000  0.000000000000000  1.000000000000000  0.000000000000000  0.000000000000000  0.000000000000000  0.000000000000000  0.000000000000000  1.000000000000000  0.130127699710514  1.000000000000000  0.462652214018926 
97.0    S  0.016265962463814  0.000000000000000  0.171823586946504  0.107395094368398  0.000000000000000  0.094535499830248  0.051367511705928  0.000000000000000  0.000000000000000  0.000000000000000  0.000000000000000  0.063284675459406  0.000000000000000  0.043949787497285  0.000000000000000  0.353308410970682  0.098073012237094  0.000000000000000  0.000000000000000  0.000000000000000  0.682546858942583  0.064079202368037  0.253489869947507  1.000000000000000  0.000000000000000  0.000000000000000  1.000000000000000  0.130127699710514  0.497235084336607  0.462652214018926 
98.0    E  0.000000000000000  0.083273426568251  0.383952567425525  0.203344799533031  0.000000000000000  0.000000000000000  0.000000000000000  0.000000000000000  0.000000000000000  0.066384949155961  0.000000000000000  0.262975444800968  0.000000000000000  0.000000000000000  0.000000000000000  0.000000000000000  0.000000000000000  0.000000000000000  0.000000000000000  0.000000000000000  0.803293996757034  0.196690611338391  0.000000000000000  0.166546853136503  0.833353207159218  0.000000000000000  1.000000000000000  0.161544103829687  0.474342157570227  0.375790369516391 
99.0    G  0.133600748901376  0.000000000000000  0.066384949155961  0.033585911651734  0.000000000000000  0.471392267959120  0.000000000000000  0.000000000000000  0.000000000000000  0.000000000000000  0.000000000000000  0.073505703143185  0.092975860152157  0.000000000000000  0.000000000000000  0.056838015737546  0.071644511608024  0.000000000000000  0.000000000000000  0.000000000000000  0.700763724540373  0.193043783272946  0.105989995579143  0.405844790488639  0.594191552528466  0.000000000000000  1.000000000000000  0.161544103829687  0.461371246326899  0.375790369516391 
100.0    S  0.000000000000000  0.229251010801168  0.000000000000000  0.000000000000000  0.000000000000000  0.042718357873182  0.199712979112287  0.000000000000000  0.000000000000000  0.000000000000000  0.000000000000000  0.000000000000000  0.081616236693057  0.000000000000000  0.152301282959399  0.294430697398745  0.000000000000000  0.000000000000000  0.000000000000000  0.000000000000000  0.857970530428691  0.142200653484063  0.000000000000000  0.500000000000000  0.500000000000000  0.257742079698697  0.742261785314525  0.163685677885446  0.476649272644080  0.336808394216423 
101.0    S  0.000000000000000  0.000000000000000  0.030185510278901  0.030248344590429  0.000000000000000  0.020574483157176  0.000000000000000  0.071644511608024  0.000000000000000  0.033585911651734  0.000000000000000  0.223911417522712  0.000000000000000  0.179742066605870  0.000000000000000  0.365008002663630  0.000000000000000  0.045091521464426  0.000000000000000  0.000000000000000  0.823591017267573  0.176287245060549  0.000000000000000  0.062025273417864  0.938221196500671  0.148857106170621  0.850863729506541  0.161544103829687  0.471065636952404  0.375790369516391 
102.0    L  0.222827623974243  0.091568804663209  0.000000000000000  0.000000000000000  0.000000000000000  0.000000000000000  0.000000000000000  0.000000000000000  0.000000000000000  0.232773704957557  0.000000000000000  0.000000000000000  0.109575715164504  0.000000000000000  0.000000000000000  0.277969789379277  0.065154110052570  0.000000000000000  0.000000000000000  0.000000000000000  1.000000000000000  0.000000000000000  0.000000000000000  0.000000000000000  0.000000000000000  0.865136690584988  0.134810053961806  0.148753962038334  1.000000000000000  0.394200087028139 
103.0    E  0.000000000000000  0.000000000000000  0.233258247884202  0.382889499273596  0.000000000000000  0.000000000000000  0.000000000000000  0.000000000000000  0.133600748901376  0.048495678392179  0.000000000000000  0.000000000000000  0.052519609514580  0.110185019738396  0.000000000000000  0.039091533753540  0.000000000000000  0.000000000000000  0.000000000000000  0.000000000000000  1.000000000000000  0.000000000000000  0.000000000000000  0.000000000000000  0.000000000000000  0.000000000000000  1.000000000000000  0.124136561929630  1.000000000000000  0.500000000000000 
104.0    D  0.039336161672027  0.096588818705998  0.487677730763821  0.160650792183672  0.000000000000000  0.000000000000000  0.045248067886861  0.000000000000000  0.000000000000000  0.000000000000000  0.000000000000000  0.000000000000000  0.000000000000000  0.000000000000000  0.101180277068426  0.028399316139016  0.000000000000000  0.040808118346529  0.000000000000000  0.000000000000000  0.946713631236714  0.053437636118248  0.000000000000000  1.000000000000000  0.000000000000000  0.000000000000000  1.000000000000000  0.124136561929630  0.497235084336607  0.500000000000000 
105.0    L  0.040808118346529  0.000000000000000  0.000000000000000  0.000000000000000  0.000000000000000  0.000000000000000  0.000000000000000  0.175921046915675  0.000000000000000  0.346517471412604  0.026718818059124  0.179866697501352  0.000000000000000  0.000000000000000  0.000000000000000  0.100133734698703  0.000000000000000  0.130037533315248  0.000000000000000  0.000000000000000  0.960594863953477  0.039091533753540  0.000000000000000  0.333324669272800  0.666649338545599  0.000000000000000  1.000000000000000  0.124136561929630  0.500000000000000  0.500000000000000 
106.0    V  0.235696133979560  0.000000000000000  0.000000000000000  0.000000000000000  0.000000000000000  0.000000000000000  0.000000000000000  0.000000000000000  0.000000000000000  0.201800268626191  0.000000000000000  0.000000000000000  0.000000000000000  0.000000000000000  0.050380176968310  0.000000000000000  0.000000000000000  0.512278411516401  0.000000000000000  0.000000000000000  0.896888159662015  0.103306289769276  0.000000000000000  0.090936292727172  0.908778116448520  0.482633512435878  0.517632461920689  0.126131454230585  0.476649272644080  0.484309094613314 
107.0    V  0.000000000000000  0.000000000000000  0.048900736358532  0.184411432135355  0.000000000000000  0.000000000000000  0.000000000000000  0.024348893114391  0.141218401821265  0.100411749594629  0.000000000000000  0.000000000000000  0.000000000000000  0.034149304346905  0.072997962163320  0.151669195031087  0.045752677998301  0.196146024474188  0.000000000000000  0.000000000000000  1.000000000000000  0.000000000000000  0.000000000000000  0.125000000000000  0.874784764905822  0.000000000000000  1.000000000000000  0.124136561929630  0.500000000000000  0.500000000000000 
108.0    K  0.000000000000000  0.000000000000000  0.048900736358532  0.153573372555706  0.000000000000000  0.045752677998301  0.000000000000000  0.000000000000000  0.444113397921202  0.000000000000000  0.000000000000000  0.178500497460633  0.000000000000000  0.129139298460517  0.000000000000000  0.000000000000000  0.000000000000000  0.000000000000000  0.000000000000000  0.000000000000000  1.000000000000000  0.000000000000000  0.000000000000000  0.000000000000000  0.000000000000000  1.000000000000000  0.000000000000000  0.124136561929630  1.000000000000000  0.500000000000000 
109.0    S  0.043980261728919  0.000000000000000  0.000000000000000  0.097801472717064  0.000000000000000  0.000000000000000  0.000000000000000  0.000000000000000  0.000000000000000  0.000000000000000  0.000000000000000  0.000000000000000  0.000000000000000  0.000000000000000  0.000000000000000  0.857970530428691  0.000000000000000  0.000000000000000  0.000000000000000  0.000000000000000  1.000000000000000  0.000000000000000  0.000000000000000  0.000000000000000  0.000000000000000  0.000000000000000  0.000000000000000  0.122512426917734  1.000000000000000  1.000000000000000 
110.0    N  0.000000000000000  0.000000000000000  0.000000000000000  0.000000000000000  0.000000000000000  0.043980261728919  0.097801472717064  0.033585911651734  0.060748811748835  0.036600318163088  0.000000000000000  0.235859562723840  0.000000000000000  0.000000000000000  0.000000000000000  0.151564102382717  0.292802545304702  0.047006367230897  0.000000000000000  0.000000000000000  1.000000000000000  0.000000000000000  0.000000000000000  0.000000000000000  0.000000000000000  0.000000000000000  0.000000000000000  0.122512426917734  1.000000000000000  1.000000000000000 
111.0    L  0.000000000000000  0.000000000000000  0.000000000000000  0.000000000000000  0.000000000000000  0.000000000000000  0.000000000000000  0.000000000000000  0.000000000000000  0.955945317593742  0.000000000000000  0.000000000000000  0.000000000000000  0.000000000000000  0.000000000000000  0.000000000000000  0.000000000000000  0.043980261728919  0.000000000000000  0.000000000000000  1.000000000000000  0.000000000000000  0.000000000000000  0.000000000000000  0.000000000000000  0.000000000000000  0.000000000000000  0.122512426917734  1.000000000000000  1.000000000000000 
112.0    N  0.000000000000000  0.000000000000000  0.000000000000000  0.000000000000000  0.000000000000000  0.043980261728919  0.000000000000000  0.000000000000000  0.000000000000000  0.000000000000000  0.000000000000000  0.917639882311365  0.000000000000000  0.000000000000000  0.000000000000000  0.038340155539181  0.000000000000000  0.000000000000000  0.000000000000000  0.000000000000000  1.000000000000000  0.000000000000000  0.000000000000000  0.000000000000000  0.000000000000000  0.000000000000000  0.000000000000000  0.122512426917734  1.000000000000000  1.000000000000000 
113.0    P  0.000000000000000  0.000000000000000  0.000000000000000  0.000000000000000  0.000000000000000  0.043980261728919  0.000000000000000  0.000000000000000  0.000000000000000  0.000000000000000  0.000000000000000  0.000000000000000  0.955945317593742  0.000000000000000  0.000000000000000  0.000000000000000  0.000000000000000  0.000000000000000  0.000000000000000  0.000000000000000  1.000000000000000  0.000000000000000  0.000000000000000  0.000000000000000  0.000000000000000  0.000000000000000  0.000000000000000  0.122512426917734  1.000000000000000  1.000000000000000 
114.0    N  0.000000000000000  0.000000000000000  0.181117769319360  0.172898828626371  0.000000000000000  0.000000000000000  0.000000000000000  0.000000000000000  0.000000000000000  0.219607617059590  0.047006367230897  0.379454813243513  0.000000000000000  0.000000000000000  0.000000000000000  0.000000000000000  0.000000000000000  0.000000000000000  0.000000000000000  0.000000000000000  1.000000000000000  0.000000000000000  0.000000000000000  0.000000000000000  0.000000000000000  0.000000000000000  0.000000000000000  0.122512426917734  1.000000000000000  1.000000000000000 
115.0    A  0.917639882311365  0.000000000000000  0.000000000000000  0.000000000000000  0.000000000000000  0.043980261728919  0.000000000000000  0.000000000000000  0.000000000000000  0.000000000000000  0.000000000000000  0.000000000000000  0.038340155539181  0.000000000000000  0.000000000000000  0.000000000000000  0.000000000000000  0.000000000000000  0.000000000000000  0.000000000000000  1.000000000000000  0.000000000000000  0.000000000000000  0.000000000000000  0.000000000000000  0.000000000000000  0.000000000000000  0.122512426917734  1.000000000000000  1.000000000000000 
116.0    K  0.322193657621254  0.000000000000000  0.083620472174132  0.000000000000000  0.000000000000000  0.043980261728919  0.000000000000000  0.000000000000000  0.317097849831467  0.038340155539181  0.000000000000000  0.000000000000000  0.000000000000000  0.051012690384431  0.046134825177589  0.000000000000000  0.000000000000000  0.097801472717064  0.000000000000000  0.000000000000000  1.000000000000000  0.000000000000000  0.000000000000000  0.000000000000000  0.000000000000000  0.000000000000000  0.000000000000000  0.122512426917734  1.000000000000000  1.000000000000000 
117.0    E  0.038340155539181  0.000000000000000  0.000000000000000  0.758909626487027  0.000000000000000  0.043980261728919  0.000000000000000  0.000000000000000  0.000000000000000  0.000000000000000  0.000000000000000  0.000000000000000  0.000000000000000  0.000000000000000  0.000000000000000  0.097801472717064  0.000000000000000  0.060748811748835  0.000000000000000  0.000000000000000  1.000000000000000  0.000000000000000  0.000000000000000  0.000000000000000  0.000000000000000  0.000000000000000  0.000000000000000  0.122512426917734  1.000000000000000  1.000000000000000 
118.0    F  0.000000000000000  0.000000000000000  0.000000000000000  0.000000000000000  1.000000000000000  0.000000000000000  0.000000000000000  0.000000000000000  0.000000000000000  0.000000000000000  0.000000000000000  0.000000000000000  0.000000000000000  0.000000000000000  0.000000000000000  0.000000000000000  0.000000000000000  0.000000000000000  0.000000000000000  0.000000000000000  1.000000000000000  0.000000000000000  0.000000000000000  0.000000000000000  0.000000000000000  0.000000000000000  0.000000000000000  0.122512426917734  1.000000000000000  1.000000000000000 
119.0    V  0.043737058299850  0.000000000000000  0.000000000000000  0.035012162943568  0.000000000000000  0.000000000000000  0.000000000000000  0.278741554681924  0.000000000000000  0.000000000000000  0.000000000000000  0.000000000000000  0.000000000000000  0.000000000000000  0.000000000000000  0.000000000000000  0.000000000000000  0.642603168734686  0.000000000000000  0.000000000000000  1.000000000000000  0.000000000000000  0.000000000000000  0.000000000000000  0.000000000000000  0.000000000000000  0.000000000000000  0.122937759253281  1.000000000000000  1.000000000000000 
120.0    P  0.000000000000000  0.043737058299850  0.000000000000000  0.000000000000000  0.000000000000000  0.000000000000000  0.000000000000000  0.000000000000000  0.000000000000000  0.000000000000000  0.000000000000000  0.000000000000000  0.955945317593742  0.000000000000000  0.000000000000000  0.000000000000000  0.000000000000000  0.000000000000000  0.000000000000000  0.000000000000000  0.967947026893737  0.031906628928350  0.000000000000000  0.058842404033825  0.941478464541206  0.000000000000000  0.000000000000000  0.122937759253281  0.500000000000000  1.000000000000000 
121.0    G  0.089622203000989  0.000000000000000  0.000000000000000  0.000000000000000  0.000000000000000  0.447822835045425  0.000000000000000  0.000000000000000  0.000000000000000  0.000000000000000  0.000000000000000  0.000000000000000  0.000000000000000  0.049824529783784  0.270931491711195  0.141610485661975  0.000000000000000  0.000000000000000  0.000000000000000  0.000000000000000  1.000000000000000  0.000000000000000  0.000000000000000  0.000000000000000  0.000000000000000  0.000000000000000  0.000000000000000  0.123450107680672  1.000000000000000  1.000000000000000 
122.0    V  0.000000000000000  0.144987456813179  0.000000000000000  0.023880883136956  0.049275010878517  0.053586002289636  0.000000000000000  0.074531804520664  0.000000000000000  0.112578247480991  0.027242444985533  0.000000000000000  0.000000000000000  0.049824529783784  0.000000000000000  0.091441951294020  0.000000000000000  0.372677596699730  0.000000000000000  0.000000000000000  1.000000000000000  0.000000000000000  0.000000000000000  0.000000000000000  0.000000000000000  0.000000000000000  0.000000000000000  0.123450107680672  1.000000000000000  1.000000000000000 
123.0    K  0.000000000000000  0.000000000000000  0.112033337446176  0.000000000000000  0.000000000000000  0.000000000000000  0.054749894691695  0.000000000000000  0.523042469896265  0.049893649147291  0.000000000000000  0.000000000000000  0.000000000000000  0.052811649025782  0.158989125842947  0.000000000000000  0.000000000000000  0.048428495684948  0.000000000000000  0.000000000000000  1.000000000000000  0.000000000000000  0.000000000000000  0.000000000000000  0.000000000000000  0.000000000000000  0.000000000000000  0.132769898311922  1.000000000000000  1.000000000000000 
124.0    Y  0.000000000000000  0.000000000000000  0.000000000000000  0.000000000000000  0.000000000000000  0.000000000000000  0.122342706299679  0.000000000000000  0.000000000000000  0.000000000000000  0.000000000000000  0.000000000000000  0.000000000000000  0.000000000000000  0.000000000000000  0.218241897783441  0.138984894689638  0.073760896458513  0.000000000000000  0.446582926176380  0.431370672271328  0.568802613936252  0.000000000000000  0.333324669272800  0.666649338545599  0.000000000000000  0.000000000000000  0.226251615720726  0.499653546495226  1.000000000000000 
125.0    G  0.495514781632040  0.000000000000000  0.000000000000000  0.000000000000000  0.000000000000000  0.504525816922341  0.000000000000000  0.000000000000000  0.000000000000000  0.000000000000000  0.000000000000000  0.000000000000000  0.000000000000000  0.000000000000000  0.000000000000000  0.000000000000000  0.000000000000000  0.000000000000000  0.000000000000000  0.000000000000000  1.000000000000000  0.000000000000000  0.000000000000000  0.000000000000000  0.000000000000000  0.000000000000000  0.000000000000000  0.390934821564297  1.000000000000000  1.000000000000000 
126.0    N  0.000000000000000  0.000000000000000  0.000000000000000  0.000000000000000  0.000000000000000  0.000000000000000  0.000000000000000  0.000000000000000  0.000000000000000  0.000000000000000  0.000000000000000  1.000000000000000  0.000000000000000  0.000000000000000  0.000000000000000  0.000000000000000  0.000000000000000  0.000000000000000  0.000000000000000  0.000000000000000  1.000000000000000  0.000000000000000  0.000000000000000  0.000000000000000  0.000000000000000  0.000000000000000  0.000000000000000  0.500000000000000  1.000000000000000  1.000000000000000 
127.0    I  0.000000000000000  0.000000000000000  0.000000000000000  0.000000000000000  0.000000000000000  0.000000000000000  0.000000000000000  1.000000000000000  0.000000000000000  0.000000000000000  0.000000000000000  0.000000000000000  0.000000000000000  0.000000000000000  0.000000000000000  0.000000000000000  0.000000000000000  0.000000000000000  0.000000000000000  0.000000000000000  1.000000000000000  0.000000000000000  0.000000000000000  1.000000000000000  0.000000000000000  0.000000000000000  0.000000000000000  0.500000000000000  1.000000000000000  1.000000000000000 
