No:  residues  hmm_col_1  hmm_col_2  hmm_col_3  hmm_col_4  hmm_col_5  hmm_col_6  hmm_col_7  hmm_col_8  hmm_col_9  hmm_col_10  hmm_col_11  hmm_col_12  hmm_col_13  hmm_col_14  hmm_col_15  hmm_col_16  hmm_col_17  hmm_col_18  hmm_col_19  hmm_col_20  hmm_col_21   hmm_col_22   hmm_col_23   hmm_col_24   hmm_col_25   hmm_col_26   hmm_col_27   hmm_col_28   hmm_col_29   hmm_col_30   
1.0    G  0.044102370106522  0.000000000000000  0.028915763376183  0.123707082051901  0.000000000000000  0.702222437868999  0.000000000000000  0.000000000000000  0.052848267961095  0.000000000000000  0.000000000000000  0.000000000000000  0.000000000000000  0.000000000000000  0.017775081685508  0.030606884299591  0.000000000000000  0.000000000000000  0.000000000000000  0.000000000000000  0.991716730738293  0.000000000000000  0.008425628372613  0.000000000000000  0.000000000000000  0.000000000000000  0.000000000000000  0.164140140678019  1.000000000000000  1.000000000000000 
2.0    E  0.027223568504446  0.000000000000000  0.013322420183874  0.112033337446176  0.000000000000000  0.000000000000000  0.000000000000000  0.037891025595679  0.657927262514504  0.016886334406865  0.000000000000000  0.010152648925433  0.000000000000000  0.039940605100095  0.035698320214017  0.009220112057314  0.025898278265250  0.014004167180772  0.000000000000000  0.000000000000000  0.989656656415207  0.000000000000000  0.010180837104401  0.000000000000000  0.000000000000000  0.000000000000000  1.000000000000000  0.117766409238101  1.000000000000000  0.497924876547229 
3.0    L  0.047464740306704  0.028320685570854  0.000000000000000  0.009950605275988  0.015040538173465  0.000000000000000  0.000000000000000  0.022066475068512  0.004406961474439  0.844986384412514  0.000000000000000  0.000000000000000  0.000000000000000  0.000000000000000  0.000000000000000  0.000000000000000  0.007998803909597  0.019586453444386  0.000000000000000  0.000000000000000  0.997922718999051  0.000000000000000  0.001805982965066  0.000000000000000  0.000000000000000  1.000000000000000  0.000000000000000  0.117603263439223  1.000000000000000  0.493800430722686 
4.0    D  0.000000000000000  0.000000000000000  0.792784136610284  0.069878865685366  0.000000000000000  0.004842608202887  0.000000000000000  0.000000000000000  0.041349107497129  0.000000000000000  0.000000000000000  0.058153103606438  0.000000000000000  0.002699672278376  0.022686848123498  0.003627018954323  0.000000000000000  0.000000000000000  0.000000000000000  0.004180815228229  0.992404374685819  0.002699672278376  0.005168638437141  0.368056715542045  0.632001549226403  0.000000000000000  1.000000000000000  0.117603263439223  0.499653546495226  0.500000000000000 
5.0    R  0.298540796768647  0.010117523428550  0.049652150006007  0.097058609375130  0.000000000000000  0.012534080724258  0.000000000000000  0.006524124370534  0.181117769319360  0.003367748222725  0.001298444441584  0.009368280576493  0.000000000000000  0.047366142703450  0.125000000000000  0.084846561242500  0.065289735179014  0.007938047992138  0.000000000000000  0.000000000000000  0.996540262827868  0.003744529056613  0.000000000000000  0.494828328207603  0.504875648798343  0.114546080584419  0.885153764579545  0.118175264593843  0.496890546661277  0.493800430722686 
6.0    W  0.000000000000000  0.000000000000000  0.000000000000000  0.000000000000000  0.087474116599700  0.040162698045918  0.000000000000000  0.000000000000000  0.000000000000000  0.124481219136807  0.010005936416639  0.000000000000000  0.000000000000000  0.000000000000000  0.004262749519746  0.000000000000000  0.000000000000000  0.000000000000000  0.686818116714811  0.047038960856596  1.000000000000000  0.000000000000000  0.000000000000000  0.000000000000000  0.000000000000000  0.000000000000000  1.000000000000000  0.119327626767465  1.000000000000000  0.494485458190466 
7.0    E  0.000000000000000  0.009420373653834  0.030311309698179  0.866336856400087  0.000000000000000  0.022781396544009  0.000000000000000  0.006726165533898  0.012006837353813  0.000000000000000  0.000000000000000  0.000000000000000  0.000000000000000  0.046973796189549  0.000000000000000  0.000000000000000  0.000000000000000  0.000000000000000  0.005578140545645  0.000000000000000  0.994470168673214  0.005429368046259  0.000000000000000  1.000000000000000  0.000000000000000  0.000000000000000  1.000000000000000  0.119576019761484  0.498270131413934  0.494485458190466 
8.0    K  0.000000000000000  0.000000000000000  0.000000000000000  0.014812921330135  0.000000000000000  0.002510168627870  0.013965393161825  0.005463344073197  0.742776460330414  0.000000000000000  0.018123432101647  0.001916912234089  0.000000000000000  0.019984149707460  0.138120560599989  0.039802421103953  0.000000000000000  0.002485927607961  0.000000000000000  0.000000000000000  1.000000000000000  0.000000000000000  0.000000000000000  1.000000000000000  0.000000000000000  0.000000000000000  1.000000000000000  0.117929781361920  0.500000000000000  0.494485458190466 
9.0    I  0.000000000000000  0.000000000000000  0.000000000000000  0.000000000000000  0.000000000000000  0.018110874248507  0.000000000000000  0.720964435730112  0.005258984645612  0.006416489849626  0.024912264891892  0.018060729789919  0.000000000000000  0.000000000000000  0.005190178961314  0.000000000000000  0.001779885313744  0.196010113518935  0.003479269142995  0.000000000000000  0.991029563264079  0.003479269142995  0.005190178961314  0.210515738402104  0.789493886700555  1.000000000000000  0.000000000000000  0.118011552393781  0.492433221447775  0.494485458190466 
10.0    R  0.013649576498698  0.000000000000000  0.000000000000000  0.017701310707747  0.000000000000000  0.019196671569463  0.015843116871719  0.005313948642211  0.052012420919470  0.000000000000000  0.000000000000000  0.000000000000000  0.010223266183242  0.009598335784732  0.813943185070435  0.020067434515460  0.000000000000000  0.000000000000000  0.010941846256931  0.011280696840020  0.994470168673214  0.005863590224666  0.000000000000000  0.166662334636400  0.833353207159218  1.000000000000000  0.000000000000000  0.117521775313641  0.497579860910041  0.498270131413934 
11.0    L  0.003257543139941  0.000000000000000  0.000000000000000  0.000000000000000  0.009698652277548  0.003903543331994  0.000000000000000  0.027757087370075  0.000000000000000  0.891310495896971  0.000000000000000  0.017506081471784  0.000000000000000  0.000000000000000  0.010836179446339  0.000000000000000  0.000000000000000  0.031774208540374  0.000000000000000  0.004134704667481  0.988970916380931  0.010926688146394  0.000000000000000  0.423079298300145  0.577142708758419  0.000000000000000  0.000000000000000  0.118503370641081  0.493458272942921  1.000000000000000 
12.0    R  0.010851211998165  0.000000000000000  0.000000000000000  0.003958034766246  0.000000000000000  0.011109979770213  0.000000000000000  0.000000000000000  0.090810315598211  0.005190178961314  0.000000000000000  0.000000000000000  0.008138620539127  0.001870967223091  0.817902058557781  0.021522656974737  0.004456108265111  0.000000000000000  0.024365776331604  0.000000000000000  1.000000000000000  0.000000000000000  0.000000000000000  0.000000000000000  0.000000000000000  0.000000000000000  0.000000000000000  0.118750047859361  1.000000000000000  1.000000000000000 
13.0    P  0.035378090690959  0.000000000000000  0.000000000000000  0.016120049676584  0.000000000000000  0.000000000000000  0.000000000000000  0.000000000000000  0.045091521464426  0.003381783459061  0.000000000000000  0.000000000000000  0.832775770880549  0.012753172596108  0.012904338514621  0.024097044146999  0.000000000000000  0.017397212784823  0.000000000000000  0.000000000000000  0.991716730738293  0.008561029425373  0.000000000000000  0.552482242399956  0.447512535463986  0.000000000000000  0.000000000000000  0.118667765118815  0.493458272942921  1.000000000000000 
14.0    G  0.000000000000000  0.000000000000000  0.016584737639841  0.014199658069508  0.000000000000000  0.764718138941384  0.000000000000000  0.000000000000000  0.048093975630027  0.000000000000000  0.001901033933903  0.032871930600121  0.000000000000000  0.000000000000000  0.068726009332159  0.011319860582460  0.018749552849581  0.022749836703111  0.000000000000000  0.000000000000000  1.000000000000000  0.000000000000000  0.000000000000000  0.000000000000000  0.000000000000000  0.000000000000000  0.000000000000000  0.120240931833097  1.000000000000000  1.000000000000000 
15.0    G  0.002197379852908  0.004710186826917  0.000000000000000  0.014649548382142  0.000000000000000  0.863938187400277  0.000000000000000  0.001947717287797  0.019249969897590  0.000000000000000  0.000000000000000  0.000000000000000  0.016746460352130  0.000000000000000  0.011597840395539  0.065199287095616  0.000000000000000  0.000000000000000  0.000000000000000  0.000000000000000  0.995849753094458  0.000000000000000  0.003958034766246  0.000000000000000  0.000000000000000  0.000000000000000  0.000000000000000  0.118421258824908  1.000000000000000  1.000000000000000 
16.0    K  0.000000000000000  0.000000000000000  0.000000000000000  0.025277542136304  0.000000000000000  0.019117000642685  0.002822129683444  0.000000000000000  0.836826242683391  0.000000000000000  0.000000000000000  0.018932385319223  0.000000000000000  0.000000000000000  0.085318357367823  0.008269409334962  0.000000000000000  0.000000000000000  0.003393524160745  0.000000000000000  1.000000000000000  0.000000000000000  0.000000000000000  0.000000000000000  0.000000000000000  1.000000000000000  0.000000000000000  0.117929781361920  1.000000000000000  0.498615625676035 
17.0    K  0.000000000000000  0.000000000000000  0.000000000000000  0.015113692650218  0.000000000000000  0.031950891581560  0.020603025226443  0.000000000000000  0.882091365197176  0.000000000000000  0.000000000000000  0.008054439990584  0.000000000000000  0.000000000000000  0.036246864203295  0.005648173025569  0.000000000000000  0.000000000000000  0.000000000000000  0.000000000000000  1.000000000000000  0.000000000000000  0.000000000000000  0.000000000000000  0.000000000000000  0.000000000000000  0.000000000000000  0.111491064927512  1.000000000000000  1.000000000000000 
18.0    R  0.029299096764285  0.041897268486885  0.000000000000000  0.000000000000000  0.000000000000000  0.005115177433920  0.067779838052691  0.000000000000000  0.563700206072711  0.001927571378683  0.000000000000000  0.013021143861863  0.000000000000000  0.126044056861824  0.101180277068426  0.003728988336483  0.043888902366812  0.000000000000000  0.000000000000000  0.002477326951808  0.996540262827868  0.003703230332534  0.000000000000000  0.370359949505080  0.629378586752429  0.000000000000000  0.000000000000000  0.111878133865997  0.497579860910041  1.000000000000000 
19.0    Y  0.000000000000000  0.019998006466317  0.000000000000000  0.000000000000000  0.043465061615937  0.000000000000000  0.000000000000000  0.010452559021767  0.016379101179952  0.000000000000000  0.003054178293471  0.000000000000000  0.000000000000000  0.000000000000000  0.002901470548166  0.001577657768769  0.002027615762779  0.000000000000000  0.000000000000000  0.900001929793512  1.000000000000000  0.000000000000000  0.000000000000000  0.000000000000000  0.000000000000000  0.000000000000000  1.000000000000000  0.112266546610492  1.000000000000000  0.500000000000000 
20.0    K  0.006284440397984  0.003030979899511  0.006791754375703  0.004642121504129  0.000000000000000  0.035500914524584  0.003277928269947  0.026497498894786  0.195602945434128  0.040023745666555  0.203909373334752  0.002593291324966  0.000000000000000  0.087716982877442  0.362989569975974  0.011485838565539  0.000000000000000  0.000000000000000  0.002003863565112  0.007509851003037  0.992404374685819  0.007509851003037  0.000000000000000  0.602486157497393  0.397492625474487  1.000000000000000  0.000000000000000  0.109423916211783  0.493800430722686  0.500000000000000 
21.0    L  0.010452559021767  0.000000000000000  0.002591494415229  0.000000000000000  0.000000000000000  0.004030012419146  0.000000000000000  0.134903529563053  0.019236631458514  0.581560020773925  0.132769898311922  0.000000000000000  0.005875795903862  0.000000000000000  0.024964122389036  0.045531222309313  0.000000000000000  0.027054267672489  0.000000000000000  0.010934264574962  0.993781093322555  0.004030012419146  0.001856756057089  0.500000000000000  0.500000000000000  0.000000000000000  0.000000000000000  0.109575715164504  0.498615625676035  1.000000000000000 
22.0    K  0.012568880795967  0.000000000000000  0.000000000000000  0.003698100122018  0.000000000000000  0.018148573936339  0.000000000000000  0.013166356710987  0.878430468238362  0.000000000000000  0.000000000000000  0.028716027608720  0.000000000000000  0.005376935943714  0.037655384843587  0.000000000000000  0.002541683311410  0.000000000000000  0.000000000000000  0.000000000000000  0.996540262827868  0.003181670168243  0.000000000000000  0.099995016041594  0.900001929793512  0.000000000000000  1.000000000000000  0.108067153913483  0.499307333050514  0.500000000000000 
23.0    H  0.003186083958356  0.000000000000000  0.028735938942239  0.000000000000000  0.000000000000000  0.000000000000000  0.903126510151822  0.004410017206274  0.008269409334962  0.002559362116911  0.000000000000000  0.005699298219688  0.007391075365044  0.024433426347769  0.000000000000000  0.000000000000000  0.008496003053554  0.000000000000000  0.000000000000000  0.003767961658532  1.000000000000000  0.000000000000000  0.000000000000000  0.000000000000000  0.000000000000000  0.000000000000000  1.000000000000000  0.108142086323124  1.000000000000000  0.500000000000000 
24.0    L  0.000000000000000  0.000000000000000  0.000000000000000  0.010554485035435  0.012199788946990  0.000000000000000  0.001548406516817  0.267572174606656  0.003682752093431  0.580754365962861  0.000000000000000  0.000000000000000  0.002562912606625  0.013039207518053  0.000000000000000  0.002268571742042  0.000000000000000  0.098277161517541  0.000000000000000  0.007499447351866  0.990342871933025  0.009820416988452  0.000000000000000  0.371903440608626  0.628071190571764  0.000000000000000  1.000000000000000  0.108217070689957  0.494828328207603  0.500000000000000 
25.0    V  0.010701820155981  0.006528648116577  0.012958117903351  0.005961950035002  0.004154815128489  0.000000000000000  0.000000000000000  0.119576019761484  0.013148116910709  0.008200911590805  0.007905103133023  0.000000000000000  0.000000000000000  0.000000000000000  0.024382671255428  0.013965393161825  0.010576455305097  0.762072415169885  0.000000000000000  0.000000000000000  0.989656656415207  0.004493327708401  0.006074578405332  0.311866392978511  0.688247800795349  0.000000000000000  1.000000000000000  0.108367195439336  0.497235084336607  0.500000000000000 
26.0    W  0.000000000000000  0.000000000000000  0.000000000000000  0.000000000000000  0.010138584116712  0.015040538173465  0.000000000000000  0.002205008603137  0.007075265492327  0.026132699997314  0.013640118611465  0.023880883136956  0.000000000000000  0.000000000000000  0.000000000000000  0.000000000000000  0.000000000000000  0.000000000000000  0.901875378382250  0.000000000000000  1.000000000000000  0.000000000000000  0.000000000000000  0.000000000000000  0.000000000000000  0.236842517649817  0.763129604480280  0.109196611989587  1.000000000000000  0.496202187342909 
27.0    A  0.836246399914063  0.006601456128223  0.015690117863109  0.005819052590323  0.000000000000000  0.022955759894974  0.000000000000000  0.000000000000000  0.000000000000000  0.019627224705368  0.038022573707315  0.000000000000000  0.013489680602725  0.007254037908646  0.008093615340313  0.007437327410137  0.003778423162554  0.015113692650218  0.000000000000000  0.000000000000000  0.995159721820083  0.004961527275542  0.000000000000000  1.000000000000000  0.000000000000000  0.633756261017212  0.366021423986406  0.105039219029160  0.498615625676035  0.497579860910041 
28.0    S  0.060120465916548  0.021929245719361  0.000000000000000  0.000000000000000  0.000000000000000  0.059087632296921  0.000000000000000  0.004004950148002  0.035304600455316  0.000000000000000  0.000000000000000  0.002595089480657  0.003659849401845  0.011367036590897  0.020095273178603  0.706127202192377  0.005896195189533  0.035772630018709  0.034125642054552  0.000000000000000  1.000000000000000  0.000000000000000  0.000000000000000  1.000000000000000  0.000000000000000  0.000000000000000  1.000000000000000  0.105550110927973  0.497924876547229  0.500000000000000 
29.0    R  0.016827912128016  0.003802067867806  0.000000000000000  0.000000000000000  0.000000000000000  0.031708204580653  0.000000000000000  0.000000000000000  0.143587294374629  0.000000000000000  0.015646675870490  0.041349107497129  0.000000000000000  0.052628934600526  0.644387315242508  0.031686233743438  0.013517760790390  0.004944361695196  0.000000000000000  0.000000000000000  0.997922718999051  0.002252901572383  0.000000000000000  0.500000000000000  0.500000000000000  0.000000000000000  1.000000000000000  0.105476974516252  0.500000000000000  0.500000000000000 
30.0    E  0.000000000000000  0.000000000000000  0.001826123433108  0.933679944915313  0.000000000000000  0.021974893748642  0.000000000000000  0.000000000000000  0.018401918587422  0.000000000000000  0.000000000000000  0.000000000000000  0.000000000000000  0.005211809256554  0.000000000000000  0.014160342785427  0.000000000000000  0.004822510183178  0.000000000000000  0.000000000000000  0.987600861445373  0.005978503007120  0.006332539999104  1.000000000000000  0.000000000000000  0.000000000000000  1.000000000000000  0.104530799989258  0.497579860910041  0.500000000000000 
31.0    L  0.006389859832483  0.000000000000000  0.000000000000000  0.004872912390289  0.000000000000000  0.006615197752832  0.000000000000000  0.002593291324966  0.000000000000000  0.865136690584988  0.047136877396456  0.000000000000000  0.000000000000000  0.000000000000000  0.008121714337307  0.000000000000000  0.000000000000000  0.046230859664026  0.012850782323632  0.000000000000000  1.000000000000000  0.000000000000000  0.000000000000000  0.000000000000000  0.000000000000000  0.725476103917089  0.274332984394811  0.106210624892331  1.000000000000000  0.496202187342909 
32.0    E  0.011454037165541  0.000000000000000  0.168520966467132  0.687770909069872  0.000000000000000  0.039227249727583  0.000000000000000  0.000000000000000  0.040949793870574  0.000000000000000  0.000000000000000  0.010089510549237  0.000000000000000  0.021403640311962  0.003522950696806  0.013687473672924  0.000000000000000  0.003248523821777  0.000000000000000  0.000000000000000  0.993092495437036  0.007174032517976  0.000000000000000  0.500000000000000  0.500000000000000  0.000000000000000  1.000000000000000  0.106284270008024  0.490049707670935  0.500000000000000 
33.0    R  0.000000000000000  0.000000000000000  0.007541148631811  0.000000000000000  0.000000000000000  0.000000000000000  0.014690221914205  0.000000000000000  0.108217070689957  0.005900283537355  0.000000000000000  0.007504647374637  0.000000000000000  0.016311123865964  0.828170661334546  0.000000000000000  0.011923900070004  0.000000000000000  0.000000000000000  0.000000000000000  1.000000000000000  0.000000000000000  0.000000000000000  1.000000000000000  0.000000000000000  1.000000000000000  0.000000000000000  0.106579361470995  0.500000000000000  0.500000000000000 
34.0    F  0.023438109207591  0.013583508751407  0.000000000000000  0.000000000000000  0.844986384412514  0.000000000000000  0.003718663705068  0.013066349998657  0.005115177433920  0.051438771579919  0.000000000000000  0.000000000000000  0.000000000000000  0.000000000000000  0.000000000000000  0.011241668593835  0.000000000000000  0.000000000000000  0.005990947889348  0.027527167941468  0.999307092990453  0.000000000000000  0.000911796821206  0.000000000000000  0.000000000000000  0.000000000000000  0.000000000000000  0.106579361470995  1.000000000000000  1.000000000000000 
35.0    A  0.683967651951245  0.029116888415774  0.000000000000000  0.001893144173701  0.000000000000000  0.162667731930242  0.010554485035435  0.000000000000000  0.000000000000000  0.000000000000000  0.023568438698228  0.000000000000000  0.027412923397901  0.000000000000000  0.008200911590805  0.024654588776640  0.000000000000000  0.025612643988672  0.002333967196986  0.000000000000000  0.991029563264079  0.000000000000000  0.009303569135664  0.000000000000000  0.000000000000000  1.000000000000000  0.000000000000000  0.105403888781264  1.000000000000000  0.500000000000000 
36.0    V  0.012115518849172  0.039996012932635  0.000000000000000  0.000000000000000  0.009505643426829  0.002681024279795  0.000000000000000  0.079992025865269  0.000000000000000  0.652025367629280  0.010613174098039  0.000000000000000  0.003284751622085  0.000000000000000  0.000000000000000  0.006787048321489  0.005531935305526  0.149892489223889  0.000000000000000  0.027680234971949  1.000000000000000  0.000000000000000  0.000000000000000  0.000000000000000  0.000000000000000  0.000000000000000  1.000000000000000  0.106653262264008  1.000000000000000  0.494485458190466 
37.0    N  0.074016975740852  0.000000000000000  0.069588851139293  0.000000000000000  0.000000000000000  0.013166356710987  0.029749309640548  0.014052786127309  0.018211581220852  0.003464829317001  0.000000000000000  0.682073917439677  0.000000000000000  0.000000000000000  0.000000000000000  0.083331167318200  0.008930768245422  0.000000000000000  0.000000000000000  0.003284751622085  1.000000000000000  0.000000000000000  0.000000000000000  0.000000000000000  0.000000000000000  0.000000000000000  1.000000000000000  0.106727214298906  1.000000000000000  0.494485458190466 
38.0    P  0.013888166893228  0.000000000000000  0.059788009880742  0.085555238318240  0.014052786127309  0.016254691664406  0.016992006107108  0.000000000000000  0.005037766604125  0.014268722656437  0.000000000000000  0.000000000000000  0.739181215636921  0.000000000000000  0.001540911798540  0.033679160782615  0.000000000000000  0.000000000000000  0.000000000000000  0.000000000000000  1.000000000000000  0.000000000000000  0.000000000000000  0.000000000000000  0.000000000000000  0.000000000000000  1.000000000000000  0.106875272236497  1.000000000000000  0.494485458190466 
39.0    G  0.020588749245846  0.003314483991039  0.060120465916548  0.037551126547714  0.000000000000000  0.566834706389211  0.004086269296065  0.000000000000000  0.037786114869793  0.000000000000000  0.000000000000000  0.010481579881893  0.000000000000000  0.022577037467555  0.022281651833815  0.179866697501352  0.024113752735296  0.000000000000000  0.010605820155313  0.000000000000000  0.996540262827868  0.003747125466114  0.000000000000000  1.000000000000000  0.000000000000000  0.000000000000000  1.000000000000000  0.105039219029160  0.498961359499525  0.494485458190466 
40.0    L  0.033284631356044  0.000000000000000  0.010828670981644  0.000000000000000  0.003479269142995  0.012877532577394  0.001916912234089  0.000000000000000  0.000000000000000  0.916368644675351  0.000000000000000  0.000000000000000  0.009188212892898  0.000000000000000  0.012174446557195  0.000000000000000  0.000000000000000  0.000000000000000  0.000000000000000  0.000000000000000  1.000000000000000  0.000000000000000  0.000000000000000  0.000000000000000  0.000000000000000  0.000000000000000  1.000000000000000  0.105039219029160  1.000000000000000  0.494485458190466 
41.0    L  0.000000000000000  0.000000000000000  0.000000000000000  0.000000000000000  0.010605820155313  0.000000000000000  0.000000000000000  0.038075320739850  0.005970220784239  0.849684999138650  0.047464740306704  0.000000000000000  0.022686848123498  0.000000000000000  0.000000000000000  0.010709240663904  0.000000000000000  0.012913286221160  0.000000000000000  0.002107867649423  1.000000000000000  0.000000000000000  0.000000000000000  0.000000000000000  0.000000000000000  0.000000000000000  1.000000000000000  0.105257869201052  1.000000000000000  0.494485458190466 
42.0    E  0.008032139270751  0.000000000000000  0.026332713421973  0.839731492944140  0.000000000000000  0.011816937478781  0.000000000000000  0.000000000000000  0.074635199192162  0.000000000000000  0.000000000000000  0.000000000000000  0.000000000000000  0.001767590747818  0.013267128850732  0.010701820155981  0.001637828485236  0.012040173568100  0.000000000000000  0.000000000000000  1.000000000000000  0.000000000000000  0.000000000000000  0.000000000000000  0.000000000000000  0.000000000000000  1.000000000000000  0.105257869201052  1.000000000000000  0.494485458190466 
43.0    A  0.003049947236748  0.000000000000000  0.000000000000000  0.000000000000000  0.000000000000000  0.022686848123498  0.000000000000000  0.012877532577394  0.019627224705368  0.000000000000000  0.000000000000000  0.052958277184132  0.000000000000000  0.000000000000000  0.000000000000000  0.149373900607098  0.736113431084089  0.000000000000000  0.000000000000000  0.003164076068875  0.966606097064973  0.033284631356044  0.000000000000000  0.125000000000000  0.874784764905822  0.000000000000000  1.000000000000000  0.105257869201052  0.478635729097649  0.494485458190466 
44.0    S  0.371388230165207  0.000000000000000  0.022686848123498  0.023324662239015  0.000000000000000  0.024843289092155  0.000000000000000  0.012877532577394  0.119824929811622  0.002968603235159  0.001625388153733  0.000000000000000  0.014308338850283  0.032441852204471  0.008740914851841  0.239649859623244  0.088695209762524  0.018198962288570  0.000000000000000  0.018338252785646  1.000000000000000  0.000000000000000  0.000000000000000  0.000000000000000  0.000000000000000  0.000000000000000  1.000000000000000  0.105257869201052  1.000000000000000  0.494485458190466 
45.0    E  0.007329853097661  0.000000000000000  0.055283777208221  0.744838731561351  0.000000000000000  0.025988190574216  0.011613929565867  0.001438718443180  0.065244495463857  0.000000000000000  0.000000000000000  0.004083437891426  0.000000000000000  0.019223302261737  0.031401994388243  0.000000000000000  0.028497911422493  0.004779250160671  0.000000000000000  0.000000000000000  1.000000000000000  0.000000000000000  0.000000000000000  0.000000000000000  0.000000000000000  0.000000000000000  1.000000000000000  0.104530799989258  1.000000000000000  0.494485458190466 
46.0    G  0.000000000000000  0.000000000000000  0.000000000000000  0.019263317585372  0.000000000000000  0.942131273904809  0.000000000000000  0.000000000000000  0.000000000000000  0.000000000000000  0.000000000000000  0.000000000000000  0.000000000000000  0.000000000000000  0.010202029586632  0.028676246322230  0.000000000000000  0.000000000000000  0.000000000000000  0.000000000000000  1.000000000000000  0.000000000000000  0.000000000000000  0.000000000000000  0.000000000000000  0.000000000000000  1.000000000000000  0.105112051906714  1.000000000000000  0.494485458190466 
47.0    C  0.000000000000000  0.907519155317161  0.000000000000000  0.000000000000000  0.000000000000000  0.000000000000000  0.000000000000000  0.003903543331994  0.000000000000000  0.000000000000000  0.007850498597061  0.013276328111541  0.000000000000000  0.000000000000000  0.000000000000000  0.022923958502614  0.010806176789148  0.028027754989438  0.005892109674557  0.000000000000000  1.000000000000000  0.000000000000000  0.000000000000000  0.000000000000000  0.000000000000000  0.000000000000000  1.000000000000000  0.105112051906714  1.000000000000000  0.494485458190466 
48.0    R  0.016700093612672  0.000000000000000  0.022923958502614  0.068109507013333  0.000000000000000  0.001281456303312  0.006569503244170  0.003388822996688  0.284204243309004  0.030862526920168  0.001927571378683  0.010821167719617  0.000000000000000  0.330563651285644  0.184667257947820  0.007850498597061  0.006003418676906  0.009793226722193  0.011573748422034  0.002831927407967  1.000000000000000  0.000000000000000  0.000000000000000  0.000000000000000  0.000000000000000  0.000000000000000  1.000000000000000  0.105112051906714  1.000000000000000  0.494485458190466 
49.0    Q  0.000000000000000  0.000000000000000  0.003762741773516  0.012040173568100  0.000000000000000  0.000000000000000  0.030777076340486  0.000000000000000  0.222364748384474  0.000000000000000  0.000000000000000  0.008315392050417  0.016470178488918  0.632878296985140  0.065607292726442  0.000000000000000  0.007742418463001  0.000000000000000  0.000000000000000  0.000000000000000  1.000000000000000  0.000000000000000  0.000000000000000  0.000000000000000  0.000000000000000  0.000000000000000  1.000000000000000  0.105257869201052  1.000000000000000  0.494485458190466 
50.0    I  0.014833470639852  0.000000000000000  0.007850498597061  0.000000000000000  0.000000000000000  0.000000000000000  0.000000000000000  0.788946840852465  0.000000000000000  0.142991371650476  0.003391172764067  0.000000000000000  0.000000000000000  0.000000000000000  0.006028438183824  0.000000000000000  0.002725997586176  0.032986053676186  0.000000000000000  0.000000000000000  1.000000000000000  0.000000000000000  0.000000000000000  0.000000000000000  0.000000000000000  0.000000000000000  1.000000000000000  0.105257869201052  1.000000000000000  0.494485458190466 
51.0    L  0.000000000000000  0.010280113476789  0.000000000000000  0.000000000000000  0.010821167719617  0.000000000000000  0.000000000000000  0.369078601420708  0.001767590747818  0.403320879611063  0.183518829504263  0.007850498597061  0.000000000000000  0.000000000000000  0.000000000000000  0.000000000000000  0.000000000000000  0.010949433195943  0.000000000000000  0.002596888883167  1.000000000000000  0.000000000000000  0.000000000000000  0.000000000000000  0.000000000000000  0.000000000000000  1.000000000000000  0.105257869201052  1.000000000000000  0.494485458190466 
52.0    T  0.033446521825832  0.000000000000000  0.018542762463383  0.338681244371342  0.000000000000000  0.185565446328631  0.005200982864205  0.018148573936339  0.105476974516252  0.012904338514621  0.002134331521682  0.016909760070714  0.000000000000000  0.056523711097568  0.067498534989555  0.063460381304339  0.047960815500028  0.027622735345740  0.000000000000000  0.000000000000000  1.000000000000000  0.000000000000000  0.000000000000000  0.000000000000000  0.000000000000000  0.000000000000000  1.000000000000000  0.105184935285673  1.000000000000000  0.494485458190466 
53.0    Q  0.012107123921237  0.000000000000000  0.000000000000000  0.006032618227280  0.000000000000000  0.000000000000000  0.031511014215456  0.004889829916617  0.028775803037658  0.013066349998657  0.000000000000000  0.000000000000000  0.000000000000000  0.699308041369231  0.013840117485974  0.001809742308380  0.020861692238999  0.167821562847533  0.000000000000000  0.000000000000000  1.000000000000000  0.000000000000000  0.000000000000000  0.000000000000000  0.000000000000000  0.000000000000000  1.000000000000000  0.105184935285673  1.000000000000000  0.494485458190466 
54.0    L  0.000000000000000  0.020789516266886  0.000000000000000  0.010911551034902  0.002964490728465  0.012940166583352  0.000000000000000  0.067078767899591  0.000000000000000  0.819604607637517  0.002853602301847  0.000000000000000  0.000000000000000  0.000000000000000  0.000000000000000  0.000000000000000  0.005786874211017  0.057074890625749  0.000000000000000  0.000000000000000  0.995159721820083  0.004920429609170  0.000000000000000  1.000000000000000  0.000000000000000  0.000000000000000  1.000000000000000  0.105476974516252  0.498270131413934  0.494485458190466 
55.0    Q  0.054901904264898  0.004815829396343  0.006824788249349  0.051545846788130  0.020011872833278  0.005313948642211  0.033031813767543  0.003346804510815  0.023798261557863  0.049962864397030  0.000000000000000  0.011086901220315  0.014467906601989  0.640823962080096  0.002265429012706  0.022876338999150  0.030248344590429  0.000000000000000  0.020760715845258  0.003739341633575  0.997922718999051  0.000000000000000  0.002358360530247  0.000000000000000  0.000000000000000  0.000000000000000  1.000000000000000  0.105696535922190  1.000000000000000  0.494485458190466 
56.0    P  0.000000000000000  0.000000000000000  0.000000000000000  0.000000000000000  0.000000000000000  0.024348893114391  0.000000000000000  0.000000000000000  0.000000000000000  0.014659706195323  0.000000000000000  0.001829924700923  0.799960128332753  0.024231037698344  0.017799740269096  0.115183023274838  0.001922234418035  0.000000000000000  0.000000000000000  0.000000000000000  1.000000000000000  0.000000000000000  0.000000000000000  0.000000000000000  0.000000000000000  0.270181350509838  0.730016005327261  0.103163176064082  1.000000000000000  0.492092011016900 
57.0    S  0.450312989923965  0.000000000000000  0.000000000000000  0.000000000000000  0.000000000000000  0.000000000000000  0.000000000000000  0.000000000000000  0.000000000000000  0.223446290589197  0.000000000000000  0.002241996902061  0.011678509754960  0.002684743546039  0.007340021478234  0.224222039915504  0.072092850316251  0.006045175756025  0.000000000000000  0.000000000000000  1.000000000000000  0.000000000000000  0.000000000000000  0.000000000000000  0.000000000000000  0.000000000000000  1.000000000000000  0.103163176064082  1.000000000000000  0.494485458190466 
58.0    L  0.000000000000000  0.000000000000000  0.000000000000000  0.091062444618626  0.008955563951003  0.000000000000000  0.000000000000000  0.077643017611527  0.000000000000000  0.626766510220345  0.011390698272005  0.000000000000000  0.003438511771731  0.010679589468295  0.001469967526769  0.005030787615273  0.002498018713432  0.118011552393781  0.000000000000000  0.043105028807096  0.988970916380931  0.000000000000000  0.010919116967586  0.000000000000000  0.000000000000000  0.000000000000000  1.000000000000000  0.102877543159839  1.000000000000000  0.494485458190466 
59.0    Q  0.033960464453939  0.000000000000000  0.033609199701793  0.025085543397374  0.000000000000000  0.006474569566312  0.002298645971130  0.011241668593835  0.258816230960344  0.001241241884088  0.000000000000000  0.018198962288570  0.172181255797892  0.356506429341035  0.054825846795801  0.023019495090883  0.002431394990981  0.000000000000000  0.000000000000000  0.000000000000000  0.975355461527642  0.024433426347769  0.000000000000000  0.071644511608024  0.928516852306729  0.000000000000000  1.000000000000000  0.103880732699206  0.483638164806966  0.488354264481114 
60.0    T  0.007960087473568  0.000000000000000  0.008093615340313  0.012806321994336  0.000000000000000  0.010851211998165  0.003802067867806  0.021597378227009  0.000000000000000  0.005240789940946  0.000000000000000  0.023035456520173  0.000000000000000  0.015690117863109  0.022828818414776  0.012621262150150  0.853817714391245  0.001598572620295  0.000000000000000  0.000000000000000  0.986232704493359  0.000000000000000  0.013888166893228  0.000000000000000  0.000000000000000  0.000000000000000  1.000000000000000  0.103952762296863  1.000000000000000  0.488354264481114 
61.0    G  0.034578042284134  0.000000000000000  0.000000000000000  0.010987446874321  0.000000000000000  0.938871747315452  0.000000000000000  0.000000000000000  0.000000000000000  0.005291894443302  0.000000000000000  0.000000000000000  0.000000000000000  0.000000000000000  0.007104751967193  0.000000000000000  0.000000000000000  0.003203800434362  0.000000000000000  0.000000000000000  1.000000000000000  0.000000000000000  0.000000000000000  0.000000000000000  0.000000000000000  0.000000000000000  1.000000000000000  0.104024841838941  1.000000000000000  0.476979775273779 
62.0    S  0.003794169904460  0.000000000000000  0.000000000000000  0.000000000000000  0.000000000000000  0.000000000000000  0.000000000000000  0.003005873476877  0.005291894443302  0.000000000000000  0.000000000000000  0.014348065035952  0.002005253018984  0.000000000000000  0.000000000000000  0.666649338545599  0.304813773519076  0.000000000000000  0.000000000000000  0.000000000000000  0.994470168673214  0.005291894443302  0.000000000000000  0.333324669272800  0.666649338545599  0.000000000000000  1.000000000000000  0.104024841838941  0.497235084336607  0.476979775273779 
63.0    E  0.002313030491902  0.000000000000000  0.013888166893228  0.825877664935720  0.000000000000000  0.002923677708579  0.000000000000000  0.000000000000000  0.077858588473092  0.000000000000000  0.000000000000000  0.000000000000000  0.016086563803656  0.013239569296033  0.017217267435572  0.025155191800660  0.000000000000000  0.005362048559589  0.000000000000000  0.000000000000000  0.994470168673214  0.005354620331952  0.000000000000000  1.000000000000000  0.000000000000000  0.465224828851508  0.534773543942622  0.105403888781264  0.498615625676035  0.476979775273779 
64.0    E  0.009793226722193  0.000000000000000  0.015527829583165  0.618137630460476  0.000000000000000  0.081503170953660  0.000000000000000  0.000000000000000  0.042247213532129  0.000000000000000  0.000000000000000  0.110032376695394  0.034554082916258  0.000000000000000  0.001918241396999  0.039010329653175  0.011597840395539  0.035574813408590  0.000000000000000  0.000000000000000  0.996540262827868  0.000000000000000  0.003642134712644  0.000000000000000  0.000000000000000  0.000000000000000  1.000000000000000  0.100690536381094  1.000000000000000  0.488354264481114 
65.0    L  0.000000000000000  0.000000000000000  0.000000000000000  0.000000000000000  0.045531222309313  0.000000000000000  0.000000000000000  0.114625505400584  0.004004950148002  0.794434400096105  0.003823209571865  0.000000000000000  0.003351447384487  0.000000000000000  0.000000000000000  0.010934264574962  0.000000000000000  0.019777446780786  0.000000000000000  0.003469635921259  1.000000000000000  0.000000000000000  0.000000000000000  0.000000000000000  0.000000000000000  0.260616440210280  0.739181215636921  0.100551046367739  1.000000000000000  0.476979775273779 
66.0    K  0.000000000000000  0.000000000000000  0.019859870145401  0.001678048349506  0.000000000000000  0.007535923317064  0.000000000000000  0.065335006262823  0.523042469896265  0.000000000000000  0.000000000000000  0.015335297872711  0.000000000000000  0.037240080455439  0.313817997820661  0.000000000000000  0.012344395497865  0.003775805066660  0.000000000000000  0.000000000000000  1.000000000000000  0.000000000000000  0.000000000000000  0.500000000000000  0.500000000000000  0.626766510220345  0.373194595824238  0.099856489556144  0.490049707670935  0.483303048532487 
67.0    S  0.037891025595679  0.005924873224119  0.029258507732328  0.000000000000000  0.000000000000000  0.000000000000000  0.019804883156788  0.000000000000000  0.000000000000000  0.004364402883095  0.000000000000000  0.000000000000000  0.000000000000000  0.000000000000000  0.000000000000000  0.898132372883934  0.000000000000000  0.000000000000000  0.004575039770386  0.000000000000000  1.000000000000000  0.000000000000000  0.000000000000000  0.000000000000000  0.000000000000000  0.000000000000000  1.000000000000000  0.100064351332038  1.000000000000000  0.494485458190466 
68.0    V  0.000000000000000  0.000000000000000  0.000000000000000  0.000000000000000  0.021974893748642  0.000000000000000  0.000000000000000  0.013820944302055  0.000000000000000  0.881480157907170  0.003584530790279  0.000000000000000  0.006121071773042  0.000000000000000  0.000000000000000  0.028996046139728  0.000000000000000  0.010272990314102  0.000000000000000  0.033913417871306  1.000000000000000  0.000000000000000  0.000000000000000  0.000000000000000  0.000000000000000  0.000000000000000  1.000000000000000  0.100064351332038  1.000000000000000  0.494485458190466 
69.0    Y  0.000000000000000  0.004687388212395  0.000000000000000  0.000000000000000  0.453445164466571  0.000000000000000  0.019818615614467  0.015679246070461  0.000000000000000  0.016619260513956  0.000000000000000  0.001601900217181  0.004349303196206  0.000000000000000  0.000000000000000  0.015953314464175  0.004397806977097  0.037421209519342  0.038875364165577  0.387159513926610  1.000000000000000  0.000000000000000  0.000000000000000  0.000000000000000  0.000000000000000  0.000000000000000  1.000000000000000  0.100064351332038  1.000000000000000  0.494485458190466 
70.0    N  0.000000000000000  0.000000000000000  0.022749836703111  0.000000000000000  0.000000000000000  0.117684808067651  0.000000000000000  0.008789519411631  0.000000000000000  0.001474048797383  0.000000000000000  0.788946840852465  0.000000000000000  0.005928981456930  0.012310216969521  0.020375792738415  0.007982188146205  0.000000000000000  0.000000000000000  0.013687473672924  0.967276329613932  0.000000000000000  0.032464346978052  0.000000000000000  0.000000000000000  0.000000000000000  1.000000000000000  0.099995016041594  1.000000000000000  0.494485458190466 
71.0    T  0.096521891636473  0.000000000000000  0.000000000000000  0.000000000000000  0.000000000000000  0.000000000000000  0.000000000000000  0.062500000000000  0.007583081795075  0.089746531913965  0.018762553554456  0.000000000000000  0.013120804577252  0.004578212045604  0.000000000000000  0.007894151925678  0.699308041369231  0.000000000000000  0.000000000000000  0.000000000000000  1.000000000000000  0.000000000000000  0.000000000000000  0.000000000000000  0.000000000000000  0.290175978595930  0.710053679271714  0.106210624892331  1.000000000000000  0.468785548228555 
72.0    V  0.027892092858531  0.065516404719808  0.000000000000000  0.004496443325499  0.000000000000000  0.003257543139941  0.000000000000000  0.179493063827929  0.000000000000000  0.035012162943568  0.011017952816284  0.000000000000000  0.000000000000000  0.000000000000000  0.018866884241977  0.002208067513915  0.022987605403996  0.617281303446769  0.000000000000000  0.012107123921237  1.000000000000000  0.000000000000000  0.000000000000000  0.000000000000000  0.000000000000000  0.000000000000000  1.000000000000000  0.102806258589058  1.000000000000000  0.478304079045937 
73.0    A  0.641268301381124  0.152724137709188  0.000000000000000  0.008832270055661  0.000000000000000  0.002220345650852  0.000000000000000  0.010806176789148  0.000000000000000  0.001222457479154  0.000000000000000  0.012107123921237  0.007949060094552  0.000000000000000  0.006159376359815  0.060917476930722  0.022781396544009  0.069396177101790  0.000000000000000  0.003493769147588  1.000000000000000  0.000000000000000  0.000000000000000  0.000000000000000  0.000000000000000  0.710053679271714  0.289974913626359  0.102877543159839  1.000000000000000  0.478304079045937 
74.0    T  0.025155191800660  0.003933420117409  0.000000000000000  0.007411596212035  0.000000000000000  0.013257935964155  0.000000000000000  0.010445316370353  0.004568701812703  0.000000000000000  0.000000000000000  0.001596358063454  0.004940935712320  0.005802941096331  0.017824433060444  0.000000000000000  0.476979775273779  0.423959982316574  0.000000000000000  0.004334255750265  1.000000000000000  0.000000000000000  0.000000000000000  0.000000000000000  0.000000000000000  0.000000000000000  1.000000000000000  0.099098017076286  1.000000000000000  0.494485458190466 
75.0    L  0.000000000000000  0.013452331067795  0.000000000000000  0.000000000000000  0.020221025851295  0.000000000000000  0.000000000000000  0.092654188112677  0.000000000000000  0.805524291048750  0.000000000000000  0.000000000000000  0.002228054132556  0.000000000000000  0.007411596212035  0.000000000000000  0.013257935964155  0.045436641166260  0.000000000000000  0.000000000000000  1.000000000000000  0.000000000000000  0.000000000000000  0.000000000000000  0.000000000000000  0.000000000000000  1.000000000000000  0.099098017076286  1.000000000000000  0.494485458190466 
76.0    Y  0.033446521825832  0.013340901787363  0.005999258866024  0.000000000000000  0.028676246322230  0.000000000000000  0.000000000000000  0.000000000000000  0.000000000000000  0.018893057434896  0.000000000000000  0.007411596212035  0.011343424061749  0.000000000000000  0.013257935964155  0.007688937672139  0.000000000000000  0.000000000000000  0.231807636608866  0.628071190571764  1.000000000000000  0.000000000000000  0.000000000000000  0.000000000000000  0.000000000000000  0.000000000000000  1.000000000000000  0.099098017076286  1.000000000000000  0.494485458190466 
77.0    C  0.030969673852002  0.825305408512657  0.000000000000000  0.000000000000000  0.005843303743603  0.007905103133023  0.000000000000000  0.000000000000000  0.030862526920168  0.002008034817688  0.002875443090172  0.000000000000000  0.011312016971715  0.000000000000000  0.015040538173465  0.004367429105335  0.000000000000000  0.003188293149027  0.027091798859834  0.033492920704259  0.979420297586927  0.017849160107009  0.002907510263997  1.000000000000000  0.000000000000000  0.000000000000000  1.000000000000000  0.099166730398893  0.484980955170867  0.494485458190466 
78.0    V  0.002306626291855  0.031163476604752  0.000000000000000  0.015953314464175  0.000000000000000  0.010613174098039  0.000000000000000  0.073200636326176  0.004370457425921  0.106727214298906  0.000000000000000  0.000000000000000  0.000000000000000  0.000000000000000  0.013583508751407  0.000000000000000  0.000000000000000  0.737134608645551  0.000000000000000  0.005150756306611  0.999307092990453  0.000802061231203  0.000000000000000  0.500000000000000  0.500000000000000  0.198470982732913  0.801625329399394  0.099098017076286  0.500000000000000  0.493116352246680 
79.0    H  0.000000000000000  0.000000000000000  0.015821168864851  0.004370457425921  0.000000000000000  0.000000000000000  0.851453707748945  0.005147187311461  0.013057296233154  0.021448194238358  0.000000000000000  0.000000000000000  0.002173144766767  0.023324662239015  0.034866853822655  0.003496191683312  0.002305028014329  0.000000000000000  0.000000000000000  0.022266212721075  0.988285651500733  0.011605882192663  0.000000000000000  0.333324669272800  0.666649338545599  0.000000000000000  1.000000000000000  0.099235491366457  0.492092011016900  0.494485458190466 
80.0    Q  0.176899270040832  0.014751444049223  0.000000000000000  0.090936292727172  0.000000000000000  0.020660228205353  0.016781319869064  0.000000000000000  0.062326953209504  0.008887540842754  0.004493327708401  0.038687196588670  0.020432364820887  0.446582926176380  0.071644511608024  0.019117000642685  0.004449935067274  0.003312187361848  0.000000000000000  0.000000000000000  1.000000000000000  0.000000000000000  0.000000000000000  0.000000000000000  0.000000000000000  0.000000000000000  1.000000000000000  0.098960733233909  1.000000000000000  0.494485458190466 
81.0    R  0.003438511771731  0.000000000000000  0.023470623858452  0.098755163982922  0.000000000000000  0.142793280856068  0.004540289482493  0.000000000000000  0.196418129166895  0.012788580962356  0.008614602836476  0.047366142703450  0.021006796783635  0.047234997759882  0.383686524000222  0.004913613171234  0.004766017618251  0.000000000000000  0.000000000000000  0.000000000000000  1.000000000000000  0.000000000000000  0.000000000000000  0.000000000000000  0.000000000000000  0.000000000000000  1.000000000000000  0.100830219902766  1.000000000000000  0.494485458190466 
82.0    I  0.004603669561764  0.000000000000000  0.003796800734302  0.042159454198116  0.007164094087536  0.000000000000000  0.000000000000000  0.725476103917089  0.028203147733201  0.041694474052430  0.017985773301996  0.000000000000000  0.000000000000000  0.014998894703733  0.016527358806538  0.000000000000000  0.000000000000000  0.076839929203411  0.012967102899843  0.007758535120602  1.000000000000000  0.000000000000000  0.000000000000000  0.000000000000000  0.000000000000000  0.000000000000000  1.000000000000000  0.098960733233909  1.000000000000000  0.494485458190466 
83.0    D  0.024740183308477  0.000000000000000  0.198470982732913  0.426022047537433  0.000000000000000  0.012940166583352  0.006461120065963  0.000000000000000  0.180741536818218  0.003887342663360  0.000000000000000  0.021211640310625  0.030269318413332  0.040442051702589  0.015474107373954  0.023864335905636  0.005539609514373  0.003908958544776  0.006036801169125  0.000000000000000  1.000000000000000  0.000000000000000  0.000000000000000  0.000000000000000  0.000000000000000  0.000000000000000  1.000000000000000  0.098892162648181  1.000000000000000  0.494485458190466 
84.0    V  0.005240789940946  0.007562086147607  0.000000000000000  0.000000000000000  0.000000000000000  0.013555291986751  0.000000000000000  0.214641359109438  0.002392940101376  0.003547454756725  0.006801176275751  0.000000000000000  0.000000000000000  0.000000000000000  0.000000000000000  0.013508394239185  0.000000000000000  0.730016005327261  0.002939935053537  0.000000000000000  1.000000000000000  0.000000000000000  0.000000000000000  0.000000000000000  0.000000000000000  0.000000000000000  1.000000000000000  0.098892162648181  1.000000000000000  0.494485458190466 
85.0    K  0.028537445312875  0.000000000000000  0.007026393063654  0.084260483233566  0.000000000000000  0.001645794588873  0.005125825213250  0.000000000000000  0.544876056106664  0.014864348067684  0.000000000000000  0.008344261000374  0.000000000000000  0.060412881066561  0.183518829504263  0.018620040227719  0.041091961256408  0.001700294068938  0.000000000000000  0.000000000000000  1.000000000000000  0.000000000000000  0.000000000000000  0.000000000000000  0.000000000000000  1.000000000000000  0.000000000000000  0.098892162648181  1.000000000000000  0.494485458190466 
86.0    D  0.000000000000000  0.000000000000000  0.860352630611440  0.006332539999104  0.000000000000000  0.002851625020810  0.025934205799687  0.000000000000000  0.013350152201402  0.000000000000000  0.000000000000000  0.075102253095428  0.000000000000000  0.000000000000000  0.008408125974873  0.004964967536350  0.002682883268417  0.000000000000000  0.000000000000000  0.000000000000000  1.000000000000000  0.000000000000000  0.000000000000000  0.000000000000000  0.000000000000000  0.000000000000000  0.000000000000000  0.097598311575924  1.000000000000000  1.000000000000000 
87.0    T  0.033446521825832  0.000000000000000  0.000000000000000  0.000000000000000  0.000000000000000  0.010380357922629  0.008408125974873  0.000000000000000  0.003498615898792  0.004913613171234  0.000000000000000  0.000000000000000  0.012709049970814  0.000000000000000  0.008437316873694  0.000000000000000  0.918276162300924  0.000000000000000  0.000000000000000  0.000000000000000  0.995849753094458  0.003966273831521  0.000000000000000  1.000000000000000  0.000000000000000  0.000000000000000  0.000000000000000  0.097598311575924  0.498961359499525  1.000000000000000 
88.0    K  0.002919627438740  0.000000000000000  0.000000000000000  0.166546853136503  0.000000000000000  0.006345721846533  0.018814646581741  0.011164016716727  0.630688704415625  0.000000000000000  0.000000000000000  0.004111840448084  0.003527837930281  0.107320679554719  0.018684684324627  0.001822330061595  0.028144561870248  0.000000000000000  0.000000000000000  0.000000000000000  0.997922718999051  0.000000000000000  0.002259156609190  0.000000000000000  0.000000000000000  0.000000000000000  0.000000000000000  0.097530685021713  1.000000000000000  1.000000000000000 
89.0    E  0.013668511951653  0.000000000000000  0.011226095129250  0.843815796130018  0.000000000000000  0.013706461698950  0.013621222492767  0.000000000000000  0.025068161448515  0.010380357922629  0.000000000000000  0.000000000000000  0.000000000000000  0.068678388598555  0.000000000000000  0.000000000000000  0.000000000000000  0.000000000000000  0.000000000000000  0.000000000000000  1.000000000000000  0.000000000000000  0.000000000000000  0.125000000000000  0.874784764905822  0.000000000000000  1.000000000000000  0.097530685021713  0.499653546495226  0.490049707670935 
90.0    A  0.957935218222696  0.000000000000000  0.000000000000000  0.004913613171234  0.001858043508461  0.008437316873694  0.000000000000000  0.000000000000000  0.003498615898792  0.000000000000000  0.000000000000000  0.000000000000000  0.005659930291230  0.000000000000000  0.003781043073804  0.011923900070004  0.000000000000000  0.001894456856136  0.000000000000000  0.000000000000000  0.985549336939371  0.000000000000000  0.014130927774392  0.000000000000000  0.000000000000000  0.000000000000000  1.000000000000000  0.097530685021713  1.000000000000000  0.490049707670935 
91.0    L  0.000000000000000  0.000000000000000  0.000000000000000  0.021021362633154  0.016243428674614  0.000000000000000  0.000000000000000  0.039200068891281  0.108969779942133  0.718968266423479  0.000000000000000  0.003863167642113  0.003557304037469  0.005023818294651  0.013849714049920  0.005778857458003  0.000000000000000  0.063372467486877  0.000000000000000  0.000000000000000  1.000000000000000  0.000000000000000  0.000000000000000  0.000000000000000  0.000000000000000  0.390122740086852  0.609627547038152  0.098550021757035  1.000000000000000  0.479299719246488 
92.0    D  0.028047189083352  0.000000000000000  0.473028823362798  0.178996092650143  0.000000000000000  0.014160342785427  0.000000000000000  0.004616451355212  0.133508176005981  0.000000000000000  0.001427790476953  0.039830019603727  0.000000000000000  0.062111318332660  0.020503300852999  0.011133106360537  0.005875795903862  0.021285281791258  0.000000000000000  0.005493723437161  0.989656656415207  0.010438078737423  0.000000000000000  0.250000000000000  0.750019494642909  0.844986384412514  0.154963462492373  0.097665985021540  0.482633512435878  0.488015880388112 
93.0    R  0.011874412940637  0.000000000000000  0.015452670568452  0.063328556259943  0.000000000000000  0.006896117158521  0.006049367405103  0.031708204580653  0.679714120953369  0.015788303851356  0.000000000000000  0.005719084749788  0.004289425053856  0.066017851584491  0.063724855187387  0.000000000000000  0.020305297850866  0.005339794734148  0.000000000000000  0.003906250000000  1.000000000000000  0.000000000000000  0.000000000000000  0.000000000000000  0.000000000000000  1.000000000000000  0.000000000000000  0.097665985021540  1.000000000000000  0.499307333050514 
94.0    I  0.014358013804360  0.000000000000000  0.008572905762338  0.000000000000000  0.003567180664109  0.000000000000000  0.000000000000000  0.518350550509860  0.011517728260087  0.115663053504732  0.019984149707460  0.000000000000000  0.000000000000000  0.000000000000000  0.000000000000000  0.016711673248207  0.000000000000000  0.285586561712136  0.005782864445313  0.000000000000000  0.999307092990453  0.000000000000000  0.000472630384225  0.000000000000000  0.000000000000000  0.000000000000000  0.000000000000000  0.099373156368622  1.000000000000000  1.000000000000000 
95.0    E  0.006592310907266  0.000000000000000  0.000000000000000  0.624598062826688  0.000000000000000  0.011210543239115  0.000000000000000  0.000000000000000  0.207617506022724  0.000000000000000  0.000000000000000  0.000000000000000  0.000000000000000  0.050555084272609  0.064614421015498  0.000000000000000  0.007646419143730  0.020025748815003  0.000000000000000  0.007050786933300  0.961260928388761  0.036600318163088  0.002281186317604  0.205043227799182  0.794985250948974  0.000000000000000  1.000000000000000  0.099787298294581  0.475000191437443  0.500000000000000 
96.0    E  0.012700243781005  0.000000000000000  0.011581773514085  0.658839975867070  0.000000000000000  0.033725882390763  0.000000000000000  0.026332713421973  0.129049816935405  0.010806176789148  0.003282475594661  0.000000000000000  0.000000000000000  0.035500914524584  0.025085543397374  0.007839623035230  0.008753040735892  0.036347501298370  0.000000000000000  0.000000000000000  0.968618189226628  0.003930694623038  0.027450952132449  0.485653747770817  0.514413353946788  0.967947026893737  0.032240099353167  0.098141014834197  0.485990493990676  0.489710148793463 
97.0    E  0.068109507013333  0.023650262390150  0.020703234641331  0.388503634392025  0.002972721446952  0.003749723675933  0.014854048456716  0.142299253634360  0.053846634982001  0.023179608341268  0.031862427593693  0.007646419143730  0.000000000000000  0.017948411796829  0.094732285406900  0.000000000000000  0.015832139064986  0.090245574720156  0.000000000000000  0.000000000000000  0.837406487508427  0.159430548959818  0.002944013495231  0.271307342970452  0.728499556949005  0.516199267741621  0.483973513446869  0.100690536381094  0.393926943024673  0.479299719246488 
98.0    Q  0.000000000000000  0.000000000000000  0.036347501298370  0.088388347648318  0.000000000000000  0.016153605253874  0.015592542484360  0.000000000000000  0.047169561516268  0.016064278541501  0.027054267672489  0.008396477912934  0.013415084944340  0.657471380102535  0.032963197408377  0.009086875324593  0.013039207518053  0.007520269086732  0.011367036590897  0.000000000000000  0.982139595263391  0.007279222103944  0.010903990344704  0.198196034152571  0.801625329399394  0.053958722410901  0.946057646725596  0.098413497071150  0.496202187342909  0.478967609111348 
99.0    N  0.029258507732328  0.000000000000000  0.020123150461091  0.042836962655616  0.000000000000000  0.015441963304699  0.009466192659611  0.016008700359888  0.217637640824031  0.004502681042183  0.005778857458003  0.492774668469685  0.004431466738031  0.028320685570854  0.016401823181610  0.034530140149997  0.061086610400675  0.000000000000000  0.000000000000000  0.001373430859290  0.978741650397436  0.004206978032004  0.017015578364627  0.764188260382583  0.236023104787562  0.242995246995338  0.756808396484790  0.098823639575493  0.497579860910041  0.473356815618357 
100.0    K  0.036146505747040  0.010547171758771  0.000000000000000  0.079054971397121  0.012534080724258  0.029852591761951  0.000000000000000  0.000000000000000  0.629378586752429  0.000000000000000  0.000000000000000  0.055977854380678  0.005790886757042  0.047464740306704  0.023980407750014  0.050977343333688  0.012140738574751  0.006049367405103  0.000000000000000  0.000000000000000  0.891928519420093  0.027073026762503  0.080996310339583  0.423372656181264  0.576742802530011  0.320189965332443  0.679714120953369  0.098686735837569  0.479964630519454  0.469110598250336 
101.0    S  0.023683071351725  0.067032288551121  0.013984766733250  0.079992025865269  0.017591227908387  0.057432055217441  0.012107123921237  0.021152910610195  0.022939853688033  0.000000000000000  0.001599681050507  0.043224707156593  0.006284440397984  0.031293351740979  0.032871930600121  0.517273790759455  0.036397924577139  0.009466192659611  0.000000000000000  0.005699298219688  0.871758239537062  0.121834953861444  0.006403160997168  0.292599660368647  0.707597080163328  0.378404198242395  0.621574834451970  0.116064606538341  0.391477148128271  0.421907898065009 
102.0    K  0.017241152188156  0.000000000000000  0.009439983151484  0.039010329653175  0.000000000000000  0.000000000000000  0.002653293524510  0.026078415036107  0.449689156073876  0.011179504062679  0.012709049970814  0.009943710431843  0.005582008358364  0.302708270987638  0.066109435226152  0.030691862351981  0.016804599850897  0.000000000000000  0.000000000000000  0.000000000000000  0.952637998043937  0.019873640730368  0.027450952132449  0.685866644295299  0.314035595285882  0.105843164045316  0.894404901782606  0.115023456328109  0.489370825198718  0.430773079856009 
103.0    K  0.016176014435022  0.000000000000000  0.014062530153024  0.089746531913965  0.000000000000000  0.006249688502600  0.001421864793944  0.000000000000000  0.267572174606656  0.003175060945251  0.007774685326719  0.024484287092167  0.031293351740979  0.490729531926740  0.021403640311962  0.011573748422034  0.014387901518829  0.000000000000000  0.000000000000000  0.000000000000000  0.976708528962227  0.012490716099257  0.011025592526630  0.705148980242195  0.294634851952921  0.305660069423017  0.694477567882555  0.117521775313641  0.483638164806966  0.416965521912482 
104.0    K  0.030969673852002  0.000000000000000  0.001743255803658  0.036071419297401  0.000000000000000  0.032735503971869  0.002605904628277  0.005332397335489  0.631126016056058  0.003788913712272  0.018350968300213  0.019915009801863  0.025277542136304  0.074583483939483  0.053215856734309  0.014751444049223  0.045499673406221  0.004227440017679  0.000000000000000  0.000000000000000  0.889458993537898  0.037733768483953  0.072896835611779  0.473028823362798  0.527045711645369  0.040921419471361  0.959264119325264  0.111182374192237  0.462973011263662  0.433468781757343 
105.0    A  0.266831334509990  0.004626060983803  0.020948634243443  0.035648866120888  0.000000000000000  0.009472756398920  0.012123919598045  0.024399577893981  0.073812041339346  0.000000000000000  0.002475610394598  0.019090517213648  0.031055659166330  0.058883204619051  0.001653799438208  0.038660389958974  0.377095019171645  0.023131457781251  0.000000000000000  0.000000000000000  0.949342120950519  0.034842694335241  0.016120049676584  0.437089310205187  0.562919293068381  0.393653988284602  0.606256409530869  0.114864110434881  0.480963727332387  0.395294558301972 
106.0    Q  0.047366142703450  0.000000000000000  0.029852591761951  0.020775111065339  0.000000000000000  0.034410674940561  0.007905103133023  0.000000000000000  0.069588851139293  0.000000000000000  0.000000000000000  0.039500096826650  0.028696130071904  0.611744020565933  0.022892201165802  0.058964890680960  0.023421868777430  0.000000000000000  0.000000000000000  0.004674410012620  0.984184022033800  0.010694404789780  0.004978752450466  0.574747424017338  0.425137080032098  0.039968299414920  0.959929261038908  0.111491064927512  0.494828328207603  0.424548123223420 
107.0    Q  0.055054335882936  0.000000000000000  0.020375792738415  0.057114465639338  0.000000000000000  0.032374461361251  0.011312016971715  0.000000000000000  0.090558884659680  0.001260314932082  0.011187255790634  0.024929538744032  0.007720981652349  0.615145672375572  0.036246864203295  0.018224208902945  0.016232173489026  0.002256026922956  0.000000000000000  0.000000000000000  0.916368644675351  0.033353916813749  0.050520054300348  0.433769343576034  0.566441942647899  0.144185700632503  0.855595025682602  0.111568371434122  0.464902471306581  0.424253950852948 
108.0    A  0.604577837916681  0.000000000000000  0.013424386796050  0.069156084568267  0.000000000000000  0.026534257701464  0.000000000000000  0.000000000000000  0.039885274025905  0.000000000000000  0.000000000000000  0.013021143861863  0.055629733328281  0.027242444985533  0.000000000000000  0.027622735345740  0.107992273425035  0.014998894703733  0.000000000000000  0.000000000000000  0.707106781186547  0.108969779942133  0.183773417048630  0.859160754947185  0.140827403562160  0.179742066605870  0.820172911196726  0.111336612575835  0.418123199957031  0.404721108273704 
109.0    A  0.642603168734686  0.004590923157890  0.016527358806538  0.059954007457829  0.016097718025314  0.013396500572409  0.003199362101015  0.000000000000000  0.037603219562484  0.005970220784239  0.010576455305097  0.006172197748933  0.011605882192663  0.030969673852002  0.002849649109844  0.025453361345944  0.109120948891720  0.003166269999552  0.000000000000000  0.000000000000000  0.901250462610830  0.083794536973771  0.014936645587402  0.798851916449148  0.201381072762188  0.176899270040832  0.823020345278708  0.142694338390847  0.447822835045425  0.339857060476685 
110.0    A  0.619853849969493  0.018236845340914  0.020503300852999  0.019263317585372  0.015799251263302  0.028755864082027  0.000000000000000  0.001208137186218  0.019130256131253  0.003849802097419  0.028242272710971  0.016064278541501  0.029217974929733  0.039527485698561  0.030841142058933  0.040051497630006  0.052012420919470  0.011327709631866  0.005924873224119  0.000000000000000  0.881480157907170  0.104313660144426  0.014308338850283  0.864537231307865  0.135653671485226  0.109956134490304  0.890075733252496  0.142299253634360  0.441045682598588  0.352330188785505 
111.0    D  0.108067153913483  0.000000000000000  0.421615555125056  0.046134825177589  0.000000000000000  0.115262889739079  0.003564708939623  0.000000000000000  0.056602123938614  0.004016069635375  0.006560402288626  0.099304300012013  0.018249490540830  0.027892092858531  0.010019817209080  0.029584800976147  0.048361406048200  0.004739662344721  0.000000000000000  0.000000000000000  0.828170661334546  0.069975805540890  0.101672399766516  0.481297221550876  0.518709968282806  0.616426162731903  0.383686524000222  0.141610485661975  0.468136123717246  0.350381862270187 
112.0    T  0.130217928626028  0.000000000000000  0.014905617977306  0.106727214298906  0.000000000000000  0.035378090690959  0.004410017206274  0.006306258394568  0.109803808529795  0.000000000000000  0.006891338790603  0.007144258511718  0.050590138534213  0.015113692650218  0.009766111738947  0.040779842115280  0.453130969133667  0.008838394240984  0.000000000000000  0.000000000000000  0.988970916380931  0.006772949714958  0.004462290026752  0.348444309671867  0.651573574681647  0.379981214100379  0.620283648857694  0.107917444821801  0.488354264481114  0.379981214100379 
113.0    G  0.148342099707066  0.006189334460351  0.019024469041609  0.081446696835206  0.000000000000000  0.530343870684108  0.000000000000000  0.000000000000000  0.023438109207591  0.000000000000000  0.000000000000000  0.008454880035357  0.018427446754082  0.030862526920168  0.038714021805747  0.046778843337272  0.023601134149419  0.024382671255428  0.000000000000000  0.000000000000000  0.847919964633148  0.002203480737220  0.149788627667427  0.567621051073032  0.432568345292494  0.266461684016986  0.733566672083662  0.109803808529795  0.496546247718518  0.409802303818759 
114.0    N  0.062283766426742  0.000000000000000  0.046584699587466  0.033772668813730  0.000000000000000  0.043434944370073  0.026479138592066  0.014170161389580  0.089312133733818  0.010040674511479  0.000000000000000  0.313600551130249  0.037603219562484  0.037681494615336  0.029319412390646  0.172779025816073  0.066661611301985  0.016243428674614  0.000000000000000  0.000000000000000  0.925946022527324  0.008566965535843  0.065789447169340  0.569197014537439  0.430773079856009  0.091062444618626  0.908778116448520  0.109575715164504  0.496546247718518  0.350624812660600 
115.0    N  0.117929781361920  0.002439836182917  0.046070913040347  0.010716666317114  0.000000000000000  0.037136972033029  0.004422261336370  0.000000000000000  0.020905118043533  0.000000000000000  0.000000000000000  0.102592701101312  0.077750728331154  0.051048061944376  0.023227859131735  0.421323414751576  0.066338950559362  0.017985773301996  0.000000000000000  0.000000000000000  0.913198250011992  0.025190088484155  0.061383724703962  0.251738887514180  0.748461493396346  0.201520707873242  0.798298386356650  0.106431713468618  0.488354264481114  0.328507906787343 
116.0    G  0.060833085884890  0.008930768245422  0.004446851676074  0.010532560404196  0.000000000000000  0.086990399489444  0.004346289533535  0.000000000000000  0.098550021757035  0.000000000000000  0.000000000000000  0.110797712399358  0.017181502333040  0.040921419471361  0.019777446780786  0.471392267959120  0.056328153913177  0.009017854824350  0.000000000000000  0.000000000000000  0.905006462882905  0.011109979770213  0.083620472174132  0.369590607818461  0.630251695791493  0.435879119768531  0.564091068728256  0.109956134490304  0.495514781632040  0.336108748538157 
117.0    Q  0.030122806491895  0.000000000000000  0.002972721446952  0.043797732783773  0.012709049970814  0.140437487878956  0.002765967652763  0.000000000000000  0.269620107923613  0.000000000000000  0.000000000000000  0.036221748497014  0.027565355162412  0.317978251685893  0.021373989123476  0.069637103176208  0.019545766876770  0.005179397501167  0.000000000000000  0.000000000000000  0.976708528962227  0.011565728890625  0.011541703621739  0.387427965479586  0.612592665952338  0.393108646070166  0.606676780124346  0.114704985288921  0.485653747770817  0.364755086060044 
118.0    V  0.040949793870574  0.002903482391467  0.004964967536350  0.022781396544009  0.005867655964613  0.086150322060977  0.008240799352094  0.079329430376238  0.004879672365834  0.013859317268002  0.001126450786191  0.002376410856707  0.006202218210404  0.031730190652170  0.048968574184334  0.071001829049168  0.046843737554861  0.510506062853597  0.005410583859808  0.005794902085317  0.969961910341735  0.020674553748564  0.009329399899020  0.317537745634697  0.682546858942583  0.823020345278708  0.177267504459932  0.112969090843886  0.489710148793463  0.408384495555011 
119.0    S  0.040051497630006  0.002624030128362  0.002970661627424  0.002849649109844  0.000000000000000  0.095193046231454  0.004883055869473  0.000000000000000  0.018224208902945  0.000000000000000  0.001313835164572  0.008765183441644  0.022765611154656  0.018376425785796  0.008484233252518  0.756808396484790  0.005974360460480  0.006810611246383  0.000000000000000  0.003752323687318  0.985549336939371  0.014358013804360  0.000000000000000  0.072242919159675  0.927873476471283  0.724471077277439  0.275667290767228  0.103234708116965  0.488692883205403  0.479299719246488 
120.0    Q  0.017849160107009  0.002477326951808  0.008807815719886  0.018073252873520  0.000000000000000  0.070218743939478  0.014508075817293  0.003120515298629  0.043949787497285  0.018555619782397  0.000000000000000  0.004923841373371  0.023666661185578  0.670821112441131  0.067732872927799  0.013744516811288  0.001430762572863  0.015103220266640  0.000000000000000  0.004815829396343  0.938871747315452  0.052410511527558  0.008789519411631  0.098618355106558  0.901250462610830  0.177021929776818  0.823020345278708  0.101884041550328  0.465547409915115  0.495514781632040 
121.0    N  0.014189819026899  0.000000000000000  0.015854102290326  0.000000000000000  0.000000000000000  0.007437327410137  0.006810611246383  0.037655384843587  0.023131457781251  0.008425628372613  0.000000000000000  0.856781954768570  0.004038401313469  0.003144398975083  0.008893703352147  0.007678285926135  0.000000000000000  0.005888026990462  0.000000000000000  0.000000000000000  0.994470168673214  0.005222658185176  0.000650122858026  0.347238783941278  0.652929893544459  0.930449657703015  0.069782060123911  0.101601950248040  0.493800430722686  0.488354264481114 
122.0    Y  0.002431394990981  0.009303569135664  0.000000000000000  0.002472180847598  0.065698306817982  0.000000000000000  0.006112592044816  0.021838233935173  0.000000000000000  0.017948411796829  0.043075161030488  0.012233660879008  0.000000000000000  0.001918241396999  0.000000000000000  0.008275143239718  0.002050227897701  0.006091444082901  0.013221228071880  0.787307976569203  0.959929261038908  0.036297147872679  0.003713512114179  0.372419365780676  0.627635995641322  0.000000000000000  1.000000000000000  0.100970097201201  0.477310507069858  0.499653546495226 
123.0    P  0.004175023403168  0.000000000000000  0.000000000000000  0.000000000000000  0.000000000000000  0.000000000000000  0.003579565018263  0.007134361328219  0.000000000000000  0.006254021958252  0.000000000000000  0.000000000000000  0.953959550547558  0.008478354467827  0.000000000000000  0.016527358806538  0.000000000000000  0.000000000000000  0.000000000000000  0.000000000000000  0.972654947412286  0.006488047063210  0.021196942616370  0.264254510140345  0.735603372927869  0.656560562712076  0.343409058357406  0.098960733233909  0.497235084336607  0.497235084336607 
124.0    I  0.014457881688091  0.000000000000000  0.000000000000000  0.000000000000000  0.007447644885064  0.000000000000000  0.006515086279883  0.726482524785685  0.003400588137875  0.045185384204555  0.001742047889492  0.004331252514074  0.000000000000000  0.000000000000000  0.003071161297423  0.015463385256488  0.000000000000000  0.128692510429250  0.000000000000000  0.043465061615937  0.997922718999051  0.002138774357019  0.000000000000000  0.293005570918628  0.707106781186547  0.934975197751455  0.065199287095616  0.100760353936621  0.499653546495226  0.487339815445774 
125.0    V  0.011048543456040  0.006232384686008  0.000000000000000  0.002406246237199  0.000000000000000  0.014288517023436  0.000000000000000  0.096254646779509  0.000000000000000  0.048630323534714  0.009732323559137  0.002933827982307  0.000000000000000  0.062283766426742  0.007525483547032  0.051048061944376  0.001681541383474  0.685866644295299  0.000000000000000  0.000000000000000  1.000000000000000  0.000000000000000  0.000000000000000  0.000000000000000  0.000000000000000  1.000000000000000  0.000000000000000  0.098892162648181  1.000000000000000  0.500000000000000 
126.0    Q  0.028261855548784  0.000000000000000  0.000000000000000  0.000000000000000  0.000000000000000  0.013926726498390  0.008172538592129  0.000000000000000  0.017750457262292  0.000000000000000  0.000000000000000  0.004565536127192  0.000000000000000  0.689202576487815  0.137452018664319  0.005165057051338  0.081221191403465  0.014130927774392  0.000000000000000  0.000000000000000  1.000000000000000  0.000000000000000  0.000000000000000  0.000000000000000  0.000000000000000  0.000000000000000  0.000000000000000  0.098755163982922  1.000000000000000  1.000000000000000 
127.0    N  0.000000000000000  0.002144712526928  0.031098741306878  0.036778335538086  0.000000000000000  0.046134825177589  0.000000000000000  0.020746330599726  0.026223426159579  0.003579565018263  0.008425628372613  0.675487042267819  0.003557304037469  0.059705183523902  0.004716721060494  0.001773727378362  0.047038960856596  0.026589491547079  0.000000000000000  0.006258358418669  0.984866442895551  0.004376520367946  0.010694404789780  1.000000000000000  0.000000000000000  0.000000000000000  0.000000000000000  0.098481735756168  0.499307333050514  1.000000000000000 
128.0    L  0.400257405328151  0.022359008125358  0.000000000000000  0.000000000000000  0.000000000000000  0.045342256494818  0.004128976720943  0.057035343033966  0.000000000000000  0.288571354379210  0.028577034046872  0.049275010878517  0.043828101582575  0.009361789229214  0.015722778492153  0.013461658745500  0.010539863549529  0.011398596439376  0.000000000000000  0.000000000000000  0.938221196500671  0.061725053840336  0.000000000000000  1.000000000000000  0.000000000000000  1.000000000000000  0.000000000000000  0.098345305669196  0.464258426153364  0.494142825750366 
129.0    Q  0.010337276874282  0.000000000000000  0.000000000000000  0.002268571742042  0.000000000000000  0.090058109302370  0.010409178321031  0.000000000000000  0.009400804890621  0.000000000000000  0.003825860537449  0.044163551371335  0.015953314464175  0.769503610080431  0.012208248127692  0.000000000000000  0.025862400502444  0.006104124063846  0.000000000000000  0.000000000000000  1.000000000000000  0.000000000000000  0.000000000000000  1.000000000000000  0.000000000000000  0.000000000000000  0.000000000000000  0.098073012237094  1.000000000000000  1.000000000000000 
