No:  residues  hmm_col_1  hmm_col_2  hmm_col_3  hmm_col_4  hmm_col_5  hmm_col_6  hmm_col_7  hmm_col_8  hmm_col_9  hmm_col_10  hmm_col_11  hmm_col_12  hmm_col_13  hmm_col_14  hmm_col_15  hmm_col_16  hmm_col_17  hmm_col_18  hmm_col_19  hmm_col_20  hmm_col_21   hmm_col_22   hmm_col_23   hmm_col_24   hmm_col_25   hmm_col_26   hmm_col_27   hmm_col_28   hmm_col_29   hmm_col_30   
1.0    M  0.000000000000000  0.000000000000000  0.000000000000000  0.000000000000000  0.047300524780299  0.000000000000000  0.000000000000000  0.000000000000000  0.000000000000000  0.000000000000000  0.938871747315452  0.000000000000000  0.000000000000000  0.000000000000000  0.014013877494719  0.000000000000000  0.000000000000000  0.000000000000000  0.000000000000000  0.000000000000000  1.000000000000000  0.000000000000000  0.000000000000000  0.000000000000000  0.000000000000000  0.000000000000000  0.000000000000000  0.165167300707283  1.000000000000000  1.000000000000000 
2.0    P  0.112578247480991  0.000000000000000  0.000000000000000  0.000000000000000  0.034770316268276  0.045091521464426  0.054409410206008  0.000000000000000  0.000000000000000  0.061853541025950  0.014239082509955  0.000000000000000  0.330334601414566  0.044904380517002  0.000000000000000  0.160650792183672  0.141316320890574  0.000000000000000  0.000000000000000  0.000000000000000  1.000000000000000  0.000000000000000  0.000000000000000  0.000000000000000  0.000000000000000  0.000000000000000  0.000000000000000  0.165167300707283  1.000000000000000  1.000000000000000 
3.0    D  0.000000000000000  0.064838746035351  0.132585967671027  0.084964265119171  0.000000000000000  0.187115373349086  0.070511383591032  0.000000000000000  0.000000000000000  0.085200162955157  0.000000000000000  0.061511501377113  0.000000000000000  0.021300040738789  0.013715965587649  0.108818820412016  0.010941846256931  0.023781771575615  0.044904380517002  0.089871033302935  1.000000000000000  0.000000000000000  0.000000000000000  0.000000000000000  0.000000000000000  0.000000000000000  0.000000000000000  0.165281825642822  1.000000000000000  1.000000000000000 
4.0    A  0.207042665333636  0.043404847992660  0.000000000000000  0.000000000000000  0.016619260513956  0.011140825916907  0.000000000000000  0.011017952816284  0.032017400719775  0.056133273305246  0.000000000000000  0.000000000000000  0.097463105326415  0.046070913040347  0.000000000000000  0.234068061858623  0.232451235653290  0.012508043916505  0.000000000000000  0.000000000000000  1.000000000000000  0.000000000000000  0.000000000000000  0.071446145963377  0.928516852306729  0.000000000000000  0.000000000000000  0.162104944331376  0.492433221447775  1.000000000000000 
5.0    T  0.144185700632503  0.092847057541302  0.000000000000000  0.000000000000000  0.016968466505036  0.013175486097658  0.000000000000000  0.000000000000000  0.000000000000000  0.129857387912208  0.059622471909222  0.000000000000000  0.010351617320666  0.000000000000000  0.022908074331081  0.253665636645220  0.173499089876949  0.007834190905477  0.000000000000000  0.075154328056136  1.000000000000000  0.000000000000000  0.000000000000000  0.000000000000000  0.000000000000000  0.000000000000000  0.000000000000000  0.154106540682976  1.000000000000000  1.000000000000000 
6.0    L  0.000000000000000  0.000000000000000  0.000000000000000  0.000000000000000  0.065789447169340  0.040302132832996  0.000000000000000  0.096054698830501  0.000000000000000  0.647521499427212  0.000000000000000  0.000000000000000  0.000000000000000  0.000000000000000  0.000000000000000  0.010821167719617  0.000000000000000  0.139467415290621  0.000000000000000  0.000000000000000  0.910038824080899  0.090120554466264  0.000000000000000  0.568014632393343  0.431969093700139  0.000000000000000  0.000000000000000  0.146198458006493  0.467811748915700  1.000000000000000 
7.0    P  0.292802545304702  0.000000000000000  0.000000000000000  0.000000000000000  0.000000000000000  0.000000000000000  0.000000000000000  0.000000000000000  0.000000000000000  0.111028349480301  0.000000000000000  0.000000000000000  0.302079460847486  0.010650020369395  0.000000000000000  0.222518933313124  0.050032175666019  0.010972225591703  0.000000000000000  0.000000000000000  0.955282936382437  0.044501568612408  0.000000000000000  1.000000000000000  0.000000000000000  0.000000000000000  1.000000000000000  0.153360622156726  0.478635729097649  0.492433221447775 
8.0    A  0.216884671788017  0.058153103606438  0.000000000000000  0.000000000000000  0.038473262917029  0.011398596439376  0.000000000000000  0.078890752007007  0.000000000000000  0.291587342447117  0.007421877991210  0.000000000000000  0.000000000000000  0.000000000000000  0.000000000000000  0.000000000000000  0.050555084272609  0.246729136471460  0.000000000000000  0.000000000000000  0.980099415341871  0.020011872833278  0.000000000000000  0.148753962038334  0.851453707748945  0.000000000000000  1.000000000000000  0.138120560599989  0.483638164806966  0.492433221447775 
9.0    C  0.079439480581604  0.487002134271620  0.000000000000000  0.000000000000000  0.026223426159579  0.023963791557392  0.000000000000000  0.067873866020143  0.000000000000000  0.009658400475945  0.000000000000000  0.000000000000000  0.000000000000000  0.000000000000000  0.000000000000000  0.101884041550328  0.059663813383732  0.098209064583448  0.020977695355942  0.025207554975691  0.992404374685819  0.007489058113226  0.000000000000000  1.000000000000000  0.000000000000000  1.000000000000000  0.000000000000000  0.133415667254995  0.500000000000000  0.492433221447775 
10.0    F  0.057871626407958  0.000000000000000  0.000000000000000  0.000000000000000  0.304180589658517  0.000000000000000  0.000000000000000  0.013955716443012  0.000000000000000  0.392020227037869  0.010657404959995  0.000000000000000  0.000000000000000  0.000000000000000  0.000000000000000  0.000000000000000  0.000000000000000  0.221135108832885  0.000000000000000  0.000000000000000  1.000000000000000  0.000000000000000  0.000000000000000  0.000000000000000  0.000000000000000  0.000000000000000  0.000000000000000  0.127892183716804  1.000000000000000  1.000000000000000 
11.0    L  0.057631444869539  0.000000000000000  0.000000000000000  0.000000000000000  0.121497623497669  0.000000000000000  0.000000000000000  0.055822865772048  0.000000000000000  0.654289035727505  0.000000000000000  0.000000000000000  0.000000000000000  0.000000000000000  0.000000000000000  0.000000000000000  0.025085543397374  0.085436715746363  0.000000000000000  0.000000000000000  0.974679630891549  0.025242524300300  0.000000000000000  0.199990032083188  0.799960128332753  0.000000000000000  0.000000000000000  0.127892183716804  0.496546247718518  1.000000000000000 
12.0    G  0.035402621415494  0.312082637225403  0.000000000000000  0.000000000000000  0.038740865623093  0.237500095718722  0.000000000000000  0.000000000000000  0.000000000000000  0.129767408817882  0.000000000000000  0.000000000000000  0.000000000000000  0.000000000000000  0.000000000000000  0.132035703168982  0.053031743856619  0.029769937438873  0.000000000000000  0.031818287492644  0.993781093322555  0.006036801169125  0.000000000000000  0.195196623151848  0.804966137621122  0.000000000000000  0.000000000000000  0.127892183716804  0.493800430722686  1.000000000000000 
13.0    L  0.050590138534213  0.000000000000000  0.000000000000000  0.000000000000000  0.051260806949795  0.000000000000000  0.000000000000000  0.074790560201920  0.000000000000000  0.779704842611323  0.000000000000000  0.000000000000000  0.000000000000000  0.000000000000000  0.000000000000000  0.019887420863687  0.000000000000000  0.013782677581206  0.010145614083827  0.000000000000000  0.961927454664775  0.037969899747032  0.000000000000000  0.333324669272800  0.666649338545599  0.000000000000000  0.000000000000000  0.127892183716804  0.492433221447775  1.000000000000000 
14.0    L  0.000000000000000  0.008478354467827  0.000000000000000  0.000000000000000  0.054978067245152  0.000000000000000  0.000000000000000  0.076999879590360  0.000000000000000  0.631563630922900  0.000000000000000  0.000000000000000  0.000000000000000  0.000000000000000  0.000000000000000  0.046487930076078  0.035822255804012  0.145591698308557  0.000000000000000  0.000000000000000  1.000000000000000  0.000000000000000  0.000000000000000  0.000000000000000  0.000000000000000  0.000000000000000  0.000000000000000  0.127892183716804  1.000000000000000  1.000000000000000 
15.0    A  0.535515411595727  0.017640068825096  0.000000000000000  0.000000000000000  0.045816148662163  0.000000000000000  0.000000000000000  0.000000000000000  0.000000000000000  0.021807980689409  0.000000000000000  0.000000000000000  0.040864729641774  0.045029054651185  0.000000000000000  0.199160024071396  0.049514675682811  0.044873265956982  0.000000000000000  0.000000000000000  0.986232704493359  0.013754047086924  0.000000000000000  0.333324669272800  0.666649338545599  0.000000000000000  0.000000000000000  0.127184961512836  0.500000000000000  1.000000000000000 
16.0    L  0.000000000000000  0.032173127607312  0.000000000000000  0.000000000000000  0.154320325861692  0.000000000000000  0.038313589376661  0.074428553085311  0.000000000000000  0.510152329624229  0.000000000000000  0.000000000000000  0.000000000000000  0.025808677029241  0.000000000000000  0.000000000000000  0.058112808913323  0.095325103328518  0.000000000000000  0.011493802701998  1.000000000000000  0.000000000000000  0.000000000000000  0.000000000000000  0.000000000000000  0.000000000000000  0.000000000000000  0.120574773073017  1.000000000000000  1.000000000000000 
17.0    T  0.088879838161705  0.136219014026666  0.000000000000000  0.000000000000000  0.000000000000000  0.000000000000000  0.000000000000000  0.000000000000000  0.000000000000000  0.000000000000000  0.000000000000000  0.000000000000000  0.000000000000000  0.000000000000000  0.000000000000000  0.486664687079119  0.203485796267609  0.084729020425000  0.000000000000000  0.000000000000000  1.000000000000000  0.000000000000000  0.000000000000000  0.000000000000000  0.000000000000000  0.000000000000000  0.000000000000000  0.115183023274838  1.000000000000000  1.000000000000000 
18.0    S  0.047169561516268  0.000000000000000  0.056602123938614  0.031012636708932  0.000000000000000  0.000000000000000  0.000000000000000  0.000000000000000  0.051083458030518  0.000000000000000  0.011094588738621  0.061939347704005  0.000000000000000  0.039145763707004  0.015134659206666  0.610050255136112  0.019887420863687  0.000000000000000  0.000000000000000  0.056956330039821  1.000000000000000  0.000000000000000  0.000000000000000  0.000000000000000  0.000000000000000  0.000000000000000  0.000000000000000  0.112812590932804  1.000000000000000  1.000000000000000 
19.0    A  0.789493886700555  0.000000000000000  0.000000000000000  0.000000000000000  0.000000000000000  0.185179974752540  0.000000000000000  0.000000000000000  0.000000000000000  0.000000000000000  0.000000000000000  0.000000000000000  0.025488671666844  0.000000000000000  0.000000000000000  0.000000000000000  0.000000000000000  0.000000000000000  0.000000000000000  0.000000000000000  1.000000000000000  0.000000000000000  0.000000000000000  0.000000000000000  0.000000000000000  0.000000000000000  0.000000000000000  0.112812590932804  1.000000000000000  1.000000000000000 
20.0    C  0.000000000000000  1.000000000000000  0.000000000000000  0.000000000000000  0.000000000000000  0.000000000000000  0.000000000000000  0.000000000000000  0.000000000000000  0.000000000000000  0.000000000000000  0.000000000000000  0.000000000000000  0.000000000000000  0.000000000000000  0.000000000000000  0.000000000000000  0.000000000000000  0.000000000000000  0.000000000000000  1.000000000000000  0.000000000000000  0.000000000000000  0.000000000000000  0.000000000000000  0.000000000000000  0.000000000000000  0.114466710802266  1.000000000000000  1.000000000000000 
21.0    Y  0.000000000000000  0.000000000000000  0.000000000000000  0.000000000000000  0.214047071136614  0.000000000000000  0.000000000000000  0.000000000000000  0.000000000000000  0.073965688859536  0.000000000000000  0.000000000000000  0.000000000000000  0.000000000000000  0.000000000000000  0.000000000000000  0.000000000000000  0.000000000000000  0.000000000000000  0.712025097798536  1.000000000000000  0.000000000000000  0.000000000000000  0.000000000000000  0.000000000000000  0.000000000000000  0.000000000000000  0.114466710802266  1.000000000000000  1.000000000000000 
22.0    F  0.000000000000000  0.000000000000000  0.000000000000000  0.000000000000000  0.138120560599989  0.000000000000000  0.000000000000000  0.784584097896751  0.000000000000000  0.000000000000000  0.000000000000000  0.000000000000000  0.000000000000000  0.000000000000000  0.000000000000000  0.000000000000000  0.000000000000000  0.051904376505681  0.025612643988672  0.000000000000000  1.000000000000000  0.000000000000000  0.000000000000000  0.000000000000000  0.000000000000000  0.000000000000000  0.000000000000000  0.114466710802266  1.000000000000000  1.000000000000000 
23.0    Q  0.000000000000000  0.000000000000000  0.000000000000000  0.000000000000000  0.000000000000000  0.000000000000000  0.000000000000000  0.035599480538191  0.000000000000000  0.000000000000000  0.000000000000000  0.026241609154504  0.000000000000000  0.500693627855667  0.107992273425035  0.157562923947873  0.164140140678019  0.007971130150379  0.000000000000000  0.000000000000000  1.000000000000000  0.000000000000000  0.000000000000000  0.000000000000000  0.000000000000000  0.000000000000000  0.000000000000000  0.114466710802266  1.000000000000000  1.000000000000000 
24.0    N  0.000000000000000  0.000000000000000  0.070121467533155  0.000000000000000  0.000000000000000  0.000000000000000  0.000000000000000  0.000000000000000  0.000000000000000  0.000000000000000  0.000000000000000  0.904379377561088  0.000000000000000  0.000000000000000  0.000000000000000  0.025612643988672  0.000000000000000  0.000000000000000  0.000000000000000  0.000000000000000  1.000000000000000  0.000000000000000  0.000000000000000  0.000000000000000  0.000000000000000  0.000000000000000  0.000000000000000  0.114466710802266  1.000000000000000  1.000000000000000 
25.0    C  0.000000000000000  1.000000000000000  0.000000000000000  0.000000000000000  0.000000000000000  0.000000000000000  0.000000000000000  0.000000000000000  0.000000000000000  0.000000000000000  0.000000000000000  0.000000000000000  0.000000000000000  0.000000000000000  0.000000000000000  0.000000000000000  0.000000000000000  0.000000000000000  0.000000000000000  0.000000000000000  1.000000000000000  0.000000000000000  0.000000000000000  0.000000000000000  0.000000000000000  0.000000000000000  0.000000000000000  0.114466710802266  1.000000000000000  1.000000000000000 
26.0    P  0.030948214747907  0.000000000000000  0.000000000000000  0.000000000000000  0.000000000000000  0.000000000000000  0.000000000000000  0.000000000000000  0.000000000000000  0.000000000000000  0.000000000000000  0.000000000000000  0.969289816935065  0.000000000000000  0.000000000000000  0.000000000000000  0.000000000000000  0.000000000000000  0.000000000000000  0.000000000000000  1.000000000000000  0.000000000000000  0.000000000000000  0.000000000000000  0.000000000000000  0.000000000000000  0.000000000000000  0.114466710802266  1.000000000000000  1.000000000000000 
27.0    K  0.000000000000000  0.000000000000000  0.000000000000000  0.000000000000000  0.000000000000000  0.000000000000000  0.000000000000000  0.247585717983256  0.046649324478030  0.055437269072009  0.000000000000000  0.039172906888772  0.048194088293998  0.000000000000000  0.483638164806966  0.000000000000000  0.029258507732328  0.050310383601320  0.000000000000000  0.000000000000000  1.000000000000000  0.000000000000000  0.000000000000000  0.000000000000000  0.000000000000000  0.000000000000000  0.000000000000000  0.114466710802266  1.000000000000000  1.000000000000000 
28.0    G  0.000000000000000  0.000000000000000  0.000000000000000  0.000000000000000  0.000000000000000  0.960594863953477  0.000000000000000  0.000000000000000  0.000000000000000  0.000000000000000  0.000000000000000  0.000000000000000  0.000000000000000  0.000000000000000  0.000000000000000  0.039172906888772  0.000000000000000  0.000000000000000  0.000000000000000  0.000000000000000  0.960594863953477  0.039172906888772  0.000000000000000  0.199990032083188  0.799960128332753  0.000000000000000  0.000000000000000  0.114466710802266  0.486664687079119  1.000000000000000 
29.0    G  0.000000000000000  0.000000000000000  0.000000000000000  0.000000000000000  0.000000000000000  1.000000000000000  0.000000000000000  0.000000000000000  0.000000000000000  0.000000000000000  0.000000000000000  0.000000000000000  0.000000000000000  0.000000000000000  0.000000000000000  0.000000000000000  0.000000000000000  0.000000000000000  0.000000000000000  0.000000000000000  1.000000000000000  0.000000000000000  0.000000000000000  0.000000000000000  0.000000000000000  0.000000000000000  0.000000000000000  0.114466710802266  1.000000000000000  1.000000000000000 
30.0    K  0.000000000000000  0.000000000000000  0.000000000000000  0.000000000000000  0.000000000000000  0.038929294236546  0.000000000000000  0.000000000000000  0.948684315140454  0.000000000000000  0.000000000000000  0.000000000000000  0.000000000000000  0.000000000000000  0.012387252134536  0.000000000000000  0.000000000000000  0.000000000000000  0.000000000000000  0.000000000000000  1.000000000000000  0.000000000000000  0.000000000000000  0.000000000000000  0.000000000000000  0.000000000000000  0.000000000000000  0.117115180859053  1.000000000000000  1.000000000000000 
31.0    R  0.000000000000000  0.000000000000000  0.000000000000000  0.000000000000000  0.000000000000000  0.000000000000000  0.000000000000000  0.000000000000000  0.038929294236546  0.000000000000000  0.000000000000000  0.000000000000000  0.000000000000000  0.000000000000000  0.961260928388761  0.000000000000000  0.000000000000000  0.000000000000000  0.000000000000000  0.000000000000000  0.961260928388761  0.038929294236546  0.000000000000000  1.000000000000000  0.000000000000000  0.000000000000000  0.000000000000000  0.117115180859053  0.485990493990676  1.000000000000000 
32.0    A  0.368567304322775  0.000000000000000  0.018866884241977  0.040836414184162  0.000000000000000  0.080548414405313  0.000000000000000  0.000000000000000  0.000000000000000  0.000000000000000  0.000000000000000  0.000000000000000  0.000000000000000  0.000000000000000  0.000000000000000  0.483973513446869  0.007274178279924  0.000000000000000  0.000000000000000  0.000000000000000  0.945402116750744  0.054901904264898  0.000000000000000  0.174705871481383  0.825305408512657  0.000000000000000  0.000000000000000  0.120993378361717  0.476649272644080  1.000000000000000 
33.0    M  0.037838533873455  0.000000000000000  0.053215856734309  0.000000000000000  0.075206439124969  0.000000000000000  0.000000000000000  0.062760471452436  0.017960857000542  0.216734390878672  0.067311648512066  0.024264652343782  0.033284631356044  0.022987605403996  0.041291825176821  0.062716984281844  0.057871626407958  0.208627320288852  0.000000000000000  0.017923547253534  0.801069877589622  0.173258735706302  0.025701564647265  0.270743761381481  0.729510172120088  1.000000000000000  0.000000000000000  0.121666171769780  0.416387885440275  0.497924876547229 
34.0    S  0.046391361582158  0.000000000000000  0.000000000000000  0.038101721689884  0.000000000000000  0.035525530413625  0.000000000000000  0.020588749245846  0.000000000000000  0.217035056900261  0.095259051896236  0.000000000000000  0.223291463088190  0.074635199192162  0.000000000000000  0.186726682139043  0.052556025953357  0.009847682746742  0.000000000000000  0.000000000000000  0.940826107513788  0.059210629412454  0.000000000000000  0.181369025979272  0.818469181590804  1.000000000000000  0.000000000000000  0.122512426917734  0.476318999021969  0.489370825198718 
35.0    D  0.031730190652170  0.000000000000000  0.500000000000000  0.132494097924660  0.000000000000000  0.106431713468618  0.000000000000000  0.018098325096791  0.015975445790780  0.040414029121484  0.020934118787935  0.065561832973434  0.005179397501167  0.024895003008924  0.000000000000000  0.038287041622021  0.000000000000000  0.000000000000000  0.000000000000000  0.000000000000000  0.915733686418126  0.072745408400134  0.011751591807724  0.520150133260993  0.479964630519454  0.000000000000000  1.000000000000000  0.124740339874881  0.466516495768404  0.492433221447775 
36.0    L  0.053697547184199  0.000000000000000  0.000000000000000  0.004999501616579  0.044194173824159  0.014710601008456  0.028359973603661  0.024365776331604  0.036982844429768  0.097801472717064  0.145490816800267  0.020291228167654  0.093947592379098  0.000000000000000  0.024552266145862  0.093428078039684  0.254369923025672  0.048060650977196  0.014792400488074  0.000000000000000  0.941478464541206  0.039996012932635  0.018287478773040  1.000000000000000  0.000000000000000  0.334018519597525  0.665725806618185  0.118914784541475  0.483303048532487  0.484644908467533 
37.0    E  0.080325396091836  0.000000000000000  0.185179974752540  0.309497572709361  0.000000000000000  0.074273944066058  0.000000000000000  0.020404059173264  0.010096506489355  0.000000000000000  0.000000000000000  0.000000000000000  0.154748786354681  0.054598305994793  0.000000000000000  0.036271997324491  0.028008334361544  0.046552420722584  0.000000000000000  0.000000000000000  0.965267024871757  0.007899625631651  0.027091798859834  0.815072332402625  0.184667257947820  1.000000000000000  0.000000000000000  0.119908014915658  0.488015880388112  0.478304079045937 
38.0    L  0.083968964107581  0.000000000000000  0.036221748497014  0.000000000000000  0.000000000000000  0.000000000000000  0.000000000000000  0.252437824399171  0.000000000000000  0.192642777089602  0.028242272710971  0.018274807250812  0.071743900865938  0.057951909152216  0.000000000000000  0.064390872101255  0.049686578184311  0.107917444821801  0.000000000000000  0.036347501298370  0.941478464541206  0.058801631719612  0.000000000000000  0.362989569975974  0.636838737663250  1.000000000000000  0.000000000000000  0.115342811581725  0.469110598250336  0.484309094613314 
39.0    R  0.000000000000000  0.000000000000000  0.023195680791079  0.037629293163482  0.000000000000000  0.000000000000000  0.000000000000000  0.000000000000000  0.071100326742032  0.019887420863687  0.000000000000000  0.000000000000000  0.000000000000000  0.019064070473003  0.829319545814442  0.000000000000000  0.000000000000000  0.000000000000000  0.000000000000000  0.000000000000000  1.000000000000000  0.000000000000000  0.000000000000000  0.000000000000000  0.000000000000000  0.000000000000000  0.000000000000000  0.089374061647606  1.000000000000000  1.000000000000000 
40.0    Q  0.000000000000000  0.000000000000000  0.000000000000000  0.137738139484576  0.000000000000000  0.000000000000000  0.000000000000000  0.000000000000000  0.247414164103802  0.000000000000000  0.000000000000000  0.000000000000000  0.054296386571914  0.525950889601936  0.000000000000000  0.019249969897590  0.015261070765035  0.000000000000000  0.000000000000000  0.000000000000000  1.000000000000000  0.000000000000000  0.000000000000000  0.000000000000000  0.000000000000000  0.000000000000000  0.000000000000000  0.089374061647606  1.000000000000000  1.000000000000000 
41.0    C  0.000000000000000  1.000000000000000  0.000000000000000  0.000000000000000  0.000000000000000  0.000000000000000  0.000000000000000  0.000000000000000  0.000000000000000  0.000000000000000  0.000000000000000  0.000000000000000  0.000000000000000  0.000000000000000  0.000000000000000  0.000000000000000  0.000000000000000  0.000000000000000  0.000000000000000  0.000000000000000  1.000000000000000  0.000000000000000  0.000000000000000  0.000000000000000  0.000000000000000  0.000000000000000  0.000000000000000  0.089003137224817  1.000000000000000  1.000000000000000 
42.0    L  0.038767728053606  0.000000000000000  0.000000000000000  0.000000000000000  0.000000000000000  0.000000000000000  0.000000000000000  0.099442060469365  0.009061716050824  0.296684199414133  0.314907494986850  0.000000000000000  0.165625877130651  0.000000000000000  0.023099412988654  0.026387527731993  0.000000000000000  0.026078415036107  0.000000000000000  0.000000000000000  1.000000000000000  0.000000000000000  0.000000000000000  0.000000000000000  0.000000000000000  0.000000000000000  0.000000000000000  0.089003137224817  1.000000000000000  1.000000000000000 
43.0    P  0.106137030805855  0.000000000000000  0.000000000000000  0.000000000000000  0.000000000000000  0.000000000000000  0.000000000000000  0.000000000000000  0.014358013804360  0.000000000000000  0.000000000000000  0.000000000000000  0.486664687079119  0.019196671569463  0.054522669110672  0.266461684016986  0.024197469620413  0.000000000000000  0.000000000000000  0.028696130071904  1.000000000000000  0.000000000000000  0.000000000000000  0.000000000000000  0.000000000000000  0.000000000000000  0.000000000000000  0.089003137224817  1.000000000000000  1.000000000000000 
44.0    C  0.000000000000000  1.000000000000000  0.000000000000000  0.000000000000000  0.000000000000000  0.000000000000000  0.000000000000000  0.000000000000000  0.000000000000000  0.000000000000000  0.000000000000000  0.000000000000000  0.000000000000000  0.000000000000000  0.000000000000000  0.000000000000000  0.000000000000000  0.000000000000000  0.000000000000000  0.000000000000000  1.000000000000000  0.000000000000000  0.000000000000000  0.000000000000000  0.000000000000000  0.000000000000000  0.000000000000000  0.089003137224817  1.000000000000000  1.000000000000000 
45.0    G  0.000000000000000  0.000000000000000  0.000000000000000  0.000000000000000  0.000000000000000  0.971307495541633  0.000000000000000  0.000000000000000  0.000000000000000  0.000000000000000  0.000000000000000  0.000000000000000  0.000000000000000  0.000000000000000  0.000000000000000  0.028696130071904  0.000000000000000  0.000000000000000  0.000000000000000  0.000000000000000  1.000000000000000  0.000000000000000  0.000000000000000  0.000000000000000  0.000000000000000  0.000000000000000  0.000000000000000  0.089003137224817  1.000000000000000  1.000000000000000 
46.0    P  0.024860515117341  0.000000000000000  0.000000000000000  0.000000000000000  0.028696130071904  0.000000000000000  0.000000000000000  0.000000000000000  0.000000000000000  0.050032175666019  0.000000000000000  0.000000000000000  0.814507563070215  0.000000000000000  0.017985773301996  0.063813257856700  0.000000000000000  0.000000000000000  0.000000000000000  0.000000000000000  0.971307495541633  0.000000000000000  0.028696130071904  0.000000000000000  0.000000000000000  0.000000000000000  0.000000000000000  0.089003137224817  1.000000000000000  1.000000000000000 
47.0    G  0.031293351740979  0.000000000000000  0.056250120612095  0.046102858033839  0.000000000000000  0.503826880205252  0.000000000000000  0.000000000000000  0.000000000000000  0.000000000000000  0.000000000000000  0.139467415290621  0.000000000000000  0.034698088550895  0.126657112519886  0.036146505747040  0.025559439329931  0.000000000000000  0.000000000000000  0.000000000000000  0.980099415341871  0.000000000000000  0.020221025851295  0.000000000000000  0.000000000000000  0.000000000000000  1.000000000000000  0.092077980363530  1.000000000000000  0.490049707670935 
48.0    G  0.009499056899868  0.000000000000000  0.168871760566955  0.032599643547808  0.000000000000000  0.341746862985452  0.041063488348418  0.000000000000000  0.006091444082901  0.037008487870426  0.000000000000000  0.267757705797864  0.000000000000000  0.016992006107108  0.024247839196089  0.028340322779161  0.000000000000000  0.025808677029241  0.000000000000000  0.000000000000000  1.000000000000000  0.000000000000000  0.000000000000000  0.000000000000000  0.000000000000000  0.000000000000000  1.000000000000000  0.093298648956060  1.000000000000000  0.476649272644080 
49.0    K  0.020775111065339  0.000000000000000  0.000000000000000  0.038022573707315  0.000000000000000  0.036297147872679  0.007314626933082  0.013285533751003  0.267572174606656  0.049997508020797  0.011446100582901  0.000000000000000  0.000000000000000  0.099649059567567  0.252963300256732  0.114070686067931  0.077213664820433  0.011493802701998  0.000000000000000  0.000000000000000  0.974004268543241  0.025808677029241  0.000000000000000  0.199990032083188  0.799960128332753  1.000000000000000  0.000000000000000  0.093298648956060  0.492433221447775  0.476649272644080 
50.0    G  0.000000000000000  0.000000000000000  0.000000000000000  0.000000000000000  0.000000000000000  1.000000000000000  0.000000000000000  0.000000000000000  0.000000000000000  0.000000000000000  0.000000000000000  0.000000000000000  0.000000000000000  0.000000000000000  0.000000000000000  0.000000000000000  0.000000000000000  0.000000000000000  0.000000000000000  0.000000000000000  1.000000000000000  0.000000000000000  0.000000000000000  0.000000000000000  0.000000000000000  0.000000000000000  1.000000000000000  0.091568804663209  1.000000000000000  0.492433221447775 
51.0    R  0.000000000000000  0.000000000000000  0.000000000000000  0.000000000000000  0.000000000000000  0.000000000000000  0.118750047859361  0.000000000000000  0.000000000000000  0.009691932013401  0.000000000000000  0.042629619839980  0.000000000000000  0.296273192735396  0.472701058375372  0.000000000000000  0.021433332634228  0.038499939795180  0.000000000000000  0.000000000000000  1.000000000000000  0.000000000000000  0.000000000000000  0.500000000000000  0.500000000000000  1.000000000000000  0.000000000000000  0.091568804663209  0.492433221447775  0.492433221447775 
52.0    C  0.000000000000000  1.000000000000000  0.000000000000000  0.000000000000000  0.000000000000000  0.000000000000000  0.000000000000000  0.000000000000000  0.000000000000000  0.000000000000000  0.000000000000000  0.000000000000000  0.000000000000000  0.000000000000000  0.000000000000000  0.000000000000000  0.000000000000000  0.000000000000000  0.000000000000000  0.000000000000000  1.000000000000000  0.000000000000000  0.000000000000000  0.000000000000000  0.000000000000000  0.000000000000000  0.000000000000000  0.089003137224817  1.000000000000000  1.000000000000000 
53.0    F  0.000000000000000  0.000000000000000  0.000000000000000  0.000000000000000  0.699308041369231  0.000000000000000  0.000000000000000  0.055168937268166  0.000000000000000  0.038821508805764  0.000000000000000  0.000000000000000  0.000000000000000  0.000000000000000  0.000000000000000  0.000000000000000  0.000000000000000  0.196010113518935  0.000000000000000  0.010686994561738  1.000000000000000  0.000000000000000  0.000000000000000  0.000000000000000  0.000000000000000  0.000000000000000  0.000000000000000  0.089003137224817  1.000000000000000  1.000000000000000 
54.0    G  0.000000000000000  0.000000000000000  0.000000000000000  0.000000000000000  0.000000000000000  0.883315051481465  0.000000000000000  0.000000000000000  0.000000000000000  0.037525107108913  0.023099412988654  0.000000000000000  0.000000000000000  0.000000000000000  0.000000000000000  0.055977854380678  0.000000000000000  0.000000000000000  0.000000000000000  0.000000000000000  1.000000000000000  0.000000000000000  0.000000000000000  0.000000000000000  0.000000000000000  0.000000000000000  0.000000000000000  0.089003137224817  1.000000000000000  1.000000000000000 
55.0    P  0.034554082916258  0.000000000000000  0.000000000000000  0.024860515117341  0.000000000000000  0.000000000000000  0.000000000000000  0.000000000000000  0.037525107108913  0.000000000000000  0.000000000000000  0.000000000000000  0.803293996757034  0.000000000000000  0.000000000000000  0.066893043651664  0.009895580107213  0.023099412988654  0.000000000000000  0.000000000000000  1.000000000000000  0.000000000000000  0.000000000000000  0.000000000000000  0.000000000000000  0.000000000000000  0.000000000000000  0.089003137224817  1.000000000000000  1.000000000000000 
56.0    S  0.000000000000000  0.000000000000000  0.000000000000000  0.000000000000000  0.000000000000000  0.096455010941183  0.061213768599183  0.000000000000000  0.000000000000000  0.000000000000000  0.000000000000000  0.269994139958221  0.000000000000000  0.000000000000000  0.123707082051901  0.380772184925815  0.041263213781719  0.000000000000000  0.000000000000000  0.026571067502006  1.000000000000000  0.000000000000000  0.000000000000000  0.000000000000000  0.000000000000000  0.000000000000000  0.000000000000000  0.089003137224817  1.000000000000000  1.000000000000000 
57.0    I  0.000000000000000  0.000000000000000  0.000000000000000  0.000000000000000  0.000000000000000  0.000000000000000  0.000000000000000  0.802181166352486  0.000000000000000  0.046198825977308  0.031098741306878  0.000000000000000  0.000000000000000  0.000000000000000  0.000000000000000  0.000000000000000  0.082870360018666  0.037525107108913  0.000000000000000  0.000000000000000  1.000000000000000  0.000000000000000  0.000000000000000  0.000000000000000  0.000000000000000  0.000000000000000  0.000000000000000  0.089003137224817  1.000000000000000  1.000000000000000 
58.0    C  0.000000000000000  1.000000000000000  0.000000000000000  0.000000000000000  0.000000000000000  0.000000000000000  0.000000000000000  0.000000000000000  0.000000000000000  0.000000000000000  0.000000000000000  0.000000000000000  0.000000000000000  0.000000000000000  0.000000000000000  0.000000000000000  0.000000000000000  0.000000000000000  0.000000000000000  0.000000000000000  1.000000000000000  0.000000000000000  0.000000000000000  0.000000000000000  0.000000000000000  0.000000000000000  0.000000000000000  0.089003137224817  1.000000000000000  1.000000000000000 
59.0    C  0.000000000000000  1.000000000000000  0.000000000000000  0.000000000000000  0.000000000000000  0.000000000000000  0.000000000000000  0.000000000000000  0.000000000000000  0.000000000000000  0.000000000000000  0.000000000000000  0.000000000000000  0.000000000000000  0.000000000000000  0.000000000000000  0.000000000000000  0.000000000000000  0.000000000000000  0.000000000000000  1.000000000000000  0.000000000000000  0.000000000000000  0.000000000000000  0.000000000000000  0.000000000000000  0.000000000000000  0.089003137224817  1.000000000000000  1.000000000000000 
60.0    G  0.077589218220382  0.000000000000000  0.000000000000000  0.000000000000000  0.000000000000000  0.664803554090857  0.035797434311867  0.000000000000000  0.000000000000000  0.000000000000000  0.000000000000000  0.000000000000000  0.000000000000000  0.000000000000000  0.037525107108913  0.128514228332008  0.031098741306878  0.024860515117341  0.000000000000000  0.000000000000000  1.000000000000000  0.000000000000000  0.000000000000000  0.000000000000000  0.000000000000000  0.000000000000000  0.000000000000000  0.089003137224817  1.000000000000000  1.000000000000000 
61.0    D  0.052337905469277  0.000000000000000  0.152936005141483  0.362989569975974  0.002705291929904  0.018945512797840  0.000000000000000  0.000000000000000  0.048361406048200  0.037525107108913  0.000000000000000  0.000000000000000  0.233258247884202  0.014358013804360  0.017725866952124  0.052775055463986  0.000000000000000  0.006197920649931  0.000000000000000  0.000000000000000  0.899378312147752  0.000000000000000  0.100411749594629  0.000000000000000  0.000000000000000  0.000000000000000  0.000000000000000  0.089003137224817  1.000000000000000  1.000000000000000 
62.0    E  0.073099229003247  0.000000000000000  0.122767449407924  0.400257405328151  0.000000000000000  0.149684838077366  0.063460381304339  0.000000000000000  0.000000000000000  0.046520164223954  0.000000000000000  0.011654250208527  0.000000000000000  0.038553349056547  0.014761672515581  0.063022028430912  0.016153605253874  0.000000000000000  0.000000000000000  0.000000000000000  1.000000000000000  0.000000000000000  0.000000000000000  0.000000000000000  0.000000000000000  1.000000000000000  0.000000000000000  0.103306289769276  1.000000000000000  0.441351498145327 
63.0    L  0.034915223064757  0.000000000000000  0.035871950432969  0.000000000000000  0.182883902588041  0.000000000000000  0.000000000000000  0.153360622156726  0.000000000000000  0.444729496768949  0.069204036530268  0.000000000000000  0.000000000000000  0.000000000000000  0.000000000000000  0.037629293163482  0.028696130071904  0.012612516789137  0.000000000000000  0.000000000000000  0.974679630891549  0.025365299405540  0.000000000000000  0.213011023768717  0.786762445353566  0.000000000000000  0.000000000000000  0.089064850884299  0.489710148793463  1.000000000000000 
64.0    G  0.000000000000000  0.000000000000000  0.000000000000000  0.000000000000000  0.000000000000000  1.000000000000000  0.000000000000000  0.000000000000000  0.000000000000000  0.000000000000000  0.000000000000000  0.000000000000000  0.000000000000000  0.000000000000000  0.000000000000000  0.000000000000000  0.000000000000000  0.000000000000000  0.000000000000000  0.000000000000000  1.000000000000000  0.000000000000000  0.000000000000000  1.000000000000000  0.000000000000000  1.000000000000000  0.000000000000000  0.090058109302370  0.494485458190466  0.494485458190466 
65.0    C  0.000000000000000  0.983502074026248  0.000000000000000  0.000000000000000  0.000000000000000  0.000000000000000  0.000000000000000  0.000000000000000  0.000000000000000  0.000000000000000  0.000000000000000  0.000000000000000  0.000000000000000  0.016653855251062  0.000000000000000  0.000000000000000  0.000000000000000  0.000000000000000  0.000000000000000  0.000000000000000  1.000000000000000  0.000000000000000  0.000000000000000  0.000000000000000  0.000000000000000  0.000000000000000  0.000000000000000  0.089064850884299  1.000000000000000  1.000000000000000 
66.0    F  0.000000000000000  0.000000000000000  0.000000000000000  0.028696130071904  0.264621098718783  0.000000000000000  0.041177498491692  0.054901904264898  0.000000000000000  0.161656116485936  0.000000000000000  0.000000000000000  0.000000000000000  0.000000000000000  0.019050860844942  0.000000000000000  0.034915223064757  0.079494562921473  0.019478143660548  0.296067902963408  1.000000000000000  0.000000000000000  0.000000000000000  0.000000000000000  0.000000000000000  0.000000000000000  0.000000000000000  0.089064850884299  1.000000000000000  1.000000000000000 
67.0    V  0.000000000000000  0.000000000000000  0.000000000000000  0.000000000000000  0.118257205840699  0.000000000000000  0.000000000000000  0.226722582233286  0.000000000000000  0.230366046549676  0.084670311092835  0.000000000000000  0.000000000000000  0.000000000000000  0.034915223064757  0.000000000000000  0.000000000000000  0.305025127568056  0.000000000000000  0.000000000000000  1.000000000000000  0.000000000000000  0.000000000000000  0.000000000000000  0.000000000000000  0.000000000000000  0.000000000000000  0.089064850884299  1.000000000000000  1.000000000000000 
68.0    G  0.000000000000000  0.000000000000000  0.000000000000000  0.000000000000000  0.023115429832013  0.799960128332753  0.000000000000000  0.000000000000000  0.019859870145401  0.000000000000000  0.000000000000000  0.044563303667629  0.000000000000000  0.000000000000000  0.037629293163482  0.048361406048200  0.000000000000000  0.000000000000000  0.000000000000000  0.026424133980547  1.000000000000000  0.000000000000000  0.000000000000000  0.000000000000000  0.000000000000000  0.000000000000000  0.000000000000000  0.089064850884299  1.000000000000000  1.000000000000000 
69.0    T  0.000000000000000  0.000000000000000  0.000000000000000  0.031120304784202  0.000000000000000  0.038101721689884  0.000000000000000  0.000000000000000  0.037629293163482  0.034915223064757  0.000000000000000  0.000000000000000  0.000000000000000  0.000000000000000  0.000000000000000  0.198470982732913  0.659753955386447  0.000000000000000  0.000000000000000  0.000000000000000  0.961927454664775  0.037812315288103  0.000000000000000  0.166662334636400  0.833353207159218  0.000000000000000  0.000000000000000  0.089064850884299  0.484309094613314  1.000000000000000 
70.0    A  0.276049711790773  0.000000000000000  0.000000000000000  0.045248067886861  0.000000000000000  0.000000000000000  0.000000000000000  0.000000000000000  0.000000000000000  0.078454499455165  0.000000000000000  0.057751410777926  0.369334515895640  0.020760715845258  0.034987902770445  0.104966436618018  0.012395841299862  0.000000000000000  0.000000000000000  0.000000000000000  1.000000000000000  0.000000000000000  0.000000000000000  0.000000000000000  0.000000000000000  0.000000000000000  0.000000000000000  0.089126607335259  1.000000000000000  1.000000000000000 
71.0    E  0.043015487549709  0.000000000000000  0.089374061647606  0.799405830352472  0.000000000000000  0.000000000000000  0.000000000000000  0.000000000000000  0.000000000000000  0.019103754338939  0.000000000000000  0.000000000000000  0.000000000000000  0.000000000000000  0.000000000000000  0.000000000000000  0.000000000000000  0.034987902770445  0.014278616409834  0.000000000000000  0.953298545288159  0.031206708315657  0.015560152392101  1.000000000000000  0.000000000000000  0.000000000000000  0.000000000000000  0.089126607335259  0.486664687079119  1.000000000000000 
72.0    A  0.299992845593304  0.000000000000000  0.000000000000000  0.000000000000000  0.000000000000000  0.000000000000000  0.000000000000000  0.027757087370075  0.036498981081660  0.000000000000000  0.014348065035952  0.000000000000000  0.000000000000000  0.000000000000000  0.038633601903780  0.089064850884299  0.474342157570227  0.019236631458514  0.000000000000000  0.000000000000000  0.963261894020148  0.000000000000000  0.036498981081660  0.000000000000000  0.000000000000000  1.000000000000000  0.000000000000000  0.089871033302935  1.000000000000000  0.498270131413934 
73.0    L  0.302288918958340  0.000000000000000  0.000000000000000  0.070218743939478  0.014407861217385  0.000000000000000  0.000000000000000  0.000000000000000  0.025471010387582  0.405282559942655  0.021944451183406  0.051118878659861  0.000000000000000  0.027795593548059  0.025506345192216  0.000000000000000  0.016008700359888  0.013820944302055  0.000000000000000  0.025952188252840  0.955945317593742  0.044041273598188  0.000000000000000  0.590496330714765  0.409234590795402  1.000000000000000  0.000000000000000  0.092269650355177  0.476649272644080  0.482299092292069 
74.0    R  0.023147496844068  0.000000000000000  0.000000000000000  0.090810315598211  0.000000000000000  0.029956232452906  0.067826835742613  0.031928752584822  0.028203147733201  0.037759932605936  0.036829356494115  0.000000000000000  0.090308149870220  0.000000000000000  0.451563255075911  0.020460709735681  0.000000000000000  0.091315273659105  0.000000000000000  0.000000000000000  1.000000000000000  0.000000000000000  0.000000000000000  0.000000000000000  0.000000000000000  0.000000000000000  0.000000000000000  0.089126607335259  1.000000000000000  1.000000000000000 
75.0    C  0.000000000000000  1.000000000000000  0.000000000000000  0.000000000000000  0.000000000000000  0.000000000000000  0.000000000000000  0.000000000000000  0.000000000000000  0.000000000000000  0.000000000000000  0.000000000000000  0.000000000000000  0.000000000000000  0.000000000000000  0.000000000000000  0.000000000000000  0.000000000000000  0.000000000000000  0.000000000000000  1.000000000000000  0.000000000000000  0.000000000000000  0.000000000000000  0.000000000000000  0.000000000000000  0.000000000000000  0.089064850884299  1.000000000000000  1.000000000000000 
76.0    Q  0.098141014834197  0.000000000000000  0.000000000000000  0.020545980628204  0.006829520471956  0.000000000000000  0.000000000000000  0.000000000000000  0.027167017502813  0.087231922757635  0.059581159080510  0.036021448337465  0.000000000000000  0.355273010795340  0.134436798807172  0.083504629899381  0.000000000000000  0.091315273659105  0.000000000000000  0.000000000000000  1.000000000000000  0.000000000000000  0.000000000000000  0.000000000000000  0.000000000000000  0.000000000000000  0.000000000000000  0.089064850884299  1.000000000000000  1.000000000000000 
77.0    E  0.019077289260455  0.000000000000000  0.000000000000000  0.571569167707018  0.000000000000000  0.025382887386132  0.000000000000000  0.000000000000000  0.136124626917013  0.045248067886861  0.034987902770445  0.000000000000000  0.000000000000000  0.014427848605147  0.034650020112596  0.037733768483953  0.049583365199446  0.000000000000000  0.000000000000000  0.031163476604752  1.000000000000000  0.000000000000000  0.000000000000000  0.000000000000000  0.000000000000000  0.000000000000000  0.000000000000000  0.089064850884299  1.000000000000000  1.000000000000000 
78.0    E  0.000000000000000  0.000000000000000  0.000000000000000  0.942131273904809  0.000000000000000  0.000000000000000  0.000000000000000  0.000000000000000  0.000000000000000  0.037733768483953  0.000000000000000  0.000000000000000  0.000000000000000  0.000000000000000  0.000000000000000  0.000000000000000  0.020305297850866  0.000000000000000  0.000000000000000  0.000000000000000  0.984184022033800  0.000000000000000  0.015549370653439  0.000000000000000  0.000000000000000  0.000000000000000  0.000000000000000  0.089064850884299  1.000000000000000  1.000000000000000 
79.0    N  0.027757087370075  0.000000000000000  0.114308136187488  0.025120343460723  0.000000000000000  0.000000000000000  0.000000000000000  0.009181846315779  0.020992241026895  0.000000000000000  0.000000000000000  0.616853584904748  0.000000000000000  0.038633601903780  0.019223302261737  0.112111019957752  0.005790886757042  0.009971318506476  0.000000000000000  0.000000000000000  1.000000000000000  0.000000000000000  0.000000000000000  0.000000000000000  0.000000000000000  0.000000000000000  1.000000000000000  0.089808761034004  1.000000000000000  0.498270131413934 
80.0    Y  0.000000000000000  0.000000000000000  0.034602018265134  0.065972107352373  0.099856489556144  0.000000000000000  0.036651092163496  0.000000000000000  0.000000000000000  0.138600080450384  0.000000000000000  0.000000000000000  0.015145153389610  0.023847800140009  0.045029054651185  0.020992241026895  0.000000000000000  0.023260082111977  0.000000000000000  0.495858365369147  0.938221196500671  0.000000000000000  0.061896429495814  0.000000000000000  0.000000000000000  0.000000000000000  1.000000000000000  0.089808761034004  1.000000000000000  0.498270131413934 
81.0    L  0.000000000000000  0.000000000000000  0.065154110052570  0.000000000000000  0.000000000000000  0.000000000000000  0.019505164826588  0.081221191403465  0.023963791557392  0.565657231422950  0.018658799798040  0.000000000000000  0.000000000000000  0.000000000000000  0.007264101114165  0.072042896674929  0.000000000000000  0.070658160445287  0.015282241772615  0.060622619396358  1.000000000000000  0.000000000000000  0.000000000000000  0.000000000000000  0.000000000000000  0.000000000000000  1.000000000000000  0.118832387653727  1.000000000000000  0.461691155364697 
82.0    P  0.023276210361292  0.000000000000000  0.000000000000000  0.000000000000000  0.014130927774392  0.000000000000000  0.000000000000000  0.000000000000000  0.000000000000000  0.075362989230673  0.000000000000000  0.000000000000000  0.659753955386447  0.000000000000000  0.022081775685668  0.112500241224189  0.092718433365070  0.000000000000000  0.000000000000000  0.000000000000000  1.000000000000000  0.000000000000000  0.000000000000000  0.000000000000000  0.000000000000000  0.295452886733591  0.704660377571010  0.118832387653727  1.000000000000000  0.461691155364697 
83.0    S  0.000000000000000  0.000000000000000  0.000000000000000  0.021388809579560  0.000000000000000  0.011414409207388  0.000000000000000  0.031141883213371  0.011406500083238  0.000000000000000  0.000000000000000  0.000000000000000  0.000000000000000  0.000000000000000  0.050240686921447  0.502431910211893  0.246216610723888  0.125782227937223  0.000000000000000  0.000000000000000  1.000000000000000  0.000000000000000  0.000000000000000  0.142892291926755  0.857376036634172  0.288771446138396  0.711038705293637  0.097733705391074  0.498270131413934  0.474671060475260 
84.0    P  0.038821508805764  0.000000000000000  0.000000000000000  0.033655824256033  0.000000000000000  0.000000000000000  0.000000000000000  0.000000000000000  0.000000000000000  0.010642640895629  0.000000000000000  0.000000000000000  0.917004043204671  0.000000000000000  0.000000000000000  0.000000000000000  0.000000000000000  0.000000000000000  0.000000000000000  0.000000000000000  1.000000000000000  0.000000000000000  0.000000000000000  0.000000000000000  0.000000000000000  0.000000000000000  1.000000000000000  0.096722812096399  1.000000000000000  0.484309094613314 
85.0    C  0.000000000000000  1.000000000000000  0.000000000000000  0.000000000000000  0.000000000000000  0.000000000000000  0.000000000000000  0.000000000000000  0.000000000000000  0.000000000000000  0.000000000000000  0.000000000000000  0.000000000000000  0.000000000000000  0.000000000000000  0.000000000000000  0.000000000000000  0.000000000000000  0.000000000000000  0.000000000000000  1.000000000000000  0.000000000000000  0.000000000000000  0.000000000000000  0.000000000000000  0.000000000000000  1.000000000000000  0.096722812096399  1.000000000000000  0.484309094613314 
86.0    Q  0.033655824256033  0.000000000000000  0.020531744174209  0.307786103336229  0.000000000000000  0.000000000000000  0.005908468739390  0.057671405790862  0.007625248131064  0.015124172295215  0.006007581372149  0.000000000000000  0.000000000000000  0.382094130191292  0.091823039579894  0.052958277184132  0.000000000000000  0.018814646581741  0.000000000000000  0.000000000000000  1.000000000000000  0.000000000000000  0.000000000000000  0.000000000000000  0.000000000000000  0.000000000000000  1.000000000000000  0.096722812096399  1.000000000000000  0.484309094613314 
87.0    S  0.254546299941155  0.000000000000000  0.000000000000000  0.000000000000000  0.000000000000000  0.000000000000000  0.000000000000000  0.020531744174209  0.000000000000000  0.091950421615984  0.007021524426649  0.030798416779355  0.087171479146900  0.000000000000000  0.000000000000000  0.322640622612945  0.056172195413189  0.129139298460517  0.000000000000000  0.000000000000000  1.000000000000000  0.000000000000000  0.000000000000000  0.000000000000000  0.000000000000000  0.000000000000000  1.000000000000000  0.096722812096399  1.000000000000000  0.484309094613314 
88.0    G  0.076097876166437  0.000000000000000  0.000000000000000  0.028537445312875  0.030143693268254  0.592546385470791  0.000000000000000  0.013965393161825  0.075887180274690  0.000000000000000  0.000000000000000  0.057432055217441  0.000000000000000  0.000000000000000  0.034386831542692  0.051118878659861  0.039968299414920  0.000000000000000  0.000000000000000  0.000000000000000  0.979420297586927  0.020717590004667  0.000000000000000  1.000000000000000  0.000000000000000  1.000000000000000  0.000000000000000  0.096722812096399  0.494485458190466  0.484309094613314 
89.0    Q  0.043737058299850  0.000000000000000  0.000000000000000  0.000000000000000  0.018312848182414  0.573951206927501  0.019928818619977  0.000000000000000  0.000000000000000  0.000000000000000  0.000000000000000  0.000000000000000  0.000000000000000  0.136597217387619  0.055475708579344  0.056328153913177  0.000000000000000  0.028716027608720  0.027508094173848  0.039554893561571  1.000000000000000  0.000000000000000  0.000000000000000  0.000000000000000  0.000000000000000  0.000000000000000  0.000000000000000  0.090684512989636  1.000000000000000  1.000000000000000 
90.0    K  0.114228931278675  0.000000000000000  0.000000000000000  0.067545337627459  0.000000000000000  0.000000000000000  0.000000000000000  0.000000000000000  0.326917837134190  0.000000000000000  0.000000000000000  0.008419790195654  0.116790918360398  0.025225033578274  0.223136742868244  0.049411819787746  0.031774208540374  0.036625696364829  0.000000000000000  0.000000000000000  1.000000000000000  0.000000000000000  0.000000000000000  0.000000000000000  0.000000000000000  0.000000000000000  0.000000000000000  0.090684512989636  1.000000000000000  1.000000000000000 
91.0    P  0.072443496994028  0.000000000000000  0.029400815859806  0.000000000000000  0.000000000000000  0.000000000000000  0.000000000000000  0.020011872833278  0.000000000000000  0.032826392000336  0.063548417080747  0.000000000000000  0.489031736723670  0.000000000000000  0.009239304689407  0.160205990520024  0.095788747512986  0.027374947345848  0.000000000000000  0.000000000000000  1.000000000000000  0.000000000000000  0.000000000000000  0.000000000000000  0.000000000000000  0.000000000000000  0.000000000000000  0.090684512989636  1.000000000000000  1.000000000000000 
92.0    C  0.000000000000000  1.000000000000000  0.000000000000000  0.000000000000000  0.000000000000000  0.000000000000000  0.000000000000000  0.000000000000000  0.000000000000000  0.000000000000000  0.000000000000000  0.000000000000000  0.000000000000000  0.000000000000000  0.000000000000000  0.000000000000000  0.000000000000000  0.000000000000000  0.000000000000000  0.000000000000000  0.988970916380931  0.010791206626124  0.000000000000000  1.000000000000000  0.000000000000000  0.000000000000000  0.000000000000000  0.090684512989636  0.500000000000000  1.000000000000000 
93.0    G  0.029400815859806  0.000000000000000  0.000000000000000  0.000000000000000  0.000000000000000  0.714497069870547  0.000000000000000  0.000000000000000  0.000000000000000  0.000000000000000  0.031271668358206  0.000000000000000  0.000000000000000  0.018312848182414  0.098823639575493  0.072543994648983  0.035255691795516  0.000000000000000  0.000000000000000  0.000000000000000  0.824733548610081  0.175069540110901  0.000000000000000  0.373194595824238  0.626766510220345  0.000000000000000  0.000000000000000  0.090684512989636  0.396117405462485  1.000000000000000 
94.0    S  0.023147496844068  0.000000000000000  0.051189793616239  0.064748922722501  0.000000000000000  0.047828024056958  0.018827692421794  0.000000000000000  0.015843116871719  0.099029351365621  0.000000000000000  0.085733330536912  0.007396200244037  0.000000000000000  0.015218816695988  0.414085330667273  0.097869287032068  0.033008925792246  0.000000000000000  0.025952188252840  0.544876056106664  0.455334916795989  0.000000000000000  0.572758948989878  0.426908857195622  1.000000000000000  0.000000000000000  0.113047422195136  0.259534817635764  0.491751037013124 
95.0    G  0.063857505169644  0.000000000000000  0.072242919159675  0.122852574818156  0.000000000000000  0.391477148128271  0.050590138534213  0.000000000000000  0.000000000000000  0.000000000000000  0.031358492140922  0.028975954576108  0.000000000000000  0.056995822844986  0.018274807250812  0.059169601952295  0.104169150894902  0.000000000000000  0.000000000000000  0.000000000000000  1.000000000000000  0.000000000000000  0.000000000000000  0.000000000000000  0.000000000000000  1.000000000000000  0.000000000000000  0.090621677054928  1.000000000000000  0.494142825750366 
96.0    G  0.112188756333408  0.000000000000000  0.000000000000000  0.000000000000000  0.000000000000000  0.875391329694264  0.000000000000000  0.000000000000000  0.000000000000000  0.000000000000000  0.000000000000000  0.000000000000000  0.000000000000000  0.000000000000000  0.012638771068152  0.000000000000000  0.000000000000000  0.000000000000000  0.000000000000000  0.000000000000000  0.973329374158238  0.026515871928309  0.000000000000000  0.500000000000000  0.500000000000000  0.000000000000000  0.000000000000000  0.090684512989636  0.492433221447775  1.000000000000000 
97.0    R  0.040134869030920  0.000000000000000  0.000000000000000  0.005941323254848  0.000000000000000  0.000000000000000  0.056602123938614  0.020432364820887  0.150517172653927  0.000000000000000  0.000000000000000  0.069588851139293  0.015538596385519  0.036625696364829  0.462652214018926  0.043314683926575  0.051048061944376  0.033796086358863  0.000000000000000  0.013946046429265  0.993781093322555  0.005941323254848  0.000000000000000  1.000000000000000  0.000000000000000  1.000000000000000  0.000000000000000  0.093752436830364  0.489031736723670  0.492433221447775 
98.0    C  0.039390730986968  0.960594863953477  0.000000000000000  0.000000000000000  0.000000000000000  0.000000000000000  0.000000000000000  0.000000000000000  0.000000000000000  0.000000000000000  0.000000000000000  0.000000000000000  0.000000000000000  0.000000000000000  0.000000000000000  0.000000000000000  0.000000000000000  0.000000000000000  0.000000000000000  0.000000000000000  1.000000000000000  0.000000000000000  0.000000000000000  0.000000000000000  0.000000000000000  0.000000000000000  0.000000000000000  0.090684512989636  1.000000000000000  1.000000000000000 
99.0    A  0.659296807246183  0.000000000000000  0.000000000000000  0.000000000000000  0.000000000000000  0.049617745683228  0.000000000000000  0.000000000000000  0.000000000000000  0.039390730986968  0.008189550589976  0.000000000000000  0.000000000000000  0.000000000000000  0.000000000000000  0.000000000000000  0.000000000000000  0.243501067135810  0.000000000000000  0.000000000000000  1.000000000000000  0.000000000000000  0.000000000000000  0.000000000000000  0.000000000000000  0.000000000000000  0.000000000000000  0.090684512989636  1.000000000000000  1.000000000000000 
100.0    A  0.677832163400000  0.000000000000000  0.000000000000000  0.000000000000000  0.044470733163581  0.035255691795516  0.000000000000000  0.009156424091207  0.000000000000000  0.000000000000000  0.000000000000000  0.000000000000000  0.039390730986968  0.000000000000000  0.007144258511718  0.104893704638318  0.044041273598188  0.037681494615336  0.000000000000000  0.000000000000000  1.000000000000000  0.000000000000000  0.000000000000000  0.000000000000000  0.000000000000000  0.000000000000000  0.000000000000000  0.090684512989636  1.000000000000000  1.000000000000000 
101.0    A  0.068726009332159  0.000000000000000  0.241484082231211  0.072644631719882  0.013003105229868  0.000000000000000  0.000000000000000  0.000000000000000  0.010330114102676  0.000000000000000  0.000000000000000  0.068869069742288  0.329191730514811  0.013773127467300  0.039390730986968  0.136786712657592  0.000000000000000  0.005802941096331  0.000000000000000  0.000000000000000  1.000000000000000  0.000000000000000  0.000000000000000  0.000000000000000  0.000000000000000  0.000000000000000  0.000000000000000  0.090684512989636  1.000000000000000  1.000000000000000 
102.0    G  0.046262915562502  0.000000000000000  0.013773127467300  0.000000000000000  0.000000000000000  0.873572895916694  0.000000000000000  0.000000000000000  0.020919613390288  0.000000000000000  0.000000000000000  0.028716027608720  0.000000000000000  0.000000000000000  0.000000000000000  0.000000000000000  0.016711673248207  0.000000000000000  0.000000000000000  0.000000000000000  1.000000000000000  0.000000000000000  0.000000000000000  0.000000000000000  0.000000000000000  0.000000000000000  0.000000000000000  0.090684512989636  1.000000000000000  1.000000000000000 
103.0    I  0.000000000000000  0.000000000000000  0.000000000000000  0.000000000000000  0.009156424091207  0.000000000000000  0.000000000000000  0.509445598308361  0.000000000000000  0.115582909764212  0.035255691795516  0.000000000000000  0.000000000000000  0.000000000000000  0.000000000000000  0.039390730986968  0.009985151275024  0.252437824399171  0.000000000000000  0.028716027608720  1.000000000000000  0.000000000000000  0.000000000000000  0.000000000000000  0.000000000000000  0.000000000000000  0.000000000000000  0.090684512989636  1.000000000000000  1.000000000000000 
104.0    C  0.039390730986968  0.960594863953477  0.000000000000000  0.000000000000000  0.000000000000000  0.000000000000000  0.000000000000000  0.000000000000000  0.000000000000000  0.000000000000000  0.000000000000000  0.000000000000000  0.000000000000000  0.000000000000000  0.000000000000000  0.000000000000000  0.000000000000000  0.000000000000000  0.000000000000000  0.000000000000000  1.000000000000000  0.000000000000000  0.000000000000000  0.000000000000000  0.000000000000000  0.000000000000000  0.000000000000000  0.090684512989636  1.000000000000000  1.000000000000000 
105.0    C  0.039390730986968  0.960594863953477  0.000000000000000  0.000000000000000  0.000000000000000  0.000000000000000  0.000000000000000  0.000000000000000  0.000000000000000  0.000000000000000  0.000000000000000  0.000000000000000  0.000000000000000  0.000000000000000  0.000000000000000  0.000000000000000  0.000000000000000  0.000000000000000  0.000000000000000  0.000000000000000  1.000000000000000  0.000000000000000  0.000000000000000  0.000000000000000  0.000000000000000  0.000000000000000  0.000000000000000  0.090684512989636  1.000000000000000  1.000000000000000 
106.0    N  0.065926394816754  0.000000000000000  0.208338301789805  0.020919613390288  0.000000000000000  0.015399208389678  0.000000000000000  0.000000000000000  0.000000000000000  0.000000000000000  0.035255691795516  0.190782401120070  0.000000000000000  0.000000000000000  0.040582456335309  0.287373712008669  0.105989995579143  0.029400815859806  0.000000000000000  0.000000000000000  0.942784535918240  0.057035343033966  0.000000000000000  0.437999157533563  0.562139461889309  0.000000000000000  0.000000000000000  0.090684512989636  0.475000191437443  1.000000000000000 
107.0    D  0.123878695408010  0.000000000000000  0.319746395319357  0.065972107352373  0.000000000000000  0.026515871928309  0.012056876367648  0.000000000000000  0.000000000000000  0.000000000000000  0.039390730986968  0.043737058299850  0.027073026762503  0.090058109302370  0.000000000000000  0.209351621877107  0.035182455816774  0.007080171392714  0.000000000000000  0.000000000000000  0.940174202509126  0.059746582349609  0.000000000000000  0.705148980242195  0.294839148065304  0.000000000000000  0.000000000000000  0.090684512989636  0.474671060475260  1.000000000000000 
108.0    E  0.015092755139451  0.000000000000000  0.167356907122305  0.513344772859999  0.000000000000000  0.021065120808392  0.035822255804012  0.000000000000000  0.000000000000000  0.000000000000000  0.000000000000000  0.000000000000000  0.000000000000000  0.055629733328281  0.051048061944376  0.076415017355754  0.000000000000000  0.037996227599472  0.000000000000000  0.026278012976679  1.000000000000000  0.000000000000000  0.000000000000000  0.000000000000000  0.000000000000000  0.000000000000000  0.000000000000000  0.113047422195136  1.000000000000000  1.000000000000000 
109.0    S  0.059128602920350  0.000000000000000  0.013975076590353  0.015155654849090  0.000000000000000  0.208193942720137  0.000000000000000  0.000000000000000  0.056680645558321  0.000000000000000  0.000000000000000  0.075362989230673  0.000000000000000  0.000000000000000  0.000000000000000  0.487002134271620  0.084553014440642  0.000000000000000  0.000000000000000  0.000000000000000  1.000000000000000  0.000000000000000  0.000000000000000  0.000000000000000  0.000000000000000  0.000000000000000  0.000000000000000  0.118914784541475  1.000000000000000  1.000000000000000 
110.0    C  0.036196650193583  0.938871747315452  0.000000000000000  0.000000000000000  0.000000000000000  0.000000000000000  0.000000000000000  0.000000000000000  0.000000000000000  0.000000000000000  0.000000000000000  0.000000000000000  0.000000000000000  0.015527829583165  0.000000000000000  0.009258537272981  0.000000000000000  0.000000000000000  0.000000000000000  0.000000000000000  1.000000000000000  0.000000000000000  0.000000000000000  0.000000000000000  0.000000000000000  0.000000000000000  0.000000000000000  0.118914784541475  1.000000000000000  1.000000000000000 
111.0    V  0.163232473386115  0.000000000000000  0.000000000000000  0.000000000000000  0.112266546610492  0.011557714916007  0.087960523457837  0.015527829583165  0.014823192424070  0.009793226722193  0.040695130924032  0.000000000000000  0.000000000000000  0.000000000000000  0.034196678164398  0.158219574246285  0.212126975426474  0.103449602009776  0.036196650193583  0.000000000000000  1.000000000000000  0.000000000000000  0.000000000000000  0.000000000000000  0.000000000000000  0.000000000000000  0.000000000000000  0.118914784541475  1.000000000000000  1.000000000000000 
112.0    T  0.076574083244042  0.000000000000000  0.000000000000000  0.018427446754082  0.000000000000000  0.015527829583165  0.000000000000000  0.051189793616239  0.000000000000000  0.200684347178988  0.160205990520024  0.000000000000000  0.056877426505056  0.000000000000000  0.000000000000000  0.000000000000000  0.141708676597303  0.185565446328631  0.000000000000000  0.093234001668217  1.000000000000000  0.000000000000000  0.000000000000000  0.000000000000000  0.000000000000000  0.000000000000000  0.000000000000000  0.118914784541475  1.000000000000000  1.000000000000000 
113.0    E  0.000000000000000  0.000000000000000  0.729004689408289  0.047861187409199  0.000000000000000  0.015527829583165  0.065199287095616  0.000000000000000  0.000000000000000  0.000000000000000  0.000000000000000  0.029421202016913  0.000000000000000  0.000000000000000  0.000000000000000  0.070609200910633  0.042159454198116  0.000000000000000  0.000000000000000  0.000000000000000  1.000000000000000  0.000000000000000  0.000000000000000  0.000000000000000  0.000000000000000  0.000000000000000  0.000000000000000  0.118914784541475  1.000000000000000  1.000000000000000 
114.0    P  0.092205716067677  0.000000000000000  0.071594868623735  0.015155654849090  0.000000000000000  0.000000000000000  0.038128140946007  0.000000000000000  0.017253106986923  0.052958277184132  0.000000000000000  0.000000000000000  0.326691313473293  0.089312133733818  0.000000000000000  0.250520401269908  0.046230859664026  0.000000000000000  0.000000000000000  0.000000000000000  1.000000000000000  0.000000000000000  0.000000000000000  0.000000000000000  0.000000000000000  0.000000000000000  0.000000000000000  0.118914784541475  1.000000000000000  1.000000000000000 
115.0    E  0.138984894689638  0.000000000000000  0.086329653008991  0.176409480426087  0.000000000000000  0.034363004666080  0.000000000000000  0.000000000000000  0.000000000000000  0.000000000000000  0.009565128065627  0.047960815500028  0.000000000000000  0.027911432886024  0.071594868623735  0.258099633870810  0.120993378361717  0.027834153143959  0.000000000000000  0.000000000000000  1.000000000000000  0.000000000000000  0.000000000000000  0.000000000000000  0.000000000000000  0.000000000000000  0.000000000000000  0.118914784541475  1.000000000000000  1.000000000000000 
116.0    C  0.000000000000000  0.932386486436833  0.000000000000000  0.000000000000000  0.000000000000000  0.000000000000000  0.000000000000000  0.000000000000000  0.000000000000000  0.000000000000000  0.000000000000000  0.000000000000000  0.000000000000000  0.000000000000000  0.000000000000000  0.015625000000000  0.000000000000000  0.052084575447451  0.000000000000000  0.000000000000000  1.000000000000000  0.000000000000000  0.000000000000000  0.000000000000000  0.000000000000000  0.000000000000000  0.000000000000000  0.122597375498569  1.000000000000000  1.000000000000000 
117.0    R  0.031774208540374  0.000000000000000  0.228774792031982  0.069830446129514  0.012413037501502  0.018671737575887  0.011907381487029  0.000000000000000  0.050590138534213  0.258457684061991  0.000000000000000  0.036046425158126  0.011241668593835  0.000000000000000  0.089808761034004  0.065063849855257  0.075782051191359  0.025772923394065  0.013994463595170  0.000000000000000  0.970634469769547  0.015187202937209  0.014358013804360  1.000000000000000  0.000000000000000  0.000000000000000  0.000000000000000  0.122597375498569  0.500000000000000  1.000000000000000 
118.0    E  0.019998006466317  0.000000000000000  0.142200653484063  0.171229122495696  0.000000000000000  0.040274207202657  0.007954571873161  0.059663813383732  0.036701936600427  0.089622203000989  0.052483218309009  0.007129417879246  0.064079202368037  0.066201145917742  0.089933348750676  0.063724855187387  0.057312752700292  0.011071542160220  0.020333466491280  0.000000000000000  0.977385766410805  0.000000000000000  0.022312562182579  0.000000000000000  0.000000000000000  0.000000000000000  1.000000000000000  0.132677901118724  1.000000000000000  0.494142825750366 
119.0    G  0.056289123740496  0.000000000000000  0.146604368653985  0.347720492927497  0.000000000000000  0.122852574818156  0.000000000000000  0.000000000000000  0.031206708315657  0.046423528770651  0.000000000000000  0.031358492140922  0.000000000000000  0.008620576094078  0.098823639575493  0.042629619839980  0.006578616825066  0.060959716345478  0.000000000000000  0.000000000000000  0.410370804405249  0.000000000000000  0.589678296130608  0.000000000000000  0.000000000000000  0.000000000000000  1.000000000000000  0.137356777197110  1.000000000000000  0.480630464194381 
120.0    A  0.253489869947507  0.000000000000000  0.025382887386132  0.000000000000000  0.030798416779355  0.115984184558910  0.000000000000000  0.000000000000000  0.000000000000000  0.043404847992660  0.027969533466499  0.056877426505056  0.057154068093744  0.000000000000000  0.000000000000000  0.177636505397670  0.161096828810627  0.050101583087462  0.000000000000000  0.000000000000000  0.961260928388761  0.038553349056547  0.000000000000000  0.500000000000000  0.500000000000000  0.000000000000000  1.000000000000000  0.217336140022505  0.497235084336607  0.267572174606656 
121.0    S  0.168170901065228  0.000000000000000  0.029339742103608  0.030777076340486  0.023732370153352  0.198058702731242  0.000000000000000  0.139757731370733  0.000000000000000  0.079770548051810  0.062283766426742  0.000000000000000  0.000000000000000  0.000000000000000  0.000000000000000  0.048900736358532  0.098892162648181  0.076893209046947  0.043404847992660  0.000000000000000  1.000000000000000  0.000000000000000  0.000000000000000  0.000000000000000  0.000000000000000  1.000000000000000  0.000000000000000  0.217336140022505  1.000000000000000  0.267572174606656 
122.0    F  0.029217974929733  0.023260082111977  0.221441879775590  0.132677901118724  0.193177637411997  0.039363436873356  0.000000000000000  0.012115518849172  0.041291825176821  0.000000000000000  0.009827226342469  0.014498023069864  0.000000000000000  0.000000000000000  0.000000000000000  0.155070912214424  0.064257114166004  0.063813257856700  0.000000000000000  0.000000000000000  0.961927454664775  0.015134659206666  0.023147496844068  1.000000000000000  0.000000000000000  0.000000000000000  0.000000000000000  0.124826833262629  0.500000000000000  1.000000000000000 
123.0    L  0.031840349894273  0.000000000000000  0.046520164223954  0.234880687303503  0.035304600455316  0.059087632296921  0.028086097706595  0.000000000000000  0.060162152693859  0.057551606075315  0.000000000000000  0.051688960527704  0.013202912256446  0.021567458646822  0.078128893911576  0.243838865381910  0.038101721689884  0.000000000000000  0.000000000000000  0.000000000000000  0.881480157907170  0.000000000000000  0.118339203904589  0.000000000000000  0.000000000000000  0.000000000000000  1.000000000000000  0.146401272652351  1.000000000000000  0.500000000000000 
124.0    R  0.139660892259028  0.023357019509921  0.093169399174933  0.242322454233766  0.000000000000000  0.113047422195136  0.000000000000000  0.000000000000000  0.000000000000000  0.000000000000000  0.000000000000000  0.013668511951653  0.043075161030488  0.000000000000000  0.252788020212826  0.058760887656820  0.000000000000000  0.000000000000000  0.000000000000000  0.020249077584896  0.971980987981352  0.000000000000000  0.027911432886024  0.000000000000000  0.000000000000000  0.000000000000000  1.000000000000000  0.152830034711509  1.000000000000000  0.462652214018926 
125.0    R  0.024063661694877  0.000000000000000  0.107320679554719  0.077428043611494  0.022939853688033  0.114943755768957  0.021477948368313  0.000000000000000  0.065335006262823  0.049790006017849  0.000000000000000  0.018325546081748  0.016345077184258  0.062847536274904  0.275285399524491  0.083504629899381  0.036372704200067  0.000000000000000  0.024113752735296  0.000000000000000  0.570777353563387  0.022939853688033  0.406407800992160  0.250000000000000  0.750019494642909  0.000000000000000  1.000000000000000  0.154963462492373  0.500000000000000  0.454389058224260 
126.0    A  0.277200160900767  0.000000000000000  0.000000000000000  0.077481731246187  0.000000000000000  0.029790579540255  0.000000000000000  0.063857505169644  0.037603219562484  0.000000000000000  0.000000000000000  0.000000000000000  0.098481735756168  0.029036271070341  0.234717936828863  0.031445556984306  0.092589987376270  0.027699428099840  0.000000000000000  0.000000000000000  1.000000000000000  0.000000000000000  0.000000000000000  0.000000000000000  0.000000000000000  0.000000000000000  1.000000000000000  0.193177637411997  1.000000000000000  0.352574490121097 
127.0    R  0.098481735756168  0.033008925792246  0.000000000000000  0.090370768409109  0.000000000000000  0.029790579540255  0.063857505169644  0.000000000000000  0.071992977646835  0.000000000000000  0.000000000000000  0.042777619159120  0.000000000000000  0.028086097706595  0.541487522762962  0.000000000000000  0.000000000000000  0.000000000000000  0.000000000000000  0.000000000000000  1.000000000000000  0.000000000000000  0.000000000000000  0.000000000000000  0.000000000000000  0.265171935342054  0.734584316639154  0.193177637411997  1.000000000000000  0.352574490121097 
128.0    A  0.238324636322040  0.000000000000000  0.000000000000000  0.130488990927715  0.046843737554861  0.028222703442244  0.000000000000000  0.000000000000000  0.000000000000000  0.081390261848064  0.052048485680034  0.000000000000000  0.098618355106558  0.041406469282663  0.039885274025905  0.095589767367673  0.000000000000000  0.147215348699373  0.000000000000000  0.000000000000000  1.000000000000000  0.000000000000000  0.000000000000000  0.000000000000000  0.000000000000000  0.235859562723840  0.764188260382583  0.177021929776818  1.000000000000000  0.387696603173502 
129.0    S  0.158329281715402  0.000000000000000  0.000000000000000  0.000000000000000  0.071495685825238  0.091125586176036  0.000000000000000  0.000000000000000  0.000000000000000  0.020432364820887  0.000000000000000  0.040218413978165  0.228933421604532  0.000000000000000  0.036121459579837  0.280097303548544  0.073251392729657  0.000000000000000  0.000000000000000  0.000000000000000  1.000000000000000  0.000000000000000  0.000000000000000  0.000000000000000  0.000000000000000  0.000000000000000  1.000000000000000  0.158219574246285  1.000000000000000  0.412938832467860 
130.0    D  0.146604368653985  0.000000000000000  0.078836088051953  0.143786486668826  0.027489033622576  0.000000000000000  0.000000000000000  0.000000000000000  0.024723040662045  0.041263213781719  0.000000000000000  0.000000000000000  0.104313660144426  0.000000000000000  0.000000000000000  0.288371401265006  0.027412923397901  0.117358968414432  0.000000000000000  0.000000000000000  0.924022572446823  0.018723578458428  0.056995822844986  1.000000000000000  0.000000000000000  0.727994774499543  0.271872097713721  0.158219574246285  0.500000000000000  0.412938832467860 
131.0    R  0.018932385319223  0.000000000000000  0.285982743300952  0.248273123859259  0.000000000000000  0.050906722691888  0.047927583114784  0.000000000000000  0.045279442329840  0.000000000000000  0.000000000000000  0.025453361345944  0.052958277184132  0.015876095984277  0.157672176103906  0.026515871928309  0.000000000000000  0.000000000000000  0.000000000000000  0.024298313621330  0.900001929793512  0.000000000000000  0.099995016041594  0.000000000000000  0.000000000000000  0.000000000000000  1.000000000000000  0.158658860752476  1.000000000000000  0.470413053756894 
132.0    S  0.089312133733818  0.000000000000000  0.000000000000000  0.029441602309525  0.000000000000000  0.048127323389754  0.021006796783635  0.026205255763779  0.107842668067832  0.000000000000000  0.000000000000000  0.016413196000168  0.117929781361920  0.207186226121998  0.142102121654502  0.149684838077366  0.000000000000000  0.044811101500495  0.000000000000000  0.000000000000000  1.000000000000000  0.000000000000000  0.000000000000000  0.000000000000000  0.000000000000000  0.322193657621254  0.677832163400000  0.169928530238342  1.000000000000000  0.441351498145327 
133.0    N  0.038660389958974  0.000000000000000  0.000000000000000  0.022561393680039  0.000000000000000  0.049549008538143  0.000000000000000  0.026314467300263  0.000000000000000  0.000000000000000  0.000000000000000  0.498615625676035  0.021270533070304  0.027431931175297  0.000000000000000  0.152830034711509  0.115342811581725  0.020503300852999  0.000000000000000  0.027016788478371  0.967276329613932  0.000000000000000  0.032940356977836  0.000000000000000  0.000000000000000  0.357248534935273  0.642603168734686  0.160762185428825  1.000000000000000  0.461691155364697 
134.0    A  0.213158722941989  0.000000000000000  0.027546254934599  0.021373989123476  0.000000000000000  0.076203443379769  0.059995578814932  0.037111239564794  0.000000000000000  0.157126671815229  0.044347604881262  0.026497498894786  0.097193254485320  0.063460381304339  0.000000000000000  0.098960733233909  0.037395280100960  0.015538596385519  0.024046987815013  0.000000000000000  1.000000000000000  0.000000000000000  0.000000000000000  0.111105335145821  0.888842681166570  0.505576040425652  0.494485458190466  0.159099366909493  0.494485458190466  0.468460723436213 
135.0    T  0.065199287095616  0.000000000000000  0.019143520811011  0.000000000000000  0.000000000000000  0.117034030929312  0.000000000000000  0.000000000000000  0.000000000000000  0.059169601952295  0.000000000000000  0.000000000000000  0.017935975216484  0.065789447169340  0.066615421004246  0.117440343651751  0.456915725114700  0.014649548382142  0.000000000000000  0.000000000000000  0.959929261038908  0.021914050791288  0.017935975216484  0.500000000000000  0.500000000000000  0.497235084336607  0.502780290199234  0.152512563784028  0.500000000000000  0.488015880388112 
136.0    L  0.048731552663208  0.000000000000000  0.000000000000000  0.000000000000000  0.043254678626609  0.077966598244628  0.051724801004888  0.000000000000000  0.000000000000000  0.166316130135086  0.000000000000000  0.021300040738789  0.000000000000000  0.164938488846612  0.066846692992828  0.189202099121197  0.074119656213184  0.095722374818399  0.000000000000000  0.000000000000000  1.000000000000000  0.000000000000000  0.000000000000000  0.000000000000000  0.000000000000000  0.000000000000000  1.000000000000000  0.151249261152412  1.000000000000000  0.491410299272626 
137.0    L  0.067171823303469  0.000000000000000  0.016642315678022  0.066292983835514  0.016120049676584  0.014802657353114  0.000000000000000  0.000000000000000  0.018723578458428  0.493116352246680  0.099580012035698  0.000000000000000  0.000000000000000  0.035698320214017  0.000000000000000  0.039637231228933  0.066063627535086  0.000000000000000  0.066063627535086  0.000000000000000  0.984184022033800  0.000000000000000  0.016120049676584  0.000000000000000  0.000000000000000  0.000000000000000  1.000000000000000  0.151249261152412  1.000000000000000  0.491410299272626 
138.0    D  0.040023745666555  0.000000000000000  0.409518348929914  0.024654588776640  0.000000000000000  0.181243354109856  0.000000000000000  0.000000000000000  0.049755506173674  0.000000000000000  0.025648175275328  0.033400187225344  0.037603219562484  0.042101049277053  0.047563543151230  0.041984482053791  0.066430979647410  0.000000000000000  0.000000000000000  0.000000000000000  1.000000000000000  0.000000000000000  0.000000000000000  0.125000000000000  0.874784764905822  0.710546021590680  0.289372554247531  0.151564102382717  0.497924876547229  0.484644908467533 
139.0    G  0.125000000000000  0.000000000000000  0.036372704200067  0.000000000000000  0.000000000000000  0.435879119768531  0.000000000000000  0.000000000000000  0.000000000000000  0.000000000000000  0.000000000000000  0.052958277184132  0.000000000000000  0.000000000000000  0.000000000000000  0.325786787340824  0.024147204676500  0.000000000000000  0.000000000000000  0.000000000000000  1.000000000000000  0.000000000000000  0.000000000000000  0.000000000000000  0.000000000000000  1.000000000000000  0.000000000000000  0.143388378028271  1.000000000000000  0.500000000000000 
140.0    P  0.103234708116965  0.000000000000000  0.054522669110672  0.000000000000000  0.000000000000000  0.014348065035952  0.021182255106250  0.021959667190730  0.000000000000000  0.036549614501623  0.000000000000000  0.038875364165577  0.245364765963370  0.063680699788545  0.000000000000000  0.347720492927497  0.028676246322230  0.023897441841918  0.000000000000000  0.000000000000000  1.000000000000000  0.000000000000000  0.000000000000000  0.000000000000000  0.000000000000000  0.000000000000000  0.000000000000000  0.143189737247470  1.000000000000000  1.000000000000000 
141.0    S  0.430773079856009  0.000000000000000  0.000000000000000  0.000000000000000  0.000000000000000  0.021182255106250  0.000000000000000  0.000000000000000  0.000000000000000  0.000000000000000  0.000000000000000  0.000000000000000  0.263157788677360  0.014348065035952  0.044904380517002  0.151354135493819  0.074222479129588  0.000000000000000  0.000000000000000  0.000000000000000  1.000000000000000  0.000000000000000  0.000000000000000  0.000000000000000  0.000000000000000  0.000000000000000  0.000000000000000  0.143189737247470  1.000000000000000  1.000000000000000 
142.0    G  0.164824201811546  0.000000000000000  0.000000000000000  0.000000000000000  0.000000000000000  0.417833479460927  0.021182255106250  0.000000000000000  0.000000000000000  0.000000000000000  0.000000000000000  0.034386831542692  0.030798416779355  0.031336763621909  0.027546254934599  0.163232473386115  0.108969779942133  0.000000000000000  0.000000000000000  0.000000000000000  1.000000000000000  0.000000000000000  0.000000000000000  0.000000000000000  0.000000000000000  0.000000000000000  0.000000000000000  0.143189737247470  1.000000000000000  1.000000000000000 
143.0    A  0.164253953393671  0.000000000000000  0.475329550614909  0.224688781652757  0.000000000000000  0.020432364820887  0.000000000000000  0.000000000000000  0.000000000000000  0.000000000000000  0.000000000000000  0.051617354058483  0.000000000000000  0.000000000000000  0.000000000000000  0.063680699788545  0.000000000000000  0.000000000000000  0.000000000000000  0.000000000000000  1.000000000000000  0.000000000000000  0.000000000000000  0.000000000000000  0.000000000000000  0.000000000000000  0.000000000000000  0.143189737247470  1.000000000000000  1.000000000000000 
144.0    L  0.038022573707315  0.063680699788545  0.000000000000000  0.000000000000000  0.153786418093893  0.000000000000000  0.000000000000000  0.080884103405178  0.000000000000000  0.559030925482931  0.000000000000000  0.000000000000000  0.000000000000000  0.000000000000000  0.000000000000000  0.000000000000000  0.021959667190730  0.082640912821411  0.000000000000000  0.000000000000000  1.000000000000000  0.000000000000000  0.000000000000000  0.000000000000000  0.000000000000000  0.000000000000000  0.000000000000000  0.143189737247470  1.000000000000000  1.000000000000000 
145.0    L  0.020432364820887  0.063680699788545  0.000000000000000  0.000000000000000  0.014720801154763  0.000000000000000  0.000000000000000  0.076946525834057  0.000000000000000  0.786217292140332  0.038022573707315  0.000000000000000  0.000000000000000  0.000000000000000  0.000000000000000  0.000000000000000  0.000000000000000  0.000000000000000  0.000000000000000  0.000000000000000  0.934975197751455  0.065335006262823  0.000000000000000  0.472701058375372  0.527045711645369  0.000000000000000  0.000000000000000  0.143189737247470  0.490049707670935  1.000000000000000 
146.0    L  0.000000000000000  0.000000000000000  0.000000000000000  0.000000000000000  0.015030116479137  0.000000000000000  0.000000000000000  0.031730190652170  0.000000000000000  0.823591017267573  0.051940366349603  0.000000000000000  0.000000000000000  0.024113752735296  0.053586002289636  0.000000000000000  0.000000000000000  0.000000000000000  0.000000000000000  0.000000000000000  0.985549336939371  0.000000000000000  0.014199658069508  0.000000000000000  0.000000000000000  0.000000000000000  0.000000000000000  0.150830489965095  1.000000000000000  1.000000000000000 
147.0    R  0.000000000000000  0.000000000000000  0.000000000000000  0.041810236087066  0.000000000000000  0.087656203165150  0.023163547028169  0.000000000000000  0.262247331893736  0.000000000000000  0.000000000000000  0.000000000000000  0.000000000000000  0.000000000000000  0.559418550517856  0.000000000000000  0.000000000000000  0.000000000000000  0.025630403474898  0.000000000000000  0.928516852306729  0.071545260037418  0.000000000000000  0.123964591342287  0.875998315067126  1.000000000000000  0.000000000000000  0.150412878249938  0.473028823362798  0.500000000000000 
148.0    L  0.000000000000000  0.000000000000000  0.000000000000000  0.000000000000000  0.013508394239185  0.000000000000000  0.000000000000000  0.079604842207906  0.000000000000000  0.835087919428369  0.049002528379734  0.000000000000000  0.000000000000000  0.000000000000000  0.022955759894974  0.000000000000000  0.000000000000000  0.000000000000000  0.000000000000000  0.000000000000000  1.000000000000000  0.000000000000000  0.000000000000000  0.000000000000000  0.000000000000000  0.000000000000000  0.000000000000000  0.150830489965095  1.000000000000000  1.000000000000000 
149.0    V  0.000000000000000  0.000000000000000  0.000000000000000  0.000000000000000  0.000000000000000  0.022955759894974  0.000000000000000  0.059705183523902  0.000000000000000  0.546010272872826  0.231005643111706  0.000000000000000  0.000000000000000  0.000000000000000  0.000000000000000  0.000000000000000  0.000000000000000  0.140437487878956  0.000000000000000  0.000000000000000  1.000000000000000  0.000000000000000  0.000000000000000  0.000000000000000  0.000000000000000  0.000000000000000  0.000000000000000  0.150830489965095  1.000000000000000  1.000000000000000 
150.0    Q  0.005154327776457  0.000000000000000  0.000000000000000  0.000000000000000  0.000000000000000  0.000000000000000  0.483638164806966  0.000000000000000  0.000000000000000  0.071149626817180  0.000000000000000  0.131214585452883  0.065425642623411  0.164481815628626  0.079000193653300  0.000000000000000  0.000000000000000  0.000000000000000  0.000000000000000  0.000000000000000  1.000000000000000  0.000000000000000  0.000000000000000  0.000000000000000  0.000000000000000  0.000000000000000  0.000000000000000  0.150830489965095  1.000000000000000  1.000000000000000 
151.0    L  0.039747281460737  0.000000000000000  0.000000000000000  0.005193777766335  0.018135998662246  0.026296233821418  0.000000000000000  0.000000000000000  0.000000000000000  0.518709968282806  0.210078438058320  0.000000000000000  0.028696130071904  0.000000000000000  0.000000000000000  0.066615421004246  0.000000000000000  0.086569341756933  0.000000000000000  0.000000000000000  1.000000000000000  0.000000000000000  0.000000000000000  0.000000000000000  0.000000000000000  0.000000000000000  0.000000000000000  0.156800275565124  1.000000000000000  1.000000000000000 
152.0    A  0.635515844652833  0.000000000000000  0.000000000000000  0.000000000000000  0.000000000000000  0.000000000000000  0.000000000000000  0.023260082111977  0.000000000000000  0.000000000000000  0.000000000000000  0.029502888098445  0.068535724286743  0.000000000000000  0.000000000000000  0.140048651774272  0.082070070339009  0.020977695355942  0.000000000000000  0.000000000000000  1.000000000000000  0.000000000000000  0.000000000000000  0.000000000000000  0.000000000000000  0.000000000000000  0.000000000000000  0.157890907730725  1.000000000000000  1.000000000000000 
153.0    G  0.075624630576206  0.000000000000000  0.024535253708549  0.000000000000000  0.000000000000000  0.288571354379210  0.000000000000000  0.000000000000000  0.051154323849425  0.000000000000000  0.000000000000000  0.294634851952921  0.000000000000000  0.000000000000000  0.025435724533451  0.159873197659679  0.080102995260012  0.000000000000000  0.000000000000000  0.000000000000000  0.967276329613932  0.000000000000000  0.032486857349227  0.000000000000000  0.000000000000000  0.000000000000000  0.000000000000000  0.157890907730725  1.000000000000000  1.000000000000000 
154.0    A  0.136786712657592  0.000000000000000  0.000000000000000  0.000000000000000  0.000000000000000  0.035255691795516  0.147521792917025  0.000000000000000  0.000000000000000  0.018023212579063  0.000000000000000  0.015603354157829  0.015345931175990  0.072745408400134  0.456599125005996  0.069733707645310  0.032307210507749  0.000000000000000  0.000000000000000  0.000000000000000  0.751059963470465  0.017349044275447  0.231647015472593  1.000000000000000  0.000000000000000  0.590905773467183  0.409234590795402  0.157781504014014  0.500000000000000  0.496202187342909 
155.0    P  0.000000000000000  0.000000000000000  0.000000000000000  0.041463910643661  0.000000000000000  0.167356907122305  0.054371709544291  0.000000000000000  0.039445376003504  0.000000000000000  0.000000000000000  0.069300040225192  0.084729020425000  0.292802545304702  0.133786087303328  0.000000000000000  0.116709993114414  0.000000000000000  0.000000000000000  0.000000000000000  0.742261785314525  0.000000000000000  0.257563488405019  0.000000000000000  0.000000000000000  0.055207190717592  0.944747040997206  0.175799149989140  1.000000000000000  0.426613049056034 
156.0    E  0.034818551588104  0.000000000000000  0.000000000000000  0.253665636645220  0.000000000000000  0.000000000000000  0.092333628973910  0.000000000000000  0.000000000000000  0.000000000000000  0.033238521027912  0.000000000000000  0.008321157839011  0.297714212341242  0.279903222163560  0.000000000000000  0.000000000000000  0.000000000000000  0.000000000000000  0.000000000000000  0.853817714391245  0.065561832973434  0.080604265665993  0.500000000000000  0.500000000000000  0.000000000000000  1.000000000000000  0.163799175482295  0.500000000000000  0.381036207584942 
157.0    P  0.000000000000000  0.000000000000000  0.000000000000000  0.000000000000000  0.000000000000000  0.143985955293670  0.000000000000000  0.000000000000000  0.000000000000000  0.000000000000000  0.000000000000000  0.000000000000000  0.368567304322775  0.323985241358333  0.000000000000000  0.163572258931876  0.000000000000000  0.000000000000000  0.000000000000000  0.000000000000000  0.651122094784514  0.000000000000000  0.348927691030542  0.000000000000000  0.000000000000000  1.000000000000000  0.000000000000000  0.230525779478158  1.000000000000000  0.376572616658453 
158.0    A  0.212715932376635  0.000000000000000  0.040302132832996  0.034891030061955  0.027584468634083  0.138792354203580  0.000000000000000  0.000000000000000  0.000000000000000  0.000000000000000  0.000000000000000  0.000000000000000  0.048697786228781  0.290780010386963  0.000000000000000  0.000000000000000  0.153042049050026  0.053142135004012  0.000000000000000  0.000000000000000  0.891928519420093  0.107917444821801  0.000000000000000  0.434973676354325  0.564873607285062  1.000000000000000  0.000000000000000  0.184667257947820  0.483638164806966  0.466193243218416 
159.0    E  0.032803646363221  0.000000000000000  0.044811101500495  0.157344646688107  0.000000000000000  0.000000000000000  0.077481731246187  0.000000000000000  0.046230859664026  0.038446604523473  0.000000000000000  0.000000000000000  0.068773663085384  0.338681244371342  0.028577034046872  0.166777896209721  0.000000000000000  0.000000000000000  0.000000000000000  0.000000000000000  1.000000000000000  0.000000000000000  0.000000000000000  0.333324669272800  0.666649338545599  1.000000000000000  0.000000000000000  0.170046356550744  0.494485458190466  0.500000000000000 
160.0    P  0.021152910610195  0.000000000000000  0.000000000000000  0.127273149970578  0.000000000000000  0.182630547318209  0.000000000000000  0.000000000000000  0.000000000000000  0.000000000000000  0.000000000000000  0.047530586038782  0.496546247718518  0.019750048413325  0.000000000000000  0.084494427064258  0.020588749245846  0.000000000000000  0.000000000000000  0.000000000000000  1.000000000000000  0.000000000000000  0.000000000000000  0.000000000000000  0.000000000000000  0.000000000000000  0.000000000000000  0.169928530238342  1.000000000000000  1.000000000000000 
161.0    A  0.138696184008481  0.000000000000000  0.000000000000000  0.090684512989636  0.000000000000000  0.050590138534213  0.153466960489383  0.000000000000000  0.270181350509838  0.030841142058933  0.000000000000000  0.000000000000000  0.078617810739751  0.029278795214763  0.047431851655439  0.000000000000000  0.019750048413325  0.045594385757505  0.000000000000000  0.044811101500495  0.971307495541633  0.000000000000000  0.028735938942239  0.000000000000000  0.000000000000000  0.000000000000000  0.000000000000000  0.169928530238342  1.000000000000000  1.000000000000000 
162.0    Q  0.022498926851792  0.000000000000000  0.000000000000000  0.070364911633548  0.000000000000000  0.000000000000000  0.168170901065228  0.000000000000000  0.109727724701190  0.000000000000000  0.000000000000000  0.029157280985525  0.074790560201920  0.167240944348264  0.185951720304313  0.000000000000000  0.079604842207906  0.000000000000000  0.000000000000000  0.092461719328052  1.000000000000000  0.000000000000000  0.000000000000000  0.000000000000000  0.000000000000000  0.000000000000000  1.000000000000000  0.170046356550744  1.000000000000000  0.500000000000000 
163.0    P  0.000000000000000  0.000000000000000  0.000000000000000  0.075782051191359  0.000000000000000  0.076999879590360  0.023276210361292  0.024860515117341  0.000000000000000  0.142496659086683  0.000000000000000  0.000000000000000  0.306296332976169  0.193311584363829  0.000000000000000  0.026960667016958  0.029502888098445  0.100551046367739  0.000000000000000  0.000000000000000  1.000000000000000  0.000000000000000  0.000000000000000  0.000000000000000  0.000000000000000  0.000000000000000  1.000000000000000  0.170400325910313  1.000000000000000  0.500000000000000 
164.0    G  0.043404847992660  0.000000000000000  0.027280237222930  0.035624164771671  0.107693269964002  0.166546853136503  0.276049711790773  0.033330805650993  0.000000000000000  0.095589767367673  0.028577034046872  0.000000000000000  0.085023178275372  0.000000000000000  0.051438771579919  0.000000000000000  0.000000000000000  0.000000000000000  0.000000000000000  0.049343367918785  1.000000000000000  0.000000000000000  0.000000000000000  0.000000000000000  0.000000000000000  0.000000000000000  1.000000000000000  0.168988854128516  1.000000000000000  0.500000000000000 
165.0    V  0.000000000000000  0.000000000000000  0.000000000000000  0.000000000000000  0.000000000000000  0.051904376505681  0.000000000000000  0.092975860152157  0.043525358770907  0.103880732699206  0.000000000000000  0.000000000000000  0.080772051914843  0.235206526878447  0.000000000000000  0.032780916486717  0.000000000000000  0.154856087222989  0.000000000000000  0.204192247777506  0.884540435331541  0.115663053504732  0.000000000000000  1.000000000000000  0.000000000000000  1.000000000000000  0.000000000000000  0.171466661073825  0.500000000000000  0.500000000000000 
166.0    Y  0.000000000000000  0.000000000000000  0.000000000000000  0.000000000000000  0.000000000000000  0.000000000000000  0.000000000000000  0.000000000000000  0.000000000000000  0.000000000000000  0.000000000000000  0.000000000000000  0.000000000000000  0.000000000000000  0.000000000000000  0.000000000000000  0.000000000000000  0.000000000000000  0.000000000000000  1.000000000000000  1.000000000000000  0.000000000000000  0.000000000000000  1.000000000000000  0.000000000000000  0.000000000000000  0.000000000000000  0.306721244313451  1.000000000000000  1.000000000000000 
